101 151.056911767273
104.18 171.395226682616
107.361 163.439023943004
110.541 173.59633938189
113.721 208.845469231943
116.902 237.289008592049
120.082 202.694904784826
123.262 165.548394730108
126.443 146.556261979531
129.623 146.940035945168
132.803 163.798249545305
135.983 179.809616319092
139.164 173.658515468889
142.344 176.771965699798
145.524 175.23802354252
148.705 204.913788333223
151.885 192.81928390176
155.065 175.804360528348
158.246 150.335762880481
161.426 146.696864606162
164.606 142.058704370282
167.787 135.40897709499
170.967 106.272050309548
174.147 122.005921701065
177.328 147.240969853175
180.508 141.066518485436
183.688 114.881116231741
186.868 119.655381461296
190.049 146.714523023017
193.229 145.186514508645
196.409 124.972600437377
199.59 148.865301498331
202.77 152.284714414525
205.95 136.406743465994
209.131 109.169458736662
212.311 101.098014964474
215.491 96.516608379962
218.672 99.616286844317
221.852 92.3739626313151
225.032 92.3818783574762
228.213 97.5242681158314
231.393 96.2477113702518
234.573 92.1947957747933
237.753 100.800765310387
240.934 110.099028811072
244.114 119.981860212594
247.294 117.961411738251
250.475 120.030471094979
253.655 105.062088717094
256.835 99.9676603282175
260.016 116.658230127998
263.196 119.098536527503
264.196 180.714853949898
272.598 150.956508228046
281.001 133.737570057957
289.403 157.15709181593
297.806 140.106191111974
306.208 112.73026304628
314.611 127.448203481881
323.013 134.864372387246
331.415 119.813787499274
339.818 116.438233376494
348.22 114.648192686542
356.623 151.696475557062
365.025 171.160073901384
373.428 169.030202367006
381.83 176.086656320196
390.232 199.641154908936
398.635 198.621765307586
407.037 160.055123918226
415.44 129.360694690609
423.842 115.112964872967
432.245 121.232160555229
440.647 110.525428818335
449.049 123.18421597927
457.452 132.139601031046
465.854 126.35598801178
474.257 128.968113250935
482.659 142.178253313956
491.062 164.571871652012
499.464 160.155367999409
507.867 157.0638648366
516.269 155.260419814743
524.671 158.015430454457
533.074 143.560284322214
541.476 128.250216210631
549.879 91.2445233964896
558.281 95.7779128414844
566.684 113.395183265099
575.086 116.278480601671
583.488 118.061514079362
591.891 129.80888721008
600.293 151.050268120432
608.696 149.231974286409
617.098 143.3645417042
625.501 141.650123745802
633.903 133.642418934426
642.305 149.781823672219
650.708 158.255342656585
659.11 157.041325328496
667.513 129.276128399579
675.915 105.867391630177
684.318 75.3337392753312
692.72 63.9801108934754
693.72 63.8397264268308
715.867 110.777866750345
738.014 105.557188279426
760.161 48.1017487746251
782.307 61.9807535940801
804.454 93.508692173046
826.601 82.1946175028117
848.748 50.0594761971022
870.895 74.6444421555342
893.042 88.5253855333939
915.189 85.4536946558385
937.335 67.9766355251769
959.482 73.4819397906341
981.629 86.5869356770265
1003.776 84.0798402779039
1025.923 86.0455455757005
1048.07 94.3682148276253
1070.217 71.227765841074
1092.364 44.1067223611868
1114.51 53.6730244929603
1136.657 82.214881983016
1158.804 98.0447022949122
1180.951 66.9028236544335
1203.098 74.2296688607998
1225.245 73.8216988187389
1247.392 73.0092814763459
1269.538 47.1758077322095
1291.685 74.0292562235419
1313.832 68.7627236527824
1335.979 52.2508156086861
1358.126 52.2679897958986
1380.273 71.8072668916272
1402.42 73.0443671131818
1424.566 48.2603128715118
1446.713 54.2268040193398
1468.86 91.3295113119219
1491.007 64.9917940349701
1513.154 49.6652048444271
1535.301 63.8004197467684
1557.448 79.2876942324296
1579.595 47.609405537252
1601.741 45.4370744562569
1623.888 70.6587326146824
1646.035 68.1594210133522
1668.182 52.7362801281084
1690.329 59.160681750801
1712.476 71.4334730547166
1734.623 59.3665858826207
1756.769 39.9155824345598
1778.916 39.4348668322416
1801.063 65.3998208144278
1823.21 65.6159280947513
1824.21 42.7412397311836
1882.531 41.6364233716408
1940.853 40.4209046833227
1999.174 45.7216521200752
2057.495 50.1334248365177
2115.817 47.2298966489254
2174.138 58.7966022180584
2232.46 60.5454064149614
2290.781 35.6546327066447
2349.102 42.1923443952324
2407.424 42.4314691893837
2465.745 52.878691069177
2524.066 48.0964830656344
2582.388 36.0544594005707
2640.709 42.1758869863183
2699.031 42.2397349257423
2757.352 34.9697478419534
2815.673 38.8669380960067
2873.995 36.4805190010009
2932.316 24.0065469541293
2990.637 35.7648709462229
3048.959 42.0252630381895
3107.28 33.881914937024
3165.602 42.6858035149233
3223.923 32.581062386038
3282.244 34.9180026870812
3340.566 37.0127609433422
3398.887 31.0573426189896
3457.208 25.8644287831531
3515.53 28.9648710882714
3573.851 35.0465094224668
3632.173 32.4080822776512
3690.494 32.387493206048
3748.815 38.1334240363358
3807.137 41.160086136003
3865.458 40.8297396490396
3923.779 45.2981924403322
3982.101 43.894792795864
4040.422 33.2855856153097
4098.744 26.8407690013678
4157.065 29.9081610385901
4215.386 30.448342585975
4273.708 32.9414763129762
4332.029 37.5957917754031
4390.35 30.5479180426345
4448.672 30.6897587759845
4506.993 34.9826779712688
4565.315 36.4151723416028
4623.636 39.3970372142924
4681.957 36.2267419198251
4740.279 32.2438687578711
4798.6 37.5987584621901
4799.6 44.4020145807885
4953.131 40.187589359624
5106.663 28.4476567922449
5260.194 25.0739162214302
5413.725 33.0277335173496
5567.257 33.9192317831202
5720.788 32.8610861647556
5874.32 30.850268421076
6027.851 23.5816849885461
6181.382 30.6301021530841
6334.914 36.3293537004249
6488.445 29.6422658546744
6641.976 27.1962562120574
6795.508 30.3307659666656
6949.039 21.940828781301
7102.571 23.2620337097676
7256.102 27.5191196071212
7409.633 37.0519466928798
7563.165 38.8236268135678
7716.696 37.7532482571644
7870.227 34.3069018825985
8023.759 33.1621874103273
8177.29 33.8242432616991
8330.822 30.1237901330913
8484.353 20.2031554273514
8637.884 22.1490339613145
8791.416 27.4994793673781
8944.947 29.5819365914503
9098.478 25.6527428504024
9252.01 25.6184134423172
9405.541 24.917163322802
9559.073 21.6279711871362
9712.604 20.2570046293204
9866.135 20.1258078446562
10019.667 19.5547181347926
10173.198 19.0939308696169
10326.729 25.764949619533
10480.261 30.5588701103415
10633.792 28.2253534804208
10787.324 19.7861585632476
10940.855 20.0893665664889
11094.386 18.9732576982098
11247.918 19.9268804741928
11401.449 20.6143009266011
11554.98 25.726027547379
11708.512 26.0122003261437
11862.043 23.7804654502933
12015.575 21.5606151804535
12169.106 21.8495848453631
12322.637 23.417416072213
12476.169 24.9900288507147
12629.7 27.6170567741906
12630.7 25.108910030859
13034.822 22.1031859789332
13438.943 22.0360029565954
13843.065 23.9143801667354
14247.186 24.3791726484041
14651.308 23.1301189056326
15055.429 24.6168102200843
15459.551 25.6842532682629
15863.673 22.1050692622257
16267.794 19.1329016064376
16671.916 20.3856327488948
17076.037 20.8548446456546
17480.159 19.3958896729576
17884.28 18.9954229389171
18288.402 17.6355005660267
18692.524 17.831740703596
19096.645 17.2749652486897
19500.767 18.7978127822925
19904.888 18.4325582546615
20309.01 18.7109510831489
20713.131 19.6298882693398
21117.253 17.4109528424418
21521.375 16.1121820557964
21925.496 12.0078783777982
22329.618 11.3685807543401
22733.739 16.4129075161446
23137.861 18.2619630733158
23541.982 15.3444540248246
23946.104 13.2144424987828
24350.225 18.6371871943683
24754.347 19.9567741197143
25158.469 20.674250744198
25562.59 19.3851312013353
25966.712 18.5393387518975
26370.833 15.8159022261255
26774.955 16.5583119337099
27179.076 15.9372755006621
27583.198 16.4541365866082
27987.32 16.2204589189523
28391.441 18.0402560640435
28795.563 17.4338788122896
29199.684 16.1169539977144
29603.806 15.6579713841924
30007.927 14.3770444527217
30412.049 13.4294649857887
30816.171 14.2816768239905
31220.292 13.2444674167063
31624.414 15.3474343989052
32028.535 15.1513639678109
32432.657 13.4462806575779
32836.778 12.8265285575635
33240.9 13.8531027141415
33241.9 11.6865551778639
34305.559 11.1138362801292
35369.218 10.9238668941978
36432.876 12.150105190038
37496.535 12.4952595614883
38560.194 14.2107863857362
39623.853 14.4335979954023
40687.512 12.7074917402939
41751.171 12.4019664267449
42814.829 13.6196903066897
43878.488 12.5631301935979
44942.147 13.9544921027815
46005.806 15.136785274887
47069.465 15.1272236069967
48133.124 13.1362615837381
49196.782 11.6072739768245
50260.441 10.6429067135038
51324.1 10.7020203635966
52387.759 10.9918823021716
53451.418 11.7182471541844
54515.076 12.4808579768631
55578.735 11.9019370648228
56642.394 12.0150989031123
57706.053 12.1132218453659
58769.712 12.1828326487381
59833.371 10.9735313183708
60897.029 11.3162888850172
61960.688 11.9243688026443
63024.347 10.5034103129537
64088.006 10.3244137667798
65151.665 11.0895923666108
66215.324 12.1211836736122
67278.982 12.5530761494033
68342.641 9.46455043534257
69406.3 9.48504541311622
70469.959 10.9862949221811
71533.618 11.996137303172
72597.276 11.8761237189459
73660.935 11.3339381795179
74724.594 9.67543644017145
75788.253 9.24061221364991
76851.912 12.0294615465636
77915.571 12.7530374285099
78979.229 12.9828430139838
80042.888 11.7642899391524
81106.547 10.6704269974017
82170.206 9.93198422410597
83233.865 8.40083520485396
84297.524 8.43766830541264
85361.182 9.77934750126658
86424.841 9.99140671287704
87488.5 10.1347275209088
87489.5 9.79561912336279
90289.039 9.69724866558145
93088.578 11.1927335474262
95888.118 10.4441714904384
98687.657 9.19399863824526
101487.196 8.32139391116337
104286.735 7.61790581891085
107086.275 7.47241015901719
109885.814 8.88464203723585
112685.353 8.33493908458965
115484.892 7.94329491871271
118284.431 8.69851482931756
121083.971 11.6320041292855
123883.51 11.5244468614442
126683.049 9.99675111998247
129482.588 9.06430361816856
132282.127 7.61857593356586
135081.667 6.86076113507879
137881.206 5.87010409385098
140680.745 6.13093447503474
143480.284 6.90573843817918
146279.824 8.43716899648377
149079.363 7.9311087387765
151878.902 6.03755808697785
154678.441 6.37978842414437
157477.98 7.7380036613139
160277.52 9.8320605048613
163077.059 9.73149230183136
165876.598 8.6224410590127
168676.137 6.56160140162138
171475.676 6.401878445984
174275.216 6.48599660428804
177074.755 6.97173343587562
179874.294 6.74838276484762
182673.833 5.57672654714614
185473.373 5.44101048988604
188272.912 6.43979443082773
191072.451 7.58119551085425
193871.99 7.38626098656953
196671.529 7.70725733013985
199471.069 7.58357921911287
202270.608 7.04890981662586
205070.147 6.28220813883948
207869.686 5.38926616936149
210669.225 6.3707541216894
213468.765 6.39758039777557
216268.304 6.00759761721609
219067.843 6.08524695312448
221867.382 6.86444718242812
224666.922 8.02830889712883
227466.461 8.20808334152884
230266 6.49875875127132
230267 6.05438726363244
237635.294 7.09000370006716
245003.588 5.50723704836857
252371.882 6.36260950805401
259740.176 6.50284989622222
267108.471 7.70930159192672
274476.765 5.86233791144666
281845.059 5.59144641408058
289213.353 5.87574335875828
296581.647 6.41751428304959
303949.941 6.63579214651666
311318.235 5.54885398124126
318686.529 5.76138396186014
326054.824 5.36351745824492
333423.118 6.06325526624561
340791.412 6.25981017219735
348159.706 6.78146991302378
355528 5.62852982475156
362896.294 4.14184458519398
370264.588 3.70398308525876
377632.882 5.46792991419353
385001.176 6.50659919110092
392369.471 6.34811345101017
399737.765 3.33164125632247
407106.059 5.5903635647571
414474.353 5.64740988317702
421842.647 4.5063585920521
429210.941 4.42043746682166
436579.235 6.36313958685309
443947.529 5.59295907124628
451315.824 3.36239428282749
458684.118 4.68095133142255
466052.412 4.32673228250589
473420.706 4.1917352606661
480789 4.34803249828164
488157.294 5.35641658067456
495525.588 4.29777222412065
502893.882 4.42683391377466
510262.176 6.15552350857881
517630.471 4.32520069723558
524998.765 5.24269435657774
532367.059 3.88061878872765
539735.353 3.96336317419515
547103.647 4.18857624278417
554471.941 3.90442531283782
561840.235 4.86968401178096
569208.529 3.16880703993032
576576.824 3.76529746073515
583945.118 4.44741152812803
591313.412 5.2817834660944
598681.706 4.41157173790969
606050 3.64790071606672
606051 3.3585191431625
625444.118 3.36254258043106
644837.235 3.28895045186081
664230.353 4.6212757342017
683623.471 3.29480990724491
703016.588 5.41152801340933
722409.706 2.88035588354161
741802.824 4.37735311838615
761195.941 3.65637176667118
780589.059 5.60461609243684
799982.176 4.29153194877231
819375.294 4.12423367608099
838768.412 3.74129972821849
858161.529 3.48323031024737
877554.647 4.26933976890567
896947.765 4.18969115892227
916340.882 2.91573675506244
935734 3.69993645074155
955127.118 3.56816132953915
974520.235 4.34965665329478
993913.353 3.10650766869976
1013306.471 3.5900990634711
1032699.588 2.93028240788031
1052092.706 3.05519516634088
1071485.824 3.26421046809663
1090878.941 4.59024735211776
1110272.059 4.23402817717412
1129665.176 3.73357088555455
1149058.294 3.94052707081458
1168451.412 3.83630887431116
1187844.529 3.18978160913511
1207237.647 2.42998965133141
1226630.765 2.82779361785589
1246023.882 2.53810104362168
1265417 3.80716736897525
1284810.118 4.0172235230515
1304203.235 3.47087390883535
1323596.353 3.09251224390684
1342989.471 3.53253136206328
1362382.588 3.344540056048
1381775.706 2.8204817476552
1401168.824 3.25122663061014
1420561.941 3.80591438514451
1439955.059 2.42533311245773
1459348.176 2.65594694933394
1478741.294 3.81473491208553
1498134.412 3.43265388596358
1517527.529 3.47749461023992
1536920.647 3.29389211418499
1556313.765 2.52918993746428
1575706.882 2.39115829841167
1595100 3.26363303032539
1595100 2.55158798084866
1646141.765 3.34682842249248
1697183.529 2.14999617214636
1748225.294 2.880648094122
1799267.059 2.35743389361215
1850308.824 3.19890677411125
1901350.588 3.03454532442681
1952392.353 2.2829493213887
2003434.118 3.22858838145365
2054475.882 3.30089734056695
2105517.647 3.24892061136895
2156559.412 2.52882329347209
2207601.176 2.14575552118116
2258642.941 2.09716749786866
2309684.706 3.08641154937249
2360726.471 3.62249853208405
2411768.235 2.45655751784632
2462810 2.28029133122178
2513851.765 2.38926811603949
2564893.529 2.88547112424007
2615935.294 2.52766297659304
2666977.059 2.78820106271617
2718018.824 3.10459968565172
2769060.588 2.53828414715773
2820102.353 2.59426209477849
2871144.118 2.49680927447739
2922185.882 2.8896793008249
2973227.647 2.56591017694452
3024269.412 2.12227546697105
3075311.176 3.0394025881246
3126352.941 2.41219691106193
3177394.706 2.62072775019342
3228436.471 1.86354319909304
3279478.235 2.0814821183723
3330520 2.09739325606108
3381561.765 2.81375913151489
3432603.529 1.62867226412666
3483645.294 2.34049540509744
3534687.059 2.34176877151636
3585728.824 1.89396410324865
3636770.588 2.47446583944369
3687812.353 1.55573372360951
3738854.118 2.30124620611188
3789895.882 2.30638079540109
3840937.647 2.1951074347753
3891979.412 2.63583096855045
3943021.176 2.05331148748313
3994062.941 1.86469587694746
4045104.706 1.80167028154584
4096146.471 1.84045633143391
4147188.235 2.3682054564551
4198230 1.96111463206017
4198230 2.69225432664452
4332570.588 1.93469055817952
4466911.176 1.58272198806789
4601251.765 1.55199562069681
4735592.353 2.20313879060875
4869932.941 2.41298386585266
5004273.529 1.53952271489513
5138614.118 2.60437296999112
5272954.706 1.57906374003628
5407295.294 1.96132973168012
5541635.882 2.30520529816499
5675976.471 2.02101435873405
5810317.059 1.81286579215542
5944657.647 2.00833911846815
6078998.235 1.86525982497504
6213338.824 1.49558726465477
6347679.412 1.71075258971398
6482020 1.81041152716494
6616360.588 2.12794342297908
6750701.176 1.83039389959043
6885041.765 1.88985306815439
7019382.353 1.73688833354839
7153722.941 2.17554068162595
7288063.529 2.20896032324076
7422404.118 1.77748624351534
7556744.706 1.58461472056524
7691085.294 1.83922480691017
7825425.882 1.53099748427067
7959766.471 1.4587283539278
8094107.059 1.94241365602285
8228447.647 1.97606468456414
8362788.235 1.45525887160041
8497128.824 1.80934082202395
8631469.412 1.82535825278555
8765810 2.0941775345053
8900150.588 1.55818265547902
9034491.176 1.86661534263176
9168831.765 1.67282923360016
9303172.353 2.03985753615601
9437512.941 1.74709010145305
9571853.529 1.90544702141421
9706194.118 1.56392460516631
9840534.706 2.10757691477908
9974875.294 1.63577438306576
10109215.882 1.65889489850291
10243556.471 1.65810439719889
10377897.059 1.37618886271979
10512237.647 1.72471909158879
10646578.235 1.61287292051626
10780918.824 1.44446123762159
10915259.412 2.02523453834712
11049600 1.32029441004168
11049600 1.32586574004651
11403174.51 1.26551573442383
11756749.02 1.49094279323128
12110323.529 1.33339853853853
12463898.039 1.49631371542636
12817472.549 1.23417656066847
13171047.059 1.32108120003998
13524621.569 1.25886098389293
13878196.078 1.56066864033664
14231770.588 1.16160496121612
14585345.098 0.999860531447948
14938919.608 1.23669945335996
15292494.118 1.01336942854963
15646068.627 1.65120608201095
15999643.137 1.45424510785841
16353217.647 1.48987254600309
16706792.157 0.950721176329208
17060366.667 1.07920247656379
17413941.176 1.6853208815935
17767515.686 1.54222811522627
18121090.196 1.61620521896265
18474664.706 1.53997664767372
18828239.216 1.78624427119098
19181813.725 1.41364945936988
19535388.235 1.48931812697381
19888962.745 1.43032621468439
20242537.255 1.34984129427929
20596111.765 1.54652686562443
20949686.275 0.992139136766394
21303260.784 1.02854381095354
21656835.294 1.58952475322424
22010409.804 1.2427891284171
22363984.314 1.62293109373135
22717558.824 1.62190188108744
23071133.333 1.19908186618106
23424707.843 1.71411807796345
23778282.353 1.18533367074174
24131856.863 1.4788165517371
24485431.373 1.19443565949912
24839005.882 0.991764767196448
25192580.392 0.945517300350413
25546154.902 1.20059555784692
25899729.412 1.29103977931115
26253303.922 0.629990439213035
26606878.431 1.47544726614709
26960452.941 0.723560006478584
27314027.451 1.72756592255012
27667601.961 1.00043241120266
28021176.471 1.21458081048048
28374750.98 1.26435627331165
28728325.49 1.23249221058342
29081900 1.04205429584789
29081900 1.05741979584253
30012498.039 0.93236038751519
30943096.078 1.24043317098911
31873694.118 0.75301336850913
32804292.157 1.31468175477004
33734890.196 1.18966896998321
34665488.235 0.601709742868977
35596086.275 1.39895672399618
36526684.314 1.66494493863926
37457282.353 0.870282622385658
38387880.392 1.24876171758997
39318478.431 1.17508816724194
40249076.471 1.14426986927756
41179674.51 1.45295233375501
42110272.549 1.29300000378362
43040870.588 1.40283091646393
43971468.627 1.29755350175718
44902066.667 1.24455011680499
45832664.706 0.778961226733098
46763262.745 1.576250421614
47693860.784 0.982950347343868
48624458.824 1.07535695912964
49555056.863 0.390896885675189
50485654.902 1.44377842792849
51416252.941 1.17022637526136
52346850.98 1.46411269154421
53277449.02 1.09490271963845
54208047.059 1.0506206958847
55138645.098 0.907489901811166
56069243.137 0.893724418926536
56999841.176 1.75815929047601
57930439.216 0.766172962077171
58861037.255 1.59688501057309
59791635.294 1.02092763487856
60722233.333 0.924532455622978
61652831.373 1.2347118993836
62583429.412 0.777713059791826
63514027.451 1.25142329621664
64444625.49 1.28229212310734
65375223.529 0.671141377586564
66305821.569 1.27518471436447
67236419.608 0.400682005251543
68167017.647 1.14898639670139
69097615.686 1.01253192632185
70028213.725 0.688526398188832
70958811.765 0.962709165067819
71889409.804 0.998523165425991
72820007.843 0.299847615621428
73750605.882 0.957152338385136
74681203.922 0.190397787473586
75611801.961 1.10383214293787
76542400 1.02701321441244
76542400 1.29405786984926
78991686.275 1.31492129799592
81440972.549 1.13009092783538
83890258.824 1.37395314861564
86339545.098 1.27271256085581
88788831.373 0.49959648970612
91238117.647 1.05734782901156
93687403.922 5.28621170803383
96136690.196 0.618085313036474
98585976.471 1.4787473991234
101035262.745 0.923309683348886
103484549.02 2.93492632566494
105933835.294 0.843087856474004
108383121.569 0.560523812860852
110832407.843 0.340685325871591
113281694.118 1.14204661640628
115730980.392 0.616828105220152
118180266.667 1.30250432434495
120629552.941 1.49046060798637
123078839.216 NaN
125528125.49 0.815842952440627
127977411.765 1.36292625098474
130426698.039 1.47413760603644
132875984.314 1.00923729191216
135325270.588 NaN
137774556.863 1.59897599286368
140223843.137 1.34291890545449
142673129.412 0.84794113919152
145122415.686 0.395952171719391
147571701.961 1.88812574951366
150020988.235 1.6814105524446
152470274.51 0.46700210123259
154919560.784 1.03047550495819
157368847.059 2.25412773113066
159818133.333 NaN
162267419.608 NaN
164716705.882 1.92188907463636
167165992.157 1.94409889078287
169615278.431 NaN
172064564.706 NaN
174513850.98 1.69361187938177
176963137.255 1.20344180713508
179412423.529 3.4811084617365
181861709.804 2.01557985623396
184310996.078 2.69918131891648
186760282.353 2.04551332310164
189209568.627 2.34473614537578
191658854.902 1.16714174848497
194108141.176 NaN
196557427.451 NaN
199006713.725 NaN
201456000 1.06650755009466
