101 4.58540236283153e-07
104.18 4.176926238384e-07
107.361 3.82202599450178e-07
110.541 2.90361867866736e-07
113.721 2.98288019797266e-07
116.902 2.81971736964329e-07
120.082 2.83106015336985e-07
123.262 3.56233233800159e-07
126.443 3.76336685967737e-07
129.623 3.69428323518046e-07
132.803 3.57706298648265e-07
135.983 3.46900904173248e-07
139.164 3.07731387800331e-07
142.344 2.68103963445946e-07
145.524 2.75324758090279e-07
148.705 3.01620306652637e-07
151.885 3.04633466511077e-07
155.065 2.49435368393265e-07
158.246 2.4508569681489e-07
161.426 2.57037031231754e-07
164.606 2.46521324694789e-07
167.787 2.3011673702366e-07
170.967 2.20195952282169e-07
174.147 1.76731044208316e-07
177.328 2.20227329084404e-07
180.508 2.48287777006682e-07
183.688 2.40327678980996e-07
186.868 2.84002108775062e-07
190.049 3.05751902841082e-07
193.229 3.57002898632022e-07
196.409 3.68823160293717e-07
199.59 3.29522199833662e-07
202.77 2.84083372329905e-07
205.95 2.799334552846e-07
209.131 2.4977041198217e-07
212.311 2.01803388382237e-07
215.491 2.02147996078956e-07
218.672 2.15725717594838e-07
221.852 1.99210302020691e-07
225.032 2.14390375365939e-07
228.213 2.62422846931046e-07
231.393 2.89504889205748e-07
234.573 2.53246062488948e-07
237.753 2.59186937644881e-07
240.934 2.68540609651286e-07
244.114 2.82073257388936e-07
247.294 3.20066746347013e-07
250.475 3.33341635023243e-07
253.655 2.98240605022205e-07
256.835 2.47464500392208e-07
260.016 2.41417298424139e-07
263.196 2.44789932962059e-07
264.196 1.51873990998616e-07
272.598 1.65066969770589e-07
281.001 2.17438675193119e-07
289.403 3.19293493835064e-07
297.806 3.34703260778208e-07
306.208 3.19409791380462e-07
314.611 2.25314253959428e-07
323.013 1.89975698517962e-07
331.415 1.80729989817667e-07
339.818 1.89516003494044e-07
348.22 1.98410977388531e-07
356.623 2.01133869662065e-07
365.025 1.89265746763218e-07
373.428 1.85065841467331e-07
381.83 2.05995045056779e-07
390.232 2.09373107448328e-07
398.635 2.29666546000246e-07
407.037 2.28418877832246e-07
415.44 2.25118686415237e-07
423.842 2.05590549222401e-07
432.245 1.89508158420987e-07
440.647 1.72986057895483e-07
449.049 1.77540834757611e-07
457.452 2.05530491800154e-07
465.854 2.13984613968331e-07
474.257 1.92103821442068e-07
482.659 1.82874911342036e-07
491.062 1.76188133616376e-07
499.464 1.75867265694526e-07
507.867 1.82917564399465e-07
516.269 1.76669508672695e-07
524.671 1.66684715846805e-07
533.074 1.62475927518878e-07
541.476 1.55343801322507e-07
549.879 1.3555066246013e-07
558.281 1.35528816007994e-07
566.684 1.39673533431156e-07
575.086 1.67402031014076e-07
583.488 1.61060193622643e-07
591.891 1.4547997600006e-07
600.293 1.49247636453749e-07
608.696 1.6229071215645e-07
617.098 1.74573246911107e-07
625.501 1.74823135446444e-07
633.903 1.7970151909079e-07
642.305 1.84425845964863e-07
650.708 1.95441311495099e-07
659.11 2.00885032756193e-07
667.513 2.0229744039962e-07
675.915 1.96209628132915e-07
684.318 1.6116843698028e-07
692.72 1.46819562740411e-07
693.72 1.34139859424704e-07
715.867 1.28921166990457e-07
738.014 1.12134013376087e-07
760.161 1.1933816314205e-07
782.307 1.54084069739701e-07
804.454 1.67524717996784e-07
826.601 1.45288918563671e-07
848.748 1.35897236914598e-07
870.895 1.54684086360126e-07
893.042 1.34075608313069e-07
915.189 1.33073071287891e-07
937.335 1.33005853844775e-07
959.482 1.38493368307404e-07
981.629 1.7147214759171e-07
1003.776 1.32631626019529e-07
1025.923 1.36934745361734e-07
1048.07 1.24909581810876e-07
1070.217 1.25430910863191e-07
1092.364 1.2538368083009e-07
1114.51 1.06254736215448e-07
1136.657 1.19842151651586e-07
1158.804 1.3960910600788e-07
1180.951 1.17575568618191e-07
1203.098 1.0530551890547e-07
1225.245 1.3669941185088e-07
1247.392 1.07034445802522e-07
1269.538 7.46812058835883e-08
1291.685 1.03149863448514e-07
1313.832 1.30131217188448e-07
1335.979 1.50920049078928e-07
1358.126 1.28504845408281e-07
1380.273 1.28167128894368e-07
1402.42 1.18400879404611e-07
1424.566 9.26450009000864e-08
1446.713 8.45807736111366e-08
1468.86 1.01973219909246e-07
1491.007 1.186005050852e-07
1513.154 1.15702217807971e-07
1535.301 1.12949090828625e-07
1557.448 1.31278120733089e-07
1579.595 1.21040913913382e-07
1601.741 1.01738819660297e-07
1623.888 1.09631420382571e-07
1646.035 1.01952247037026e-07
1668.182 7.57211593586244e-08
1690.329 6.52328361281853e-08
1712.476 8.32061550982291e-08
1734.623 8.09259542178842e-08
1756.769 8.5182413687539e-08
1778.916 9.66029467825048e-08
1801.063 1.2461207956922e-07
1823.21 1.02897862099672e-07
1824.21 1.21463066124625e-07
1882.531 1.1502553475413e-07
1940.853 9.34038521638018e-08
1999.174 9.24596334020139e-08
2057.495 8.20536995249827e-08
2115.817 7.08561416283912e-08
2174.138 9.66499574895774e-08
2232.46 9.85396020879383e-08
2290.781 7.13561156409096e-08
2349.102 8.5166503741433e-08
2407.424 9.5813961828603e-08
2465.745 8.97353938175914e-08
2524.066 9.21157429232342e-08
2582.388 1.11060074768035e-07
2640.709 9.83623098032591e-08
2699.031 8.16712753241052e-08
2757.352 9.42663845519548e-08
2815.673 9.04800534932365e-08
2873.995 6.83694055064544e-08
2932.316 9.49823164981171e-08
2990.637 9.57011016278482e-08
3048.959 5.0545064814252e-08
3107.28 5.61882805530389e-08
3165.602 8.74102248881644e-08
3223.923 6.60078294222525e-08
3282.244 7.62967530832385e-08
3340.566 7.82307069373841e-08
3398.887 6.37783952747732e-08
3457.208 6.23017340706076e-08
3515.53 7.11002903075062e-08
3573.851 4.94500313742275e-08
3632.173 8.67838670681884e-08
3690.494 7.78544249924815e-08
3748.815 5.62836406369961e-08
3807.137 5.01136052118354e-08
3865.458 5.60388050420675e-08
3923.779 6.45492720514502e-08
3982.101 6.29287697462364e-08
4040.422 8.11537426369026e-08
4098.744 8.17391306841795e-08
4157.065 8.17981813538988e-08
4215.386 7.66619438681739e-08
4273.708 7.43364054968282e-08
4332.029 6.74829292922272e-08
4390.35 8.2783168205125e-08
4448.672 8.93190303520701e-08
4506.993 7.35207616647127e-08
4565.315 7.04014321218315e-08
4623.636 6.24555509376489e-08
4681.957 6.14230235076864e-08
4740.279 6.15913205833568e-08
4798.6 6.4045718501522e-08
4799.6 4.84230027117688e-08
4953.131 6.31389223578e-08
5106.663 6.50636449116568e-08
5260.194 6.20145518289007e-08
5413.725 5.67829519786388e-08
5567.257 5.54254568174345e-08
5720.788 5.88537000991563e-08
5874.32 5.55117336830466e-08
6027.851 5.382934109323e-08
6181.382 4.31870089904374e-08
6334.914 5.07711014352423e-08
6488.445 5.1081806350168e-08
6641.976 4.53676817735342e-08
6795.508 5.22013610882475e-08
6949.039 6.64667069760593e-08
7102.571 5.1901427146744e-08
7256.102 5.35924364636248e-08
7409.633 5.8530500859578e-08
7563.165 6.72753870673437e-08
7716.696 6.72872580693637e-08
7870.227 4.36825044508578e-08
8023.759 6.22720887473532e-08
8177.29 6.13755479360833e-08
8330.822 6.16237360962104e-08
8484.353 5.24777829911388e-08
8637.884 3.92505406483643e-08
8791.416 3.86427523342722e-08
8944.947 4.69344511376255e-08
9098.478 5.4740168802878e-08
9252.01 5.52495131865709e-08
9405.541 3.97457948251894e-08
9559.073 3.13999674766714e-08
9712.604 3.33112656978452e-08
9866.135 4.50754302930932e-08
10019.667 5.66634553497727e-08
10173.198 4.74041828277333e-08
10326.729 4.22757514216674e-08
10480.261 3.49237902181382e-08
10633.792 4.68503959007927e-08
10787.324 4.60661154215648e-08
10940.855 4.48990987483414e-08
11094.386 3.76979086147315e-08
11247.918 3.96140301839369e-08
11401.449 3.54572072465794e-08
11554.98 4.08284097834325e-08
11708.512 4.67919519327823e-08
11862.043 4.64985951893831e-08
12015.575 3.68230661700862e-08
12169.106 4.08890312285615e-08
12322.637 5.05046285282062e-08
12476.169 4.52347246415238e-08
12629.7 4.31265322172213e-08
12630.7 4.5140021139465e-08
13034.822 4.11567763864147e-08
13438.943 4.27323117199118e-08
13843.065 3.90595565562584e-08
14247.186 3.23870134397868e-08
14651.308 2.87065150277559e-08
15055.429 3.08784660937026e-08
15459.551 3.72138826326655e-08
15863.673 3.99238893532257e-08
16267.794 3.97990692638215e-08
16671.916 3.65434416051295e-08
17076.037 3.39863708983042e-08
17480.159 3.70821472647243e-08
17884.28 3.64089195795389e-08
18288.402 3.60612713109754e-08
18692.524 3.81765432755983e-08
19096.645 4.16450745068471e-08
19500.767 3.58542721966837e-08
19904.888 3.38758232719957e-08
20309.01 3.32744328791124e-08
20713.131 3.82022277414012e-08
21117.253 4.12304625680191e-08
21521.375 3.85352750154466e-08
21925.496 3.18462262324175e-08
22329.618 2.5388297930591e-08
22733.739 2.52714076887217e-08
23137.861 3.45353443129123e-08
23541.982 3.82545186322045e-08
23946.104 3.09950777586476e-08
24350.225 2.48457388221675e-08
24754.347 2.53924609923132e-08
25158.469 2.58800981846736e-08
25562.59 2.57376234444484e-08
25966.712 2.83031936394572e-08
26370.833 3.64068297118584e-08
26774.955 3.48852530858965e-08
27179.076 3.5304064951761e-08
27583.198 3.26985629971626e-08
27987.32 3.1964429676026e-08
28391.441 2.33890511585324e-08
28795.563 2.45446630978823e-08
29199.684 3.00195201098428e-08
29603.806 2.90998156348053e-08
30007.927 3.12929095940658e-08
30412.049 3.24214636139591e-08
30816.171 2.9272507563308e-08
31220.292 2.78216669456164e-08
31624.414 3.24065455238255e-08
32028.535 3.47372096715128e-08
32432.657 3.28366726552895e-08
32836.778 3.29621759832362e-08
33240.9 3.55658746827417e-08
33241.9 2.96671367384529e-08
34305.559 2.78767043111594e-08
35369.218 2.65083882352576e-08
36432.876 2.14597375361194e-08
37496.535 2.33583577587695e-08
38560.194 2.48082982733951e-08
39623.853 2.11038463823673e-08
40687.512 2.03991139257908e-08
41751.171 1.91625539741153e-08
42814.829 2.68738747874988e-08
43878.488 2.71270462644599e-08
44942.147 2.19268585048873e-08
46005.806 2.62029604867511e-08
47069.465 2.83635276025915e-08
48133.124 2.6677753101053e-08
49196.782 2.61724464100826e-08
50260.441 2.51542328602301e-08
51324.1 2.38826294369564e-08
52387.759 2.24335896406194e-08
53451.418 2.20061149516919e-08
54515.076 2.568804498118e-08
55578.735 2.89528443399275e-08
56642.394 2.94531064441578e-08
57706.053 2.64494801828918e-08
58769.712 2.29001409146207e-08
59833.371 1.89813135963954e-08
60897.029 2.04339339164454e-08
61960.688 2.10944093175743e-08
63024.347 1.71198138640101e-08
64088.006 1.6859831393652e-08
65151.665 1.87697308119497e-08
66215.324 2.00727889580109e-08
67278.982 2.30131996536414e-08
68342.641 2.63817907291564e-08
69406.3 2.54470675138483e-08
70469.959 2.46046136584616e-08
71533.618 2.01872130415894e-08
72597.276 1.68168069491558e-08
73660.935 1.69019157133397e-08
74724.594 2.07682705138777e-08
75788.253 2.07019509682768e-08
76851.912 1.93072808397333e-08
77915.571 1.85930492295755e-08
78979.229 1.97607709970092e-08
80042.888 2.17559260823993e-08
81106.547 2.04983355212139e-08
82170.206 1.94440923190637e-08
83233.865 2.13414060971868e-08
84297.524 1.86790673334775e-08
85361.182 1.94250665348718e-08
86424.841 1.97839475998866e-08
87488.5 2.00231466507705e-08
87489.5 1.97719038155183e-08
90289.039 1.83832343591409e-08
93088.578 1.55123922778142e-08
95888.118 1.55533997771644e-08
98687.657 1.85227724329039e-08
101487.196 1.84614979120592e-08
104286.735 1.76162025987373e-08
107086.275 1.88759293833399e-08
109885.814 1.97511531263456e-08
112685.353 1.97901699980194e-08
115484.892 1.84512184056823e-08
118284.431 1.74730804425019e-08
121083.971 1.79669853235911e-08
123883.51 1.50688163153386e-08
126683.049 1.32429420626611e-08
129482.588 1.24131961209164e-08
132282.127 1.34606971462084e-08
135081.667 1.45330517267408e-08
137881.206 1.53306274692463e-08
140680.745 1.49265143630545e-08
143480.284 1.40857343138005e-08
146279.824 1.49801879102344e-08
149079.363 1.53125429140781e-08
151878.902 1.30680274689666e-08
154678.441 1.40585179346725e-08
157477.98 1.4784802504399e-08
160277.52 1.50042730968297e-08
163077.059 1.53757411051602e-08
165876.598 1.51801122753073e-08
168676.137 1.51697062696442e-08
171475.676 1.60124335819345e-08
174275.216 1.39953287052397e-08
177074.755 1.07483168755112e-08
179874.294 8.98950341998902e-09
182673.833 1.16835035072126e-08
185473.373 1.25387754379336e-08
188272.912 1.03284858960311e-08
191072.451 6.52651484311401e-09
193871.99 5.70681049991216e-09
196671.529 9.49590264890618e-09
199471.069 1.08172795779009e-08
202270.608 1.31329516549227e-08
205070.147 1.33396818980011e-08
207869.686 1.30817877002168e-08
210669.225 1.25958336834481e-08
213468.765 1.15999587454876e-08
216268.304 1.04206646585255e-08
219067.843 9.72137001778079e-09
221867.382 1.01230144818629e-08
224666.922 1.0134136423002e-08
227466.461 9.9818255832782e-09
230266 1.07639264470728e-08
230267 1.25138605102682e-08
237635.294 1.00617760929116e-08
245003.588 1.00091663615112e-08
252371.882 1.2273186508351e-08
259740.176 8.64207266636116e-09
267108.471 1.12969541702342e-08
274476.765 9.3821160108146e-09
281845.059 9.30321980267846e-09
289213.353 1.0189872323443e-08
296581.647 1.29618165373303e-08
303949.941 1.06745406331174e-08
311318.235 9.36708387995217e-09
318686.529 1.13688556191981e-08
326054.824 1.02374504059085e-08
333423.118 1.02600151377727e-08
340791.412 9.07592292815636e-09
348159.706 9.73483544389592e-09
355528 1.24247687809382e-08
362896.294 9.63508918035364e-09
370264.588 9.11318784174063e-09
377632.882 1.07308611878342e-08
385001.176 1.0169117369467e-08
392369.471 8.79610185596213e-09
399737.765 9.63215072536467e-09
407106.059 8.54129128088827e-09
414474.353 1.09672098173775e-08
421842.647 8.99632520784478e-09
429210.941 9.87144349892372e-09
436579.235 6.49528318658342e-09
443947.529 7.7541490462675e-09
451315.824 8.23225591708964e-09
458684.118 8.79224421706204e-09
466052.412 6.83013308343771e-09
473420.706 7.43358949603544e-09
480789 8.5095077913029e-09
488157.294 6.22207271313365e-09
495525.588 7.40503842414667e-09
502893.882 8.00032414249223e-09
510262.176 9.14390307372685e-09
517630.471 9.44870192528159e-09
524998.765 5.94971799643015e-09
532367.059 9.31001965830833e-09
539735.353 8.78225137618447e-09
547103.647 9.89017916856234e-09
554471.941 8.63248005544876e-09
561840.235 8.66461675246661e-09
569208.529 8.32282736167817e-09
576576.824 7.11159800896933e-09
583945.118 8.95153211565377e-09
591313.412 8.99837826458088e-09
598681.706 8.37197530344812e-09
606050 6.21103672711243e-09
606051 7.84867176209416e-09
625444.118 7.34724283568604e-09
644837.235 7.71597210193902e-09
664230.353 6.02720826971038e-09
683623.471 6.67734391560608e-09
703016.588 8.20722636850339e-09
722409.706 8.01971523677455e-09
741802.824 6.75343769230926e-09
761195.941 6.38358010080456e-09
780589.059 8.06946685641183e-09
799982.176 7.02186332567677e-09
819375.294 7.43038037871275e-09
838768.412 5.85469673016798e-09
858161.529 8.66478312289926e-09
877554.647 4.61783560994674e-09
896947.765 4.76054024799674e-09
916340.882 6.29384467699567e-09
935734 6.12619873330201e-09
955127.118 5.7008103497602e-09
974520.235 6.23582228024436e-09
993913.353 6.23174656165741e-09
1013306.471 4.35453043472862e-09
1032699.588 6.26348881140882e-09
1052092.706 5.42269634616832e-09
1071485.824 6.47507826961952e-09
1090878.941 7.40666487034e-09
1110272.059 6.96406208270468e-09
1129665.176 5.29067000848731e-09
1149058.294 5.01654041813861e-09
1168451.412 6.52273897269953e-09
1187844.529 6.46697494493437e-09
1207237.647 5.47728199060637e-09
1226630.765 5.5482014007283e-09
1246023.882 7.27775951817007e-09
1265417 5.97453390580345e-09
1284810.118 6.69953831866761e-09
1304203.235 4.49008311316723e-09
1323596.353 5.7860215477077e-09
1342989.471 4.52351128431698e-09
1362382.588 7.27143781543119e-09
1381775.706 5.51153436698661e-09
1401168.824 6.67547521544415e-09
1420561.941 6.78780077036252e-09
1439955.059 6.06085948237264e-09
1459348.176 6.53450908987656e-09
1478741.294 4.93769579765099e-09
1498134.412 4.33089733231705e-09
1517527.529 4.99864233136602e-09
1536920.647 4.42570149002896e-09
1556313.765 5.41639694658596e-09
1575706.882 5.37016340274707e-09
1595100 4.10318141672037e-09
1595100 4.9156134476302e-09
1646141.765 5.35046124174236e-09
1697183.529 5.79335036032653e-09
1748225.294 6.64547571036908e-09
1799267.059 4.92845122176381e-09
1850308.824 5.39822753049212e-09
1901350.588 4.10077837898178e-09
1952392.353 4.29553612096226e-09
2003434.118 4.44159867409415e-09
2054475.882 2.94199668291118e-09
2105517.647 4.79847121291319e-09
2156559.412 3.57867777839183e-09
2207601.176 3.46591395535909e-09
2258642.941 4.0671419149258e-09
2309684.706 5.88575889422738e-09
2360726.471 4.14988355509575e-09
2411768.235 4.88929673616259e-09
2462810 5.07748394709303e-09
2513851.765 4.63410203237134e-09
2564893.529 4.17059778319564e-09
2615935.294 5.00166548444858e-09
2666977.059 2.97546283499407e-09
2718018.824 4.24591350819467e-09
2769060.588 4.19971598573392e-09
2820102.353 3.91549568325328e-09
2871144.118 4.30230411974443e-09
2922185.882 4.88766526538004e-09
2973227.647 3.46523898884259e-09
3024269.412 3.68684119535317e-09
3075311.176 3.8704415014622e-09
3126352.941 4.31451613853693e-09
3177394.706 3.27741036867884e-09
3228436.471 3.92549849516575e-09
3279478.235 5.27007498673652e-09
3330520 4.25019356278526e-09
3381561.765 4.06054296442478e-09
3432603.529 4.70440569068831e-09
3483645.294 3.49780497297471e-09
3534687.059 3.14180910086958e-09
3585728.824 3.28507590934987e-09
3636770.588 3.77662013021826e-09
3687812.353 3.65292108946645e-09
3738854.118 2.98740327163973e-09
3789895.882 3.26244177775558e-09
3840937.647 3.7908167722081e-09
3891979.412 3.66744151431367e-09
3943021.176 3.19383605218342e-09
3994062.941 3.97432861536995e-09
4045104.706 2.62715184637137e-09
4096146.471 3.41069164957375e-09
4147188.235 4.40245488791111e-09
4198230 3.71834906031985e-09
4198230 2.79405841790836e-09
4332570.588 3.98441515019863e-09
4466911.176 3.79347351185722e-09
4601251.765 3.77457881071802e-09
4735592.353 3.25620937648247e-09
4869932.941 3.59660660171259e-09
5004273.529 3.61858269596181e-09
5138614.118 3.9386918272184e-09
5272954.706 3.63311817833848e-09
5407295.294 3.50016086404273e-09
5541635.882 3.84588541954958e-09
5675976.471 3.20424158772949e-09
5810317.059 2.56759212320315e-09
5944657.647 3.70903340853401e-09
6078998.235 3.25015254804363e-09
6213338.824 3.79991372344756e-09
6347679.412 3.45083676919093e-09
6482020 2.82777823770653e-09
6616360.588 3.48315754766629e-09
6750701.176 2.60838634911018e-09
6885041.765 2.69468145651798e-09
7019382.353 2.36852840247864e-09
7153722.941 2.50362268167072e-09
7288063.529 2.27897539409157e-09
7422404.118 2.86472401034574e-09
7556744.706 2.80618805072948e-09
7691085.294 2.46945101126233e-09
7825425.882 2.32464389422468e-09
7959766.471 2.67824341644272e-09
8094107.059 3.48604584869661e-09
8228447.647 2.5395450897299e-09
8362788.235 3.71027242354669e-09
8497128.824 2.62867245732722e-09
8631469.412 2.68755456484357e-09
8765810 2.23405303542658e-09
8900150.588 3.06781945364694e-09
9034491.176 3.01652758475256e-09
9168831.765 2.43491701404156e-09
9303172.353 2.06114940955197e-09
9437512.941 3.62285329928025e-09
9571853.529 2.61513923647375e-09
9706194.118 2.33794805303871e-09
9840534.706 2.65663643119351e-09
9974875.294 2.80895191837215e-09
10109215.882 2.39833936138903e-09
10243556.471 3.08266741000198e-09
10377897.059 2.48940361180752e-09
10512237.647 2.51527177642066e-09
10646578.235 2.42427433865691e-09
10780918.824 2.43562005587963e-09
10915259.412 1.94005819745194e-09
11049600 1.97842228181863e-09
11049600 3.20929154990186e-09
11403174.51 2.394883613957e-09
11756749.02 2.39834255218028e-09
12110323.529 2.90456018046342e-09
12463898.039 2.222835613753e-09
12817472.549 1.89670677698534e-09
13171047.059 2.90945684228242e-09
13524621.569 2.2590839406725e-09
13878196.078 2.02953333814834e-09
14231770.588 2.96250792878965e-09
14585345.098 2.82610176777922e-09
14938919.608 2.10123287399879e-09
15292494.118 2.66594284779194e-09
15646068.627 3.27682602728235e-09
15999643.137 2.5058393976532e-09
16353217.647 2.47969879289307e-09
16706792.157 2.18927644010743e-09
17060366.667 2.53470730720506e-09
17413941.176 2.46696703959144e-09
17767515.686 2.71496033106664e-09
18121090.196 1.7527062182184e-09
18474664.706 2.65364452258463e-09
18828239.216 2.3039603977595e-09
19181813.725 1.66400956989833e-09
19535388.235 2.17290310275541e-09
19888962.745 1.67197004516983e-09
20242537.255 1.46355414783446e-09
20596111.765 3.0135310229834e-09
20949686.275 2.21156997159432e-09
21303260.784 2.62868454256163e-09
21656835.294 2.52953665884145e-09
22010409.804 2.62022641819734e-09
22363984.314 2.10232515784037e-09
22717558.824 1.76972176660775e-09
23071133.333 1.80127959797889e-09
23424707.843 1.95464205803575e-09
23778282.353 1.86949039116823e-09
24131856.863 2.17066140285626e-09
24485431.373 1.61529919704008e-09
24839005.882 1.59537924573793e-09
25192580.392 2.10382452397491e-09
25546154.902 1.85255524614129e-09
25899729.412 1.92651276480267e-09
26253303.922 1.75791867624797e-09
26606878.431 1.59142823197789e-09
26960452.941 1.93801629650211e-09
27314027.451 1.95076449589377e-09
27667601.961 1.75149291470332e-09
28021176.471 2.35312296409558e-09
28374750.98 2.29646585299163e-09
28728325.49 1.97086981361442e-09
29081900 1.40565213293131e-09
29081900 2.25309280076869e-09
30012498.039 1.53662138472163e-09
30943096.078 1.76741958871711e-09
31873694.118 1.54667030953289e-09
32804292.157 1.70784024184237e-09
33734890.196 1.33728169275477e-09
34665488.235 2.03615980247326e-09
35596086.275 2.20150379660828e-09
36526684.314 1.78728075676703e-09
37457282.353 1.95108661917329e-09
38387880.392 1.95346457506636e-09
39318478.431 1.72907114305566e-09
40249076.471 1.63079459981399e-09
41179674.51 1.98699749515387e-09
42110272.549 1.82379298126934e-09
43040870.588 1.58669174261596e-09
43971468.627 1.96157215066675e-09
44902066.667 1.75021403145572e-09
45832664.706 1.78989741768332e-09
46763262.745 2.41785983421477e-09
47693860.784 1.94047505726641e-09
48624458.824 1.96940538153247e-09
49555056.863 2.56887315940589e-09
50485654.902 1.97899080604415e-09
51416252.941 1.08390230416161e-09
52346850.98 2.62439386448263e-09
53277449.02 1.39606611985482e-09
54208047.059 1.70677633878766e-09
55138645.098 1.8231356315839e-09
56069243.137 1.51382863745941e-09
56999841.176 2.29329604504727e-09
57930439.216 1.84627560885907e-09
58861037.255 1.88657907313378e-09
59791635.294 1.72352973834173e-09
60722233.333 1.84895235956384e-09
61652831.373 2.05809402265998e-09
62583429.412 1.73601002432047e-09
63514027.451 1.73895286365793e-09
64444625.49 2.0192031801833e-09
65375223.529 1.40502477560594e-09
66305821.569 2.28968848321932e-09
67236419.608 1.81121589200787e-09
68167017.647 1.77771563070021e-09
69097615.686 1.72202145186148e-09
70028213.725 1.09081120744027e-09
70958811.765 1.79626933968103e-09
71889409.804 1.90140198145886e-09
72820007.843 2.36540705666015e-09
73750605.882 1.85461804526927e-09
74681203.922 1.94966302139203e-09
75611801.961 1.18064380206807e-09
76542400 1.13995228393804e-09
76542400 1.66388454140994e-09
78991686.275 1.52819510510737e-09
81440972.549 1.92794924309183e-09
83890258.824 1.30108285707271e-09
86339545.098 1.56339987441838e-09
88788831.373 1.51318145271871e-09
91238117.647 1.22406296196113e-09
93687403.922 2.25026682061618e-09
96136690.196 1.39402835478771e-09
98585976.471 1.15243913611195e-09
101035262.745 2.26490093018304e-09
103484549.02 -0
105933835.294 2.00928185338305e-09
108383121.569 1.2367736053028e-09
110832407.843 6.36263412239336e-10
113281694.118 1.30922244586743e-09
115730980.392 1.34879506053815e-09
118180266.667 1.02492436117595e-09
120629552.941 1.61527794947757e-09
123078839.216 5.03735422069489e-10
125528125.49 1.38658801482719e-09
127977411.765 1.47952668743776e-09
130426698.039 1.5920039013935e-09
132875984.314 1.60257331778139e-09
135325270.588 8.94312436399973e-10
137774556.863 -0
140223843.137 1.19807126525298e-09
142673129.412 2.08825865261183e-09
145122415.686 1.4564020989503e-09
147571701.961 -0
150020988.235 2.26957099356371e-09
152470274.51 3.70507585725654e-09
154919560.784 -0
157368847.059 -0
159818133.333 -0
162267419.608 2.05199829041543e-09
164716705.882 3.8086571143161e-09
167165992.157 -0
169615278.431 -0
172064564.706 2.32976163055023e-09
174513850.98 2.21459366301087e-09
176963137.255 3.17533474380798e-09
179412423.529 -0
181861709.804 2.82309902685429e-09
184310996.078 -0
186760282.353 1.32710700512849e-09
189209568.627 2.26614279528237e-09
191658854.902 -0
194108141.176 1.26894065287901e-09
196557427.451 3.92081186144254e-09
199006713.725 2.12607258269039e-09
201456000 3.2197204859318e-09
