101 143.817408352333
104.18 138.430658300999
107.361 143.0045828018
110.541 139.562999386571
113.721 132.027944131591
116.902 133.178238383743
120.082 127.202788669755
123.262 145.884912463929
126.443 136.155412596974
129.623 133.195506017165
132.803 142.622403682204
135.983 160.775749558881
139.164 160.465366340242
142.344 173.958778528142
145.524 171.688319576149
148.705 198.322932406644
151.885 207.791461080961
155.065 204.873682193686
158.246 162.18171710571
161.426 140.362918301029
164.606 121.056402395604
167.787 104.786692538063
170.967 101.350018974626
174.147 98.2539770523854
177.328 95.7082445548916
180.508 113.60884914496
183.688 124.418391313938
186.868 115.800855894349
190.049 118.384286383921
193.229 131.142609981743
196.409 135.673242281588
199.59 138.007440613486
202.77 145.14003083972
205.95 147.686172312891
209.131 136.395216286692
212.311 130.381606477425
215.491 117.132807144452
218.672 123.591473875287
221.852 139.863007504759
225.032 142.487638885059
228.213 132.810478320009
231.393 115.209714488593
234.573 99.6453440842906
237.753 117.9882484785
240.934 123.976731457826
244.114 109.889689134551
247.294 98.5424087043448
250.475 108.917778294627
253.655 122.336745834536
256.835 118.295535245079
260.016 108.492132081348
263.196 95.3963964401049
264.196 84.3939921673645
272.598 77.8107782956872
281.001 75.3182661686842
289.403 91.3361417836816
297.806 100.51351554794
306.208 108.125658021794
314.611 98.2708317195218
323.013 89.3794951614148
331.415 71.3894000729765
339.818 71.0524228074043
348.22 72.7291292500279
356.623 87.6384695290882
365.025 89.8620498651216
373.428 89.7039861600994
381.83 86.0170421254531
390.232 79.2240109100908
398.635 88.4508675908204
407.037 90.8542201124989
415.44 95.1077800746841
423.842 110.74651800976
432.245 107.236006605618
440.647 86.3542706869267
449.049 79.2854565975775
457.452 75.5206672759307
465.854 85.285876891574
474.257 90.776801933477
482.659 101.55837433078
491.062 108.135883342028
499.464 102.794506651819
507.867 88.7453146552413
516.269 81.3216772915095
524.671 80.4186123374566
533.074 79.9983161279366
541.476 80.8556135366915
549.879 86.0826477441006
558.281 85.1706186848083
566.684 83.3623323306815
575.086 79.3870552800999
583.488 73.2705082794961
591.891 67.8702492362041
600.293 56.8983354769333
608.696 51.3274408725854
617.098 47.2090105981138
625.501 54.53641185116
633.903 66.2451645348954
642.305 75.5206377073749
650.708 71.5966677093914
659.11 68.1849810000868
667.513 69.1131263556566
675.915 74.6062120530538
684.318 85.2620864798099
692.72 88.089718845004
693.72 70.6774907219228
715.867 77.0578598104404
738.014 73.3604737333515
760.161 90.7999945332112
782.307 91.0787076755855
804.454 57.3447520980561
826.601 48.0442823138788
848.748 59.0357976109997
870.895 54.5828734291062
893.042 61.3505861852297
915.189 63.8163025971684
937.335 69.7388215678008
959.482 72.7745146245328
981.629 75.6658438192075
1003.776 44.2164238634012
1025.923 64.0772144293962
1048.07 66.9462381120007
1070.217 65.8285812969006
1092.364 50.3618430166223
1114.51 55.1366433904474
1136.657 49.9292639374951
1158.804 43.5561458905714
1180.951 50.8537686932049
1203.098 46.1367852828742
1225.245 54.9489478311757
1247.392 49.0915068212579
1269.538 44.5301865926229
1291.685 49.2631543061489
1313.832 43.849864748213
1335.979 56.4559340012839
1358.126 62.148873694578
1380.273 47.1670624140564
1402.42 51.6239678845201
1424.566 66.113356570519
1446.713 54.2534307243303
1468.86 49.8524554216935
1491.007 64.0641031017869
1513.154 54.5200781585019
1535.301 47.5065976500166
1557.448 44.4531437199907
1579.595 45.5996223744996
1601.741 63.9057272848563
1623.888 60.827339806867
1646.035 55.7297374410909
1668.182 52.2202292872147
1690.329 53.0320151907539
1712.476 35.5634134621909
1734.623 41.1314691397691
1756.769 50.3767435405339
1778.916 37.0983539469383
1801.063 55.6314598801701
1823.21 40.3190972283503
1824.21 40.5296266268778
1882.531 36.2233056008888
1940.853 34.1724927619626
1999.174 48.8235179648133
2057.495 42.5854203716456
2115.817 35.8286243829015
2174.138 44.5776719388693
2232.46 44.6835306631115
2290.781 38.3123189673309
2349.102 35.1044517218598
2407.424 35.7338855520019
2465.745 31.7170007180833
2524.066 33.3131845276807
2582.388 31.3704688154947
2640.709 32.2530706326961
2699.031 21.9071375655827
2757.352 33.981234796267
2815.673 40.5192677177006
2873.995 37.99246550607
2932.316 27.2542546249682
2990.637 31.5453575302719
3048.959 30.9910326069874
3107.28 28.2783989732104
3165.602 23.4355856622726
3223.923 30.2997456636109
3282.244 36.7098337334805
3340.566 34.9685501345586
3398.887 35.2807657691406
3457.208 31.4840939058033
3515.53 29.855434035825
3573.851 30.3191079036587
3632.173 27.3798003243542
3690.494 22.7894300952219
3748.815 32.0597691342681
3807.137 34.3659963925811
3865.458 26.4552689899146
3923.779 29.9347808909564
3982.101 31.6911879062095
4040.422 26.8408997865947
4098.744 26.7639521042113
4157.065 38.4375628676941
4215.386 35.6266854433591
4273.708 35.2138054809106
4332.029 31.5339763484453
4390.35 31.8531439367183
4448.672 37.2713293514297
4506.993 30.2014410031888
4565.315 25.2814943094635
4623.636 24.8061534059953
4681.957 31.7663996750547
4740.279 31.8239859501792
4798.6 23.3777959966443
4799.6 29.7120241074323
4953.131 27.8991095034932
5106.663 35.8543882475864
5260.194 33.5864919976911
5413.725 33.431266828721
5567.257 33.5816562870575
5720.788 32.1062859587543
5874.32 31.6476478208099
6027.851 27.1290610001116
6181.382 20.9117232049642
6334.914 19.5775913828875
6488.445 18.6668763458036
6641.976 27.3126421285401
6795.508 33.9289999855951
6949.039 27.5121295787997
7102.571 19.9549137302393
7256.102 16.170968095272
7409.633 24.8721834904618
7563.165 24.7687264011501
7716.696 28.0380275222943
7870.227 22.5851082027155
8023.759 21.2311073666097
8177.29 23.9971470615552
8330.822 26.063618621839
8484.353 24.5782491574921
8637.884 21.7259965638243
8791.416 17.8888888325767
8944.947 21.467755481672
9098.478 27.2006731663311
9252.01 25.9633241638186
9405.541 25.8251680871611
9559.073 21.5265255306559
9712.604 18.5272352340415
9866.135 24.8964579401244
10019.667 27.2439761499904
10173.198 20.0151893383716
10326.729 17.8790287945521
10480.261 20.2152771576727
10633.792 20.3995658201282
10787.324 19.3915149077815
10940.855 19.3175519869536
11094.386 19.3415224547642
11247.918 23.7948482758585
11401.449 26.3592689380617
11554.98 17.7472123897145
11708.512 18.7419746964254
11862.043 16.8352407514641
12015.575 20.8583044707329
12169.106 19.9291049395339
12322.637 19.075378181213
12476.169 21.2362455152924
12629.7 20.2721017466877
12630.7 19.0924888587775
13034.822 19.8934556001725
13438.943 19.0360192200683
13843.065 19.4692513773169
14247.186 18.8671690297619
14651.308 17.3095018571028
15055.429 15.2240199092764
15459.551 14.3592905994977
15863.673 16.4447386813721
16267.794 20.7953576648522
16671.916 20.5343786754629
17076.037 17.6353057228775
17480.159 14.6546054819075
17884.28 18.0042735015058
18288.402 16.4668938950878
18692.524 14.6447378507144
19096.645 15.4288071800941
19500.767 18.4733483141019
19904.888 15.0712353877232
20309.01 14.6169514508855
20713.131 17.0543678574509
21117.253 17.0076789652062
21521.375 15.2653662331551
21925.496 16.919154885371
22329.618 15.5662801739392
22733.739 11.4357406634595
23137.861 13.8081438887027
23541.982 15.7193050314981
23946.104 14.8211289910799
24350.225 13.3746508104436
24754.347 15.4828480235259
25158.469 16.6920507585865
25562.59 15.7232174498667
25966.712 14.3657316811521
26370.833 12.6742995652015
26774.955 11.2727475087283
27179.076 12.4446697153446
27583.198 15.3018348838768
27987.32 14.5585910558798
28391.441 12.8393466336061
28795.563 15.5760950102849
29199.684 14.6968284978754
29603.806 12.5915049408428
30007.927 13.002475105401
30412.049 15.171468094626
30816.171 15.2977638748942
31220.292 16.5272030027284
31624.414 16.2548384035868
32028.535 14.2188718049544
32432.657 11.7586999919715
32836.778 11.51950939736
33240.9 12.7409748745497
33241.9 13.8564562017485
34305.559 13.3388327672608
35369.218 12.6094722785846
36432.876 10.5454484490032
37496.535 9.35090381777259
38560.194 9.35817830458447
39623.853 12.0831388224723
40687.512 13.2069715433178
41751.171 12.7455324242918
42814.829 8.93843956642745
43878.488 6.88397068089095
44942.147 8.70993664270701
46005.806 9.55695004904744
47069.465 9.37405979058516
48133.124 12.5138623627558
49196.782 12.2458474261447
50260.441 11.0679598653541
51324.1 11.8219136488027
52387.759 12.4206876767134
53451.418 11.4301798454367
54515.076 7.64561612293503
55578.735 8.88903458010098
56642.394 10.0642422130182
57706.053 9.49225813439573
58769.712 9.70006461555167
59833.371 11.3352853655289
60897.029 11.0522759172435
61960.688 9.85406266180118
63024.347 7.50628440135829
64088.006 7.61971804912724
65151.665 9.09822965981602
66215.324 9.7303117317479
67278.982 10.020543505008
68342.641 8.72773081681747
69406.3 8.47947046697723
70469.959 8.01854168748799
71533.618 8.15986682095492
72597.276 7.95793842177854
73660.935 8.9749143895164
74724.594 8.54704752300853
75788.253 6.97306371375979
76851.912 6.81680742234778
77915.571 8.07329782938813
78979.229 9.11754975342118
80042.888 10.6332835598994
81106.547 10.8664956473714
82170.206 10.6765592559546
83233.865 7.88506073175156
84297.524 6.51705688096365
85361.182 6.79674612034247
86424.841 7.29960088250879
87488.5 7.97412142136246
87489.5 5.38452813651156
90289.039 5.33981895025774
93088.578 6.39496495474377
95888.118 7.26246749804747
98687.657 7.11336677816043
101487.196 7.40553788305084
104286.735 8.10421672553947
107086.275 7.51776811917616
109885.814 7.42222463458467
112685.353 6.30339070595766
115484.892 5.87782527298868
118284.431 6.09594185414474
121083.971 6.37791264284393
123883.51 5.8386012352519
126683.049 5.72460864347501
129482.588 5.99354345720879
132282.127 6.15566950891274
135081.667 7.71908510697916
137881.206 7.78042226629565
140680.745 7.37749667326275
143480.284 6.90993152360148
146279.824 5.59570747171723
149079.363 5.10384709869215
151878.902 5.43773898628125
154678.441 4.10066678044433
157477.98 3.87031283807319
160277.52 5.10761430335525
163077.059 5.63189326435852
165876.598 6.30176989729802
168676.137 7.22337618557058
171475.676 6.94653391034725
174275.216 6.29428803514917
177074.755 5.11652620810782
179874.294 4.35836353064122
182673.833 4.82299114711162
185473.373 4.60529845628548
188272.912 3.62481545489183
191072.451 4.86652215971977
193871.99 6.33791242950325
196671.529 7.11790487812878
199471.069 7.26543147282658
202270.608 6.83355113420968
205070.147 6.65409908770002
207869.686 6.13975096340219
210669.225 5.77093027144042
213468.765 5.56817893266589
216268.304 5.20478786532832
219067.843 5.30587495231552
221867.382 5.21537620627028
224666.922 5.08540035634471
227466.461 4.87025270851242
230266 3.41451551332579
230267 3.42147483858342
237635.294 4.05455735810543
245003.588 4.85436512791167
252371.882 4.07473565173167
259740.176 9.5300513638749
267108.471 12.6460510575968
274476.765 4.02821891412576
281845.059 2.90485005781925
289213.353 4.35409128022288
296581.647 3.49567905589718
303949.941 3.86537168093324
311318.235 4.22131648217714
318686.529 3.55439180953091
326054.824 4.25497241713726
333423.118 3.56662402779253
340791.412 3.98541744977543
348159.706 3.28820055890944
355528 4.81919236845157
362896.294 4.59639834520241
370264.588 2.76982764417379
377632.882 3.91797910068405
385001.176 4.29518740861433
392369.471 3.00933419060927
399737.765 3.25917285658221
407106.059 2.99580927020163
414474.353 3.40860426479295
421842.647 2.59213668778009
429210.941 2.65912011217145
436579.235 3.53684601574658
443947.529 3.78430866956962
451315.824 3.43042935376142
458684.118 3.51319462147474
466052.412 3.53074593942369
473420.706 4.29496212234597
480789 3.32337350946382
488157.294 3.49774339347299
495525.588 2.23029444052541
502893.882 2.90235846290452
510262.176 3.05337977952202
517630.471 4.11237700829138
524998.765 3.22045127226091
532367.059 3.75859272519382
539735.353 3.93375662702271
547103.647 3.47414550317962
554471.941 3.70851290034554
561840.235 3.07949730876532
569208.529 2.20430798760514
576576.824 2.94038895483559
583945.118 3.19160491099043
591313.412 3.10894269237583
598681.706 2.68890813435691
606050 3.14315556232336
606051 2.86872183573898
625444.118 2.85825345882919
644837.235 3.72025433292988
664230.353 1.65480307166711
683623.471 3.17145896739844
703016.588 2.73496482875633
722409.706 2.40387616298751
741802.824 3.59486460024143
761195.941 2.75543435392689
780589.059 2.563392640208
799982.176 1.96449294309347
819375.294 2.46926609248031
838768.412 3.17218323228332
858161.529 2.43043473502999
877554.647 2.22616787196527
896947.765 2.37340736084491
916340.882 2.05285556529555
935734 3.10342927136496
955127.118 2.18763773771744
974520.235 2.67963393689117
993913.353 1.99039002092238
1013306.471 2.26800409329295
1032699.588 2.24069319210357
1052092.706 3.28955517159623
1071485.824 2.45603804797609
1090878.941 2.40367671605096
1110272.059 2.03465612923607
1129665.176 3.10916147036319
1149058.294 1.79425332658134
1168451.412 3.26669991035445
1187844.529 2.1191401429302
1207237.647 2.53415602924676
1226630.765 2.40268711057686
1246023.882 1.89079367532216
1265417 2.22088813327915
1284810.118 2.15731052672688
1304203.235 2.18439612890799
1323596.353 2.27527993597266
1342989.471 2.3722652403248
1362382.588 1.6745010988423
1381775.706 2.10769263116631
1401168.824 2.27051470122473
1420561.941 1.49059833798248
1439955.059 2.94064876326056
1459348.176 2.35216460269119
1478741.294 2.67087966995741
1498134.412 2.20262092864423
1517527.529 2.25057693234126
1536920.647 1.53146790215502
1556313.765 2.16330376548286
1575706.882 1.77120850355147
1595100 2.09163572354669
1595100 2.10824786058155
1646141.765 2.60871313834027
1697183.529 1.98089575906798
1748225.294 1.48611858924002
1799267.059 2.5257779463841
1850308.824 2.01307761151966
1901350.588 2.80816494773166
1952392.353 1.47018827149189
2003434.118 1.29188433307373
2054475.882 2.28787151788593
2105517.647 2.11455261492758
2156559.412 1.52931283352761
2207601.176 2.24261438517806
2258642.941 1.58011039661689
2309684.706 2.21758477859328
2360726.471 2.25745823569181
2411768.235 2.21678726185652
2462810 1.97313680903175
2513851.765 2.58638912508029
2564893.529 2.49078785514343
2615935.294 1.46643386035665
2666977.059 1.90374199743581
2718018.824 2.44843256837572
2769060.588 1.7430018277121
2820102.353 1.43188948235618
2871144.118 1.90522937900131
2922185.882 1.77908987372791
2973227.647 2.20011757944754
3024269.412 2.13637187629469
3075311.176 2.11366388392988
3126352.941 1.97077045273259
3177394.706 1.77277270806265
3228436.471 1.90671261561473
3279478.235 2.24694824462025
3330520 1.67604636609108
3381561.765 2.75832716669803
3432603.529 2.16368885481297
3483645.294 1.74352861351159
3534687.059 1.35653021517463
3585728.824 2.07768913257566
3636770.588 1.36668910797864
3687812.353 1.84379390368835
3738854.118 1.33740624171714
3789895.882 1.73215634116937
3840937.647 2.01522003582718
3891979.412 1.45525292069337
3943021.176 2.28294289169859
3994062.941 1.50746949695168
4045104.706 2.05174311088527
4096146.471 1.60162571001946
4147188.235 1.71369869562806
4198230 1.83613397857022
4198230 1.49735905135444
4332570.588 1.17830483218209
4466911.176 1.40717593054672
4601251.765 1.2401995822779
4735592.353 1.80173528964767
4869932.941 1.94527600574572
5004273.529 0.887289485755881
5138614.118 1.89023530138536
5272954.706 2.2404189550111
5407295.294 2.04117281433022
5541635.882 2.14849557151848
5675976.471 1.65202652288525
5810317.059 1.8507911148312
5944657.647 2.08115567174863
6078998.235 1.61082949779463
6213338.824 1.89562536483598
6347679.412 1.51129896675073
6482020 1.95433264816175
6616360.588 1.85580688322877
6750701.176 1.27459581462875
6885041.765 1.33978927654162
7019382.353 1.26835876823949
7153722.941 1.68404568014522
7288063.529 1.79227294737275
7422404.118 1.60416441944767
7556744.706 1.71641404758123
7691085.294 0.576965702838384
7825425.882 1.23941585576068
7959766.471 1.53214412730426
8094107.059 1.55171037751694
8228447.647 1.0355042156694
8362788.235 1.64766571617311
8497128.824 1.21939160561505
8631469.412 1.69013609780575
8765810 1.79308809757269
8900150.588 1.79760422938153
9034491.176 1.92117826684376
9168831.765 1.66864371022408
9303172.353 1.09770766720458
9437512.941 1.77636054932166
9571853.529 1.21674744518343
9706194.118 1.33308757040525
9840534.706 1.881832395737
9974875.294 1.59978161843574
10109215.882 1.38643479113154
10243556.471 1.35564897395928
10377897.059 1.25499203205258
10512237.647 1.1899122502438
10646578.235 1.85687769251718
10780918.824 1.32078689052281
10915259.412 1.70684824730852
11049600 1.14968289593243
11049600 1.53382270337504
11403174.51 1.21974528383276
11756749.02 1.4766401314877
12110323.529 1.41725806042953
12463898.039 1.56522869541454
12817472.549 1.41344868357406
13171047.059 1.08620510292357
13524621.569 1.65837964013947
13878196.078 1.29099178379727
14231770.588 1.54462766014765
14585345.098 1.76246051289789
14938919.608 0.942737295135765
15292494.118 0.840265882700275
15646068.627 0.946282551401508
15999643.137 1.44988880934345
16353217.647 1.51379298399793
16706792.157 0.932852442998633
17060366.667 1.85496274281989
17413941.176 1.20469412821286
17767515.686 1.13408818142174
18121090.196 1.31549516051683
18474664.706 1.77618587432359
18828239.216 1.59398116625718
19181813.725 1.17176325702282
19535388.235 1.36319421319918
19888962.745 1.4443357629935
20242537.255 1.69674571185024
20596111.765 1.52628362326069
20949686.275 1.53128762685861
21303260.784 1.52375492749217
21656835.294 1.5057891965191
22010409.804 1.72879132752899
22363984.314 1.46924662887639
22717558.824 1.25491673102316
23071133.333 1.48414172056408
23424707.843 1.39890673559993
23778282.353 1.61200316667234
24131856.863 1.45053198200051
24485431.373 1.56014789367757
24839005.882 1.6826939319922
25192580.392 1.02382370713504
25546154.902 0.953164913542294
25899729.412 1.30563375106224
26253303.922 1.37662903447799
26606878.431 1.67839697352637
26960452.941 1.15571989712908
27314027.451 1.10912364559759
27667601.961 1.66141502121482
28021176.471 1.6253594090851
28374750.98 1.26713048904937
28728325.49 1.14656515976734
29081900 1.29217380990887
29081900 1.1992598295568
30012498.039 1.31034457041694
30943096.078 1.03395540801767
31873694.118 1.32238204987035
32804292.157 1.23041480027727
33734890.196 1.08030909997145
34665488.235 1.98271888908592
35596086.275 1.15300049282804
36526684.314 1.15224538787009
37457282.353 1.12827106503373
38387880.392 1.87773158172239
39318478.431 0.782729510764062
40249076.471 1.21592786229666
41179674.51 0.777145479133443
42110272.549 1.33901207543066
43040870.588 1.19222492279245
43971468.627 0.897802565436716
44902066.667 1.26599224774368
45832664.706 1.49471318244061
46763262.745 1.28160588166685
47693860.784 1.90897127019961
48624458.824 1.97516283333
49555056.863 1.10418897277448
50485654.902 1.35145556983566
51416252.941 1.31362477483885
52346850.98 1.55344049509045
53277449.02 1.50958606698049
54208047.059 1.50026135264843
55138645.098 1.42260780220642
56069243.137 1.53569488148638
56999841.176 1.32357670341736
57930439.216 1.26165188722432
58861037.255 1.07884325951591
59791635.294 1.26748903557135
60722233.333 0.852618331917369
61652831.373 1.20402015561709
62583429.412 1.66152401862076
63514027.451 1.56513268793395
64444625.49 1.7047866111387
65375223.529 1.21880860972752
66305821.569 0.941682502682684
67236419.608 1.45116788991099
68167017.647 0.832309601801921
69097615.686 1.01260341116954
70028213.725 1.34064768056873
70958811.765 1.22678929425093
71889409.804 1.77359742614315
72820007.843 1.14879840457582
73750605.882 1.25490793951792
74681203.922 1.27956963885334
75611801.961 1.02845764379816
76542400 1.15641483320967
76542400 1.73818833841469
78991686.275 1.94092454882218
81440972.549 1.06908444814535
83890258.824 1.36224389303014
86339545.098 1.57428392320429
88788831.373 7.68568738125072
91238117.647 1.92507083472265
93687403.922 1.86289828553811
96136690.196 32.5471173595014
98585976.471 1.50082449126027
101035262.745 2.62298809056542
103484549.02 4.41241659688242
105933835.294 0.577649373698609
108383121.569 0.841605260087121
110832407.843 0.747004614432155
113281694.118 0.847350270704759
115730980.392 1.39919490239648
118180266.667 0.498943611939651
120629552.941 0.821902886297499
123078839.216 0.471750746160845
125528125.49 NaN
127977411.765 0.980271846097241
130426698.039 1.49286574490552
132875984.314 0.978291723509497
135325270.588 2.28138437678879
137774556.863 0.679825884804925
140223843.137 1.18143711856127
142673129.412 0.419902797305139
145122415.686 1.4275706686392
147571701.961 1.61163091917953
150020988.235 NaN
152470274.51 0.998288676018674
154919560.784 1.52199025556758
157368847.059 2.27262809645758
159818133.333 2.27662565325695
162267419.608 NaN
164716705.882 1.19529985076185
167165992.157 2.00272366761468
169615278.431 2.39109487701016
172064564.706 NaN
174513850.98 2.20799271350221
176963137.255 1.51780652267687
179412423.529 1.54330252928686
181861709.804 NaN
184310996.078 1.50705914936327
186760282.353 1.75450019239018
189209568.627 2.29125863759561
191658854.902 1.35570317757573
194108141.176 1.34488461196611
196557427.451 0.308102246711416
199006713.725 NaN
201456000 1.47895841583642
