101 2.10006516502083e-07
104.18 2.23389628035445e-07
107.361 2.03820513108133e-07
110.541 2.12194232334324e-07
113.721 2.35536758351916e-07
116.902 2.79162284902571e-07
120.082 2.42468993840834e-07
123.262 1.90375651206273e-07
126.443 1.69020839996131e-07
129.623 1.91230196168566e-07
132.803 2.26768835207027e-07
135.983 2.10912617110406e-07
139.164 1.95682240117708e-07
142.344 1.73660227119245e-07
145.524 2.24699116277615e-07
148.705 2.45191225822226e-07
151.885 2.36288180622961e-07
155.065 2.05698638791437e-07
158.246 1.9533554243407e-07
161.426 2.03037198594454e-07
164.606 2.18397524623138e-07
167.787 1.93477670847584e-07
170.967 1.66948143195975e-07
174.147 1.7671403578947e-07
177.328 1.8013517950384e-07
180.508 1.63346721553601e-07
183.688 1.62140040951978e-07
186.868 1.79097160398539e-07
190.049 2.31689614869853e-07
193.229 2.54937784452831e-07
196.409 2.37780317459558e-07
199.59 1.73350601950063e-07
202.77 1.49528233706632e-07
205.95 1.64829714364259e-07
209.131 1.71670069877102e-07
212.311 1.66568948914134e-07
215.491 1.72423718288677e-07
218.672 1.884430436129e-07
221.852 1.85629219947054e-07
225.032 1.59926113403569e-07
228.213 1.52039526014428e-07
231.393 1.55170310381826e-07
234.573 1.96733696115638e-07
237.753 1.71010975390214e-07
240.934 1.44159066735484e-07
244.114 1.42129849005467e-07
247.294 1.3769466326169e-07
250.475 1.23286049469179e-07
253.655 1.24725879378417e-07
256.835 1.60088617545564e-07
260.016 1.74837378187046e-07
263.196 1.66804608567983e-07
264.196 1.692164665437e-07
272.598 1.68357473599814e-07
281.001 1.66268006923796e-07
289.403 1.33800863141337e-07
297.806 1.2060196678256e-07
306.208 1.04631390803256e-07
314.611 9.28408538685526e-08
323.013 9.344193793755e-08
331.415 1.08765972507201e-07
339.818 1.16517237997958e-07
348.22 1.31391590986156e-07
356.623 1.67739397637506e-07
365.025 1.7288504286619e-07
373.428 1.69025683872231e-07
381.83 1.34994308237907e-07
390.232 1.15019219288376e-07
398.635 1.04499608948379e-07
407.037 1.09954054800012e-07
415.44 1.07079841502265e-07
423.842 1.135670707565e-07
432.245 1.26839222413566e-07
440.647 1.47466432246356e-07
449.049 1.51261478466161e-07
457.452 1.52149906257947e-07
465.854 1.35101080929164e-07
474.257 1.3944168723876e-07
482.659 1.4737844831785e-07
491.062 1.4931677476098e-07
499.464 1.44399057726274e-07
507.867 1.22650526477648e-07
516.269 1.17209677873892e-07
524.671 1.08190472352883e-07
533.074 9.99943164175549e-08
541.476 1.19398845482371e-07
549.879 1.36857254834977e-07
558.281 1.17004701778347e-07
566.684 9.50683954688419e-08
575.086 8.41718657557724e-08
583.488 7.79168217705741e-08
591.891 7.90184519933922e-08
600.293 9.85718755270907e-08
608.696 1.07839600441546e-07
617.098 1.19393844971975e-07
625.501 1.27376140883276e-07
633.903 1.26458827077876e-07
642.305 1.14235021813999e-07
650.708 1.09727474425613e-07
659.11 1.01569949799334e-07
667.513 8.18689669612108e-08
675.915 8.00540982239498e-08
684.318 8.99924046789047e-08
692.72 9.5860977814706e-08
693.72 1.10750120958108e-07
715.867 1.02417580139114e-07
738.014 1.11666496898271e-07
760.161 1.06988212691347e-07
782.307 8.74777080087516e-08
804.454 1.21678422661874e-07
826.601 1.01278829585086e-07
848.748 8.02752663428119e-08
870.895 6.86513217749983e-08
893.042 8.57911867337825e-08
915.189 7.64555496886832e-08
937.335 7.66052787087297e-08
959.482 6.8940464729549e-08
981.629 7.17663819551339e-08
1003.776 6.54071854725081e-08
1025.923 6.51428737613306e-08
1048.07 8.57939660218158e-08
1070.217 8.10589977883953e-08
1092.364 6.66266673926217e-08
1114.51 9.32517822916793e-08
1136.657 1.10290222028385e-07
1158.804 8.20267796661401e-08
1180.951 6.49063875880387e-08
1203.098 6.95500542297049e-08
1225.245 7.41216487373896e-08
1247.392 9.56021264887231e-08
1269.538 7.50673831426941e-08
1291.685 5.99394426076472e-08
1313.832 7.91604402637694e-08
1335.979 7.26955962737197e-08
1358.126 9.50328821430398e-08
1380.273 1.02964950035655e-07
1402.42 8.5505449184851e-08
1424.566 8.54483468282062e-08
1446.713 7.78086797743309e-08
1468.86 6.10004443264131e-08
1491.007 6.6398686439124e-08
1513.154 9.21873372774492e-08
1535.301 6.83434737187135e-08
1557.448 6.72361398690787e-08
1579.595 6.79794468134298e-08
1601.741 7.90326743804927e-08
1623.888 6.91238731490636e-08
1646.035 6.77188966817161e-08
1668.182 8.72752327016698e-08
1690.329 7.13419635618609e-08
1712.476 6.44675946123046e-08
1734.623 5.95429571689362e-08
1756.769 4.43155607006221e-08
1778.916 5.69949787098983e-08
1801.063 6.74568282294155e-08
1823.21 6.11294716509595e-08
1824.21 7.68019868960318e-08
1882.531 6.52411827549369e-08
1940.853 6.08080204408632e-08
1999.174 5.8658431259771e-08
2057.495 4.6986349597246e-08
2115.817 6.03531725907969e-08
2174.138 6.61478912085438e-08
2232.46 7.00478245872222e-08
2290.781 4.67241845118774e-08
2349.102 5.88254923798225e-08
2407.424 7.13378985494038e-08
2465.745 8.3625887994025e-08
2524.066 6.36457392903332e-08
2582.388 5.41842311784607e-08
2640.709 4.18536421779125e-08
2699.031 4.3181556009555e-08
2757.352 4.56889592902673e-08
2815.673 4.52816352889705e-08
2873.995 5.01388903742344e-08
2932.316 6.33953935008824e-08
2990.637 6.8652627932957e-08
3048.959 5.35698422877344e-08
3107.28 5.57447369590495e-08
3165.602 5.65108386356033e-08
3223.923 5.16346784556253e-08
3282.244 3.93236051650816e-08
3340.566 6.07014970329975e-08
3398.887 6.46677857970055e-08
3457.208 5.37592053496639e-08
3515.53 4.28165316326279e-08
3573.851 3.98330039531871e-08
3632.173 4.83013308185769e-08
3690.494 5.13494797921221e-08
3748.815 5.42908621226099e-08
3807.137 4.09514507355137e-08
3865.458 3.74733146248948e-08
3923.779 3.5809834837643e-08
3982.101 3.4383963789218e-08
4040.422 6.26308856988934e-08
4098.744 6.48254023395105e-08
4157.065 5.68540815042605e-08
4215.386 4.91125214699816e-08
4273.708 4.25287879858811e-08
4332.029 4.6857932259239e-08
4390.35 4.52581918461895e-08
4448.672 4.24273590854634e-08
4506.993 4.91258224841449e-08
4565.315 5.25907268192788e-08
4623.636 5.50104959206431e-08
4681.957 4.22995974459846e-08
4740.279 3.75080184073233e-08
4798.6 5.79547384656882e-08
4799.6 5.39516701391231e-08
4953.131 3.77466149690573e-08
5106.663 3.54357504348582e-08
5260.194 3.30954059591914e-08
5413.725 3.39342416843689e-08
5567.257 3.96035024157794e-08
5720.788 4.42088953623642e-08
5874.32 4.324379285391e-08
6027.851 4.41938957625803e-08
6181.382 4.33712690020211e-08
6334.914 3.80990763693673e-08
6488.445 3.35749339506583e-08
6641.976 3.71468660455057e-08
6795.508 4.47125576617557e-08
6949.039 4.33631183121497e-08
7102.571 3.10636092557259e-08
7256.102 2.64310145426603e-08
7409.633 3.49898284375109e-08
7563.165 3.44673433454402e-08
7716.696 2.91035552427464e-08
7870.227 3.75350989896254e-08
8023.759 4.46886412027348e-08
8177.29 3.96613908788261e-08
8330.822 3.33304159934728e-08
8484.353 3.48460902250412e-08
8637.884 3.91043858596204e-08
8791.416 3.18285612480315e-08
8944.947 1.91581454230018e-08
9098.478 2.81917201748969e-08
9252.01 3.18572374980107e-08
9405.541 2.88105640232619e-08
9559.073 3.15277661488969e-08
9712.604 3.45944646865515e-08
9866.135 3.63670113378643e-08
10019.667 3.6126452204493e-08
10173.198 3.07392874400668e-08
10326.729 2.27411484238918e-08
10480.261 2.23807237365225e-08
10633.792 2.73917230825344e-08
10787.324 3.25106420454414e-08
10940.855 3.17286758870471e-08
11094.386 2.72531767236739e-08
11247.918 2.88651441643622e-08
11401.449 2.9899744131631e-08
11554.98 3.28799319477301e-08
11708.512 2.58395712074988e-08
11862.043 2.44224478459568e-08
12015.575 2.38862294400164e-08
12169.106 2.7735806541077e-08
12322.637 3.43156097443334e-08
12476.169 3.3819768258658e-08
12629.7 2.27896690550804e-08
12630.7 2.02700785336469e-08
13034.822 2.41084037995331e-08
13438.943 2.81722888376545e-08
13843.065 2.52094034478264e-08
14247.186 2.6569136302598e-08
14651.308 2.59737000795318e-08
15055.429 2.52279037270099e-08
15459.551 3.04734339926892e-08
15863.673 3.1306018391452e-08
16267.794 2.75285699232454e-08
16671.916 2.29341262200972e-08
17076.037 2.34200713483681e-08
17480.159 2.52646174122472e-08
17884.28 2.6421990495579e-08
18288.402 2.62882942285763e-08
18692.524 2.19778626232629e-08
19096.645 2.29662735710837e-08
19500.767 2.72732028091732e-08
19904.888 2.70222837685547e-08
20309.01 2.3450038263711e-08
20713.131 2.4828507883102e-08
21117.253 2.54575017870441e-08
21521.375 2.36674503384086e-08
21925.496 2.07306270589616e-08
22329.618 2.2163985906541e-08
22733.739 2.00263099180849e-08
23137.861 1.79040765347929e-08
23541.982 1.93739118375645e-08
23946.104 2.35836331729457e-08
24350.225 2.50060232275631e-08
24754.347 2.39192426569013e-08
25158.469 1.97263968826104e-08
25562.59 2.04299275310491e-08
25966.712 1.95356306617041e-08
26370.833 1.61023706792815e-08
26774.955 1.12352574591901e-08
27179.076 1.36768369618874e-08
27583.198 1.79804460201855e-08
27987.32 1.79617589734632e-08
28391.441 1.49284189283259e-08
28795.563 1.85273984813615e-08
29199.684 2.43076262795255e-08
29603.806 2.67814882599056e-08
30007.927 2.13832717187353e-08
30412.049 1.8671087220945e-08
30816.171 2.02128032332015e-08
31220.292 2.0156180190633e-08
31624.414 1.72707770512752e-08
32028.535 1.37484031490897e-08
32432.657 1.24778279790859e-08
32836.778 1.75421903107517e-08
33240.9 1.88353264332413e-08
33241.9 1.77623743281057e-08
34305.559 1.79966271124413e-08
35369.218 1.75184998752274e-08
36432.876 1.91744441993854e-08
37496.535 1.87334555746662e-08
38560.194 1.77999147128149e-08
39623.853 1.24871372474373e-08
40687.512 1.17713734233715e-08
41751.171 1.41024721645583e-08
42814.829 1.9043343166152e-08
43878.488 1.94925395291056e-08
44942.147 1.80285492911188e-08
46005.806 1.60166047616972e-08
47069.465 1.40533496147253e-08
48133.124 1.26595709531496e-08
49196.782 1.47355431074923e-08
50260.441 1.75490629528351e-08
51324.1 1.77763435941362e-08
52387.759 1.81434086571549e-08
53451.418 1.73908441806436e-08
54515.076 1.22232011757887e-08
55578.735 1.16044658427823e-08
56642.394 1.67731248697037e-08
57706.053 1.74769000130223e-08
58769.712 1.67912284836254e-08
59833.371 1.35727383160538e-08
60897.029 1.24038269697143e-08
61960.688 1.1858558714911e-08
63024.347 1.10866544274429e-08
64088.006 9.96987409960556e-09
65151.665 1.1440710413095e-08
66215.324 1.35703994855519e-08
67278.982 1.47284070977679e-08
68342.641 1.58321904117941e-08
69406.3 1.54534166606855e-08
70469.959 1.48713486908279e-08
71533.618 1.1758942532904e-08
72597.276 1.00699724726127e-08
73660.935 9.61500109359654e-09
74724.594 1.29952412056224e-08
75788.253 1.40834872918054e-08
76851.912 1.48946132604185e-08
77915.571 1.46566801727825e-08
78979.229 1.48986839903231e-08
80042.888 1.33180742845248e-08
81106.547 1.12603118776332e-08
82170.206 1.04451586339158e-08
83233.865 1.14835530780235e-08
84297.524 1.21161382016416e-08
85361.182 1.32197030860456e-08
86424.841 1.3399371785841e-08
87488.5 1.34120371921345e-08
87489.5 1.26686608414449e-08
90289.039 1.24218192885845e-08
93088.578 1.07321530005923e-08
95888.118 9.37796076141811e-09
98687.657 9.87785325592618e-09
101487.196 1.08333403782927e-08
104286.735 1.21165942225843e-08
107086.275 1.25604036116161e-08
109885.814 1.05800144379232e-08
112685.353 9.5260461810133e-09
115484.892 1.02236912388224e-08
118284.431 9.43782728140121e-09
121083.971 8.95967362020044e-09
123883.51 8.4886689851567e-09
126683.049 8.93511434259129e-09
129482.588 9.47441150881387e-09
132282.127 1.05576048454553e-08
135081.667 1.25977180790148e-08
137881.206 1.22936545625788e-08
140680.745 1.04125039349757e-08
143480.284 9.36411352749032e-09
146279.824 9.32762615779094e-09
149079.363 9.34294297821359e-09
151878.902 8.90134420471349e-09
154678.441 8.32714722244568e-09
157477.98 8.69086208495767e-09
160277.52 8.45880253765559e-09
163077.059 7.84552695515711e-09
165876.598 8.77865101918946e-09
168676.137 8.55669578529386e-09
171475.676 8.2462701376846e-09
174275.216 6.77302209345053e-09
177074.755 6.62472080044407e-09
179874.294 7.27777167702373e-09
182673.833 8.24873656071887e-09
185473.373 8.22034403482119e-09
188272.912 6.92677353149404e-09
191072.451 6.45968799027181e-09
193871.99 6.67312190150977e-09
196671.529 7.43424079899612e-09
199471.069 7.48510333725163e-09
202270.608 8.90328623046915e-09
205070.147 9.1558469349699e-09
207869.686 8.90285274761743e-09
210669.225 8.50300053357123e-09
213468.765 7.97693333064776e-09
216268.304 8.22147147047544e-09
219067.843 8.64521922411308e-09
221867.382 7.69420503450402e-09
224666.922 7.00180987669407e-09
227466.461 7.14710980584742e-09
230266 7.47009791377631e-09
230267 6.47699506106416e-09
237635.294 6.07080787478045e-09
245003.588 6.82081235953952e-09
252371.882 7.20488388953475e-09
259740.176 7.51680411489612e-09
267108.471 7.81182221674884e-09
274476.765 5.55712331798106e-09
281845.059 5.48370903021445e-09
289213.353 5.23620358014198e-09
296581.647 6.86152850583668e-09
303949.941 5.78037218999671e-09
311318.235 4.99838224274356e-09
318686.529 6.46680798722223e-09
326054.824 6.22580941912065e-09
333423.118 6.48628175388913e-09
340791.412 5.57727279116879e-09
348159.706 5.77490354354839e-09
355528 6.13533241548183e-09
362896.294 6.2021006179329e-09
370264.588 6.61178216108416e-09
377632.882 5.08567679936672e-09
385001.176 7.21985761486769e-09
392369.471 5.83702442168337e-09
399737.765 5.8392466943755e-09
407106.059 6.43885593153233e-09
414474.353 4.89076660642377e-09
421842.647 5.02340032874383e-09
429210.941 4.16264925008744e-09
436579.235 4.25995846733041e-09
443947.529 5.04047056651546e-09
451315.824 5.01328348853708e-09
458684.118 5.32281574721553e-09
466052.412 6.16944895494395e-09
473420.706 6.13874958097929e-09
480789 6.16315009170345e-09
488157.294 4.66710794725346e-09
495525.588 5.39632220003336e-09
502893.882 4.01288658820169e-09
510262.176 3.49627616554244e-09
517630.471 6.34191232411594e-09
524998.765 4.44490060578651e-09
532367.059 4.73493711502284e-09
539735.353 5.26355128457515e-09
547103.647 5.97798468775152e-09
554471.941 4.94645531309676e-09
561840.235 5.05264784276003e-09
569208.529 4.65898955876927e-09
576576.824 4.38662624588219e-09
583945.118 5.28143048164125e-09
591313.412 5.80178125385724e-09
598681.706 4.38480488261023e-09
606050 4.52009233343708e-09
606051 3.89064170518191e-09
625444.118 4.8873864679378e-09
644837.235 4.06219659907111e-09
664230.353 4.98083148241008e-09
683623.471 5.01303587489186e-09
703016.588 5.1796300211703e-09
722409.706 3.470436364562e-09
741802.824 3.53079828501717e-09
761195.941 3.68648061081568e-09
780589.059 3.81506390449194e-09
799982.176 3.87009794707538e-09
819375.294 3.75150084063739e-09
838768.412 3.86827663524446e-09
858161.529 4.12608436331573e-09
877554.647 3.74840644065253e-09
896947.765 4.85728257786438e-09
916340.882 3.46943236089258e-09
935734 3.78049899908063e-09
955127.118 4.54578853016689e-09
974520.235 4.26835198877595e-09
993913.353 3.47451054312776e-09
1013306.471 3.47696772867877e-09
1032699.588 3.4000579694614e-09
1052092.706 4.88455823650851e-09
1071485.824 3.25629949268613e-09
1090878.941 3.45368327098854e-09
1110272.059 4.70228064317163e-09
1129665.176 3.03451200066312e-09
1149058.294 3.36796678642258e-09
1168451.412 3.0780828760545e-09
1187844.529 2.8555348237582e-09
1207237.647 3.77317464123866e-09
1226630.765 3.88401530799961e-09
1246023.882 3.93750999780191e-09
1265417 3.97730813349579e-09
1284810.118 3.12225379050987e-09
1304203.235 4.06705996008417e-09
1323596.353 3.0171715107034e-09
1342989.471 2.86594232333266e-09
1362382.588 3.42024267685428e-09
1381775.706 2.86721027779752e-09
1401168.824 2.87955411878872e-09
1420561.941 2.51762055880703e-09
1439955.059 4.09075969870983e-09
1459348.176 2.12647630465132e-09
1478741.294 3.32438187786597e-09
1498134.412 3.15231106150562e-09
1517527.529 4.30012546325743e-09
1536920.647 4.34468747081659e-09
1556313.765 3.07366938226349e-09
1575706.882 3.46676735176709e-09
1595100 2.48492146861751e-09
1595100 3.22328880793412e-09
1646141.765 3.03251291896605e-09
1697183.529 2.9303815720209e-09
1748225.294 3.32800529261307e-09
1799267.059 2.88412889896343e-09
1850308.824 2.94013856948673e-09
1901350.588 2.72398027577311e-09
1952392.353 2.49939050378297e-09
2003434.118 3.66535359781029e-09
2054475.882 3.97403625730544e-09
2105517.647 3.43709626883219e-09
2156559.412 2.29764536712012e-09
2207601.176 3.12422458146033e-09
2258642.941 3.24634545375699e-09
2309684.706 2.46796655277044e-09
2360726.471 3.2838838917087e-09
2411768.235 2.09257934123918e-09
2462810 2.46954718721452e-09
2513851.765 3.0259513006562e-09
2564893.529 1.91887716333153e-09
2615935.294 2.08336564676052e-09
2666977.059 2.93487105841765e-09
2718018.824 3.57446224094174e-09
2769060.588 2.80878666340081e-09
2820102.353 2.6984945401213e-09
2871144.118 2.52080608919128e-09
2922185.882 3.30792817065786e-09
2973227.647 2.06750930092569e-09
3024269.412 2.37642819332251e-09
3075311.176 2.28457340880264e-09
3126352.941 2.61150588765843e-09
3177394.706 2.07670452212988e-09
3228436.471 2.55539227717387e-09
3279478.235 2.85238262887175e-09
3330520 2.43224934160592e-09
3381561.765 2.13019412378548e-09
3432603.529 2.43424597199933e-09
3483645.294 3.15552682998649e-09
3534687.059 2.4695457579471e-09
3585728.824 2.19431933738237e-09
3636770.588 2.6729158752717e-09
3687812.353 2.37265587736459e-09
3738854.118 2.8041540444375e-09
3789895.882 1.9479627597576e-09
3840937.647 2.10526603998101e-09
3891979.412 3.00102570630014e-09
3943021.176 2.46196269540908e-09
3994062.941 2.48260003885022e-09
4045104.706 1.98611814581432e-09
4096146.471 2.42737350036707e-09
4147188.235 2.17444834845499e-09
4198230 1.68991346124195e-09
4198230 1.98445604471515e-09
4332570.588 2.06735863930022e-09
4466911.176 2.60052801624961e-09
4601251.765 1.74752778204675e-09
4735592.353 1.5958570307739e-09
4869932.941 1.71763881459101e-09
5004273.529 1.58351199179873e-09
5138614.118 2.73594631575094e-09
5272954.706 2.04963061360378e-09
5407295.294 2.44471051546987e-09
5541635.882 2.19036968570966e-09
5675976.471 2.01076467151303e-09
5810317.059 2.65565312849048e-09
5944657.647 2.21228184202274e-09
6078998.235 2.42656687615622e-09
6213338.824 1.84488781257682e-09
6347679.412 2.52301169865512e-09
6482020 1.92938210141719e-09
6616360.588 1.45051539199859e-09
6750701.176 1.85886103369254e-09
6885041.765 2.13599655795131e-09
7019382.353 2.20746384119051e-09
7153722.941 2.49572917590723e-09
7288063.529 1.67173164598866e-09
7422404.118 2.63955937666197e-09
7556744.706 1.73785725003388e-09
7691085.294 1.9392093348572e-09
7825425.882 2.09806345869374e-09
7959766.471 1.78668281053854e-09
8094107.059 2.14239256526878e-09
8228447.647 1.58998839316473e-09
8362788.235 1.7230945925628e-09
8497128.824 2.3618452549238e-09
8631469.412 2.0727676573519e-09
8765810 1.6238322286163e-09
8900150.588 2.28486779276165e-09
9034491.176 2.39706499074154e-09
9168831.765 1.85448799854003e-09
9303172.353 2.40356595600662e-09
9437512.941 1.29102092756975e-09
9571853.529 1.31517122770997e-09
9706194.118 1.76374609410341e-09
9840534.706 1.6827569375613e-09
9974875.294 1.48285172173336e-09
10109215.882 1.86702340321577e-09
10243556.471 1.61824060218598e-09
10377897.059 1.72606661916298e-09
10512237.647 1.47154699336841e-09
10646578.235 2.18018552837555e-09
10780918.824 1.93453880059479e-09
10915259.412 2.3170366921775e-09
11049600 1.54222347883665e-09
11049600 1.73817365724247e-09
11403174.51 1.64446225425502e-09
11756749.02 1.76425794963695e-09
12110323.529 1.77740191528929e-09
12463898.039 1.85128022458265e-09
12817472.549 2.37956204813533e-09
13171047.059 1.4799396336357e-09
13524621.569 2.00002692813394e-09
13878196.078 1.59673082990242e-09
14231770.588 1.19412708534246e-09
14585345.098 1.40993213342662e-09
14938919.608 1.77845964314701e-09
15292494.118 1.92792907929435e-09
15646068.627 1.40370914759269e-09
15999643.137 1.97613610063177e-09
16353217.647 1.49319099184118e-09
16706792.157 1.8739753389214e-09
17060366.667 1.60498918063875e-09
17413941.176 1.88937046245814e-09
17767515.686 1.64073703979642e-09
18121090.196 1.8489515466904e-09
18474664.706 1.63212717547533e-09
18828239.216 1.46831118397999e-09
19181813.725 1.84458159183372e-09
19535388.235 1.41010355832428e-09
19888962.745 1.50598290844471e-09
20242537.255 1.61363838002589e-09
20596111.765 1.63568177797447e-09
20949686.275 1.53391194388105e-09
21303260.784 1.74674723956719e-09
21656835.294 2.05182202183792e-09
22010409.804 1.43038961384073e-09
22363984.314 1.73334355488094e-09
22717558.824 1.45539303323288e-09
23071133.333 1.70683400163958e-09
23424707.843 1.88213559488216e-09
23778282.353 1.46429036042363e-09
24131856.863 1.92366934889453e-09
24485431.373 1.68742619631113e-09
24839005.882 1.52092341394204e-09
25192580.392 2.1564340213329e-09
25546154.902 1.45851936262543e-09
25899729.412 1.24872583220503e-09
26253303.922 1.03270124142101e-09
26606878.431 2.15862909529163e-09
26960452.941 1.62421666298289e-09
27314027.451 1.60854444807357e-09
27667601.961 1.46765617439006e-09
28021176.471 1.47682017919252e-09
28374750.98 1.63671227982684e-09
28728325.49 1.27128945384179e-09
29081900 1.74393923633839e-09
29081900 1.60734258998871e-09
30012498.039 9.66218659060273e-10
30943096.078 1.74835005732359e-09
31873694.118 1.38290929917463e-09
32804292.157 1.69652422441842e-09
33734890.196 1.73618456282607e-09
34665488.235 1.60562558802842e-09
35596086.275 1.61688864756106e-09
36526684.314 1.52007946221317e-09
37457282.353 8.98657403837145e-10
38387880.392 1.6421112637147e-09
39318478.431 1.64358439591055e-09
40249076.471 1.47085702346307e-09
41179674.51 1.33374264267532e-09
42110272.549 1.3726816638528e-09
43040870.588 1.29223153646814e-09
43971468.627 1.62579628523994e-09
44902066.667 1.42586451042398e-09
45832664.706 1.23206151858056e-09
46763262.745 1.54304182416403e-09
47693860.784 1.79990340925473e-09
48624458.824 1.93585582124235e-09
49555056.863 1.45880767302211e-09
50485654.902 1.62519088806862e-09
51416252.941 2.01987367389448e-09
52346850.98 1.53879124228219e-09
53277449.02 1.80988201800107e-09
54208047.059 1.75037950836599e-09
55138645.098 1.6074134186635e-09
56069243.137 1.59338977598989e-09
56999841.176 1.45177648101781e-09
57930439.216 1.89932232587857e-09
58861037.255 2.02888875272487e-09
59791635.294 1.78045281246736e-09
60722233.333 1.77056014129046e-09
61652831.373 1.5584756315361e-09
62583429.412 1.27736456174041e-09
63514027.451 1.78137144135991e-09
64444625.49 1.21682495915532e-09
65375223.529 1.8682269050024e-09
66305821.569 1.86554101609014e-09
67236419.608 1.98120413188942e-09
68167017.647 1.22242072645994e-09
69097615.686 2.35532345848786e-09
70028213.725 1.96828420088456e-09
70958811.765 1.54664751245725e-09
71889409.804 1.57278678796904e-09
72820007.843 1.73348367302752e-09
73750605.882 1.79720869948774e-09
74681203.922 1.8356962888484e-09
75611801.961 1.24019022116658e-09
76542400 1.45798229700144e-09
76542400 1.67632987475607e-09
78991686.275 1.81507106650058e-09
81440972.549 1.31292675024766e-09
83890258.824 1.70115683412899e-09
86339545.098 1.37734700381338e-09
88788831.373 1.97199623117916e-09
91238117.647 1.33714115697676e-09
93687403.922 1.50988056287186e-09
96136690.196 6.16721669338553e-09
98585976.471 1.99818278555708e-09
101035262.745 1.45496670913706e-09
103484549.02 1.68267809242972e-09
105933835.294 1.56893112745816e-09
108383121.569 1.47521891110976e-09
110832407.843 1.92907567947139e-09
113281694.118 1.00573032329575e-09
115730980.392 1.01412821922141e-09
118180266.667 1.47182885038343e-09
120629552.941 1.6294764539218e-09
123078839.216 1.04096041173864e-09
125528125.49 1.21212617154583e-09
127977411.765 1.37383207786385e-09
130426698.039 1.49366616026418e-09
132875984.314 1.55444310018579e-09
135325270.588 1.86786080305048e-09
137774556.863 2.02961149470629e-09
140223843.137 1.55800613963933e-09
142673129.412 1.6726954775916e-09
145122415.686 2.12858977309182e-09
147571701.961 1.48851584736266e-09
150020988.235 1.78302011868456e-09
152470274.51 1.62472243033111e-09
154919560.784 1.45814961371788e-09
157368847.059 1.92802306000448e-09
159818133.333 2.31316132346494e-09
162267419.608 2.42290747154858e-09
164716705.882 1.56549395744129e-09
167165992.157 1.62120112204558e-09
169615278.431 1.6765109550715e-09
172064564.706 5.43027485148696e-10
174513850.98 1.44246270712179e-09
176963137.255 1.71885423725276e-09
179412423.529 3.20344528013006e-09
181861709.804 2.25965454320079e-09
184310996.078 1.44549401811428e-09
186760282.353 1.45242193368863e-09
189209568.627 1.55382953379014e-09
191658854.902 3.47465764395247e-09
194108141.176 3.50024964511994e-09
196557427.451 3.50683247954435e-09
199006713.725 3.52471916761105e-09
201456000 2.27812253658999e-09
