vd	id_vg = 0V	ig_vg = 0V	is_vg = 0V	iavdd_vg = 0V	ignd_vg = 0V	id_vg = 0.15V	ig_vg = 0.15V	is_vg = 0.15V	iavdd_vg = 0.15V	ignd_vg = 0.15V	id_vg = 0.3V	ig_vg = 0.3V	is_vg = 0.3V	iavdd_vg = 0.3V	ignd_vg = 0.3V	id_vg = 0.45V	ig_vg = 0.45V	is_vg = 0.45V	iavdd_vg = 0.45V	ignd_vg = 0.45V	id_vg = 0.6V	ig_vg = 0.6V	is_vg = 0.6V	iavdd_vg = 0.6V	ignd_vg = 0.6V	id_vg = 0.75V	ig_vg = 0.75V	is_vg = 0.75V	iavdd_vg = 0.75V	ignd_vg = 0.75V	id_vg = 0.9V	ig_vg = 0.9V	is_vg = 0.9V	iavdd_vg = 0.9V	ignd_vg = 0.9V
0	1.1404e-09	-2.637e-11	-1.7814e-09	3.2082e-07	-3.1828e-07	1.1086e-07	-8.598e-11	-1.09266e-07	3.1964e-07	-3.1918e-07	-1.5213e-06	5.971e-11	1.7524e-06	3.204e-07	-3.1926e-07	-1.17251e-05	1.4634e-10	1.16e-05	3.205e-07	-3.1976e-07	2.1056e-05	9.5658e-10	1.927e-05	3.2018e-07	-3.2074e-07	3.1466e-05	2.9651e-09	2.3104e-05	3.2072e-07	-3.204e-07	3.557e-05	1.0969e-08	2.5276e-05	3.207e-07	-3.217e-07
0.005	2.26724e-08	1.87e-11	-2.37092e-08	3.193e-07	-3.1954e-07	1.0706e-06	6.89e-11	-1.2502e-06	3.2058e-07	-3.2076e-07	3.5652e-05	1.4509e-10	-3.5012e-05	3.2026e-07	-3.1988e-07	9.1254e-05	2.713e-10	-0.00023984	3.2026e-07	-3.195e-07	9.6316e-05	9.0422e-10	-0.000444	3.206e-07	-3.1862e-07	7.7532e-05	2.8409e-09	-0.00055398	3.2056e-07	-3.1946e-07	9.1852e-05	1.06628e-08	-0.00060422	3.218e-07	-3.1956e-07
0.01	4.24916e-08	-9.568e-11	-4.2747e-08	3.2036e-07	-3.182e-07	2.2362e-06	8.077e-11	-2.2405e-06	3.2054e-07	-3.1926e-07	6.7986e-05	4.194e-11	-6.9466e-05	3.2082e-07	-3.1828e-07	0.00048336	1.2645e-10	-0.00048392	3.1984e-07	-3.192e-07	0.00090816	8.8591e-10	-0.00091098	3.1976e-07	-3.2122e-07	0.0011308	2.7644e-09	-0.0011299	3.2144e-07	-3.1926e-07	0.0012432	1.03696e-08	-0.0012426	3.2102e-07	-3.1936e-07
0.015	5.91252e-08	-1.0667e-10	-5.97798e-08	3.2082e-07	-3.1934e-07	3.1443e-06	-2.954e-11	-3.1482e-06	3.2078e-07	-3.1812e-07	9.9764e-05	-5.546e-11	-0.00010102	3.1966e-07	-3.1884e-07	0.00072166	2.4201e-10	-0.00072208	3.1894e-07	-3.2074e-07	0.0013726	8.5245e-10	-0.0013746	3.2066e-07	-3.1874e-07	0.0017166	2.5705e-09	-0.0017146	3.2074e-07	-3.202e-07	0.0018908	9.9252e-09	-0.0018894	3.2078e-07	-3.1968e-07
0.02	7.47542e-08	6.617e-11	-7.53522e-08	3.1948e-07	-3.2078e-07	3.9558e-06	-1.0237e-10	-3.974e-06	3.2e-07	-3.1858e-07	0.00012952	1.4717e-10	-0.00012962	3.2054e-07	-3.184e-07	0.00094724	3.2113e-10	-0.00094736	3.1992e-07	-3.2036e-07	0.0018258	7.2925e-10	-0.001826	3.1942e-07	-3.2034e-07	0.0022874	2.5979e-09	-0.002286	3.2146e-07	-3.1896e-07	0.0025222	9.696e-09	-0.0025234	3.2056e-07	-3.1992e-07
0.025	8.97318e-08	5.448e-11	-8.9722e-08	3.1908e-07	-3.2026e-07	4.699e-06	-4.221e-11	-4.7088e-06	3.1902e-07	-3.1992e-07	0.00015636	-5.732e-11	-0.0001564	3.2014e-07	-3.1884e-07	0.0011688	2.4701e-10	-0.0011692	3.2054e-07	-3.2086e-07	0.002278	8.3961e-10	-0.0022774	3.1972e-07	-3.2114e-07	0.002865	2.4487e-09	-0.002865	3.2042e-07	-3.1958e-07	0.0031654	9.3958e-09	-0.0031648	3.2018e-07	-3.2018e-07
0.03	1.026346e-07	-6.601e-11	-1.02656e-07	3.2016e-07	-3.1838e-07	5.3879e-06	5.292e-11	-5.4027e-06	3.1912e-07	-3.2096e-07	0.00018082	2.337e-11	-0.00018094	3.1894e-07	-3.203e-07	0.0013772	2.79e-10	-0.0013774	3.2058e-07	-3.1936e-07	0.0027162	8.2697e-10	-0.0027172	3.2078e-07	-3.1956e-07	0.0034304	2.4953e-09	-0.003431	3.195e-07	-3.2114e-07	0.0037946	9.2565e-09	-0.003795	3.197e-07	-3.2184e-07
0.035	1.140942e-07	-1.2312e-10	-1.14821e-07	3.2066e-07	-3.183e-07	6.0096e-06	1.0819e-10	-6.0267e-06	3.1978e-07	-3.2036e-07	0.00020322	1.3557e-10	-0.00020332	3.196e-07	-3.2046e-07	0.0015822	1.7909e-10	-0.0015818	3.208e-07	-3.1832e-07	0.0031562	6.7123e-10	-0.003156	3.2088e-07	-3.1844e-07	0.0040046	2.5293e-09	-0.004003	3.2014e-07	-3.2122e-07	0.0044354	9.0947e-09	-0.004432	3.209e-07	-3.2088e-07
0.04	1.261e-07	5.589e-11	-1.261e-07	3.2066e-07	-3.1912e-07	6.5914e-06	5.888e-11	-6.6021e-06	3.205e-07	-3.1904e-07	0.00022486	1.0766e-10	-0.00022526	3.2064e-07	-3.1918e-07	0.0017734	9.717e-11	-0.001777	3.1966e-07	-3.1908e-07	0.003583	6.2356e-10	-0.0035842	3.1976e-07	-3.1956e-07	0.0045612	2.4415e-09	-0.004561	3.2114e-07	-3.1976e-07	0.00506	8.7914e-09	-0.0050604	3.2162e-07	-3.1956e-07
0.045	1.3588e-07	-1.79e-11	-1.3658e-07	3.2088e-07	-3.1842e-07	7.1463e-06	-5.881e-11	-7.1565e-06	3.2088e-07	-3.1842e-07	0.00024504	-4.62e-11	-0.00024492	3.2038e-07	-3.1842e-07	0.0019622	1.7016e-10	-0.0019632	3.189e-07	-3.2026e-07	0.004006	7.3631e-10	-0.0040036	3.1918e-07	-3.2094e-07	0.0051166	2.2483e-09	-0.0051192	3.2108e-07	-3.1878e-07	0.0056852	8.4453e-09	-0.0056868	3.2108e-07	-3.191e-07
0.05	1.4558e-07	-1.1295e-10	-1.4692e-07	3.2038e-07	-3.1834e-07	7.671e-06	-1.0085e-10	-7.6816e-06	3.2032e-07	-3.186e-07	0.00026382	-3.807e-11	-0.0002644	3.1936e-07	-3.1962e-07	0.002142	2.9439e-10	-0.002144	3.1976e-07	-3.204e-07	0.0044236	7.8862e-10	-0.0044246	3.204e-07	-3.2028e-07	0.0056766	2.1828e-09	-0.0056774	3.1974e-07	-3.1996e-07	0.0063184	8.2829e-09	-0.0063172	3.2002e-07	-3.2096e-07
0.055	1.5598e-07	-1.1761e-10	-1.5664e-07	3.1978e-07	-3.1926e-07	8.1631e-06	-5.358e-11	-8.1837e-06	3.1912e-07	-3.1968e-07	0.00028142	7.18e-11	-0.00028206	3.1898e-07	-3.2074e-07	0.0023134	2.3696e-10	-0.0023136	3.208e-07	-3.1882e-07	0.0048312	6.7512e-10	-0.0048312	3.2088e-07	-3.1876e-07	0.006226	2.2551e-09	-0.0062262	3.1966e-07	-3.213e-07	0.0069368	8.1904e-09	-0.0069384	3.2024e-07	-3.2156e-07
0.06	1.6524e-07	-3.922e-11	-1.6656e-07	3.1928e-07	-3.1996e-07	8.6538e-06	2.562e-11	-8.6601e-06	3.1904e-07	-3.2058e-07	0.00029854	1.3342e-10	-0.00029902	3.202e-07	-3.1956e-07	0.0024822	8.939e-11	-0.0024818	3.2032e-07	-3.1836e-07	0.0052372	5.546e-10	-0.0052392	3.2026e-07	-3.1924e-07	0.0067772	2.2708e-09	-0.0067784	3.2056e-07	-3.2064e-07	0.0075658	8.0147e-09	-0.0075658	3.2092e-07	-3.2092e-07
0.065	1.7552e-07	-6.55e-12	-1.7548e-07	3.1916e-07	-3.2082e-07	9.0954e-06	9.615e-11	-9.1123e-06	3.1934e-07	-3.2092e-07	0.00031472	-2.051e-11	-0.00031524	3.2066e-07	-3.1812e-07	0.0026374	1.2206e-10	-0.00264	3.191e-07	-3.198e-07	0.0056298	6.4892e-10	-0.0056298	3.1926e-07	-3.2102e-07	0.0073178	2.1658e-09	-0.0073184	3.2128e-07	-3.1932e-07	0.0081814	7.7442e-09	-0.0081836	3.2134e-07	-3.1924e-07
0.07	1.8482e-07	6.197e-11	-1.8534e-07	3.1958e-07	-3.2106e-07	9.5568e-06	1.0762e-10	-9.564e-06	3.2002e-07	-3.2026e-07	0.00033064	-5.85e-11	-0.00033102	3.1964e-07	-3.1904e-07	0.002789	2.4883e-10	-0.0027924	3.194e-07	-3.2098e-07	0.006021	7.3261e-10	-0.0060232	3.199e-07	-3.2076e-07	0.0078618	1.969e-09	-0.0078618	3.205e-07	-3.1926e-07	0.0088074	7.4212e-09	-0.0088038	3.2084e-07	-3.1938e-07
0.075	1.9326e-07	8.257e-11	-1.9314e-07	3.2022e-07	-3.2012e-07	9.9797e-06	4.515e-11	-9.9897e-06	3.206e-07	-3.1902e-07	0.00034562	6.592e-11	-0.00034612	3.1886e-07	-3.2072e-07	0.0029376	2.7522e-10	-0.0029396	3.2002e-07	-3.2004e-07	0.0063998	6.6254e-10	-0.0064012	3.2082e-07	-3.1896e-07	0.0083938	1.9603e-09	-0.0083938	3.1988e-07	-3.2032e-07	0.0094186	7.3001e-09	-0.0094162	3.1998e-07	-3.2038e-07
0.08	2.0148e-07	3.359e-11	-2.0206e-07	3.207e-07	-3.1906e-07	1.04308e-05	-7.968e-11	-1.04532e-05	3.2066e-07	-3.1846e-07	0.00036006	1.439e-10	-0.00036092	3.1994e-07	-3.2008e-07	0.0030798	1.6317e-10	-0.0030828	3.208e-07	-3.1856e-07	0.0067786	5.1004e-10	-0.006781	3.2048e-07	-3.1852e-07	0.0089298	2.0416e-09	-0.008928	3.1944e-07	-3.2126e-07	0.0100362	7.2026e-09	-0.0100352	3.195e-07	-3.2144e-07
0.085	2.1032e-07	-6.125e-11	-2.1114e-07	3.2082e-07	-3.1818e-07	1.08629e-05	-9.992e-11	-1.08937e-05	3.203e-07	-3.1862e-07	0.00037452	5.383e-11	-0.00037492	3.2056e-07	-3.1862e-07	0.003215	7.487e-11	-0.0032152	3.2042e-07	-3.187e-07	0.007143	5.5927e-10	-0.0071448	3.1912e-07	-3.2032e-07	0.0094538	2.0561e-09	-0.0094524	3.2034e-07	-3.2088e-07	0.01064	7.0909e-09	-0.0106392	3.2006e-07	-3.2152e-07
0.09	2.1968e-07	-1.2577e-10	-2.2056e-07	3.199e-07	-3.186e-07	1.1313e-05	-6.977e-11	-1.13356e-05	3.1938e-07	-3.196e-07	0.00038856	-6.191e-11	-0.0003887	3.2012e-07	-3.1832e-07	0.0033458	1.1108e-10	-0.003348	3.1926e-07	-3.2024e-07	0.0075056	6.6948e-10	-0.0075076	3.1954e-07	-3.2098e-07	0.0099794	1.9596e-09	-0.0099804	3.2108e-07	-3.1914e-07	0.0112542	6.8995e-09	-0.0112544	3.2114e-07	-3.2014e-07
0.095	2.3e-07	-9.653e-11	-2.308e-07	3.1934e-07	-3.1988e-07	1.1794e-05	-9.804e-11	-1.1794e-05	3.1984e-07	-3.1882e-07	0.00040156	-1.139e-11	-0.00040226	3.1914e-07	-3.2014e-07	0.0034696	2.3851e-10	-0.003472	3.1924e-07	-3.2084e-07	0.0078552	6.4588e-10	-0.007857	3.207e-07	-3.1954e-07	0.010494	1.7901e-09	-0.0104952	3.2094e-07	-3.1894e-07	0.011864	6.7023e-09	-0.01186	3.1984e-07	-3.2162e-07
0.1	2.3842e-07	-4.89e-12	-2.3882e-07	3.1898e-07	-3.202e-07	1.2226e-05	1.826e-11	-1.2238e-05	3.1882e-07	-3.208e-07	0.00041566	8.512e-11	-0.00041594	3.191e-07	-3.2082e-07	0.0035906	2.4239e-10	-0.0035932	3.2068e-07	-3.2004e-07	0.0082062	4.8574e-10	-0.008207	3.207e-07	-3.187e-07	0.0110114	1.7562e-09	-0.0110104	3.1984e-07	-3.2018e-07	0.012472	6.6031e-09	-0.012468	3.2064e-07	-3.2098e-07
0.105	2.479e-07	2.246e-11	-2.4888e-07	3.19e-07	-3.2106e-07	1.2656e-05	1.0744e-10	-1.2698e-05	3.1996e-07	-3.203e-07	0.00042852	1.1682e-10	-0.00042878	3.2042e-07	-3.194e-07	0.0037054	1.3589e-10	-0.0037088	3.209e-07	-3.1848e-07	0.0085404	4.6092e-10	-0.0085444	3.1978e-07	-3.197e-07	0.0115002	1.7375e-09	-0.011524	3.2128e-07	-3.2124e-07	0.01307	6.395e-09	-0.013066	3.215e-07	-3.195e-07
0.11	2.5678e-07	7.851e-11	-2.5734e-07	3.1958e-07	-3.2046e-07	1.3084e-05	1.88e-11	-1.3156e-05	3.206e-07	-3.1838e-07	0.00044084	-1.127e-11	-0.00044116	3.2066e-07	-3.1826e-07	0.0038186	5.289e-11	-0.003821	3.1978e-07	-3.1902e-07	0.0088716	5.8138e-10	-0.0088724	3.1918e-07	-3.2128e-07	0.012028	1.8576e-09	-0.012024	3.2024e-07	-3.2088e-07	0.013658	6.1181e-09	-0.013656	3.2148e-07	-3.1894e-07
0.115	2.6716e-07	5.928e-11	-2.6678e-07	3.2048e-07	-3.1932e-07	1.3584e-05	-9.506e-11	-1.3594e-05	3.2036e-07	-3.1862e-07	0.00045384	-5.712e-11	-0.00045442	3.196e-07	-3.1932e-07	0.0039244	1.6957e-10	-0.0039284	3.1884e-07	-3.2014e-07	0.0091958	6.2088e-10	-0.009197	3.205e-07	-3.1984e-07	0.012526	1.7915e-09	-0.012524	3.2118e-07	-3.1976e-07	0.014258	5.9523e-09	-0.014254	3.2058e-07	-3.1984e-07
0.12	2.7628e-07	-1.412e-11	-2.7714e-07	3.2082e-07	-3.186e-07	1.4022e-05	-2.198e-11	-1.4052e-05	3.1886e-07	-3.2032e-07	0.00046734	6.771e-11	-0.00046806	3.1892e-07	-3.2102e-07	0.0040302	2.3998e-10	-0.004033	3.1942e-07	-3.2084e-07	0.0095124	5.0007e-10	-0.0095118	3.2102e-07	-3.186e-07	0.013018	1.6089e-09	-0.013014	3.2094e-07	-3.1872e-07	0.014846	5.9001e-09	-0.014842	3.196e-07	-3.2128e-07
0.125	2.8608e-07	-1.1007e-10	-2.8712e-07	3.2026e-07	-3.1814e-07	1.4454e-05	7.501e-11	-1.4478e-05	3.1932e-07	-3.208e-07	0.00048056	1.3899e-10	-0.00048098	3.199e-07	-3.2024e-07	0.0041332	2.1212e-10	-0.0041352	3.2068e-07	-3.1904e-07	0.009821	4.1495e-10	-0.0098222	3.199e-07	-3.1926e-07	0.013508	1.5869e-09	-0.013512	3.1974e-07	-3.2048e-07	0.015434	5.8634e-09	-0.015438	3.2008e-07	-3.2166e-07
0.13	2.9654e-07	-1.2506e-10	-2.976e-07	3.1982e-07	-3.1928e-07	1.493e-05	8.561e-11	-1.495e-05	3.2054e-07	-3.1944e-07	0.00049366	3.173e-11	-0.00049394	3.2074e-07	-3.186e-07	0.0042308	5.506e-11	-0.0042318	3.205e-07	-3.1862e-07	0.0101188	5.2757e-10	-0.0101238	3.1914e-07	-3.2104e-07	0.01399	1.6777e-09	-0.01399	3.1946e-07	-3.2152e-07	0.016016	5.7488e-09	-0.016014	3.2106e-07	-3.2044e-07
0.135	3.075e-07	-4.997e-11	-3.0774e-07	3.1882e-07	-3.2036e-07	1.5424e-05	-2.648e-11	-1.542e-05	3.2056e-07	-3.182e-07	0.00050672	-7.123e-11	-0.00050642	3.2e-07	-3.1872e-07	0.0043252	8.901e-11	-0.0043296	3.1902e-07	-3.1996e-07	0.0104184	6.0314e-10	-0.0104206	3.2008e-07	-3.2046e-07	0.01447	1.6885e-09	-0.014468	3.2038e-07	-3.204e-07	0.016604	5.5238e-09	-0.016604	3.2154e-07	-3.1922e-07
0.14	3.177e-07	2.091e-11	-3.1782e-07	3.191e-07	-3.2088e-07	1.592e-05	-9.55e-11	-1.5922e-05	3.197e-07	-3.189e-07	0.00051894	2.887e-11	-0.00051988	3.1886e-07	-3.2062e-07	0.0044152	2.2039e-10	-0.0044204	3.1924e-07	-3.2088e-07	0.0107026	5.1466e-10	-0.010704	3.2088e-07	-3.1886e-07	0.014938	1.5509e-09	-0.014936	3.2124e-07	-3.1876e-07	0.017172	5.3052e-09	-0.017178	3.2052e-07	-3.1958e-07
0.145	3.3008e-07	8.045e-11	-3.2906e-07	3.1998e-07	-3.204e-07	1.6358e-05	2.189e-11	-1.6386e-05	3.1896e-07	-3.2084e-07	0.00053134	1.3078e-10	-0.0005327	3.1948e-07	-3.208e-07	0.0045048	2.2451e-10	-0.004506	3.2026e-07	-3.1964e-07	0.010983	3.7728e-10	-0.0109876	3.202e-07	-3.1876e-07	0.015408	1.4288e-09	-0.015408	3.2044e-07	-3.196e-07	0.017756	5.2625e-09	-0.017756	3.1984e-07	-3.2104e-07
0.15	3.4036e-07	3.639e-11	-3.4e-07	3.2082e-07	-3.1932e-07	1.6868e-05	1.0199e-10	-1.688e-05	3.1996e-07	-3.2032e-07	0.0005439	9.001e-11	-0.00054476	3.2054e-07	-3.189e-07	0.0045934	8.598e-11	-0.0045968	3.205e-07	-3.1858e-07	0.0112594	4.5237e-10	-0.0112598	3.194e-07	-3.2086e-07	0.015866	1.5104e-09	-0.015866	3.1928e-07	-3.2112e-07	0.018322	5.2473e-09	-0.018318	3.2012e-07	-3.2176e-07
0.155	3.498e-07	-5.199e-11	-3.5104e-07	3.207e-07	-3.1852e-07	1.7328e-05	3.017e-11	-1.738e-05	3.2074e-07	-3.1854e-07	0.00055656	-5.792e-11	-0.000557	3.2036e-07	-3.1866e-07	0.0046792	3.528e-11	-0.0046808	3.2012e-07	-3.1906e-07	0.011542	4.332e-10	-0.011534	3.1964e-07	-3.189e-07	0.016326	1.574e-09	-0.016324	3.2012e-07	-3.2104e-07	0.018892	5.1609e-09	-0.018894	3.2074e-07	-3.2026e-07
0.16	3.6258e-07	-1.2326e-10	-3.6336e-07	3.2008e-07	-3.1866e-07	1.7872e-05	-1.0749e-10	-1.7864e-05	3.1982e-07	-3.187e-07	0.00056926	-2.026e-11	-0.00057042	3.19e-07	-3.1998e-07	0.00476	1.3721e-10	-0.004762	3.1888e-07	-3.2066e-07	0.011794	4.1934e-10	-0.011794	3.1916e-07	-3.2046e-07	0.01677	1.5044e-09	-0.01677	3.2112e-07	-3.1942e-07	0.01945	4.968e-09	-0.01945	3.214e-07	-3.1952e-07
0.165	3.7394e-07	-1.0762e-10	-3.7442e-07	3.1946e-07	-3.1944e-07	1.8346e-05	-6.79e-12	-1.8394e-05	3.1896e-07	-3.2044e-07	0.00058226	1.151e-10	-0.00058274	3.194e-07	-3.2098e-07	0.0048386	2.3451e-10	-0.0048442	3.1964e-07	-3.2088e-07	0.01204	5.4289e-10	-0.012042	3.1988e-07	-3.2094e-07	0.01721	1.3497e-09	-0.017212	3.2102e-07	-3.189e-07	0.020006	4.7522e-09	-0.020004	3.21e-07	-3.1924e-07
0.17	3.8758e-07	-4.183e-11	-3.8826e-07	3.1906e-07	-3.206e-07	1.8832e-05	1.0942e-10	-1.8856e-05	3.1984e-07	-3.2062e-07	0.00059536	1.084e-10	-0.00059592	3.2046e-07	-3.1912e-07	0.0049208	2.1357e-10	-0.0049194	3.2048e-07	-3.194e-07	0.012286	5.0894e-10	-0.01229	3.2092e-07	-3.1966e-07	0.017652	1.3286e-09	-0.017654	3.1976e-07	-3.2036e-07	0.020568	4.6705e-09	-0.020568	3.202e-07	-3.2044e-07
0.175	3.9922e-07	3.209e-11	-4.003e-07	3.1896e-07	-3.2084e-07	1.9352e-05	3.933e-11	-1.939e-05	3.2052e-07	-3.1874e-07	0.0006094	-4.167e-11	-0.00060894	3.2028e-07	-3.1828e-07	0.0049956	6.904e-11	-0.0049964	3.205e-07	-3.1858e-07	0.012528	3.5247e-10	-0.012526	3.207e-07	-3.1872e-07	0.01808	1.4364e-09	-0.01808	3.1966e-07	-3.2146e-07	0.021114	4.6389e-09	-0.02111	3.1964e-07	-3.2122e-07
0.18	4.1118e-07	7.903e-11	-4.115e-07	3.198e-07	-3.2054e-07	1.9928e-05	-7.905e-11	-1.9938e-05	3.203e-07	-3.1828e-07	0.00062126	-4.414e-11	-0.00062162	3.193e-07	-3.1962e-07	0.005073	5.137e-11	-0.005073	3.1924e-07	-3.1968e-07	0.012764	3.8372e-10	-0.012766	3.1928e-07	-3.2034e-07	0.018508	1.4543e-09	-0.018508	3.207e-07	-3.2022e-07	0.021668	4.6504e-09	-0.021668	3.2026e-07	-3.2146e-07
0.185	4.223e-07	7.206e-11	-4.242e-07	3.1992e-07	-3.2062e-07	2.041e-05	-5.543e-11	-2.0424e-05	3.1912e-07	-3.1996e-07	0.00063316	8.544e-11	-0.00063464	3.1888e-07	-3.2082e-07	0.0051412	1.782e-10	-0.0051454	3.1904e-07	-3.212e-07	0.012988	5.0851e-10	-0.012988	3.1958e-07	-3.2122e-07	0.01893	1.3161e-09	-0.018924	3.2124e-07	-3.1888e-07	0.022206	4.5452e-09	-0.022206	3.213e-07	-3.2018e-07
0.19	4.3652e-07	5.591e-11	-4.3736e-07	3.1996e-07	-3.199e-07	2.0972e-05	3.583e-11	-2.0986e-05	3.1916e-07	-3.211e-07	0.00064686	1.3536e-10	-0.00064784	3.2016e-07	-3.1998e-07	0.0052142	2.3093e-10	-0.0052172	3.201e-07	-3.2016e-07	0.013208	4.909e-10	-0.01321	3.2048e-07	-3.202e-07	0.019344	1.2088e-09	-0.019344	3.2018e-07	-3.1966e-07	0.022748	4.3469e-09	-0.022748	3.2144e-07	-3.1912e-07
0.195	4.4944e-07	2.895e-11	-4.4868e-07	3.2074e-07	-3.1902e-07	2.1464e-05	1.0744e-10	-2.1496e-05	3.199e-07	-3.1976e-07	0.00066006	2.564e-11	-0.0006594	3.2066e-07	-3.1838e-07	0.0052828	1.2022e-10	-0.0052852	3.207e-07	-3.1836e-07	0.01342	3.8344e-10	-0.01342	3.2106e-07	-3.1888e-07	0.019746	1.309e-09	-0.019744	3.1946e-07	-3.2132e-07	0.023282	4.1821e-09	-0.023284	3.206e-07	-3.1986e-07
0.2	4.6102e-07	-6.521e-11	-4.6248e-07	3.2048e-07	-3.183e-07	2.2076e-05	2.203e-11	-2.2068e-05	3.2052e-07	-3.1862e-07	0.00067172	-7.128e-11	-0.00067192	3.1958e-07	-3.1892e-07	0.0053552	2.515e-11	-0.0053558	3.1996e-07	-3.1922e-07	0.01363	3.0806e-10	-0.013632	3.2036e-07	-3.1928e-07	0.020148	1.3684e-09	-0.02015	3.2048e-07	-3.2126e-07	0.023818	4.1742e-09	-0.02382	3.197e-07	-3.2122e-07
0.205	4.7566e-07	-1.3081e-10	-4.7546e-07	3.2002e-07	-3.1878e-07	2.261e-05	-1.0584e-10	-2.2632e-05	3.1992e-07	-3.1874e-07	0.00068458	4.791e-11	-0.00068482	3.188e-07	-3.208e-07	0.0054216	1.4429e-10	-0.0054238	3.1914e-07	-3.2104e-07	0.01383	4.1187e-10	-0.013832	3.1936e-07	-3.2074e-07	0.020536	1.2653e-09	-0.020538	3.2116e-07	-3.1936e-07	0.024342	4.1921e-09	-0.02434	3.2e-07	-3.2178e-07
0.21	4.8836e-07	-1.0394e-10	-4.888e-07	3.193e-07	-3.1972e-07	2.3126e-05	-3.83e-11	-2.3192e-05	3.1912e-07	-3.1994e-07	0.00069762	1.3486e-10	-0.00069848	3.2e-07	-3.2016e-07	0.0054866	2.3063e-10	-0.005488	3.2e-07	-3.2062e-07	0.014028	4.9912e-10	-0.01403	3.1964e-07	-3.2148e-07	0.020934	1.1315e-09	-0.02093	3.2106e-07	-3.1922e-07	0.024864	4.1423e-09	-0.024868	3.2098e-07	-3.208e-07
0.215	5.0234e-07	-1.265e-11	-5.0444e-07	3.1882e-07	-3.2086e-07	2.3724e-05	8.101e-11	-2.373e-05	3.1926e-07	-3.211e-07	0.00071018	-1.55e-12	-0.00071016	3.2082e-07	-3.189e-07	0.005549	1.6859e-10	-0.005551	3.2084e-07	-3.1876e-07	0.014222	4.5324e-10	-0.01422	3.2114e-07	-3.1928e-07	0.021308	1.1402e-09	-0.021312	3.197e-07	-3.207e-07	0.025382	3.9849e-09	-0.02538	3.2138e-07	-3.2028e-07
0.22	5.177e-07	1.098e-11	-5.1698e-07	3.1894e-07	-3.2086e-07	2.4294e-05	8.503e-11	-2.4254e-05	3.203e-07	-3.1964e-07	0.00072288	-6.655e-11	-0.0007235	3.2004e-07	-3.1838e-07	0.0056148	2.583e-11	-0.0056158	3.201e-07	-3.1848e-07	0.014406	2.9901e-10	-0.014402	3.2048e-07	-3.1904e-07	0.021676	1.2566e-09	-0.021682	3.1978e-07	-3.2146e-07	0.025892	3.8352e-09	-0.025886	3.2136e-07	-3.1912e-07
0.225	5.3024e-07	6.936e-11	-5.3122e-07	3.1958e-07	-3.206e-07	2.481e-05	-5.794e-11	-2.4826e-05	3.204e-07	-3.1828e-07	0.00073624	-8.95e-12	-0.00073704	3.1878e-07	-3.2028e-07	0.005676	8.464e-11	-0.0056818	3.1896e-07	-3.2026e-07	0.01458	3.4766e-10	-0.014586	3.195e-07	-3.2058e-07	0.022048	1.2548e-09	-0.02205	3.211e-07	-3.2022e-07	0.026402	3.7177e-09	-0.026402	3.2096e-07	-3.1974e-07
0.23	5.435e-07	5.789e-11	-5.4388e-07	3.205e-07	-3.1954e-07	2.5362e-05	-7.662e-11	-2.5362e-05	3.1924e-07	-3.196e-07	0.0007491	1.1773e-10	-0.00074908	3.1922e-07	-3.208e-07	0.0057384	2.0931e-10	-0.00574	3.1944e-07	-3.2108e-07	0.014754	4.7257e-10	-0.014762	3.1968e-07	-3.2136e-07	0.022408	1.1483e-09	-0.022408	3.214e-07	-3.1914e-07	0.0269	3.6887e-09	-0.026902	3.2008e-07	-3.21e-07
0.235	5.5844e-07	-9.19e-12	-5.588e-07	3.2058e-07	-3.1844e-07	2.594e-05	5.357e-11	-2.5974e-05	3.1912e-07	-3.2096e-07	0.00076138	1.0789e-10	-0.00076128	3.2062e-07	-3.1948e-07	0.0057994	1.9496e-10	-0.0057992	3.2054e-07	-3.1946e-07	0.01493	4.7722e-10	-0.014928	3.2074e-07	-3.2004e-07	0.022768	1.0258e-09	-0.022766	3.2062e-07	-3.1986e-07	0.027408	3.7242e-09	-0.027408	3.201e-07	-3.2188e-07
0.24	5.7326e-07	-1.1553e-10	-5.7182e-07	3.2044e-07	-3.1848e-07	2.6544e-05	9.916e-11	-2.6512e-05	3.2e-07	-3.2022e-07	0.00077294	-3.821e-11	-0.00077334	3.205e-07	-3.1842e-07	0.0058604	8.335e-11	-0.005859	3.2074e-07	-3.1862e-07	0.015094	3.2903e-10	-0.015094	3.2106e-07	-3.1896e-07	0.023112	1.1237e-09	-0.02311	3.1954e-07	-3.216e-07	0.027898	3.7168e-09	-0.027896	3.2088e-07	-3.2124e-07
0.245	5.8592e-07	-1.3332e-10	-5.8928e-07	3.1956e-07	-3.1936e-07	2.703e-05	-8.38e-12	-2.6968e-05	3.2052e-07	-3.183e-07	0.0007859	-5.067e-11	-0.00078506	3.1924e-07	-3.1974e-07	0.0059176	2.716e-11	-0.0059172	3.1946e-07	-3.1934e-07	0.015256	2.9577e-10	-0.015258	3.197e-07	-3.1998e-07	0.023454	1.2039e-09	-0.023452	3.2068e-07	-3.2134e-07	0.028392	3.5987e-09	-0.028388	3.2178e-07	-3.1972e-07
0.25	6.0088e-07	-8.024e-11	-5.98e-07	3.1918e-07	-3.2008e-07	2.7652e-05	-1.0241e-10	-2.7644e-05	3.195e-07	-3.1926e-07	0.0007975	7.489e-11	-0.00079792	3.1884e-07	-3.2082e-07	0.0059768	1.27e-10	-0.0059782	3.191e-07	-3.2094e-07	0.015406	4.2219e-10	-0.01541	3.1938e-07	-3.2132e-07	0.023788	1.1363e-09	-0.023788	3.2132e-07	-3.196e-07	0.028876	3.4092e-09	-0.02887	3.2118e-07	-3.195e-07
0.255	6.1258e-07	-1.71e-12	-6.1188e-07	3.1886e-07	-3.211e-07	2.8292e-05	2.392e-11	-2.8314e-05	3.1874e-07	-3.2082e-07	0.00081046	1.3445e-10	-0.00080914	3.1982e-07	-3.2042e-07	0.0060338	2.0599e-10	-0.0060308	3.1936e-07	-3.2108e-07	0.015562	4.6533e-10	-0.015562	3.2072e-07	-3.2008e-07	0.024118	1.0728e-09	-0.024116	3.215e-07	-3.1918e-07	0.029354	3.335e-09	-0.029356	3.2054e-07	-3.2074e-07
0.26	6.2756e-07	4.88e-11	-6.2822e-07	3.1942e-07	-3.21e-07	2.8842e-05	9.178e-11	-2.8874e-05	3.194e-07	-3.2072e-07	0.00082222	6.775e-11	-0.00082114	3.2072e-07	-3.1894e-07	0.006089	1.9729e-10	-0.006086	3.2068e-07	-3.1942e-07	0.015706	3.2733e-10	-0.015706	3.213e-07	-3.1902e-07	0.024434	1.0927e-09	-0.024432	3.2156e-07	-3.1928e-07	0.029826	3.3644e-09	-0.029824	3.2006e-07	-3.2162e-07
0.265	6.4306e-07	6.367e-11	-6.4152e-07	3.2006e-07	-3.1978e-07	2.9466e-05	7.335e-11	-2.9418e-05	3.206e-07	-3.193e-07	0.00083458	-6.859e-11	-0.00083562	3.2006e-07	-3.1856e-07	0.0061418	7.213e-11	-0.006144	3.2078e-07	-3.1872e-07	0.015852	2.5988e-10	-0.015852	3.203e-07	-3.1962e-07	0.02475	1.0638e-09	-0.024756	3.2136e-07	-3.1948e-07	0.030296	3.3495e-09	-0.030298	3.203e-07	-3.2198e-07
0.27	6.5886e-07	1.92e-12	-6.5834e-07	3.2078e-07	-3.1872e-07	3.0024e-05	-2.063e-11	-3.0046e-05	3.207e-07	-3.1848e-07	0.0008476	-3.58e-12	-0.00084436	3.1896e-07	-3.2034e-07	0.0061942	4.551e-11	-0.0061954	3.194e-07	-3.199e-07	0.015992	3.7531e-10	-0.015992	3.1946e-07	-3.2114e-07	0.025056	1.0734e-09	-0.025054	3.2148e-07	-3.196e-07	0.030756	3.3572e-09	-0.030758	3.209e-07	-3.2142e-07
0.275	6.7118e-07	-9.694e-11	-6.728e-07	3.2074e-07	-3.1828e-07	3.0686e-05	-1.0463e-10	-3.0628e-05	3.1972e-07	-3.1932e-07	0.00085548	1.2114e-10	-0.0008555	3.1938e-07	-3.209e-07	0.0062554	1.5881e-10	-0.006252	3.1928e-07	-3.2098e-07	0.016126	4.576e-10	-0.016122	3.2048e-07	-3.2078e-07	0.02536	1.054e-09	-0.02536	3.213e-07	-3.1966e-07	0.031218	3.2513e-09	-0.031216	3.2184e-07	-3.2016e-07
0.28	6.8704e-07	-1.3349e-10	-6.892e-07	3.2042e-07	-3.1848e-07	3.1224e-05	2.539e-11	-3.1184e-05	3.1902e-07	-3.2098e-07	0.000868	9.81e-11	-0.00086794	3.2046e-07	-3.1938e-07	0.006303	2.1938e-10	-0.006305	3.2012e-07	-3.204e-07	0.016256	3.6667e-10	-0.016254	3.2112e-07	-3.1926e-07	0.025656	1.0639e-09	-0.025652	3.215e-07	-3.2002e-07	0.031668	3.0694e-09	-0.031668	3.2174e-07	-3.1978e-07
0.285	7.038e-07	-1.4087e-10	-7.0426e-07	3.2006e-07	-3.1872e-07	3.1734e-05	1.0562e-10	-3.1758e-05	3.1982e-07	-3.2018e-07	0.00088226	-5.119e-11	-0.00088016	3.2024e-07	-3.1838e-07	0.0063512	1.1142e-10	-0.006351	3.2088e-07	-3.187e-07	0.016386	2.4091e-10	-0.016384	3.2046e-07	-3.191e-07	0.02594	1.0454e-09	-0.025936	3.217e-07	-3.199e-07	0.03211	2.9986e-09	-0.032108	3.2082e-07	-3.2032e-07
0.29	7.2182e-07	-1.0918e-10	-7.2042e-07	3.1912e-07	-3.1974e-07	3.2428e-05	8.5e-13	-3.243e-05	3.208e-07	-3.1878e-07	0.00089472	-4.043e-11	-0.00089464	3.1924e-07	-3.1982e-07	0.0064102	1.113e-11	-0.0064072	3.1978e-07	-3.1932e-07	0.016508	3.0282e-10	-0.016512	3.196e-07	-3.21e-07	0.026222	1.0586e-09	-0.02622	3.2132e-07	-3.2044e-07	0.03256	3.0518e-09	-0.032558	3.2018e-07	-3.2114e-07
0.295	7.3492e-07	-2.25e-11	-7.3488e-07	3.1882e-07	-3.2088e-07	3.3038e-05	-1.0716e-10	-3.301e-05	3.1956e-07	-3.19e-07	0.00090658	9.159e-11	-0.00090768	3.1918e-07	-3.2116e-07	0.0064534	1.2657e-10	-0.0064556	3.1898e-07	-3.2122e-07	0.016632	4.3491e-10	-0.01663	3.2024e-07	-3.212e-07	0.026492	1.0375e-09	-0.02649	3.2154e-07	-3.2022e-07	0.032986	3.0484e-09	-0.032988	3.2044e-07	-3.2252e-07
0.3	7.5296e-07	4.238e-11	-7.5208e-07	3.1918e-07	-3.2106e-07	3.3758e-05	2.329e-11	-3.3688e-05	3.19e-07	-3.2088e-07	0.00091648	1.1674e-10	-0.00091624	3.2038e-07	-3.1974e-07	0.0065042	2.1988e-10	-0.006509	3.199e-07	-3.2076e-07	0.01675	3.8139e-10	-0.016748	3.2108e-07	-3.1942e-07	0.026766	1.0479e-09	-0.026758	3.2112e-07	-3.2076e-07	0.03342	3.0587e-09	-0.033422	3.2116e-07	-3.2164e-07
0.305	7.696e-07	6.566e-11	-7.7402e-07	3.1988e-07	-3.2004e-07	3.4304e-05	9.289e-11	-3.4326e-05	3.1958e-07	-3.2076e-07	0.0009292	-4.855e-11	-0.0009284	3.2044e-07	-3.1836e-07	0.0065546	1.5989e-10	-0.0065512	3.2094e-07	-3.19e-07	0.016868	2.351e-10	-0.01686	3.206e-07	-3.1922e-07	0.027016	1.0262e-09	-0.02702	3.2144e-07	-3.2028e-07	0.03384	2.9573e-09	-0.033838	3.2202e-07	-3.2042e-07
0.31	7.8776e-07	1.091e-11	-7.898e-07	3.2066e-07	-3.191e-07	3.5004e-05	7.828e-11	-3.511e-05	3.2042e-07	-3.1946e-07	0.00094148	-1.629e-11	-0.00094036	3.1894e-07	-3.1998e-07	0.0066068	1.609e-11	-0.0066034	3.2042e-07	-3.1864e-07	0.01698	3.1005e-10	-0.01698	3.194e-07	-3.212e-07	0.027276	1.0336e-09	-0.027278	3.2092e-07	-3.2076e-07	0.034264	2.7843e-09	-0.034262	3.218e-07	-3.1972e-07
0.315	8.0374e-07	-8.323e-11	-8.0138e-07	3.2064e-07	-3.1852e-07	3.5936e-05	-5.325e-11	-3.5908e-05	3.2038e-07	-3.1824e-07	0.0009525	8.97e-11	-0.00095302	3.1914e-07	-3.212e-07	0.006653	7.161e-11	-0.0066522	3.1922e-07	-3.2038e-07	0.01708	4.2231e-10	-0.017078	3.1998e-07	-3.2132e-07	0.02752	1.0299e-09	-0.027524	3.2106e-07	-3.214e-07	0.034672	2.7345e-09	-0.034674	3.209e-07	-3.2104e-07
0.32	8.2214e-07	-1.4549e-10	-8.23e-07	3.2002e-07	-3.1882e-07	3.656e-05	-9.037e-11	-3.6594e-05	3.1926e-07	-3.1948e-07	0.00096628	1.2255e-10	-0.00096452	3.2036e-07	-3.1958e-07	0.0067044	1.9846e-10	-0.0067002	3.194e-07	-3.213e-07	0.01719	3.9797e-10	-0.017196	3.2128e-07	-3.2016e-07	0.027766	1.0194e-09	-0.02777	3.2106e-07	-3.2112e-07	0.035082	2.7993e-09	-0.035078	3.204e-07	-3.2234e-07
0.325	8.4466e-07	-1.1494e-10	-8.4312e-07	3.1926e-07	-3.1996e-07	3.7162e-05	3.961e-11	-3.7116e-05	3.1912e-07	-3.2122e-07	0.00097852	-6.29e-12	-0.00097728	3.2038e-07	-3.1834e-07	0.0067482	1.8593e-10	-0.0067484	3.2062e-07	-3.1956e-07	0.017306	2.4643e-10	-0.017298	3.2082e-07	-3.19e-07	0.028006	1.007e-09	-0.028002	3.2074e-07	-3.2164e-07	0.035476	2.8373e-09	-0.035478	3.2102e-07	-3.2246e-07
0.33	8.5976e-07	-2.706e-11	-8.5596e-07	3.1876e-07	-3.2088e-07	3.7786e-05	9.562e-11	-3.7802e-05	3.2018e-07	-3.2006e-07	0.00098938	-6.831e-11	-0.00099016	3.1944e-07	-3.1884e-07	0.0068012	3.906e-11	-0.006797	3.206e-07	-3.1876e-07	0.017404	2.3456e-10	-0.017398	3.199e-07	-3.202e-07	0.028236	9.71e-10	-0.028236	3.2032e-07	-3.221e-07	0.03587	2.78e-09	-0.035876	3.218e-07	-3.2096e-07
0.335	8.7438e-07	3.968e-11	-8.7532e-07	3.1942e-07	-3.211e-07	3.8408e-05	-2.58e-11	-3.8558e-05	3.2074e-07	-3.1852e-07	0.001002	1.662e-11	-0.00100196	3.1898e-07	-3.2044e-07	0.0068442	3.561e-11	-0.0068454	3.1944e-07	-3.1992e-07	0.017506	3.6487e-10	-0.017498	3.1972e-07	-3.217e-07	0.028456	9.18e-10	-0.02846	3.216e-07	-3.1978e-07	0.036256	2.6077e-09	-0.036254	3.218e-07	-3.1998e-07
0.34	8.921e-07	5.935e-11	-8.9498e-07	3.2014e-07	-3.2026e-07	3.919e-05	-1.0312e-10	-3.9086e-05	3.1942e-07	-3.1942e-07	0.00101338	1.2374e-10	-0.00101422	3.1962e-07	-3.211e-07	0.0068908	1.685e-10	-0.0068898	3.1934e-07	-3.2134e-07	0.017602	4.1846e-10	-0.017596	3.2046e-07	-3.2106e-07	0.02868	7.949e-10	-0.028676	3.206e-07	-3.21e-07	0.03664	2.5499e-09	-0.03664	3.209e-07	-3.2126e-07
0.345	9.1184e-07	-6.02e-12	-9.1384e-07	3.207e-07	-3.1894e-07	3.9828e-05	2.605e-11	-3.988e-05	3.187e-07	-3.2092e-07	0.0010262	9.482e-11	-0.00102664	3.2026e-07	-3.1932e-07	0.0069364	2.1515e-10	-0.00694	3.2036e-07	-3.2044e-07	0.017696	3.1779e-10	-0.01769	3.2116e-07	-3.1936e-07	0.028884	7.6754e-10	-0.028886	3.2096e-07	-3.2008e-07	0.037012	2.6257e-09	-0.03701	3.205e-07	-3.2274e-07
0.35	9.3196e-07	-1.3217e-10	-9.3328e-07	3.202e-07	-3.183e-07	4.0754e-05	9.792e-11	-4.069e-05	3.2002e-07	-3.2032e-07	0.0010405	-5.578e-11	-0.00103944	3.2018e-07	-3.1838e-07	0.006985	1.2333e-10	-0.0069818	3.2092e-07	-3.1902e-07	0.01779	2.0757e-10	-0.017788	3.2044e-07	-3.1946e-07	0.029096	8.6378e-10	-0.029094	3.1996e-07	-3.2182e-07	0.037382	2.6652e-09	-0.037386	3.2136e-07	-3.2206e-07
0.355	9.509e-07	-1.5047e-10	-9.519e-07	3.1956e-07	-3.1918e-07	4.127e-05	-2.86e-12	-4.1302e-05	3.205e-07	-3.1852e-07	0.00105244	-4.365e-11	-0.00105056	3.1906e-07	-3.1984e-07	0.007034	6.69e-12	-0.007037	3.2008e-07	-3.1926e-07	0.017888	2.7897e-10	-0.017882	3.1942e-07	-3.212e-07	0.029292	9.5631e-10	-0.029294	3.2098e-07	-3.22e-07	0.037744	2.5909e-09	-0.037746	3.2226e-07	-3.2092e-07
0.36	9.726e-07	-8.177e-11	-9.6848e-07	3.1888e-07	-3.2032e-07	4.2064e-05	-1.1095e-10	-4.2162e-05	3.1968e-07	-3.1916e-07	0.00106666	8.934e-11	-0.00106764	3.1924e-07	-3.2118e-07	0.0070766	9.754e-11	-0.0070762	3.1928e-07	-3.2106e-07	0.01797	3.9017e-10	-0.01797	3.202e-07	-3.2174e-07	0.029492	8.8602e-10	-0.029488	3.2192e-07	-3.2016e-07	0.038102	2.4455e-09	-0.038104	3.2216e-07	-3.2016e-07
0.365	9.9014e-07	-6.33e-12	-9.9002e-07	3.1898e-07	-3.212e-07	4.2994e-05	7.28e-12	-4.2988e-05	3.1872e-07	-3.2072e-07	0.00108	1.1936e-10	-0.00107834	3.2026e-07	-3.1964e-07	0.0071216	2.0062e-10	-0.0071286	3.1988e-07	-3.2108e-07	0.018064	3.2606e-10	-0.018064	3.2142e-07	-3.1944e-07	0.029678	7.3904e-10	-0.029678	3.2126e-07	-3.2004e-07	0.038456	2.364e-09	-0.038448	3.2162e-07	-3.2044e-07
0.37	1.01334e-06	4.9e-11	-1.0132e-06	3.1978e-07	-3.2068e-07	4.361e-05	9.962e-11	-4.369e-05	3.1928e-07	-3.2076e-07	0.00109252	-1.765e-11	-0.00109172	3.2066e-07	-3.1842e-07	0.0071688	1.8126e-10	-0.0071672	3.2066e-07	-3.1984e-07	0.018166	1.9628e-10	-0.01816	3.2044e-07	-3.1992e-07	0.029872	8.2154e-10	-0.029866	3.2032e-07	-3.2188e-07	0.038798	2.4141e-09	-0.038802	3.206e-07	-3.2238e-07
0.375	1.03198e-06	3.072e-11	-1.03034e-06	3.2026e-07	-3.1944e-07	4.42e-05	5.461e-11	-4.4198e-05	3.2038e-07	-3.1936e-07	0.00110486	-7.116e-11	-0.0011043	3.196e-07	-3.1906e-07	0.0072132	6.684e-11	-0.0072132	3.2076e-07	-3.1886e-07	0.01824	2.9997e-10	-0.018238	3.195e-07	-3.2156e-07	0.03005	9.2199e-10	-0.03005	3.2052e-07	-3.2248e-07	0.039132	2.4832e-09	-0.03913	3.2098e-07	-3.2294e-07
0.38	1.05194e-06	-3.91e-11	-1.05368e-06	3.2058e-07	-3.1856e-07	4.503e-05	-1.1067e-10	-4.4978e-05	3.1982e-07	-3.1866e-07	0.00111712	4.846e-11	-0.00111818	3.1896e-07	-3.2088e-07	0.007262	1.309e-11	-0.0072602	3.1968e-07	-3.1964e-07	0.01833	3.9803e-10	-0.018328	3.2038e-07	-3.2144e-07	0.030226	9.0115e-10	-0.030226	3.2186e-07	-3.2064e-07	0.039464	2.4793e-09	-0.039464	3.2168e-07	-3.215e-07
0.385	1.07498e-06	-1.3909e-10	-1.07462e-06	3.2024e-07	-3.1846e-07	4.5788e-05	-2.34e-12	-4.6014e-05	3.1876e-07	-3.2086e-07	0.00113434	1.3234e-10	-0.00113476	3.1986e-07	-3.202e-07	0.0073052	1.411e-10	-0.007304	3.1912e-07	-3.2138e-07	0.018408	3.2182e-10	-0.018404	3.2112e-07	-3.1972e-07	0.030402	7.4513e-10	-0.030394	3.216e-07	-3.2e-07	0.03978	2.3722e-09	-0.039784	3.2222e-07	-3.2092e-07
0.39	1.09966e-06	-1.5978e-10	-1.10344e-06	3.1952e-07	-3.1914e-07	4.6546e-05	9.668e-11	-4.6514e-05	3.1974e-07	-3.2044e-07	0.0011422	3.802e-11	-0.00114268	3.2054e-07	-3.186e-07	0.0073462	2.1308e-10	-0.0073484	3.2018e-07	-3.2038e-07	0.018494	1.8754e-10	-0.018484	3.2054e-07	-3.1988e-07	0.030566	7.4002e-10	-0.030562	3.2044e-07	-3.2124e-07	0.0401	2.2576e-09	-0.040102	3.222e-07	-3.2044e-07
0.395	1.12496e-06	-9.668e-11	-1.12456e-06	3.1896e-07	-3.2022e-07	4.7294e-05	1.509e-11	-4.7348e-05	3.207e-07	-3.1908e-07	0.0011574	1.0657e-10	-0.0011585	3.2044e-07	-3.1928e-07	0.007392	1.1438e-10	-0.0073968	3.2102e-07	-3.1896e-07	0.018578	2.7297e-10	-0.01857	3.1964e-07	-3.2164e-07	0.030718	8.6888e-10	-0.03072	3.2054e-07	-3.2252e-07	0.040412	2.2291e-09	-0.04041	3.2104e-07	-3.2168e-07
0.4	1.14348e-06	-1.862e-11	-1.14596e-06	3.1908e-07	-3.2094e-07	4.8148e-05	-1.117e-10	-4.812e-05	3.1996e-07	-3.1878e-07	0.0011732	-7.624e-11	-0.0011696	3.2014e-07	-3.1968e-07	0.0074398	3.68e-12	-0.0074374	3.2012e-07	-3.1956e-07	0.018654	3.8201e-10	-0.018652	3.2042e-07	-3.2196e-07	0.030884	8.8615e-10	-0.030888	3.2162e-07	-3.2092e-07	0.040722	2.3054e-09	-0.040722	3.2082e-07	-3.229e-07
0.405	1.168e-06	4.095e-11	-1.1661e-06	3.1876e-07	-3.2052e-07	4.89e-05	-3.389e-11	-4.908e-05	3.1882e-07	-3.2046e-07	0.0011826	7.453e-11	-0.0011818	3.1888e-07	-3.2102e-07	0.0074834	1.1411e-10	-0.0074834	3.193e-07	-3.2138e-07	0.018738	3.4286e-10	-0.018734	3.211e-07	-3.2046e-07	0.031036	7.3499e-10	-0.031032	3.2196e-07	-3.1988e-07	0.041022	2.3561e-09	-0.041014	3.2184e-07	-3.2252e-07
0.41	1.197e-06	2.439e-11	-1.1993e-06	3.1912e-07	-3.2102e-07	4.975e-05	8.393e-11	-4.997e-05	3.1946e-07	-3.2088e-07	0.0011954	1.2766e-10	-0.001198	3.2022e-07	-3.201e-07	0.0075262	2.0803e-10	-0.0075274	3.1984e-07	-3.2102e-07	0.018818	1.9892e-10	-0.018816	3.209e-07	-3.1946e-07	0.031188	7.1213e-10	-0.03119	3.206e-07	-3.2114e-07	0.041306	2.295e-09	-0.041302	3.2238e-07	-3.211e-07
0.415	1.2246e-06	3.052e-11	-1.2179e-06	3.201e-07	-3.2008e-07	5.0548e-05	4.764e-11	-5.0554e-05	3.2072e-07	-3.1914e-07	0.0012108	9.58e-12	-0.0012086	3.2084e-07	-3.1862e-07	0.0075694	1.4971e-10	-0.0075704	3.2088e-07	-3.1938e-07	0.018892	2.4028e-10	-0.018888	3.1986e-07	-3.214e-07	0.031334	8.4106e-10	-0.031338	3.2036e-07	-3.2252e-07	0.041592	2.1581e-09	-0.041594	3.2242e-07	-3.2034e-07
0.42	1.2485e-06	-5.146e-11	-1.2528e-06	3.2058e-07	-3.1876e-07	5.1428e-05	-1.0526e-10	-5.1292e-05	3.2014e-07	-3.1858e-07	0.001222	-7.403e-11	-0.0012204	3.196e-07	-3.1944e-07	0.0076136	2.512e-11	-0.0076142	3.2064e-07	-3.1882e-07	0.018964	3.7829e-10	-0.018966	3.2044e-07	-3.2202e-07	0.03148	8.7636e-10	-0.031478	3.2162e-07	-3.2126e-07	0.041874	2.0878e-09	-0.041872	3.222e-07	-3.2088e-07
0.425	1.2782e-06	-1.6409e-10	-1.2757e-06	3.202e-07	-3.184e-07	5.2226e-05	-5.887e-11	-5.2276e-05	3.1898e-07	-3.2022e-07	0.0012336	5.025e-11	-0.0012344	3.1904e-07	-3.2048e-07	0.0076594	2.543e-11	-0.0076594	3.1968e-07	-3.2028e-07	0.019048	3.3361e-10	-0.019048	3.2114e-07	-3.2068e-07	0.031622	7.2768e-10	-0.031614	3.2196e-07	-3.1986e-07	0.042152	2.0891e-09	-0.042142	3.2132e-07	-3.2198e-07
0.43	1.2975e-06	-1.6392e-10	-1.2968e-06	3.1952e-07	-3.1918e-07	5.2984e-05	7.077e-11	-5.3284e-05	3.1916e-07	-3.2124e-07	0.0012472	1.2108e-10	-0.001248	3.1954e-07	-3.2096e-07	0.0077036	1.2745e-10	-0.0077048	3.1938e-07	-3.2134e-07	0.019118	2.2976e-10	-0.019118	3.214e-07	-3.1948e-07	0.03176	6.8884e-10	-0.031756	3.207e-07	-3.207e-07	0.042412	2.169e-09	-0.042414	3.2086e-07	-3.2334e-07
0.435	1.3248e-06	-1.1985e-10	-1.3199e-06	3.1892e-07	-3.199e-07	5.4264e-05	6.244e-11	-5.4104e-05	3.2036e-07	-3.194e-07	0.0012604	6.254e-11	-0.001262	3.2064e-07	-3.188e-07	0.0077438	2.101e-10	-0.0077452	3.2024e-07	-3.2104e-07	0.019212	2.0376e-10	-0.019208	3.1996e-07	-3.2066e-07	0.031892	7.8451e-10	-0.031894	3.2026e-07	-3.2232e-07	0.042676	2.2303e-09	-0.042676	3.2178e-07	-3.2264e-07
0.44	1.3582e-06	-2.145e-11	-1.3608e-06	3.19e-07	-3.21e-07	5.5154e-05	-8.776e-11	-5.484e-05	3.2034e-07	-3.186e-07	0.0012764	-7.854e-11	-0.001274	3.1996e-07	-3.193e-07	0.0077956	1.5531e-10	-0.0078	3.2086e-07	-3.1928e-07	0.019276	3.2862e-10	-0.01928	3.1974e-07	-3.2186e-07	0.032026	8.6951e-10	-0.032018	3.2138e-07	-3.2198e-07	0.042928	2.1875e-09	-0.04293	3.224e-07	-3.216e-07
0.445	1.3767e-06	3.096e-11	-1.3771e-06	3.1976e-07	-3.2042e-07	5.5816e-05	-8.514e-11	-5.5738e-05	3.1928e-07	-3.1992e-07	0.0012886	5.062e-11	-0.0012884	3.1878e-07	-3.2064e-07	0.0078346	2.05e-12	-0.0078374	3.2042e-07	-3.1938e-07	0.019354	3.9537e-10	-0.01935	3.2076e-07	-3.2126e-07	0.03215	7.751e-10	-0.032148	3.2218e-07	-3.2038e-07	0.043182	2.0602e-09	-0.043174	3.2262e-07	-3.2092e-07
0.45	1.4056e-06	-2.476e-11	-1.4069e-06	3.2048e-07	-3.1928e-07	5.6604e-05	5.333e-11	-5.668e-05	3.1904e-07	-3.2098e-07	0.0013052	1.2618e-10	-0.0013036	3.1976e-07	-3.21e-07	0.007879	8.316e-11	-0.0078778	3.1916e-07	-3.2118e-07	0.019434	2.943e-10	-0.019414	3.215e-07	-3.195e-07	0.032276	6.5057e-10	-0.032274	3.2134e-07	-3.2068e-07	0.043426	1.971e-09	-0.043422	3.2244e-07	-3.2092e-07
0.455	1.4314e-06	-1.4453e-10	-1.4348e-06	3.2064e-07	-3.1838e-07	5.7636e-05	7.151e-11	-5.7896e-05	3.2036e-07	-3.1966e-07	0.0013184	7.814e-11	-0.001318	3.2084e-07	-3.1936e-07	0.0079278	1.9987e-10	-0.0079224	3.2002e-07	-3.2138e-07	0.019506	1.8409e-10	-0.019512	3.208e-07	-3.2038e-07	0.032404	7.6172e-10	-0.032406	3.2062e-07	-3.2262e-07	0.043664	2.0008e-09	-0.04367	3.2136e-07	-3.2176e-07
0.46	1.4603e-06	-1.8213e-10	-1.4598e-06	3.1954e-07	-3.1904e-07	5.8636e-05	-7.488e-11	-5.8634e-05	3.2034e-07	-3.1856e-07	0.0013304	-6.748e-11	-0.001328	3.2022e-07	-3.1888e-07	0.0079674	1.6273e-10	-0.0079696	3.2086e-07	-3.1962e-07	0.019566	3.0822e-10	-0.019566	3.1976e-07	-3.2184e-07	0.032522	8.5097e-10	-0.032526	3.2138e-07	-3.2228e-07	0.043892	2.059e-09	-0.0439	3.2106e-07	-3.2266e-07
0.465	1.5007e-06	-8.807e-11	-1.4989e-06	3.1878e-07	-3.207e-07	5.9556e-05	-1.1982e-10	-5.9472e-05	3.1972e-07	-3.194e-07	0.001342	-2.852e-11	-0.0013426	3.1898e-07	-3.2022e-07	0.008008	1.47e-11	-0.0080082	3.2074e-07	-3.1912e-07	0.019642	3.8913e-10	-0.01964	3.2102e-07	-3.214e-07	0.032636	7.7326e-10	-0.03263	3.2248e-07	-3.2058e-07	0.044128	2.0848e-09	-0.044122	3.211e-07	-3.2342e-07
0.47	1.5203e-06	9.4e-13	-1.5208e-06	3.191e-07	-3.2098e-07	6.0404e-05	2.287e-11	-6.05e-05	3.189e-07	-3.2106e-07	0.0013554	1.0058e-10	-0.0013554	3.1924e-07	-3.2118e-07	0.00805	4.674e-11	-0.0080516	3.1952e-07	-3.206e-07	0.01971	3.0046e-10	-0.019708	3.2174e-07	-3.1974e-07	0.03276	6.389e-10	-0.032758	3.2172e-07	-3.2098e-07	0.044346	2.11e-09	-0.044342	3.2206e-07	-3.2306e-07
0.475	1.56e-06	1.243e-11	-1.5471e-06	3.201e-07	-3.2034e-07	6.1412e-05	8.466e-11	-6.1494e-05	3.2e-07	-3.2036e-07	0.00137	1.0782e-10	-0.0013726	3.2008e-07	-3.205e-07	0.0080948	1.7355e-10	-0.0080936	3.1946e-07	-3.2162e-07	0.019788	1.8427e-10	-0.019782	3.2114e-07	-3.1972e-07	0.03287	7.025e-10	-0.03287	3.2056e-07	-3.2212e-07	0.044574	2.0656e-09	-0.044566	3.2296e-07	-3.2188e-07
0.48	1.578e-06	-3.838e-11	-1.5808e-06	3.2056e-07	-3.1936e-07	6.2572e-05	-1.747e-11	-6.23e-05	3.207e-07	-3.1852e-07	0.0013836	3.599e-11	-0.0013846	3.2068e-07	-3.1892e-07	0.0081402	1.8766e-10	-0.0081472	3.2058e-07	-3.1984e-07	0.019862	2.3998e-10	-0.01986	3.1994e-07	-3.215e-07	0.032982	8.2446e-10	-0.032982	3.2132e-07	-3.227e-07	0.04478	1.9363e-09	-0.044772	3.2312e-07	-3.2096e-07
0.485	1.6141e-06	-1.2487e-10	-1.6239e-06	3.2056e-07	-3.1854e-07	6.3326e-05	-1.255e-10	-6.3446e-05	3.1984e-07	-3.19e-07	0.0013982	-8.064e-11	-0.001398	3.1996e-07	-3.1914e-07	0.0081822	4.792e-11	-0.008189	3.2082e-07	-3.1884e-07	0.019928	3.7103e-10	-0.019936	3.2044e-07	-3.2216e-07	0.033094	7.9323e-10	-0.033092	3.2244e-07	-3.211e-07	0.044986	1.8665e-09	-0.044982	3.2204e-07	-3.2178e-07
0.49	1.6448e-06	-1.9004e-10	-1.642e-06	3.2012e-07	-3.1848e-07	6.4388e-05	-1.271e-11	-6.4608e-05	3.187e-07	-3.2092e-07	0.0014116	2.446e-11	-0.001413	3.1894e-07	-3.2094e-07	0.0082202	1.45e-12	-0.0082272	3.2016e-07	-3.1974e-07	0.020002	3.6073e-10	-0.019994	3.2178e-07	-3.2064e-07	0.033208	6.329e-10	-0.0332	3.221e-07	-3.205e-07	0.045186	1.9564e-09	-0.045188	3.2148e-07	-3.2336e-07
0.495	1.6665e-06	-1.7662e-10	-1.6637e-06	3.1944e-07	-3.19e-07	6.524e-05	8.034e-11	-6.5222e-05	3.1966e-07	-3.2046e-07	0.0014274	1.245e-10	-0.0014248	3.1958e-07	-3.2068e-07	0.0082676	1.3551e-10	-0.0082752	3.1914e-07	-3.2154e-07	0.020072	2.2101e-10	-0.020066	3.2138e-07	-3.1956e-07	0.033304	6.8072e-10	-0.03331	3.2078e-07	-3.2222e-07	0.045386	2.029e-09	-0.04539	3.2182e-07	-3.2344e-07
0.5	1.703e-06	-1.2782e-10	-1.6992e-06	3.1918e-07	-3.2018e-07	6.6266e-05	3.97e-11	-6.6388e-05	3.2038e-07	-3.1936e-07	0.0014398	7.084e-11	-0.001441	3.2054e-07	-3.1908e-07	0.008309	2.0646e-10	-0.0083104	3.2054e-07	-3.2068e-07	0.02014	2.3507e-10	-0.02014	3.203e-07	-3.2142e-07	0.033414	8.0214e-10	-0.033418	3.213e-07	-3.2318e-07	0.045578	2.021e-09	-0.045584	3.2288e-07	-3.2252e-07
0.505	1.7335e-06	-3.767e-11	-1.736e-06	3.1902e-07	-3.2108e-07	6.765e-05	-1.1254e-10	-6.7392e-05	3.203e-07	-3.1848e-07	0.0014578	-7.532e-11	-0.0014556	3.2002e-07	-3.1872e-07	0.0083686	1.0916e-10	-0.0083594	3.2106e-07	-3.1926e-07	0.020212	3.8313e-10	-0.02021	3.2044e-07	-3.2222e-07	0.03352	8.0207e-10	-0.033518	3.2216e-07	-3.2166e-07	0.045774	1.9198e-09	-0.045776	3.2318e-07	-3.2126e-07
0.51	1.7626e-06	1.34e-12	-1.7607e-06	3.1978e-07	-3.2034e-07	6.8402e-05	-8.526e-11	-6.8402e-05	3.19e-07	-3.1992e-07	0.001468	-1.91e-11	-0.0014678	3.1906e-07	-3.205e-07	0.0083936	-3.7e-12	-0.0083954	3.201e-07	-3.196e-07	0.02027	4.0114e-10	-0.020274	3.2168e-07	-3.2056e-07	0.033622	6.842e-10	-0.033616	3.2256e-07	-3.2064e-07	0.045968	1.8049e-09	-0.045952	3.227e-07	-3.217e-07
0.515	1.8023e-06	-6.23e-11	-1.8116e-06	3.2068e-07	-3.1906e-07	6.9866e-05	4.905e-11	-6.9848e-05	3.1912e-07	-3.2128e-07	0.0014824	1.0839e-10	-0.001484	3.192e-07	-3.212e-07	0.0084452	1.0937e-10	-0.0084428	3.1944e-07	-3.2138e-07	0.020356	2.5671e-10	-0.020346	3.2162e-07	-3.1942e-07	0.033724	6.2179e-10	-0.033722	3.2124e-07	-3.2164e-07	0.046138	1.8543e-09	-0.04614	3.2186e-07	-3.2306e-07
0.52	1.8385e-06	-1.8444e-10	-1.8327e-06	3.2054e-07	-3.1862e-07	7.056e-05	4.632e-11	-7.0556e-05	3.2044e-07	-3.1964e-07	0.0014954	1.2168e-10	-0.001497	3.2008e-07	-3.2012e-07	0.0084954	2.0624e-10	-0.008496	3.1994e-07	-3.215e-07	0.020406	2.508e-10	-0.020416	3.2078e-07	-3.2098e-07	0.033818	7.4875e-10	-0.033826	3.2112e-07	-3.2306e-07	0.046314	1.9409e-09	-0.046312	3.2196e-07	-3.2404e-07
0.525	1.873e-06	-2.1013e-10	-1.8726e-06	3.1954e-07	-3.1936e-07	7.1756e-05	-8.98e-11	-7.2066e-05	3.2048e-07	-3.1858e-07	0.0015116	9.43e-12	-0.0015108	3.205e-07	-3.1844e-07	0.008535	1.286e-10	-0.0085374	3.2096e-07	-3.1908e-07	0.020476	3.9689e-10	-0.020476	3.2068e-07	-3.2236e-07	0.033926	8.1287e-10	-0.033924	3.2202e-07	-3.22e-07	0.046486	1.9839e-09	-0.046484	3.2264e-07	-3.2326e-07
0.53	1.9077e-06	-1.1297e-10	-1.9035e-06	3.1892e-07	-3.2078e-07	7.3188e-05	-1.2409e-10	-7.309e-05	3.194e-07	-3.1972e-07	0.0015266	-8.171e-11	-0.0015258	3.1954e-07	-3.1934e-07	0.0085874	-2.24e-12	-0.008578	3.2042e-07	-3.195e-07	0.020542	4.0959e-10	-0.020542	3.219e-07	-3.2054e-07	0.034018	6.8299e-10	-0.034014	3.227e-07	-3.2076e-07	0.04665	1.8917e-09	-0.046648	3.234e-07	-3.2138e-07
0.535	1.9534e-06	-3.194e-11	-1.9356e-06	3.1926e-07	-3.2122e-07	7.3976e-05	7.32e-12	-7.398e-05	3.1882e-07	-3.2088e-07	0.0015412	3.501e-11	-0.001541	3.1874e-07	-3.2086e-07	0.0086228	7.34e-11	-0.0086236	3.1932e-07	-3.2094e-07	0.020618	2.5398e-10	-0.020604	3.2186e-07	-3.1984e-07	0.034116	6.0183e-10	-0.034112	3.2184e-07	-3.2118e-07	0.04682	1.7962e-09	-0.046814	3.2326e-07	-3.2134e-07
0.54	1.9829e-06	-2.184e-11	-1.9834e-06	3.2004e-07	-3.2022e-07	7.5068e-05	6.761e-11	-7.5134e-05	3.1992e-07	-3.2016e-07	0.0015546	1.2283e-10	-0.0015542	3.1978e-07	-3.2114e-07	0.0086704	1.9088e-10	-0.008671	3.197e-07	-3.2156e-07	0.020688	2.3308e-10	-0.02068	3.2056e-07	-3.2098e-07	0.034212	6.5058e-10	-0.034208	3.2124e-07	-3.2218e-07	0.046982	1.7565e-09	-0.046978	3.2236e-07	-3.2188e-07
0.545	2.0244e-06	-6.389e-11	-2.0166e-06	3.2048e-07	-3.1938e-07	7.6178e-05	-5.688e-11	-7.6218e-05	3.2042e-07	-3.1856e-07	0.0015694	8.475e-11	-0.00157	3.2038e-07	-3.1956e-07	0.0087056	1.668e-10	-0.0087086	3.2074e-07	-3.199e-07	0.020748	3.6967e-10	-0.020744	3.205e-07	-3.2256e-07	0.034306	7.7862e-10	-0.0343	3.214e-07	-3.2342e-07	0.047134	1.8054e-09	-0.04714	3.2216e-07	-3.229e-07
0.55	2.0593e-06	-1.8316e-10	-2.0551e-06	3.2056e-07	-3.1866e-07	7.7632e-05	-1.3614e-10	-7.7224e-05	3.1954e-07	-3.1918e-07	0.0015886	-5.671e-11	-0.0015846	3.2024e-07	-3.1854e-07	0.008752	2.057e-11	-0.0087496	3.2072e-07	-3.1906e-07	0.02081	3.613e-10	-0.020806	3.2172e-07	-3.208e-07	0.034402	7.7713e-10	-0.034394	3.2278e-07	-3.217e-07	0.047294	1.8776e-09	-0.04729	3.219e-07	-3.2426e-07
0.555	2.0907e-06	-2.3097e-10	-2.0987e-06	3.1958e-07	-3.19e-07	7.8602e-05	-7.66e-12	-7.8484e-05	3.1868e-07	-3.21e-07	0.0016004	-5.486e-11	-0.0016012	3.1958e-07	-3.1926e-07	0.0087948	2.521e-11	-0.008794	3.1982e-07	-3.206e-07	0.020874	2.1184e-10	-0.020868	3.2156e-07	-3.2002e-07	0.034492	6.2734e-10	-0.034486	3.2264e-07	-3.2094e-07	0.047442	1.9301e-09	-0.047432	3.2238e-07	-3.2394e-07
0.56	2.1363e-06	-1.4759e-10	-2.1504e-06	3.1874e-07	-3.2052e-07	7.9682e-05	6.543e-11	-7.977e-05	3.1998e-07	-3.2016e-07	0.0016158	3.887e-11	-0.001615	3.1876e-07	-3.2116e-07	0.0088336	1.6164e-10	-0.0088368	3.1924e-07	-3.217e-07	0.02094	2.2196e-10	-0.020946	3.2048e-07	-3.2154e-07	0.03458	6.2658e-10	-0.034578	3.2134e-07	-3.225e-07	0.047576	1.9234e-09	-0.047578	3.231e-07	-3.2358e-07
0.565	2.1757e-06	-1.0144e-10	-2.1757e-06	3.187e-07	-3.2098e-07	8.097e-05	-4.293e-11	-8.0852e-05	3.2056e-07	-3.1848e-07	0.00163	1.2385e-10	-0.0016296	3.1976e-07	-3.2056e-07	0.0088788	2.0286e-10	-0.008881	3.2064e-07	-3.2072e-07	0.021004	3.5539e-10	-0.021006	3.2042e-07	-3.2234e-07	0.03467	7.6119e-10	-0.034662	3.2156e-07	-3.2364e-07	0.047732	1.8603e-09	-0.047728	3.2386e-07	-3.2224e-07
0.57	2.229e-06	-3.365e-11	-2.2204e-06	3.195e-07	-3.2088e-07	8.2238e-05	-1.4689e-10	-8.23e-05	3.1946e-07	-3.1912e-07	0.0016446	4.139e-11	-0.0016424	3.206e-07	-3.1882e-07	0.0089342	9.006e-11	-0.0089338	3.2104e-07	-3.1902e-07	0.021076	3.643e-10	-0.021068	3.2184e-07	-3.2098e-07	0.034752	7.794e-10	-0.034754	3.225e-07	-3.219e-07	0.047868	1.7267e-09	-0.047858	3.2334e-07	-3.2166e-07
0.575	2.2613e-06	-6.88e-11	-2.2585e-06	3.2032e-07	-3.1968e-07	8.3388e-05	-2.701e-11	-8.3176e-05	3.1864e-07	-3.2088e-07	0.001659	-8.827e-11	-0.001658	3.1984e-07	-3.189e-07	0.008968	4.6e-13	-0.008975	3.2048e-07	-3.1974e-07	0.021136	2.0953e-10	-0.021128	3.2162e-07	-3.2002e-07	0.034844	6.3288e-10	-0.034848	3.228e-07	-3.2086e-07	0.048008	1.712e-09	-0.048004	3.2258e-07	-3.231e-07
0.58	2.3081e-06	-1.7699e-10	-2.3071e-06	3.2064e-07	-3.1862e-07	8.488e-05	6e-11	-8.4658e-05	3.199e-07	-3.2056e-07	0.0016806	-1.84e-12	-0.0016754	3.1878e-07	-3.2068e-07	0.009031	8.196e-11	-0.0090198	3.1956e-07	-3.2136e-07	0.021202	1.8019e-10	-0.021196	3.2102e-07	-3.2094e-07	0.034938	6.123e-10	-0.034938	3.2148e-07	-3.2212e-07	0.048142	1.812e-09	-0.048146	3.2218e-07	-3.242e-07
0.585	2.3895e-06	-2.5051e-10	-2.3657e-06	3.2042e-07	-3.1864e-07	8.584e-05	-3.639e-11	-8.622e-05	3.2054e-07	-3.1906e-07	0.0016948	1.1061e-10	-0.0016952	3.1942e-07	-3.2134e-07	0.0090674	1.9346e-10	-0.0090588	3.2e-07	-3.2156e-07	0.02126	3.0059e-10	-0.021246	3.202e-07	-3.2258e-07	0.035022	7.4517e-10	-0.035014	3.2142e-07	-3.2382e-07	0.048274	1.8827e-09	-0.048276	3.2278e-07	-3.242e-07
0.59	2.3977e-06	-2.3115e-10	-2.3948e-06	3.1954e-07	-3.193e-07	8.7088e-05	-1.3949e-10	-8.7138e-05	3.206e-07	-3.1842e-07	0.0017084	9.378e-11	-0.0017074	3.2048e-07	-3.1968e-07	0.0090926	1.5305e-10	-0.00909	3.211e-07	-3.1992e-07	0.021314	3.829e-10	-0.021308	3.2142e-07	-3.2182e-07	0.0351	7.7838e-10	-0.035094	3.2244e-07	-3.227e-07	0.048406	1.8585e-09	-0.0484	3.239e-07	-3.2302e-07
0.595	2.4417e-06	-1.4149e-10	-2.4439e-06	3.186e-07	-3.2058e-07	8.8482e-05	-1.3883e-10	-8.87e-05	3.1934e-07	-3.198e-07	0.0017218	-6.825e-11	-0.0017194	3.2038e-07	-3.1852e-07	0.0091432	3.63e-12	-0.009144	3.2072e-07	-3.1924e-07	0.021376	2.7864e-10	-0.021376	3.219e-07	-3.199e-07	0.03519	6.6153e-10	-0.035182	3.232e-07	-3.2096e-07	0.048538	1.7419e-09	-0.048536	3.2384e-07	-3.2196e-07
0.6	2.4901e-06	-6.79e-11	-2.4832e-06	3.1932e-07	-3.211e-07	8.9716e-05	-8.47e-12	-8.9744e-05	3.188e-07	-3.2118e-07	0.0017384	-5.64e-11	-0.0017368	3.1918e-07	-3.2002e-07	0.0091796	4.197e-11	-0.0091814	3.1948e-07	-3.2096e-07	0.021442	1.7749e-10	-0.021436	3.212e-07	-3.2086e-07	0.035266	5.8494e-10	-0.035266	3.2214e-07	-3.2192e-07	0.048662	1.6634e-09	-0.048666	3.2328e-07	-3.2274e-07
0.605	2.5341e-06	-7.196e-11	-2.5516e-06	3.199e-07	-3.2e-07	9.117e-05	3.951e-11	-9.13e-05	3.1966e-07	-3.2036e-07	0.0017526	7.447e-11	-0.0017534	3.19e-07	-3.212e-07	0.009219	1.7457e-10	-0.0092214	3.1976e-07	-3.2182e-07	0.021508	3.1957e-10	-0.021502	3.2036e-07	-3.227e-07	0.035354	7.1215e-10	-0.03536	3.2148e-07	-3.2382e-07	0.048782	1.7472e-09	-0.048784	3.2246e-07	-3.2424e-07
0.61	2.5936e-06	-1.5944e-10	-2.6039e-06	3.2044e-07	-3.1878e-07	9.2468e-05	-6.325e-11	-9.277e-05	3.2044e-07	-3.1848e-07	0.0017734	1.0433e-10	-0.0017684	3.2008e-07	-3.2004e-07	0.0092604	1.7393e-10	-0.0092598	3.2112e-07	-3.2012e-07	0.02156	3.7917e-10	-0.021564	3.212e-07	-3.2232e-07	0.035438	7.7821e-10	-0.035436	3.2276e-07	-3.2242e-07	0.048906	1.8316e-09	-0.048904	3.2274e-07	-3.2466e-07
0.615	2.6403e-06	-2.6777e-10	-2.6339e-06	3.2006e-07	-3.1862e-07	9.3978e-05	-1.6023e-10	-9.415e-05	3.1966e-07	-3.1932e-07	0.001789	-2.4e-11	-0.0017886	3.205e-07	-3.1878e-07	0.0093048	4.17e-12	-0.0093052	3.2094e-07	-3.1926e-07	0.021632	2.9688e-10	-0.021626	3.2204e-07	-3.2028e-07	0.035522	6.4122e-10	-0.035528	3.2328e-07	-3.2128e-07	0.04903	1.8475e-09	-0.049026	3.236e-07	-3.233e-07
0.62	2.6856e-06	-2.1312e-10	-2.6863e-06	3.1888e-07	-3.1998e-07	9.529e-05	-4.103e-11	-9.4542e-05	3.189e-07	-3.211e-07	0.0018002	-8.945e-11	-0.0018	3.1948e-07	-3.195e-07	0.0093588	7.029e-11	-0.0093478	3.1928e-07	-3.2116e-07	0.02169	1.6582e-10	-0.021684	3.2148e-07	-3.2074e-07	0.035604	5.756e-10	-0.035604	3.2246e-07	-3.2162e-07	0.049146	1.7632e-09	-0.049142	3.243e-07	-3.2266e-07
0.625	2.7438e-06	-1.2009e-10	-2.7407e-06	3.19e-07	-3.2114e-07	9.5994e-05	4.336e-11	-9.6208e-05	3.199e-07	-3.2044e-07	0.0018162	3.159e-11	-0.0018158	3.19e-07	-3.2134e-07	0.0093894	1.992e-10	-0.0093868	3.203e-07	-3.215e-07	0.021768	2.7541e-10	-0.02176	3.2072e-07	-3.2192e-07	0.035686	6.8319e-10	-0.035684	3.2148e-07	-3.2362e-07	0.049262	1.6466e-09	-0.049254	3.2388e-07	-3.2266e-07
0.63	2.7931e-06	-7.324e-11	-2.7967e-06	3.1972e-07	-3.2046e-07	9.7192e-05	-4.945e-11	-9.7116e-05	3.2048e-07	-3.1874e-07	0.0018368	1.1431e-10	-0.0018388	3.1996e-07	-3.2072e-07	0.0094338	1.0732e-10	-0.0094312	3.2126e-07	-3.1962e-07	0.021828	3.7049e-10	-0.021826	3.2066e-07	-3.2278e-07	0.035766	7.785e-10	-0.035768	3.225e-07	-3.2342e-07	0.049372	1.6763e-09	-0.049374	3.2318e-07	-3.2324e-07
0.635	2.843e-06	-1.3212e-10	-2.8317e-06	3.2044e-07	-3.193e-07	9.8952e-05	-1.7103e-10	-9.8934e-05	3.2008e-07	-3.1884e-07	0.0018542	3.418e-11	-0.001854	3.2056e-07	-3.1892e-07	0.0094746	-7.58e-12	-0.009478	3.203e-07	-3.1996e-07	0.021898	3.5302e-10	-0.021892	3.2204e-07	-3.2142e-07	0.035846	7.0688e-10	-0.035848	3.2334e-07	-3.2156e-07	0.049488	1.7475e-09	-0.049492	3.2252e-07	-3.2486e-07
0.64	2.8889e-06	-2.5349e-10	-2.8953e-06	3.2038e-07	-3.1842e-07	0.000100112	-1.1464e-10	-0.000100634	3.1902e-07	-3.2046e-07	0.0018638	-9.845e-11	-0.001863	3.2e-07	-3.192e-07	0.0095176	1.3719e-10	-0.0095184	3.1972e-07	-3.2188e-07	0.021958	2.1116e-10	-0.021946	3.2222e-07	-3.204e-07	0.035934	5.7155e-10	-0.035928	3.2282e-07	-3.214e-07	0.049604	1.8242e-09	-0.049592	3.2316e-07	-3.2488e-07
0.645	2.9457e-06	-2.9319e-10	-2.9571e-06	3.1966e-07	-3.188e-07	0.000101894	1.467e-11	-0.000101816	3.1906e-07	-3.2096e-07	0.00188	-7.64e-12	-0.0018868	3.1894e-07	-3.209e-07	0.0095618	1.8109e-10	-0.0095602	3.2102e-07	-3.205e-07	0.022006	1.8684e-10	-0.021996	3.208e-07	-3.2154e-07	0.036014	6.0903e-10	-0.036016	3.219e-07	-3.2308e-07	0.049718	1.8121e-09	-0.049722	3.2406e-07	-3.2344e-07
0.65	2.9996e-06	-2.5692e-10	-2.9919e-06	3.1918e-07	-3.1986e-07	0.000103486	7.5e-13	-0.000103132	3.203e-07	-3.1942e-07	0.0018952	1.0142e-10	-0.0018954	3.1962e-07	-3.2126e-07	0.0096038	1.217e-11	-0.0096056	3.2096e-07	-3.1942e-07	0.022078	3.2084e-10	-0.022066	3.2078e-07	-3.2296e-07	0.036088	7.4207e-10	-0.036112	3.2184e-07	-3.2386e-07	0.049836	1.7063e-09	-0.049814	3.2436e-07	-3.2268e-07
0.655	3.0637e-06	-1.6994e-10	-3.0626e-06	3.187e-07	-3.2082e-07	0.000104724	-1.5552e-10	-0.000105004	3.2018e-07	-3.1868e-07	0.0019168	6.331e-11	-0.0019158	3.207e-07	-3.195e-07	0.0096492	5.086e-11	-0.0096538	3.1944e-07	-3.21e-07	0.022122	3.5792e-10	-0.022124	3.221e-07	-3.214e-07	0.036166	7.5314e-10	-0.036168	3.2292e-07	-3.2308e-07	0.049926	1.6186e-09	-0.04993	3.2362e-07	-3.2306e-07
0.66	3.1187e-06	-1.0124e-10	-3.1179e-06	3.1932e-07	-3.209e-07	0.000106928	-1.3745e-10	-0.000106478	3.1882e-07	-3.1956e-07	0.0019338	-8.331e-11	-0.001935	3.2024e-07	-3.1862e-07	0.0096962	1.9015e-10	-0.009687	3.1958e-07	-3.22e-07	0.022188	1.8984e-10	-0.022192	3.2216e-07	-3.2022e-07	0.03625	6.6716e-10	-0.036248	3.2356e-07	-3.2162e-07	0.050028	1.7273e-09	-0.050032	3.2276e-07	-3.251e-07
0.665	3.1682e-06	-1.3449e-10	-3.1713e-06	3.2036e-07	-3.1948e-07	0.000107902	-4.09e-11	-0.000108238	3.1876e-07	-3.21e-07	0.0019526	-5.918e-11	-0.001952	3.191e-07	-3.2038e-07	0.0097296	1.8819e-10	-0.0097346	3.207e-07	-3.207e-07	0.022254	1.8618e-10	-0.02227	3.2144e-07	-3.2112e-07	0.036312	5.6707e-10	-0.036312	3.224e-07	-3.222e-07	0.050122	1.8197e-09	-0.05013	3.238e-07	-3.2466e-07
0.67	3.2437e-06	-2.3403e-10	-3.2479e-06	3.2044e-07	-3.1854e-07	0.000109596	2.256e-11	-0.000109746	3.1912e-07	-3.2088e-07	0.0019598	7.706e-11	-0.0019644	3.1936e-07	-3.214e-07	0.0097714	2.855e-11	-0.0097726	3.2106e-07	-3.192e-07	0.022324	2.959e-10	-0.022324	3.2048e-07	-3.2296e-07	0.036392	6.9105e-10	-0.036396	3.217e-07	-3.2406e-07	0.05023	1.7642e-09	-0.050238	3.245e-07	-3.233e-07
0.675	3.2929e-06	-3.2235e-10	-3.3002e-06	3.2006e-07	-3.1896e-07	0.000111304	-1.182e-11	-0.000110702	3.205e-07	-3.1974e-07	0.0019784	8.261e-11	-0.0019786	3.2048e-07	-3.199e-07	0.0098196	-7.98e-12	-0.0098144	3.2008e-07	-3.2014e-07	0.022368	3.5704e-10	-0.022372	3.2168e-07	-3.2202e-07	0.036468	7.7092e-10	-0.036478	3.2302e-07	-3.233e-07	0.050334	1.6327e-09	-0.050328	3.2414e-07	-3.226e-07
0.68	3.3459e-06	-2.7301e-10	-3.358e-06	3.1896e-07	-3.201e-07	0.000112452	-1.8254e-10	-0.00011241	3.2048e-07	-3.1874e-07	0.002001	-6.717e-11	-0.0019982	3.2042e-07	-3.187e-07	0.0098782	1.1618e-10	-0.0098748	3.1968e-07	-3.2192e-07	0.022444	2.522e-10	-0.02244	3.223e-07	-3.2046e-07	0.036542	6.6665e-10	-0.036544	3.235e-07	-3.2178e-07	0.050438	1.62e-09	-0.050434	3.2356e-07	-3.2406e-07
0.685	3.4327e-06	-1.8019e-10	-3.4264e-06	3.1898e-07	-3.2128e-07	0.00011398	-1.5256e-10	-0.000114252	3.1934e-07	-3.1948e-07	0.0020124	-6.052e-11	-0.0020112	3.1912e-07	-3.2044e-07	0.0099012	1.9627e-10	-0.0099028	3.205e-07	-3.2112e-07	0.022502	1.5356e-10	-0.02249	3.2132e-07	-3.2146e-07	0.036624	5.6074e-10	-0.036616	3.2262e-07	-3.2218e-07	0.050524	1.6754e-09	-0.050528	3.2312e-07	-3.2478e-07
0.69	3.4891e-06	-1.2602e-10	-3.4873e-06	3.196e-07	-3.2076e-07	0.00011564	1.207e-11	-0.00011578	3.2038e-07	-3.1866e-07	0.0020322	8.292e-11	-0.0020324	3.1922e-07	-3.2116e-07	0.0099446	1.063e-10	-0.0099452	3.212e-07	-3.1956e-07	0.022556	2.5034e-10	-0.022556	3.2032e-07	-3.234e-07	0.036696	6.8284e-10	-0.036702	3.2202e-07	-3.242e-07	0.05063	1.7735e-09	-0.050632	3.2324e-07	-3.2536e-07
0.695	3.551e-06	-1.7886e-10	-3.5521e-06	3.2036e-07	-3.1966e-07	0.00011748	-1.9611e-10	-0.00011714	3.197e-07	-3.1952e-07	0.002045	7.054e-11	-0.0020448	3.2048e-07	-3.1972e-07	0.0099882	-1.508e-11	-0.0099818	3.2054e-07	-3.1992e-07	0.022616	3.0956e-10	-0.022618	3.2146e-07	-3.2248e-07	0.036766	7.679e-10	-0.036764	3.2308e-07	-3.2364e-07	0.050722	1.8062e-09	-0.050726	3.2416e-07	-3.2454e-07
0.7	3.6193e-06	-2.9775e-10	-3.6479e-06	3.2028e-07	-3.1856e-07	0.00011892	-7.803e-11	-0.00011906	3.1882e-07	-3.2108e-07	0.0020574	-8.417e-11	-0.002066	3.2042e-07	-3.1866e-07	0.0100376	7.409e-11	-0.010031	3.1974e-07	-3.2152e-07	0.022668	2.2313e-10	-0.022682	3.2212e-07	-3.2064e-07	0.036842	6.7319e-10	-0.036852	3.238e-07	-3.2212e-07	0.050812	1.7183e-09	-0.050816	3.2504e-07	-3.231e-07
0.705	3.718e-06	-3.5051e-10	-3.7058e-06	3.1976e-07	-3.1924e-07	0.0001209	4.44e-12	-0.00012102	3.197e-07	-3.2048e-07	0.002085	-8.812e-11	-0.0020846	3.1912e-07	-3.1984e-07	0.0100768	1.8464e-10	-0.01008	3.202e-07	-3.218e-07	0.02274	1.4036e-10	-0.022736	3.2144e-07	-3.2134e-07	0.036916	5.5936e-10	-0.036918	3.23e-07	-3.2246e-07	0.050904	1.5935e-09	-0.050906	3.2406e-07	-3.2348e-07
0.71	3.746e-06	-2.7076e-10	-3.7408e-06	3.1866e-07	-3.2038e-07	0.00012264	-7.459e-11	-0.00012282	3.2064e-07	-3.1904e-07	0.0020994	4.035e-11	-0.0020944	3.1904e-07	-3.2138e-07	0.0101146	1.3902e-10	-0.010122	3.2096e-07	-3.2062e-07	0.0228	3.102e-10	-0.022788	3.2096e-07	-3.2326e-07	0.03699	6.7302e-10	-0.036994	3.2184e-07	-3.2408e-07	0.051	1.7001e-09	-0.051004	3.234e-07	-3.255e-07
0.715	3.8607e-06	-1.8425e-10	-3.8513e-06	3.1894e-07	-3.2126e-07	0.000124	-2.1115e-10	-0.00012394	3.1968e-07	-3.191e-07	0.002114	9.421e-11	-0.0021196	3.1998e-07	-3.209e-07	0.0101674	4.098e-11	-0.0101612	3.2144e-07	-3.1932e-07	0.022868	3.7424e-10	-0.022862	3.2206e-07	-3.2204e-07	0.037064	7.555e-10	-0.037076	3.2286e-07	-3.2392e-07	0.051088	1.7982e-09	-0.05109	3.2418e-07	-3.2518e-07
0.72	3.9254e-06	-1.6192e-10	-3.9278e-06	3.1982e-07	-3.2028e-07	0.0001259	-1.2784e-10	-0.00012562	3.188e-07	-3.2074e-07	0.0021362	1.561e-11	-0.002134	3.2084e-07	-3.1898e-07	0.0102016	-2.78e-12	-0.0101996	3.2048e-07	-3.2004e-07	0.02295	3.0223e-10	-0.022942	3.225e-07	-3.2052e-07	0.037138	7.0561e-10	-0.03714	3.2372e-07	-3.224e-07	0.051206	1.7372e-09	-0.051198	3.2494e-07	-3.2366e-07
0.725	3.9984e-06	-2.394e-10	-3.9885e-06	3.2042e-07	-3.1908e-07	0.00012744	-1.598e-11	-0.00012736	3.1932e-07	-3.2086e-07	0.0021534	-1.1034e-10	-0.0021532	3.2024e-07	-3.1874e-07	0.0102322	1.0538e-10	-0.0102344	3.1954e-07	-3.2146e-07	0.023008	1.8123e-10	-0.022988	3.2194e-07	-3.2082e-07	0.037218	5.7484e-10	-0.037216	3.2358e-07	-3.2212e-07	0.051302	1.5946e-09	-0.051274	3.244e-07	-3.2322e-07
0.73	4.0641e-06	-3.6129e-10	-4.0679e-06	3.2012e-07	-3.187e-07	0.00012918	-5.325e-11	-0.00012908	3.2048e-07	-3.1932e-07	0.0021666	-6.217e-11	-0.0021672	3.1906e-07	-3.2068e-07	0.0102714	1.8946e-10	-0.0102768	3.1994e-07	-3.2206e-07	0.023048	2.492e-10	-0.023056	3.2078e-07	-3.2272e-07	0.037292	5.8746e-10	-0.037288	3.2226e-07	-3.2344e-07	0.051372	1.6559e-09	-0.051368	3.2346e-07	-3.251e-07
0.735	4.1373e-06	-3.708e-10	-4.1335e-06	3.1968e-07	-3.19e-07	0.00013102	-2.0307e-10	-0.00013102	3.2016e-07	-3.1864e-07	0.0021834	8.085e-11	-0.0021876	3.1924e-07	-3.2148e-07	0.010329	1.4537e-10	-0.0103278	3.2116e-07	-3.2026e-07	0.023108	3.6141e-10	-0.023106	3.2138e-07	-3.2296e-07	0.037352	7.2863e-10	-0.03736	3.2264e-07	-3.2478e-07	0.051462	1.7705e-09	-0.051462	3.2398e-07	-3.2558e-07
0.74	4.2229e-06	-3.2374e-10	-4.2241e-06	3.1894e-07	-3.2014e-07	0.0001335	-2.0927e-10	-0.00013362	3.1922e-07	-3.1974e-07	0.002204	6.494e-11	-0.002203	3.205e-07	-3.196e-07	0.0103732	1.646e-11	-0.0103634	3.2108e-07	-3.196e-07	0.023172	3.106e-10	-0.023166	3.2254e-07	-3.2112e-07	0.037436	7.4644e-10	-0.037434	3.2346e-07	-3.2308e-07	0.051544	1.7573e-09	-0.051546	3.25e-07	-3.2418e-07
0.745	4.3045e-06	-2.368e-10	-4.3156e-06	3.1902e-07	-3.2134e-07	0.00013532	-1.2034e-10	-0.0001354	3.1864e-07	-3.2116e-07	0.0022192	-4.375e-11	-0.0022196	3.2068e-07	-3.188e-07	0.0104054	6.24e-12	-0.0104054	3.2008e-07	-3.2074e-07	0.02324	1.6368e-10	-0.02323	3.2216e-07	-3.2084e-07	0.03751	6.2654e-10	-0.0375	3.2376e-07	-3.2218e-07	0.051628	1.6654e-09	-0.051628	3.2522e-07	-3.2332e-07
0.75	4.3814e-06	-1.9283e-10	-4.3941e-06	3.1988e-07	-3.2064e-07	0.00013726	-2.585e-11	-0.0001366	3.1968e-07	-3.2082e-07	0.002237	-1.1908e-10	-0.0022358	3.1956e-07	-3.1978e-07	0.0104424	1.4034e-10	-0.0104538	3.1986e-07	-3.2206e-07	0.023288	2.3704e-10	-0.023294	3.2092e-07	-3.2274e-07	0.03758	5.6664e-10	-0.037582	3.2284e-07	-3.234e-07	0.051724	1.582e-09	-0.051708	3.2472e-07	-3.2362e-07
0.755	4.4664e-06	-2.5664e-10	-4.4719e-06	3.2032e-07	-3.192e-07	0.00013908	-8.798e-11	-0.00013948	3.2056e-07	-3.191e-07	0.0022554	5.91e-12	-0.0022566	3.1876e-07	-3.212e-07	0.0104948	1.8462e-10	-0.0104952	3.2054e-07	-3.2154e-07	0.023356	3.5518e-10	-0.02335	3.217e-07	-3.2284e-07	0.037652	6.9798e-10	-0.037648	3.2224e-07	-3.2452e-07	0.051798	1.6552e-09	-0.051784	3.2374e-07	-3.2538e-07
0.76	4.5385e-06	-3.8079e-10	-4.5625e-06	3.2056e-07	-3.185e-07	0.00014076	-2.3203e-10	-0.00014076	3.1984e-07	-3.186e-07	0.0022714	8.26e-11	-0.0022722	3.2022e-07	-3.2046e-07	0.010541	9.594e-11	-0.0105354	3.214e-07	-3.1992e-07	0.023414	2.8507e-10	-0.023404	3.2274e-07	-3.2116e-07	0.03772	7.4753e-10	-0.037726	3.2352e-07	-3.2338e-07	0.051898	1.7724e-09	-0.051906	3.2418e-07	-3.2588e-07
0.765	4.6178e-06	-4.1627e-10	-4.5836e-06	3.1964e-07	-3.1916e-07	0.00014272	-1.8122e-10	-0.0001425	3.1882e-07	-3.2046e-07	0.0022948	-1.306e-11	-0.0022892	3.2084e-07	-3.192e-07	0.0105868	-2.095e-11	-0.0105774	3.2042e-07	-3.2028e-07	0.023458	1.5015e-10	-0.023466	3.2196e-07	-3.212e-07	0.03779	5.7998e-10	-0.037796	3.2366e-07	-3.2218e-07	0.051974	1.7591e-09	-0.051976	3.254e-07	-3.2444e-07
0.77	4.6805e-06	-3.2565e-10	-4.6885e-06	3.188e-07	-3.2068e-07	0.00014486	-5.897e-11	-0.00014482	3.1904e-07	-3.2126e-07	0.0023088	-1.323e-10	-0.0023102	3.1972e-07	-3.1932e-07	0.0106248	8.744e-11	-0.0106364	3.1982e-07	-3.2214e-07	0.023536	2.2802e-10	-0.023518	3.2086e-07	-3.2316e-07	0.037868	5.8338e-10	-0.037864	3.2258e-07	-3.238e-07	0.05206	1.6559e-09	-0.052038	3.2534e-07	-3.2354e-07
0.775	4.7979e-06	-2.4484e-10	-4.7703e-06	3.19e-07	-3.2132e-07	0.00014698	-7.416e-11	-0.00014686	3.2038e-07	-3.1962e-07	0.0023272	-8.39e-12	-0.0023256	3.1884e-07	-3.2108e-07	0.0106678	1.8268e-10	-0.0106704	3.2068e-07	-3.2166e-07	0.023578	3.3984e-10	-0.023582	3.2156e-07	-3.234e-07	0.03793	7.1967e-10	-0.037934	3.2268e-07	-3.2474e-07	0.052132	1.5787e-09	-0.05212	3.2474e-07	-3.2416e-07
0.78	4.8781e-06	-2.3726e-10	-4.8411e-06	3.1984e-07	-3.204e-07	0.00014894	-1.9428e-10	-0.0001487	3.2026e-07	-3.1844e-07	0.0023454	7.459e-11	-0.0023446	3.2002e-07	-3.207e-07	0.0107174	1.247e-10	-0.0107286	3.2144e-07	-3.2006e-07	0.023634	2.9663e-10	-0.023636	3.2254e-07	-3.2164e-07	0.038004	7.3147e-10	-0.038026	3.2398e-07	-3.2346e-07	0.052212	1.6488e-09	-0.052206	3.2384e-07	-3.2556e-07
0.785	4.95e-06	-3.3045e-10	-4.9532e-06	3.2054e-07	-3.1866e-07	0.0001508	-2.4821e-10	-0.0001507	3.194e-07	-3.1942e-07	0.0023622	-1.468e-11	-0.0023616	3.208e-07	-3.1908e-07	0.0107644	-1.694e-11	-0.0107628	3.2114e-07	-3.1992e-07	0.0237	1.4924e-10	-0.023702	3.2216e-07	-3.212e-07	0.038076	5.9351e-10	-0.038072	3.241e-07	-3.223e-07	0.052286	1.7471e-09	-0.052298	3.2414e-07	-3.2632e-07
0.79	5.067e-06	-4.3001e-10	-5.0649e-06	3.2032e-07	-3.1872e-07	0.00015292	-1.2704e-10	-0.00015296	3.189e-07	-3.2126e-07	0.0023772	-1.3707e-10	-0.0023758	3.1968e-07	-3.1948e-07	0.0108198	4.154e-11	-0.0108156	3.1984e-07	-3.2156e-07	0.023758	2.0119e-10	-0.023772	3.2094e-07	-3.2274e-07	0.038146	5.5929e-10	-0.038152	3.232e-07	-3.2366e-07	0.052374	1.778e-09	-0.052374	3.253e-07	-3.251e-07
0.795	5.1787e-06	-4.5492e-10	-5.1879e-06	3.1962e-07	-3.1896e-07	0.00015526	-5.62e-11	-0.0001548	3.1998e-07	-3.205e-07	0.0023942	-1.765e-11	-0.0023952	3.1886e-07	-3.211e-07	0.0108568	1.5959e-10	-0.010858	3.2022e-07	-3.2216e-07	0.023818	3.2914e-10	-0.023824	3.215e-07	-3.2336e-07	0.038214	7.1582e-10	-0.038216	3.2258e-07	-3.2516e-07	0.05246	1.7091e-09	-0.052458	3.2566e-07	-3.2418e-07
0.8	5.2246e-06	-3.892e-10	-5.2287e-06	3.1896e-07	-3.203e-07	0.00015696	-1.2192e-10	-0.00015702	3.2056e-07	-3.1912e-07	0.0024124	6.527e-11	-0.0024216	3.1982e-07	-3.2068e-07	0.0108976	1.5032e-10	-0.0109004	3.2152e-07	-3.2052e-07	0.02388	2.9722e-10	-0.02389	3.2234e-07	-3.2206e-07	0.038286	7.5339e-10	-0.038274	3.2388e-07	-3.2434e-07	0.052534	1.5965e-09	-0.052542	3.2544e-07	-3.2394e-07
0.805	5.3074e-06	-3.0456e-10	-5.325e-06	3.1908e-07	-3.2136e-07	0.0001596	-2.6667e-10	-0.00015908	3.1986e-07	-3.1862e-07	0.0024314	-6.13e-12	-0.0024268	3.2056e-07	-3.1966e-07	0.010946	-8.68e-12	-0.01094	3.213e-07	-3.1974e-07	0.023952	1.7804e-10	-0.023938	3.2258e-07	-3.211e-07	0.038342	6.4618e-10	-0.038344	3.243e-07	-3.226e-07	0.052618	1.595e-09	-0.05262	3.2468e-07	-3.2528e-07
0.81	5.4181e-06	-2.7289e-10	-5.4101e-06	3.1984e-07	-3.2058e-07	0.0001616	-2.1762e-10	-0.00016166	3.1874e-07	-3.2052e-07	0.0024516	-1.1776e-10	-0.0024578	3.205e-07	-3.188e-07	0.010992	4.62e-12	-0.0109838	3.2018e-07	-3.2138e-07	0.024002	1.4839e-10	-0.024008	3.215e-07	-3.2228e-07	0.038428	5.4895e-10	-0.03843	3.2332e-07	-3.234e-07	0.052688	1.6979e-09	-0.052686	3.2428e-07	-3.2634e-07
0.815	5.5472e-06	-3.4225e-10	-5.494e-06	3.2058e-07	-3.192e-07	0.00016348	-9.386e-11	-0.00016334	3.193e-07	-3.2128e-07	0.0024708	-1.167e-10	-0.0024716	3.1928e-07	-3.2026e-07	0.0110238	1.3849e-10	-0.011029	3.2012e-07	-3.2236e-07	0.024068	2.6423e-10	-0.024074	3.2112e-07	-3.2366e-07	0.038494	6.6927e-10	-0.038488	3.2264e-07	-3.253e-07	0.052774	1.7736e-09	-0.052768	3.2492e-07	-3.268e-07
0.82	5.6629e-06	-4.6831e-10	-5.6487e-06	3.202e-07	-3.1848e-07	0.0001655	-1.0528e-10	-0.00016546	3.2026e-07	-3.1974e-07	0.0024956	1.292e-11	-0.002497	3.1924e-07	-3.2156e-07	0.0110778	1.5954e-10	-0.0110654	3.2128e-07	-3.2076e-07	0.024126	3.1004e-10	-0.024122	3.224e-07	-3.2228e-07	0.038564	7.5162e-10	-0.038568	3.24e-07	-3.2448e-07	0.05285	1.7586e-09	-0.052848	3.2578e-07	-3.2506e-07
0.825	5.8063e-06	-4.9076e-10	-5.8009e-06	3.193e-07	-3.1946e-07	0.0001679	-2.0904e-10	-0.00016794	3.2052e-07	-3.1852e-07	0.0025088	3.809e-11	-0.0025076	3.2012e-07	-3.2074e-07	0.0111164	-8.6e-12	-0.0111198	3.212e-07	-3.1966e-07	0.024202	1.8567e-10	-0.024196	3.2292e-07	-3.2128e-07	0.038632	6.5648e-10	-0.03864	3.2466e-07	-3.2294e-07	0.052924	1.6451e-09	-0.052924	3.2602e-07	-3.2442e-07
0.83	5.814e-06	-3.9399e-10	-5.847e-06	3.1868e-07	-3.2096e-07	0.00017144	-2.7875e-10	-0.00017004	3.196e-07	-3.1938e-07	0.0025338	-6.06e-11	-0.0025282	3.2078e-07	-3.1912e-07	0.0111532	1.124e-11	-0.011153	3.201e-07	-3.2148e-07	0.024258	1.4628e-10	-0.024246	3.2168e-07	-3.2214e-07	0.038704	5.4312e-10	-0.038696	3.237e-07	-3.234e-07	0.05301	1.5715e-09	-0.053	3.2554e-07	-3.2434e-07
0.835	5.9199e-06	-3.2002e-10	-5.9098e-06	3.193e-07	-3.2126e-07	0.00017214	-1.7981e-10	-0.00017262	3.187e-07	-3.2088e-07	0.002548	-1.5306e-10	-0.0025456	3.2e-07	-3.189e-07	0.0112142	1.3993e-10	-0.0112024	3.2004e-07	-3.2244e-07	0.024316	2.8869e-10	-0.024306	3.2144e-07	-3.2366e-07	0.038768	6.6573e-10	-0.038764	3.2294e-07	-3.2508e-07	0.053088	1.6047e-09	-0.053082	3.2466e-07	-3.2592e-07
0.84	6.0234e-06	-3.3188e-10	-6.0122e-06	3.1976e-07	-3.2004e-07	0.0001746	-9.585e-11	-0.00017532	3.1974e-07	-3.2074e-07	0.0025686	-9.015e-11	-0.002572	3.1922e-07	-3.205e-07	0.0112494	1.5599e-10	-0.011249	3.2148e-07	-3.209e-07	0.024382	3.5063e-10	-0.024392	3.2248e-07	-3.2252e-07	0.038834	7.5052e-10	-0.03884	3.2412e-07	-3.245e-07	0.053154	1.7148e-09	-0.053158	3.2444e-07	-3.2694e-07
0.845	6.155e-06	-4.2583e-10	-6.1411e-06	3.2042e-07	-3.1886e-07	0.0001775	-1.6671e-10	-0.00017694	3.2032e-07	-3.1892e-07	0.0025884	1.361e-11	-0.0025914	3.1936e-07	-3.2134e-07	0.0113	1.721e-11	-0.0113082	3.2168e-07	-3.1968e-07	0.02444	2.2797e-10	-0.024448	3.23e-07	-3.2116e-07	0.038908	6.3563e-10	-0.038902	3.2458e-07	-3.2282e-07	0.053234	1.7646e-09	-0.053236	3.25e-07	-3.268e-07
0.85	6.2393e-06	-5.1591e-10	-6.2564e-06	3.2038e-07	-3.1848e-07	0.00017924	-3.0762e-10	-0.0001788	3.1986e-07	-3.1864e-07	0.0026126	1.152e-11	-0.0026072	3.2072e-07	-3.1962e-07	0.0113394	-2.663e-11	-0.0113446	3.203e-07	-3.2074e-07	0.024512	1.5128e-10	-0.024504	3.2198e-07	-3.2222e-07	0.038974	5.447e-10	-0.03897	3.2362e-07	-3.2368e-07	0.053316	1.7807e-09	-0.05331	3.26e-07	-3.2564e-07
0.855	6.3608e-06	-5.5255e-10	-6.3853e-06	3.1974e-07	-3.1898e-07	0.00018128	-2.5208e-10	-0.00018182	3.188e-07	-3.2056e-07	0.002631	-1.3357e-10	-0.002628	3.206e-07	-3.1878e-07	0.0113898	1.0001e-10	-0.011391	3.2e-07	-3.2244e-07	0.024576	2.7872e-10	-0.024578	3.215e-07	-3.24e-07	0.03906	6.6912e-10	-0.039054	3.2306e-07	-3.2564e-07	0.053392	1.6734e-09	-0.053398	3.2656e-07	-3.2468e-07
0.86	6.5015e-06	-4.9696e-10	-6.4767e-06	3.1872e-07	-3.2012e-07	0.00018438	-1.3354e-10	-0.00018428	3.19e-07	-3.2106e-07	0.0026488	-1.4346e-10	-0.0026544	3.1912e-07	-3.2002e-07	0.0114444	1.687e-10	-0.0114362	3.209e-07	-3.214e-07	0.024636	3.4577e-10	-0.024636	3.2254e-07	-3.2296e-07	0.03913	7.4924e-10	-0.039132	3.243e-07	-3.248e-07	0.053478	1.5772e-09	-0.053472	3.2578e-07	-3.2492e-07
0.865	6.6299e-06	-4.0909e-10	-6.6037e-06	3.19e-07	-3.2126e-07	0.00018672	-1.5173e-10	-0.0001867	3.203e-07	-3.1944e-07	0.002669	-1.642e-11	-0.0026708	3.1896e-07	-3.2132e-07	0.011489	6.83e-11	-0.0114904	3.218e-07	-3.1984e-07	0.024704	2.257e-10	-0.024698	3.2302e-07	-3.2128e-07	0.0392	6.4721e-10	-0.039198	3.2474e-07	-3.2292e-07	0.053552	1.6334e-09	-0.05355	3.2492e-07	-3.266e-07
0.87	6.75e-06	-3.7425e-10	-6.8184e-06	3.1906e-07	-3.211e-07	0.00018954	-3.0469e-10	-0.00018918	3.2014e-07	-3.187e-07	0.0026946	3.242e-11	-0.0026968	3.1982e-07	-3.2076e-07	0.011556	4.919e-11	-0.0115428	3.199e-07	-3.2216e-07	0.024764	1.3615e-10	-0.024758	3.225e-07	-3.215e-07	0.03927	5.4033e-10	-0.03927	3.2374e-07	-3.2358e-07	0.053626	1.7383e-09	-0.053622	3.2488e-07	-3.2746e-07
0.875	6.8938e-06	-3.8972e-10	-6.8698e-06	3.201e-07	-3.202e-07	0.00019176	-3.0936e-10	-0.00019162	3.1894e-07	-3.1984e-07	0.0027144	-4.93e-11	-0.0027114	3.2064e-07	-3.1898e-07	0.011586	1.4523e-10	-0.011579	3.205e-07	-3.223e-07	0.02484	2.0468e-10	-0.02483	3.2154e-07	-3.2346e-07	0.039336	6.6422e-10	-0.039332	3.232e-07	-3.2554e-07	0.053698	1.7832e-09	-0.053694	3.2558e-07	-3.268e-07
0.88	7.0037e-06	-4.8165e-10	-6.9896e-06	3.2044e-07	-3.196e-07	0.0001941	-1.8566e-10	-0.00019446	3.1874e-07	-3.2138e-07	0.0027316	-1.8009e-10	-0.002733	3.1996e-07	-3.1908e-07	0.011646	1.4494e-10	-0.0116362	3.2136e-07	-3.2106e-07	0.024894	3.1796e-10	-0.024894	3.2196e-07	-3.2376e-07	0.039402	7.4016e-10	-0.039408	3.2386e-07	-3.254e-07	0.05378	1.75e-09	-0.053774	3.2646e-07	-3.2578e-07
0.885	7.0627e-06	-5.6401e-10	-7.0936e-06	3.2042e-07	-3.1852e-07	0.00019694	-1.515e-10	-0.00019698	3.201e-07	-3.1976e-07	0.0027552	-1.0357e-10	-0.0027612	3.1888e-07	-3.211e-07	0.011686	3.535e-11	-0.0116776	3.2194e-07	-3.1998e-07	0.024956	2.7217e-10	-0.024964	3.233e-07	-3.2194e-07	0.039492	6.8224e-10	-0.039484	3.2476e-07	-3.236e-07	0.053848	1.6779e-09	-0.053844	3.267e-07	-3.2496e-07
0.89	7.2574e-06	-6.0683e-10	-7.2184e-06	3.1964e-07	-3.1932e-07	0.00019972	-2.8132e-10	-0.0001994	3.2044e-07	-3.1874e-07	0.002779	1.232e-11	-0.0027764	3.1948e-07	-3.2132e-07	0.011748	1.038e-11	-0.011734	3.2026e-07	-3.2172e-07	0.025012	1.2523e-10	-0.025008	3.2274e-07	-3.217e-07	0.039556	5.5561e-10	-0.039552	3.2458e-07	-3.2314e-07	0.053926	1.5831e-09	-0.053918	3.262e-07	-3.2522e-07
0.895	7.3797e-06	-5.2723e-10	-7.3224e-06	3.1868e-07	-3.2062e-07	0.0002022	-3.59e-10	-0.00020194	3.1952e-07	-3.1934e-07	0.0027972	-2.243e-11	-0.0027988	3.2044e-07	-3.2014e-07	0.01179	1.205e-10	-0.011794	3.203e-07	-3.2246e-07	0.025084	1.9063e-10	-0.02507	3.2136e-07	-3.2352e-07	0.03963	5.9641e-10	-0.039632	3.2334e-07	-3.2516e-07	0.054008	1.6238e-09	-0.053994	3.2524e-07	-3.2648e-07
0.9	7.5038e-06	-4.4271e-10	-7.489e-06	3.19e-07	-3.2116e-07	0.00020514	-2.4813e-10	-0.00020506	3.1886e-07	-3.2114e-07	0.0028272	-1.3465e-10	-0.0028156	3.2056e-07	-3.1878e-07	0.011844	1.5423e-10	-0.011842	3.2142e-07	-3.2128e-07	0.025146	3.1685e-10	-0.025154	3.2216e-07	-3.241e-07	0.039702	7.0604e-10	-0.039708	3.235e-07	-3.2576e-07	0.054076	1.7241e-09	-0.054072	3.2534e-07	-3.276e-07
