101 9.79983998299959e-08
104.18 1.10676513676045e-07
107.361 1.10200740030595e-07
110.541 1.04097504858514e-07
113.721 8.53421224011322e-08
116.902 7.21010817595118e-08
120.082 8.45191958804093e-08
123.262 8.58244253288486e-08
126.443 9.51348283923798e-08
129.623 1.01347096619794e-07
132.803 7.78634503852943e-08
135.983 4.38024147074894e-08
139.164 4.54234324370992e-08
142.344 1.01173775445687e-07
145.524 1.80130141832422e-07
148.705 2.03078516726431e-07
151.885 1.98208229711982e-07
155.065 1.76404894511478e-07
158.246 1.12995271621372e-07
161.426 1.03780641645646e-07
164.606 9.40452434210643e-08
167.787 8.33603977134819e-08
170.967 5.95787086074137e-08
174.147 7.46983802891972e-08
177.328 9.59301121640686e-08
180.508 7.71175006775239e-08
183.688 6.66792520609515e-08
186.868 7.52003535823081e-08
190.049 9.18271626240613e-08
193.229 9.09245805334535e-08
196.409 8.35670403375756e-08
199.59 9.58883030116111e-08
202.77 9.99064738605499e-08
205.95 9.6258689423009e-08
209.131 1.02755241844826e-07
212.311 9.76112491193675e-08
215.491 7.51704291649642e-08
218.672 6.8610873833879e-08
221.852 6.01637361494377e-08
225.032 6.52505734098491e-08
228.213 7.44725239349626e-08
231.393 6.41387485272555e-08
234.573 6.73115317137481e-08
237.753 7.41409394492649e-08
240.934 7.25805167661008e-08
244.114 7.25679971767379e-08
247.294 8.94869893226372e-08
250.475 8.26680960374045e-08
253.655 6.59544737720305e-08
256.835 6.11832693636582e-08
260.016 7.67455479203833e-08
263.196 8.66526513861957e-08
264.196 7.73751326578398e-08
272.598 6.62239215183278e-08
281.001 6.46625693525523e-08
289.403 7.42679589325634e-08
297.806 7.47615531647435e-08
306.208 7.4597502788217e-08
314.611 6.93994451354318e-08
323.013 6.37269216608149e-08
331.415 5.13163290701172e-08
339.818 4.31302891197067e-08
348.22 3.8040124891888e-08
356.623 4.0373798147783e-08
365.025 3.74527785854972e-08
373.428 3.34605284513976e-08
381.83 4.95013939468442e-08
390.232 6.58067996439903e-08
398.635 6.47453136455364e-08
407.037 5.83131342196399e-08
415.44 5.1475143560942e-08
423.842 4.17590272489502e-08
432.245 4.88812106566687e-08
440.647 6.43954045687024e-08
449.049 6.54275561973217e-08
457.452 6.4905206339069e-08
465.854 5.70198541236558e-08
474.257 4.94807057869475e-08
482.659 4.98282447642261e-08
491.062 6.15729697739298e-08
499.464 6.16157868456922e-08
507.867 5.92645165402487e-08
516.269 5.75160581191206e-08
524.671 5.67456067884339e-08
533.074 6.04644770874503e-08
541.476 6.24146844135761e-08
549.879 5.57121847784913e-08
558.281 4.90313675157852e-08
566.684 4.17849080931279e-08
575.086 3.61823595098567e-08
583.488 4.07574230608911e-08
591.891 4.5420176833709e-08
600.293 4.26030516697933e-08
608.696 3.69089437587873e-08
617.098 3.43238704208245e-08
625.501 3.46547116124684e-08
633.903 3.04397597788543e-08
642.305 2.39739118830218e-08
650.708 1.5687247965142e-08
659.11 -0
667.513 6.42439978889386e-09
675.915 1.86253285071326e-08
684.318 2.24100986617368e-08
692.72 2.84386007061081e-08
693.72 4.47507291514287e-08
715.867 2.42336550519455e-08
738.014 5.54204108362297e-08
760.161 5.26363162091898e-08
782.307 3.34272015486838e-08
804.454 2.5555834521409e-08
826.601 3.04247077405819e-08
848.748 3.5785172033562e-08
870.895 3.69061367482804e-08
893.042 4.16963786273897e-08
915.189 3.37824309529276e-08
937.335 3.11241322287577e-08
959.482 2.71015612833927e-08
981.629 6.09016163220222e-08
1003.776 1.08661118373714e-07
1025.923 7.72858082688338e-08
1048.07 3.59876715052194e-08
1070.217 3.7378547406825e-08
1092.364 2.99085183021617e-08
1114.51 2.81666117568531e-08
1136.657 3.49898484173603e-08
1158.804 2.94802322836426e-08
1180.951 2.3451167410606e-08
1203.098 3.86817753218744e-08
1225.245 3.96793975742008e-08
1247.392 3.77530631649732e-08
1269.538 3.21986089322571e-08
1291.685 2.99047613357023e-08
1313.832 3.25394696662621e-08
1335.979 2.83319975757021e-08
1358.126 3.76315597022518e-08
1380.273 3.66296921763337e-08
1402.42 2.98082599951307e-08
1424.566 2.62699538573216e-08
1446.713 2.238028004535e-08
1468.86 1.99790763436538e-08
1491.007 2.41963169760183e-08
1513.154 2.34208247368956e-08
1535.301 3.43226720309039e-08
1557.448 2.45948723228159e-08
1579.595 1.55749006251622e-08
1601.741 2.63537503579208e-08
1623.888 3.59135232871642e-08
1646.035 2.32243164199651e-08
1668.182 2.91999685371764e-08
1690.329 3.01767376847304e-08
1712.476 2.75085057424531e-08
1734.623 2.78295682303184e-08
1756.769 1.74139486635654e-08
1778.916 2.42802440501065e-08
1801.063 2.06614964755797e-08
1823.21 2.29625918956623e-08
1824.21 2.98268469043342e-08
1882.531 2.62301896305545e-08
1940.853 3.52218677220041e-08
1999.174 5.64406860774366e-08
2057.495 4.29562067260166e-08
2115.817 2.54943488558405e-08
2174.138 2.47265573860192e-08
2232.46 2.76417582075455e-08
2290.781 2.96970823480903e-08
2349.102 2.27787265573397e-08
2407.424 2.71336839995279e-08
2465.745 3.0077325332697e-08
2524.066 2.91701613158151e-08
2582.388 2.94916034811999e-08
2640.709 2.16272393142989e-08
2699.031 1.7722692841845e-08
2757.352 2.08709671440364e-08
2815.673 2.50683404257092e-08
2873.995 2.13843660141648e-08
2932.316 2.15609843903578e-08
2990.637 3.67749904056417e-08
3048.959 3.4534222807069e-08
3107.28 1.99418063381985e-08
3165.602 1.66561228963238e-08
3223.923 1.93576979452691e-08
3282.244 2.41912889316258e-08
3340.566 2.38637849785008e-08
3398.887 2.09985904165503e-08
3457.208 2.59526069474481e-08
3515.53 2.02367123795755e-08
3573.851 1.65334140086485e-08
3632.173 2.24659378502399e-08
3690.494 2.32391835906657e-08
3748.815 2.02272354366069e-08
3807.137 2.16993479369628e-08
3865.458 2.43279623731109e-08
3923.779 2.19211714183117e-08
3982.101 2.15245560632783e-08
4040.422 2.3810122967557e-08
4098.744 1.50975698475716e-08
4157.065 1.52606921511307e-08
4215.386 1.58276645488581e-08
4273.708 1.44591391114131e-08
4332.029 2.24286897737676e-08
4390.35 1.88556526499839e-08
4448.672 1.24593898540477e-08
4506.993 1.98452842327103e-08
4565.315 1.69653686388066e-08
4623.636 1.4051860056122e-08
4681.957 1.60138665569632e-08
4740.279 1.75802449262824e-08
4798.6 2.21456024204663e-08
4799.6 1.93911217052382e-08
4953.131 1.52971104527609e-08
5106.663 1.80054190029908e-08
5260.194 1.77220597859756e-08
5413.725 2.112869883786e-08
5567.257 1.91312031112474e-08
5720.788 1.73270995779722e-08
5874.32 1.49569133162334e-08
6027.851 1.09923520266238e-08
6181.382 1.39019753381863e-08
6334.914 1.70715651403413e-08
6488.445 1.57423603463775e-08
6641.976 1.7356636436934e-08
6795.508 1.55798003951842e-08
6949.039 1.89773432468471e-08
7102.571 1.60116217083963e-08
7256.102 1.32292657301808e-08
7409.633 1.40218106174338e-08
7563.165 1.41197981299968e-08
7716.696 1.53395356179857e-08
7870.227 1.77245488564703e-08
8023.759 1.87760916927877e-08
8177.29 2.02761496223017e-08
8330.822 1.70009957122006e-08
8484.353 1.49785616933293e-08
8637.884 1.32471960112386e-08
8791.416 1.79492336690805e-08
8944.947 1.69509632666857e-08
9098.478 1.1449158687913e-08
9252.01 1.08671700069155e-08
9405.541 1.06623584570271e-08
9559.073 1.18704038796883e-08
9712.604 8.89957084126956e-09
9866.135 1.2792713185858e-08
10019.667 1.18806037497891e-08
10173.198 1.12981638703662e-08
10326.729 1.20874480759809e-08
10480.261 1.18827052960229e-08
10633.792 9.01688735467937e-09
10787.324 9.22728379239664e-09
10940.855 1.07162166339411e-08
11094.386 1.07369000387702e-08
11247.918 1.34575780546791e-08
11401.449 1.34326902556815e-08
11554.98 1.24768017739717e-08
11708.512 1.18646367279112e-08
11862.043 1.11945275113674e-08
12015.575 1.21464944872199e-08
12169.106 1.00072990242342e-08
12322.637 1.25904876290473e-08
12476.169 1.19968001224511e-08
12629.7 8.94060789111498e-09
12630.7 1.44446725497428e-08
13034.822 1.33706453435741e-08
13438.943 1.2353481051952e-08
13843.065 9.29064800755407e-09
14247.186 9.57513461474405e-09
14651.308 1.10233404425176e-08
15055.429 1.08371510275614e-08
15459.551 1.10224761671092e-08
15863.673 9.13468378279538e-09
16267.794 9.84811107599841e-09
16671.916 1.06415109908997e-08
17076.037 1.01703172022076e-08
17480.159 8.26164804719013e-09
17884.28 6.57405199998194e-09
18288.402 8.40109532095635e-09
18692.524 9.33357692388604e-09
19096.645 1.11084436013252e-08
19500.767 1.18601024472128e-08
19904.888 1.14451168845456e-08
20309.01 9.69527838107279e-09
20713.131 9.54779325532182e-09
21117.253 8.47599915509983e-09
21521.375 9.38546428842917e-09
21925.496 9.25646397105327e-09
22329.618 9.10344640819316e-09
22733.739 6.62165727400467e-09
23137.861 7.68337577948733e-09
23541.982 9.06307624457104e-09
23946.104 8.8705089733703e-09
24350.225 8.01176301244264e-09
24754.347 7.58292908373485e-09
25158.469 7.76756206464796e-09
25562.59 8.45478358083921e-09
25966.712 8.11312165974722e-09
26370.833 6.03384641434953e-09
26774.955 5.86737401524916e-09
27179.076 6.9111736810115e-09
27583.198 8.5606084137786e-09
27987.32 9.2780551748771e-09
28391.441 7.64884656613201e-09
28795.563 8.25888529874107e-09
29199.684 7.83087921030788e-09
29603.806 6.39177921451285e-09
30007.927 6.00699966875388e-09
30412.049 7.49111145435651e-09
30816.171 6.7418219714492e-09
31220.292 5.35401314655342e-09
31624.414 6.59073078166599e-09
32028.535 7.75284073970173e-09
32432.657 7.09445368713885e-09
32836.778 6.50836320609579e-09
33240.9 6.33193539324064e-09
33241.9 7.06442215166292e-09
34305.559 7.09326237474048e-09
35369.218 6.70785384384103e-09
36432.876 5.82818411945049e-09
37496.535 6.08629559518856e-09
38560.194 6.64293277536675e-09
39623.853 7.22156472507731e-09
40687.512 7.1763326529178e-09
41751.171 6.68033813027926e-09
42814.829 5.67576363593947e-09
43878.488 6.2801853633214e-09
44942.147 5.60991935876784e-09
46005.806 5.52455578391729e-09
47069.465 5.98001511438013e-09
48133.124 6.18529802866376e-09
49196.782 6.46444617349184e-09
50260.441 6.50434672046755e-09
51324.1 5.13855459856358e-09
52387.759 4.85400346694282e-09
53451.418 4.71252315785697e-09
54515.076 5.26032312434002e-09
55578.735 6.46628020635446e-09
56642.394 7.09672125531354e-09
57706.053 6.59742512107645e-09
58769.712 5.45478343767337e-09
59833.371 6.19072358629342e-09
60897.029 7.09240090079235e-09
61960.688 7.19183177060056e-09
63024.347 6.39507883841256e-09
64088.006 5.59964080539274e-09
65151.665 3.91342189383846e-09
66215.324 3.93368786413643e-09
67278.982 3.84023267352239e-09
68342.641 3.71753599655655e-09
69406.3 3.41768595109574e-09
70469.959 4.25080950641816e-09
71533.618 5.38282010262295e-09
72597.276 5.59699721951459e-09
73660.935 5.51263204326293e-09
74724.594 5.85298066123087e-09
75788.253 5.64030770877339e-09
76851.912 4.44655277139298e-09
77915.571 3.98736783113832e-09
78979.229 4.11175745726123e-09
80042.888 4.95632878504194e-09
81106.547 5.31002360610412e-09
82170.206 5.56573612053532e-09
83233.865 3.62945713189187e-09
84297.524 2.58417496034466e-09
85361.182 3.49944364384681e-09
86424.841 3.0182277961468e-09
87488.5 3.14176827599835e-09
87489.5 4.7005699338107e-09
90289.039 3.99251816626621e-09
93088.578 3.303819537405e-09
95888.118 2.89123868704673e-09
98687.657 3.24705064620223e-09
101487.196 3.6684392536748e-09
104286.735 4.10857776123466e-09
107086.275 3.69376134111372e-09
109885.814 1.87891933842565e-09
112685.353 2.79374710577824e-09
115484.892 4.11286976933871e-09
118284.431 5.31931829254148e-09
121083.971 6.68591648255522e-09
123883.51 5.78038628815067e-09
126683.049 3.94531550411661e-09
129482.588 1.04061073082571e-09
132282.127 -0
135081.667 4.61400676566056e-09
137881.206 6.52394735287009e-09
140680.745 4.79957115176041e-09
143480.284 3.36639789261673e-09
146279.824 -0
149079.363 -0
151878.902 3.72149252083989e-09
154678.441 6.28327715720105e-09
157477.98 6.00559302789276e-09
160277.52 4.1854036151373e-09
163077.059 -0
165876.598 -0
168676.137 -0
171475.676 -0
174275.216 -0
177074.755 -0
179874.294 2.74256628078865e-09
182673.833 4.71562301297451e-09
185473.373 4.93549138923775e-09
188272.912 4.00521071045377e-09
191072.451 3.17680168561039e-09
193871.99 -0
196671.529 9.91538614188945e-10
199471.069 1.63928321457082e-09
202270.608 2.37039599421203e-09
205070.147 2.55896284239144e-09
207869.686 2.92999593746331e-09
210669.225 3.1474091706343e-09
213468.765 2.94089302943854e-09
216268.304 2.13823656706939e-09
219067.843 2.6328836316686e-09
221867.382 2.89962964943425e-09
224666.922 2.95268976971373e-09
227466.461 2.71154001048992e-09
230266 1.34872244660508e-09
230267 3.82022703766413e-09
237635.294 3.46676458228412e-09
245003.588 2.90491136191057e-09
252371.882 3.15534429787521e-09
259740.176 3.95225123312297e-09
267108.471 3.24510479349939e-09
274476.765 3.00026750851296e-09
281845.059 3.41251811191556e-09
289213.353 3.61184471019675e-09
296581.647 2.39120227306143e-09
303949.941 4.82885522138465e-09
311318.235 3.47825776902892e-09
318686.529 3.53819836675757e-09
326054.824 2.8051353928792e-09
333423.118 3.00708714148159e-09
340791.412 4.31930955884673e-09
348159.706 3.34967278469086e-09
355528 2.43322817970359e-09
362896.294 3.04546297650425e-09
370264.588 4.06596031633663e-09
377632.882 3.42568274074818e-09
385001.176 4.03032616660121e-09
392369.471 3.46229611749564e-09
399737.765 2.20350137915531e-09
407106.059 2.43507324197376e-09
414474.353 1.86002507426906e-09
421842.647 3.00523163147081e-09
429210.941 2.52640633184286e-09
436579.235 1.8405343590491e-09
443947.529 3.66132663079702e-09
451315.824 -0
458684.118 3.46508677181225e-09
466052.412 2.62117457429236e-09
473420.706 2.3759119691141e-09
480789 3.65393591870982e-09
488157.294 3.79649916118139e-09
495525.588 4.73690775653099e-09
502893.882 3.29214534083626e-09
510262.176 3.51026505374379e-09
517630.471 1.0383068375751e-09
524998.765 -0
532367.059 2.88587790161349e-09
539735.353 2.80060494131027e-09
547103.647 2.95175836082125e-09
554471.941 3.53184758070694e-10
561840.235 2.44603249237532e-09
569208.529 8.44956639454772e-10
576576.824 -0
583945.118 3.47677040844786e-09
591313.412 1.67668047158411e-09
598681.706 2.3621965460759e-09
606050 2.27311793263609e-09
606051 1.50839783411557e-09
625444.118 3.70267566154961e-09
644837.235 4.41977391576834e-09
664230.353 2.62021761313141e-09
683623.471 2.95538409871703e-09
703016.588 2.1542475892937e-09
722409.706 2.14756297468771e-09
741802.824 1.57633226779461e-09
761195.941 2.38583912482059e-09
780589.059 2.4588505704345e-09
799982.176 2.50083154912208e-09
819375.294 3.68342411578171e-09
838768.412 1.87337413968286e-09
858161.529 1.45986202765133e-09
877554.647 2.44690090462403e-09
896947.765 2.11917660598857e-09
916340.882 2.83493767815724e-09
935734 2.31893215625181e-09
955127.118 2.24828074696556e-09
974520.235 2.88832453346095e-09
993913.353 1.86696216159378e-09
1013306.471 2.08343871938452e-09
1032699.588 1.48643957892431e-09
1052092.706 2.96576219609323e-09
1071485.824 2.13825702138245e-09
1090878.941 1.98448945376617e-09
1110272.059 2.54611263455503e-09
1129665.176 2.19261500053214e-09
1149058.294 2.0767381729182e-09
1168451.412 2.16797269582107e-09
1187844.529 3.1404902519734e-09
1207237.647 2.47448722716494e-09
1226630.765 2.67712993163744e-09
1246023.882 2.67335728606514e-09
1265417 2.4975145713007e-09
1284810.118 3.13636337378777e-09
1304203.235 2.38855561565785e-09
1323596.353 3.00072031683797e-09
1342989.471 2.55005132047134e-09
1362382.588 2.6636120865683e-09
1381775.706 2.5021810334724e-09
1401168.824 2.01096710008811e-09
1420561.941 1.61133975569351e-09
1439955.059 2.18248795869416e-09
1459348.176 2.25329802142784e-09
1478741.294 1.53139216934898e-09
1498134.412 2.65088133198621e-09
1517527.529 1.90747965978523e-09
1536920.647 2.97058818498188e-09
1556313.765 2.54125574022378e-09
1575706.882 2.83218842397031e-09
1595100 2.26499040103425e-09
1595100 1.26954413741024e-09
1646141.765 1.93441580161223e-09
1697183.529 3.12913795296449e-09
1748225.294 2.61587575805991e-09
1799267.059 1.94468954056695e-09
1850308.824 2.72114864556134e-09
1901350.588 2.7962986472807e-09
1952392.353 2.75179713813413e-09
2003434.118 3.24403237689511e-09
2054475.882 2.38257335306564e-09
2105517.647 2.25645236021551e-09
2156559.412 2.31647057709982e-09
2207601.176 2.76497256814971e-09
2258642.941 1.78249763165697e-09
2309684.706 1.23576981305476e-09
2360726.471 1.85071879706443e-09
2411768.235 2.79377677796753e-09
2462810 2.67456616351646e-09
2513851.765 1.6558414981322e-09
2564893.529 2.58801662052637e-09
2615935.294 1.50472146580953e-09
2666977.059 2.08080779724788e-09
2718018.824 2.61215614193117e-09
2769060.588 3.46439028677028e-09
2820102.353 2.15113031863016e-09
2871144.118 1.49902724664346e-09
2922185.882 2.24931684703774e-09
2973227.647 2.11606503787117e-09
3024269.412 2.57339737759347e-09
3075311.176 1.58834403851733e-09
3126352.941 2.38106767680685e-09
3177394.706 2.14293416105802e-09
3228436.471 1.50776898463098e-09
3279478.235 1.50064500900317e-09
3330520 2.9665776548669e-09
3381561.765 2.12780948676296e-09
3432603.529 1.73668509716998e-09
3483645.294 3.0535444930779e-09
3534687.059 1.9697308378303e-09
3585728.824 1.61257117433605e-09
3636770.588 1.13093857458272e-09
3687812.353 2.18831614313328e-09
3738854.118 1.79170917744182e-09
3789895.882 1.42602852648246e-09
3840937.647 1.64388043481489e-09
3891979.412 2.21861594278406e-09
3943021.176 2.43396333108133e-09
3994062.941 3.43839168954223e-09
4045104.706 2.7382819853891e-09
4096146.471 2.38022874328801e-09
4147188.235 2.74506580565954e-09
4198230 1.69487466461698e-09
4198230 1.49195476663001e-09
4332570.588 2.28861629931067e-09
4466911.176 2.09914555538941e-09
4601251.765 2.27974232045112e-09
4735592.353 2.50254966577989e-09
4869932.941 1.52772267561746e-09
5004273.529 2.31620996767376e-09
5138614.118 1.45526129725353e-09
5272954.706 2.19939934242082e-09
5407295.294 2.87326683370659e-09
5541635.882 3.36262502403844e-09
5675976.471 1.96447760884045e-09
5810317.059 2.31643176016791e-09
5944657.647 2.80296198001553e-09
6078998.235 1.57581909436256e-09
6213338.824 2.30021869744294e-09
6347679.412 2.24640967593983e-09
6482020 1.65668123844628e-09
6616360.588 2.79794305307793e-09
6750701.176 1.12607843021039e-09
6885041.765 2.2294447661765e-09
7019382.353 2.23051475773657e-09
7153722.941 2.51550721930875e-09
7288063.529 1.92188122612049e-09
7422404.118 2.86392786073266e-09
7556744.706 2.54391520944686e-09
7691085.294 2.70275308323727e-09
7825425.882 1.85796377428059e-09
7959766.471 2.11492389515691e-09
8094107.059 3.15802092491308e-09
8228447.647 2.37549122202674e-09
8362788.235 2.00989955072092e-09
8497128.824 2.15582910114195e-09
8631469.412 2.19380856014189e-09
8765810 1.2456148304317e-09
8900150.588 2.71421956352508e-09
9034491.176 1.85235206098042e-09
9168831.765 3.24200643830658e-09
9303172.353 2.63654578138652e-09
9437512.941 1.69716206593496e-09
9571853.529 2.39382264985565e-09
9706194.118 1.97808790856675e-09
9840534.706 2.94484176782696e-09
9974875.294 2.10586308237835e-09
10109215.882 2.57544311951192e-09
10243556.471 3.44981327147861e-09
10377897.059 1.51167832378826e-09
10512237.647 2.51144053622287e-09
10646578.235 1.5526877663663e-09
10780918.824 2.15035149112711e-09
10915259.412 2.19304193132321e-09
11049600 2.16591518308723e-09
11049600 2.06108151545683e-09
11403174.51 2.71001662074209e-09
11756749.02 1.21481169401096e-09
12110323.529 2.39446346026658e-09
12463898.039 1.88007382768747e-09
12817472.549 2.14075348429574e-09
13171047.059 2.34375366313458e-09
13524621.569 2.50200139982995e-09
13878196.078 2.10794097000145e-09
14231770.588 2.55669893292382e-09
14585345.098 2.39934097176609e-09
14938919.608 2.34163118301232e-09
15292494.118 1.61852877793507e-09
15646068.627 2.00057880479946e-09
15999643.137 2.21966441561824e-09
16353217.647 1.70699844691729e-09
16706792.157 2.18660229444095e-09
17060366.667 1.63707104572232e-09
17413941.176 2.11181043319395e-09
17767515.686 2.06614881723772e-09
18121090.196 2.26841158767456e-09
18474664.706 2.08358437115377e-09
18828239.216 1.00777984754511e-09
19181813.725 2.65342914046722e-09
19535388.235 1.91164759378604e-09
19888962.745 2.55056486057484e-09
20242537.255 2.44064697472862e-09
20596111.765 1.5466714713406e-09
20949686.275 2.07659122911538e-09
21303260.784 2.06299494826918e-09
21656835.294 1.65681088240167e-09
22010409.804 2.14937511543719e-09
22363984.314 2.45888515075892e-09
22717558.824 2.27477361217278e-09
23071133.333 1.95016220591359e-09
23424707.843 1.49711409876054e-09
23778282.353 2.35891463256808e-09
24131856.863 1.61972195285403e-09
24485431.373 2.30128173329561e-09
24839005.882 2.15692117804801e-09
25192580.392 2.39963829994454e-09
25546154.902 2.1992344702411e-09
25899729.412 2.13935240683327e-09
26253303.922 1.91715724591863e-09
26606878.431 1.84005623184395e-09
26960452.941 2.16984718301238e-09
27314027.451 1.47140425597292e-09
27667601.961 1.66755929904232e-09
28021176.471 1.30672583819584e-09
28374750.98 2.65625004075941e-09
28728325.49 2.84883306830822e-09
29081900 2.19347299982096e-09
29081900 1.20507145485696e-09
30012498.039 1.71816929725163e-09
30943096.078 1.94332785036883e-09
31873694.118 2.17279443334552e-09
32804292.157 3.27668098381038e-09
33734890.196 2.66069795926808e-09
34665488.235 2.50288915194105e-09
35596086.275 2.76565113844161e-09
36526684.314 1.99501279270254e-09
37457282.353 2.14111797786975e-09
38387880.392 2.67927037947935e-09
39318478.431 3.17899826674849e-09
40249076.471 3.36255840526646e-09
41179674.51 2.917081633668e-09
42110272.549 4.59412315195085e-09
43040870.588 3.56161263588411e-09
43971468.627 3.44826959683581e-09
44902066.667 2.17377409237957e-09
45832664.706 4.52792314457945e-09
46763262.745 2.60293737762791e-09
47693860.784 1.70791018013461e-09
48624458.824 4.75992248525584e-09
49555056.863 3.60097303823315e-09
50485654.902 1.88576424106536e-09
51416252.941 -0
52346850.98 3.06944805513942e-09
53277449.02 2.1903174332816e-09
54208047.059 2.54173550989085e-09
55138645.098 1.95276592979449e-09
56069243.137 1.76532800766599e-09
56999841.176 2.42464194461049e-09
57930439.216 2.05527046983298e-09
58861037.255 1.4793388816581e-09
59791635.294 8.65546133832167e-10
60722233.333 1.99107717637426e-09
61652831.373 1.56785793509463e-09
62583429.412 -0
63514027.451 -0
64444625.49 -0
65375223.529 3.28943953984046e-09
66305821.569 -0
67236419.608 2.16589059038779e-09
68167017.647 2.54344499931132e-09
69097615.686 1.75493866963115e-09
70028213.725 -0
70958811.765 -0
71889409.804 3.04707164164162e-09
72820007.843 1.30591707410094e-09
73750605.882 -0
74681203.922 1.87599993643698e-09
75611801.961 3.12905948246664e-09
76542400 -0
76542400 -0
78991686.275 -0
81440972.549 -0
83890258.824 3.74552036351355e-10
86339545.098 2.96938475500183e-09
88788831.373 -0
91238117.647 2.93452091390526e-09
93687403.922 -0
96136690.196 -0
98585976.471 -0
101035262.745 -0
103484549.02 -0
105933835.294 -0
108383121.569 -0
110832407.843 8.29644421644374e-10
113281694.118 -0
115730980.392 2.12563200933557e-09
118180266.667 -0
120629552.941 1.70785173020403e-09
123078839.216 -0
125528125.49 5.91282604064378e-09
127977411.765 3.70412602862496e-09
130426698.039 3.9129588543504e-09
132875984.314 1.25709503279633e-09
135325270.588 -0
137774556.863 -0
140223843.137 2.88578339093212e-09
142673129.412 3.84320870385388e-09
145122415.686 4.46654168239914e-09
147571701.961 2.93709248053463e-09
150020988.235 -0
152470274.51 -0
154919560.784 -0
157368847.059 -0
159818133.333 -0
162267419.608 -0
164716705.882 6.40364221068613e-09
167165992.157 7.78031415424348e-09
169615278.431 6.66599663205592e-09
172064564.706 5.43180017042546e-09
174513850.98 -0
176963137.255 3.87487175374539e-09
179412423.529 -0
181861709.804 1.34462429272713e-09
184310996.078 -0
186760282.353 -0
189209568.627 -0
191658854.902 8.33598354250405e-09
194108141.176 1.00902930405068e-08
196557427.451 9.53605070330713e-09
199006713.725 -0
201456000 -0
