Vd	Id,Vg=0V	Ig,Vg=0V	Is,Vg=0V	Iavdd,Vg=0V	Ignd,Vg=0V	Id,Vg=0.15V	Ig,Vg=0.15V	Is,Vg=0.15V	Iavdd,Vg=0.15V	Ignd,Vg=0.15V	Id,Vg=0.3V	Ig,Vg=0.3V	Is,Vg=0.3V	Iavdd,Vg=0.3V	Ignd,Vg=0.3V	Id,Vg=0.45V	Ig,Vg=0.45V	Is,Vg=0.45V	Iavdd,Vg=0.45V	Ignd,Vg=0.45V	Id,Vg=0.6V	Ig,Vg=0.6V	Is,Vg=0.6V	Iavdd,Vg=0.6V	Ignd,Vg=0.6V	Id,Vg=0.75V	Ig,Vg=0.75V	Is,Vg=0.75V	Iavdd,Vg=0.75V	Ignd,Vg=0.75V	Id,Vg=0.9V	Ig,Vg=0.9V	Is,Vg=0.9V	Iavdd,Vg=0.9V	Ignd,Vg=0.9V
0	-1.2596e-05	-5.9e-12	1.2442e-05	4.7854e-07	-4.3284e-07	-1.2368e-05	-2.62e-12	1.2296e-05	4.7812e-07	-4.3254e-07	-1.2408e-05	1.57e-12	1.2416e-05	4.782e-07	-4.327e-07	-1.2356e-05	-8.3e-13	1.2288e-05	4.7802e-07	-4.3246e-07	-1.2352e-05	-1.2e-12	1.2306e-05	4.7808e-07	-4.3246e-07	-1.2374e-05	4e-14	1.2312e-05	4.7792e-07	-4.3236e-07	-1.2354e-05	2.33e-12	1.2358e-05	4.7828e-07	-4.3264e-07
0.005	-1.2066e-05	1.82e-12	1.1812e-05	4.777e-07	-4.3282e-07	-1.1922e-05	2.53e-12	1.1728e-05	4.7738e-07	-4.3246e-07	-1.202e-05	-2.27e-12	1.1712e-05	4.7726e-07	-4.3252e-07	-1.191e-05	1.61e-12	1.1728e-05	4.7712e-07	-4.3236e-07	-1.196e-05	1.82e-12	1.1708e-05	4.7726e-07	-4.3248e-07	-1.1946e-05	-8e-14	1.1708e-05	4.771e-07	-4.323e-07	-1.1964e-05	-8.6e-13	1.1714e-05	4.7732e-07	-4.325e-07
0.01	-1.147e-05	-2.25e-12	1.1172e-05	4.7692e-07	-4.3284e-07	-1.1318e-05	-3.77e-12	1.1068e-05	4.7652e-07	-4.3246e-07	-1.1362e-05	1.31e-12	1.112e-05	4.765e-07	-4.3258e-07	-1.1292e-05	1.91e-12	1.106e-05	4.7652e-07	-4.3242e-07	-1.1294e-05	-2.2e-12	1.1042e-05	4.7638e-07	-4.3248e-07	-1.1342e-05	-1.55e-12	1.1086e-05	4.7638e-07	-4.3234e-07	-1.137e-05	1.7e-12	1.1106e-05	4.7664e-07	-4.3264e-07
0.015	-1.085e-05	-7.8e-13	1.0614e-05	4.7606e-07	-4.3282e-07	-1.0738e-05	2.4e-13	1.0512e-05	4.758e-07	-4.3248e-07	-1.0798e-05	-1.2e-13	1.053e-05	4.757e-07	-4.324e-07	-1.069e-05	-2.01e-12	1.0472e-05	4.7576e-07	-4.3246e-07	-1.0724e-05	1.57e-12	1.0436e-05	4.7578e-07	-4.3252e-07	-1.0764e-05	3.41e-12	1.0538e-05	4.757e-07	-4.3242e-07	-1.07e-05	2.78e-12	1.0472e-05	4.759e-07	-4.3264e-07
0.02	-1.0276e-05	3.19e-12	1.0026e-05	4.754e-07	-4.3274e-07	-1.0204e-05	1.79e-12	9.881e-06	4.7494e-07	-4.3258e-07	-1.0208e-05	-1.65e-12	9.9627e-06	4.7484e-07	-4.3248e-07	-1.0132e-05	8.8e-13	9.8472e-06	4.7494e-07	-4.3244e-07	-1.0108e-05	5.4e-13	9.8688e-06	4.7522e-07	-4.3268e-07	-1.0184e-05	-2.3e-13	9.9082e-06	4.749e-07	-4.3236e-07	-1.0214e-05	-2.55e-12	9.8911e-06	4.7516e-07	-4.3258e-07
0.025	-9.5424e-06	8.6e-13	9.458e-06	4.747e-07	-4.3296e-07	-9.4349e-06	3.26e-12	9.3685e-06	4.7426e-07	-4.3246e-07	-9.486e-06	-2.52e-12	9.4014e-06	4.7426e-07	-4.3254e-07	-9.3872e-06	-1.52e-12	9.3301e-06	4.7416e-07	-4.3238e-07	-9.4347e-06	2.61e-12	9.3419e-06	4.7438e-07	-4.3264e-07	-9.4154e-06	1.76e-12	9.3753e-06	4.742e-07	-4.3234e-07	-9.4164e-06	-5e-14	9.3498e-06	4.7436e-07	-4.3258e-07
0.03	-9.1725e-06	2.85e-12	8.981e-06	4.7384e-07	-4.3274e-07	-9.081e-06	-1.46e-12	8.8892e-06	4.7352e-07	-4.3248e-07	-9.0973e-06	5.4e-13	8.9329e-06	4.7352e-07	-4.3252e-07	-9.0915e-06	2.45e-12	8.9017e-06	4.7342e-07	-4.3242e-07	-9.0625e-06	-6.4e-13	8.8533e-06	4.7374e-07	-4.3264e-07	-9.0734e-06	-9.4e-13	8.8766e-06	4.7336e-07	-4.3234e-07	-9.1319e-06	-5e-13	8.9458e-06	4.7348e-07	-4.3268e-07
0.035	-8.6562e-06	-3.46e-12	8.4977e-06	4.7296e-07	-4.3272e-07	-8.593e-06	-2.53e-12	8.3873e-06	4.7282e-07	-4.3256e-07	-8.6001e-06	2.99e-12	8.418e-06	4.7284e-07	-4.326e-07	-8.5902e-06	1.6e-13	8.365e-06	4.7272e-07	-4.3242e-07	-8.5808e-06	-2.63e-12	8.3871e-06	4.7292e-07	-4.3254e-07	-8.5727e-06	-1.11e-12	8.3834e-06	4.7256e-07	-4.3226e-07	-8.6078e-06	2.14e-12	8.4299e-06	4.7266e-07	-4.323e-07
0.04	-8.2195e-06	-2.2e-12	8.0501e-06	4.726e-07	-4.3298e-07	-8.1312e-06	2.31e-12	7.9628e-06	4.7212e-07	-4.3256e-07	-8.1312e-06	-9.3e-13	7.9471e-06	4.7218e-07	-4.3282e-07	-8.0878e-06	-2.65e-12	7.917e-06	4.72e-07	-4.3246e-07	-8.1256e-06	1.92e-12	7.9471e-06	4.7216e-07	-4.3266e-07	-8.1009e-06	2.24e-12	7.9076e-06	4.7196e-07	-4.324e-07	-8.1421e-06	1e-13	7.9837e-06	4.72e-07	-4.325e-07
0.045	-7.7775e-06	3.41e-12	7.6058e-06	4.7192e-07	-4.3298e-07	-7.6773e-06	1.9e-13	7.514e-06	4.7132e-07	-4.3248e-07	-7.7043e-06	-1.71e-12	7.5589e-06	4.7132e-07	-4.3248e-07	-7.6449e-06	1.78e-12	7.4753e-06	4.713e-07	-4.324e-07	-7.6439e-06	1.54e-12	7.502e-06	4.714e-07	-4.3252e-07	-7.688e-06	1.14e-12	7.5097e-06	4.7126e-07	-4.3234e-07	-7.7377e-06	-1.94e-12	7.5913e-06	4.7136e-07	-4.3244e-07
0.05	-7.3393e-06	-2.73e-12	7.1951e-06	4.7096e-07	-4.328e-07	-7.2858e-06	-2.46e-12	7.1459e-06	4.7072e-07	-4.3248e-07	-7.3139e-06	1.87e-12	7.1644e-06	4.7064e-07	-4.3258e-07	-7.2603e-06	1.17e-12	7.1091e-06	4.706e-07	-4.3238e-07	-7.2456e-06	-1.67e-12	7.1185e-06	4.7054e-07	-4.3252e-07	-7.207e-06	-2.8e-12	7.069e-06	4.7054e-07	-4.3236e-07	-7.311e-06	7.8e-13	7.1196e-06	4.707e-07	-4.3236e-07
0.055	-6.9288e-06	-2.08e-12	6.7853e-06	4.7028e-07	-4.3274e-07	-6.9005e-06	-7.8e-13	6.7671e-06	4.6996e-07	-4.3246e-07	-6.8999e-06	7.3e-13	6.7571e-06	4.699e-07	-4.3256e-07	-6.8291e-06	-1.86e-12	6.6852e-06	4.699e-07	-4.325e-07	-6.871e-06	3e-13	6.7323e-06	4.6992e-07	-4.3244e-07	-6.8875e-06	6.4e-13	6.7533e-06	4.698e-07	-4.323e-07	-6.9058e-06	3.2e-12	6.7485e-06	4.6994e-07	-4.324e-07
0.06	-6.5701e-06	2.04e-12	6.4265e-06	4.6962e-07	-4.3282e-07	-6.5267e-06	2.11e-12	6.3832e-06	4.6916e-07	-4.3242e-07	-6.5406e-06	-3.97e-12	6.3905e-06	4.6926e-07	-4.3252e-07	-6.5099e-06	6.3e-13	6.3849e-06	4.6924e-07	-4.3246e-07	-6.5234e-06	1.81e-12	6.3555e-06	4.6922e-07	-4.3246e-07	-6.528e-06	1.57e-12	6.3647e-06	4.6912e-07	-4.323e-07	-6.5924e-06	-3.49e-12	6.4551e-06	4.6918e-07	-4.3246e-07
0.065	-6.2187e-06	-3.9e-13	6.0889e-06	4.6898e-07	-4.328e-07	-6.1742e-06	-5.3e-13	6.0267e-06	4.6878e-07	-4.3276e-07	-6.1749e-06	3e-14	6.0553e-06	4.685e-07	-4.3248e-07	-6.1712e-06	1.9e-12	6.0288e-06	4.6858e-07	-4.3236e-07	-6.1328e-06	-1.67e-12	6.0027e-06	4.6874e-07	-4.326e-07	-6.1795e-06	-1.54e-12	6.0236e-06	4.6852e-07	-4.324e-07	-6.2331e-06	5.1e-13	6.0783e-06	4.6878e-07	-4.327e-07
0.07	-5.8784e-06	-2.85e-12	5.7373e-06	4.6826e-07	-4.3278e-07	-5.8298e-06	-2.16e-12	5.6983e-06	4.6808e-07	-4.3268e-07	-5.8565e-06	2.53e-12	5.7141e-06	4.6786e-07	-4.3246e-07	-5.8409e-06	-4.5e-13	5.69e-06	4.6794e-07	-4.3244e-07	-5.8267e-06	-1.33e-12	5.6752e-06	4.6784e-07	-4.3242e-07	-5.8275e-06	-9.9e-13	5.7027e-06	4.6798e-07	-4.3244e-07	-5.8586e-06	4.89e-12	5.7249e-06	4.6808e-07	-4.325e-07
0.075	-5.5536e-06	1.59e-12	5.4381e-06	4.676e-07	-4.3272e-07	-5.5079e-06	1.85e-12	5.4004e-06	4.6744e-07	-4.3274e-07	-5.5221e-06	-2.38e-12	5.4126e-06	4.6724e-07	-4.3248e-07	-5.5323e-06	-2.27e-12	5.4071e-06	4.6726e-07	-4.324e-07	-5.5097e-06	2.37e-12	5.3982e-06	4.6738e-07	-4.3246e-07	-5.5283e-06	1.84e-12	5.3929e-06	4.6716e-07	-4.324e-07	-5.5615e-06	-1.02e-12	5.4371e-06	4.6746e-07	-4.327e-07
0.08	-5.2721e-06	3e-12	5.1496e-06	4.6704e-07	-4.3284e-07	-5.2396e-06	-1.2e-13	5.1072e-06	4.6686e-07	-4.3258e-07	-5.257e-06	-1.6e-13	5.1362e-06	4.6656e-07	-4.325e-07	-5.228e-06	3.23e-12	5.0977e-06	4.6654e-07	-4.3246e-07	-5.2271e-06	1e-14	5.1284e-06	4.667e-07	-4.3238e-07	-5.2157e-06	4.5e-13	5.1051e-06	4.6656e-07	-4.3242e-07	-5.2379e-06	-3.13e-12	5.1195e-06	4.6672e-07	-4.326e-07
0.085	-4.985e-06	-2.46e-12	4.8613e-06	4.6634e-07	-4.3278e-07	-4.9464e-06	-2.59e-12	4.8172e-06	4.6626e-07	-4.3268e-07	-4.9928e-06	2.66e-12	4.8485e-06	4.6606e-07	-4.3262e-07	-4.9447e-06	6e-14	4.8497e-06	4.6596e-07	-4.3252e-07	-4.9479e-06	-2.71e-12	4.8236e-06	4.6596e-07	-4.3256e-07	-4.9311e-06	-3.44e-12	4.8323e-06	4.6578e-07	-4.3234e-07	-4.9606e-06	3.7e-12	4.841e-06	4.6618e-07	-4.3258e-07
0.09	-4.699e-06	-2.45e-12	4.5853e-06	4.6566e-07	-4.3276e-07	-4.6683e-06	3.1e-13	4.5538e-06	4.6558e-07	-4.327e-07	-4.6569e-06	-1.2e-13	4.58e-06	4.654e-07	-4.327e-07	-4.6779e-06	-3.15e-12	4.5635e-06	4.654e-07	-4.3226e-07	-4.6684e-06	6.3e-13	4.5717e-06	4.6544e-07	-4.325e-07	-4.6898e-06	2.73e-12	4.5677e-06	4.653e-07	-4.3242e-07	-4.676e-06	2.58e-12	4.5787e-06	4.6554e-07	-4.3268e-07
0.095	-4.451e-06	1.27e-12	4.3586e-06	4.6536e-07	-4.3294e-07	-4.4179e-06	2.77e-12	4.308e-06	4.6498e-07	-4.327e-07	-4.4323e-06	-3.42e-12	4.3323e-06	4.65e-07	-4.3264e-07	-4.4148e-06	-1.6e-13	4.3139e-06	4.6466e-07	-4.3234e-07	-4.4243e-06	9.4e-13	4.3131e-06	4.648e-07	-4.3248e-07	-4.4183e-06	1.86e-12	4.3086e-06	4.6478e-07	-4.324e-07	-4.4521e-06	-5e-12	4.3356e-06	4.6488e-07	-4.3254e-07
0.1	-4.1972e-06	-1.9e-13	4.0947e-06	4.647e-07	-4.3276e-07	-4.1476e-06	-2.06e-12	4.0593e-06	4.6426e-07	-4.3264e-07	-4.2095e-06	1.62e-12	4.0921e-06	4.643e-07	-4.3264e-07	-4.1625e-06	2.23e-12	4.0733e-06	4.641e-07	-4.3242e-07	-4.1756e-06	-1.38e-12	4.0784e-06	4.644e-07	-4.3274e-07	-4.187e-06	-2.36e-12	4.0789e-06	4.6412e-07	-4.3234e-07	-4.1952e-06	1.24e-12	4.0964e-06	4.642e-07	-4.3252e-07
0.105	-3.9826e-06	-2.95e-12	3.8801e-06	4.6392e-07	-4.3274e-07	-3.9236e-06	-9.5e-13	3.8219e-06	4.636e-07	-4.3246e-07	-3.9665e-06	2.06e-12	3.8694e-06	4.6378e-07	-4.3264e-07	-3.9493e-06	-1.45e-12	3.8469e-06	4.6356e-07	-4.324e-07	-3.9646e-06	-1.35e-12	3.857e-06	4.6382e-07	-4.3268e-07	-3.9555e-06	5.3e-13	3.8428e-06	4.6356e-07	-4.324e-07	-3.937e-06	4.4e-12	3.8631e-06	4.635e-07	-4.324e-07
0.11	-3.7714e-06	-1.34e-12	3.6782e-06	4.6352e-07	-4.3292e-07	-3.7184e-06	2.39e-12	3.6251e-06	4.63e-07	-4.3256e-07	-3.7512e-06	-2.1e-12	3.6497e-06	4.6304e-07	-4.3242e-07	-3.7296e-06	-1.39e-12	3.6306e-06	4.6296e-07	-4.3246e-07	-3.7461e-06	2.03e-12	3.651e-06	4.6322e-07	-4.3268e-07	-3.7215e-06	1.96e-12	3.629e-06	4.6294e-07	-4.3242e-07	-3.7489e-06	-1.49e-12	3.6399e-06	4.6302e-07	-4.3242e-07
0.115	-3.57e-06	2.06e-12	3.4821e-06	4.628e-07	-4.3272e-07	-3.5007e-06	5.8e-13	3.4146e-06	4.6254e-07	-4.3246e-07	-3.5424e-06	-9.5e-13	3.4514e-06	4.6238e-07	-4.3248e-07	-3.5187e-06	1.71e-12	3.4372e-06	4.624e-07	-4.3242e-07	-3.5444e-06	-5.8e-13	3.4392e-06	4.6274e-07	-4.3274e-07	-3.5291e-06	-1.87e-12	3.4248e-06	4.6232e-07	-4.3242e-07	-3.5255e-06	-3.56e-12	3.4222e-06	4.6238e-07	-4.324e-07
0.12	-3.3792e-06	-5.7e-13	3.2879e-06	4.6228e-07	-4.3274e-07	-3.3123e-06	-2.6e-12	3.2265e-06	4.6192e-07	-4.3246e-07	-3.3454e-06	1.82e-12	3.2626e-06	4.6178e-07	-4.3248e-07	-3.3211e-06	-1.09e-12	3.225e-06	4.619e-07	-4.3248e-07	-3.3445e-06	-1.98e-12	3.2566e-06	4.6206e-07	-4.3264e-07	-3.3414e-06	-1.2e-12	3.2452e-06	4.6176e-07	-4.3236e-07	-3.3388e-06	5.46e-12	3.2488e-06	4.619e-07	-4.3246e-07
0.125	-3.1831e-06	-4.23e-12	3.0997e-06	4.616e-07	-4.3274e-07	-3.1367e-06	3.4e-13	3.0612e-06	4.6134e-07	-4.3248e-07	-3.1746e-06	2.1e-13	3.0861e-06	4.6136e-07	-4.3248e-07	-3.141e-06	-2.68e-12	3.0464e-06	4.6132e-07	-4.3264e-07	-3.155e-06	2.55e-12	3.0686e-06	4.6152e-07	-4.3256e-07	-3.1483e-06	2.66e-12	3.0682e-06	4.612e-07	-4.3234e-07	-3.1495e-06	5.4e-13	3.0722e-06	4.6126e-07	-4.3242e-07
0.13	-3.0259e-06	7.7e-13	2.938e-06	4.6114e-07	-4.3292e-07	-2.9718e-06	1.23e-12	2.899e-06	4.608e-07	-4.3252e-07	-2.9968e-06	-2.55e-12	2.9122e-06	4.6068e-07	-4.3268e-07	-2.9558e-06	2.6e-13	2.8748e-06	4.609e-07	-4.326e-07	-2.9678e-06	5.6e-13	2.9026e-06	4.6102e-07	-4.3264e-07	-2.9824e-06	-1.02e-12	2.8961e-06	4.6064e-07	-4.3228e-07	-2.9925e-06	-3.82e-12	2.8986e-06	4.607e-07	-4.3244e-07
0.135	-2.8411e-06	1.52e-12	2.7607e-06	4.6072e-07	-4.3292e-07	-2.8094e-06	-2.98e-12	2.72e-06	4.6034e-07	-4.3264e-07	-2.8358e-06	-5e-13	2.7507e-06	4.6052e-07	-4.3272e-07	-2.7969e-06	1.58e-12	2.7206e-06	4.6018e-07	-4.3246e-07	-2.8186e-06	-2.78e-12	2.7481e-06	4.605e-07	-4.3274e-07	-2.8074e-06	-2.37e-12	2.73e-06	4.6004e-07	-4.324e-07	-2.8214e-06	9.3e-13	2.7514e-06	4.6022e-07	-4.3244e-07
0.14	-2.6767e-06	-4.68e-12	2.6121e-06	4.6018e-07	-4.3284e-07	-2.6499e-06	-1.12e-12	2.5762e-06	4.5976e-07	-4.3254e-07	-2.6751e-06	1.8e-12	2.6128e-06	4.5982e-07	-4.3276e-07	-2.6539e-06	-1.77e-12	2.5647e-06	4.597e-07	-4.3252e-07	-2.6613e-06	1.28e-12	2.5901e-06	4.5988e-07	-4.3274e-07	-2.6623e-06	3.07e-12	2.5878e-06	4.597e-07	-4.3236e-07	-2.6728e-06	3.88e-12	2.5995e-06	4.597e-07	-4.3244e-07
0.145	-2.5347e-06	2.1e-13	2.4596e-06	4.5964e-07	-4.3286e-07	-2.5089e-06	2.32e-12	2.431e-06	4.5924e-07	-4.3256e-07	-2.5286e-06	-1.11e-12	2.4462e-06	4.5932e-07	-4.3264e-07	-2.4945e-06	-9.5e-13	2.4264e-06	4.5904e-07	-4.3252e-07	-2.5118e-06	2.2e-12	2.4454e-06	4.594e-07	-4.3264e-07	-2.52e-06	6.3e-13	2.4378e-06	4.591e-07	-4.3236e-07	-2.5184e-06	-2.73e-12	2.4526e-06	4.5916e-07	-4.3236e-07
0.15	-2.385e-06	4.01e-12	2.329e-06	4.5894e-07	-4.3264e-07	-2.367e-06	-5.8e-13	2.2958e-06	4.5882e-07	-4.3246e-07	-2.3791e-06	-1.35e-12	2.3049e-06	4.5878e-07	-4.3264e-07	-2.361e-06	2.57e-12	2.2936e-06	4.586e-07	-4.324e-07	-2.3751e-06	-1.65e-12	2.3016e-06	4.5894e-07	-4.3268e-07	-2.3758e-06	-2.34e-12	2.3014e-06	4.5852e-07	-4.3232e-07	-2.3832e-06	-2.54e-12	2.3192e-06	4.5864e-07	-4.3246e-07
0.155	-2.2697e-06	-3.13e-12	2.1995e-06	4.5852e-07	-4.3278e-07	-2.2352e-06	-3.73e-12	2.1702e-06	4.5828e-07	-4.3252e-07	-2.2519e-06	1.38e-12	2.1832e-06	4.583e-07	-4.3268e-07	-2.2282e-06	1e-13	2.1633e-06	4.5814e-07	-4.3238e-07	-2.2477e-06	-2.22e-12	2.1832e-06	4.5834e-07	-4.3264e-07	-2.2392e-06	-1.1e-13	2.1766e-06	4.5804e-07	-4.3232e-07	-2.245e-06	6.84e-12	2.1767e-06	4.581e-07	-4.325e-07
0.16	-2.1504e-06	-3.92e-12	2.0764e-06	4.5792e-07	-4.327e-07	-2.109e-06	1.66e-12	2.0542e-06	4.5778e-07	-4.3252e-07	-2.1237e-06	-2.8e-13	2.064e-06	4.5786e-07	-4.3276e-07	-2.108e-06	-3.8e-12	2.0435e-06	4.5766e-07	-4.324e-07	-2.126e-06	1.74e-12	2.0614e-06	4.579e-07	-4.3268e-07	-2.1179e-06	1.67e-12	2.0521e-06	4.575e-07	-4.324e-07	-2.1181e-06	-8e-13	2.0533e-06	4.5768e-07	-4.324e-07
0.165	-2.0195e-06	3.2e-12	1.9679e-06	4.5744e-07	-4.3272e-07	-2e-06	1.43e-12	1.9385e-06	4.5726e-07	-4.3248e-07	-2.0144e-06	-3.24e-12	1.9462e-06	4.5722e-07	-4.3256e-07	-1.9811e-06	1.38e-12	1.9313e-06	4.5712e-07	-4.3234e-07	-2.005e-06	-3.6e-13	1.9433e-06	4.5716e-07	-4.3256e-07	-2.0119e-06	-7e-14	1.9456e-06	4.5706e-07	-4.3238e-07	-2.0107e-06	-4.5e-12	1.9508e-06	4.5712e-07	-4.3244e-07
0.17	-1.9202e-06	1.2e-13	1.8617e-06	4.5698e-07	-4.3272e-07	-1.8865e-06	-2.65e-12	1.8396e-06	4.5696e-07	-4.3274e-07	-1.9056e-06	5.2e-13	1.8472e-06	4.5668e-07	-4.3246e-07	-1.881e-06	1.56e-12	1.8219e-06	4.5662e-07	-4.3234e-07	-1.8985e-06	-1.83e-12	1.846e-06	4.567e-07	-4.325e-07	-1.8897e-06	-2.1e-12	1.8319e-06	4.5656e-07	-4.3236e-07	-1.8997e-06	2.77e-12	1.8384e-06	4.5674e-07	-4.3242e-07
0.175	-1.8121e-06	-3.91e-12	1.7507e-06	4.5648e-07	-4.3268e-07	-1.7924e-06	-1.6e-13	1.736e-06	4.5656e-07	-4.3276e-07	-1.794e-06	1.7e-12	1.7411e-06	4.562e-07	-4.3248e-07	-1.7755e-06	-3.22e-12	1.727e-06	4.5626e-07	-4.3244e-07	-1.7885e-06	1.85e-12	1.7364e-06	4.562e-07	-4.3248e-07	-1.7847e-06	1.29e-12	1.7379e-06	4.5608e-07	-4.3228e-07	-1.7904e-06	4.51e-12	1.7357e-06	4.562e-07	-4.3242e-07
0.18	-1.7123e-06	-3.7e-13	1.6607e-06	4.5598e-07	-4.3276e-07	-1.6942e-06	1.59e-12	1.648e-06	4.5598e-07	-4.3268e-07	-1.6958e-06	-2.17e-12	1.6437e-06	4.5576e-07	-4.325e-07	-1.6855e-06	6.1e-13	1.6287e-06	4.5572e-07	-4.3242e-07	-1.6902e-06	5.9e-13	1.6392e-06	4.5572e-07	-4.3242e-07	-1.6904e-06	2.1e-13	1.6382e-06	4.5568e-07	-4.3232e-07	-1.6931e-06	-5.1e-12	1.6445e-06	4.557e-07	-4.3248e-07
0.185	-1.6225e-06	2.77e-12	1.5667e-06	4.5558e-07	-4.3274e-07	-1.6121e-06	-4.7e-13	1.5619e-06	4.5538e-07	-4.3248e-07	-1.6062e-06	-2e-12	1.5569e-06	4.5534e-07	-4.324e-07	-1.5896e-06	2.32e-12	1.5407e-06	4.5518e-07	-4.3242e-07	-1.5936e-06	-2.83e-12	1.5484e-06	4.553e-07	-4.325e-07	-1.5945e-06	-1.85e-12	1.5491e-06	4.5516e-07	-4.323e-07	-1.6081e-06	-6.6e-13	1.5556e-06	4.5528e-07	-4.3242e-07
0.19	-1.5307e-06	-1.25e-12	1.4835e-06	4.551e-07	-4.3264e-07	-1.5192e-06	-2.31e-12	1.4731e-06	4.5494e-07	-4.326e-07	-1.5158e-06	2.01e-12	1.4712e-06	4.5486e-07	-4.3248e-07	-1.5015e-06	-2.07e-12	1.4505e-06	4.5506e-07	-4.326e-07	-1.5179e-06	-7.2e-13	1.4634e-06	4.5488e-07	-4.325e-07	-1.508e-06	9.7e-13	1.4615e-06	4.5474e-07	-4.3236e-07	-1.5169e-06	5.04e-12	1.4637e-06	4.548e-07	-4.3236e-07
0.195	-1.4452e-06	-3.59e-12	1.3975e-06	4.5474e-07	-4.327e-07	-1.4407e-06	1.94e-12	1.3882e-06	4.5442e-07	-4.3256e-07	-1.4339e-06	-4e-13	1.3869e-06	4.5434e-07	-4.3254e-07	-1.4226e-06	-2.9e-12	1.3739e-06	4.544e-07	-4.3238e-07	-1.4302e-06	1.94e-12	1.3777e-06	4.5446e-07	-4.325e-07	-1.4201e-06	5.7e-13	1.381e-06	4.5424e-07	-4.3238e-07	-1.4364e-06	-1.82e-12	1.3874e-06	4.5434e-07	-4.3242e-07
0.2	-1.3682e-06	1.62e-12	1.3203e-06	4.5422e-07	-4.3274e-07	-1.3584e-06	8.8e-13	1.3129e-06	4.5398e-07	-4.3258e-07	-1.3546e-06	-2.65e-12	1.3101e-06	4.5418e-07	-4.3266e-07	-1.3425e-06	2.59e-12	1.2941e-06	4.5388e-07	-4.324e-07	-1.3479e-06	-2e-13	1.3018e-06	4.54e-07	-4.3246e-07	-1.3534e-06	-1.46e-12	1.3027e-06	4.5376e-07	-4.3228e-07	-1.3531e-06	-3.22e-12	1.3046e-06	4.5398e-07	-4.3242e-07
0.205	-1.2894e-06	1.19e-12	1.2478e-06	4.5376e-07	-4.3276e-07	-1.2891e-06	-3.62e-12	1.2451e-06	4.5366e-07	-4.3254e-07	-1.2823e-06	2.23e-12	1.2422e-06	4.5366e-07	-4.3262e-07	-1.2715e-06	-6.2e-13	1.2244e-06	4.5344e-07	-4.3232e-07	-1.2817e-06	-2.54e-12	1.2376e-06	4.5358e-07	-4.3252e-07	-1.2789e-06	-6e-13	1.2326e-06	4.5338e-07	-4.3238e-07	-1.276e-06	3.43e-12	1.2339e-06	4.5356e-07	-4.3232e-07
0.21	-1.2203e-06	-3.49e-12	1.1781e-06	4.5342e-07	-4.3278e-07	-1.2152e-06	4.2e-13	1.1728e-06	4.5312e-07	-4.3252e-07	-1.2136e-06	2e-13	1.1712e-06	4.5338e-07	-4.326e-07	-1.1944e-06	-3.61e-12	1.1528e-06	4.531e-07	-4.324e-07	-1.2075e-06	1.38e-12	1.1649e-06	4.5316e-07	-4.3244e-07	-1.2031e-06	2.85e-12	1.1643e-06	4.5308e-07	-4.3232e-07	-1.2108e-06	2.2e-12	1.1662e-06	4.5316e-07	-4.3242e-07
0.215	-1.1562e-06	-1.17e-12	1.1177e-06	4.5304e-07	-4.327e-07	-1.1473e-06	2.31e-12	1.1087e-06	4.5282e-07	-4.326e-07	-1.1451e-06	-2.11e-12	1.1024e-06	4.529e-07	-4.3266e-07	-1.1333e-06	7.6e-13	1.0913e-06	4.5264e-07	-4.3242e-07	-1.1427e-06	1.68e-12	1.1064e-06	4.5284e-07	-4.3242e-07	-1.1391e-06	-4.2e-13	1.099e-06	4.5262e-07	-4.3234e-07	-1.1433e-06	-3.53e-12	1.1028e-06	4.5262e-07	-4.3242e-07
0.22	-1.0946e-06	3.43e-12	1.0516e-06	4.5252e-07	-4.3266e-07	-1.0896e-06	-2.06e-12	1.0465e-06	4.5238e-07	-4.3254e-07	-1.0781e-06	8.3e-13	1.0403e-06	4.5236e-07	-4.3246e-07	-1.0738e-06	1.22e-12	1.0336e-06	4.5226e-07	-4.3242e-07	-1.0807e-06	-1.96e-12	1.039e-06	4.5232e-07	-4.3248e-07	-1.0794e-06	-2.41e-12	1.0397e-06	4.5236e-07	-4.3252e-07	-1.08e-06	2.5e-13	1.0406e-06	4.5224e-07	-4.3242e-07
0.225	-1.0345e-06	-2.81e-12	9.976e-07	4.5218e-07	-4.327e-07	-1.027e-06	-2e-12	9.9046e-07	4.5194e-07	-4.3248e-07	-1.0224e-06	1.55e-12	9.8956e-07	4.519e-07	-4.3242e-07	-1.0182e-06	-2.68e-12	9.7984e-07	4.5186e-07	-4.3238e-07	-1.0213e-06	-7.6e-13	9.8328e-07	4.52e-07	-4.3254e-07	-1.0214e-06	2.93e-12	9.8228e-07	4.5204e-07	-4.3254e-07	-1.0211e-06	3.13e-12	9.84e-07	4.519e-07	-4.324e-07
0.23	-9.5388e-07	-4.4e-13	9.3964e-07	4.5174e-07	-4.3272e-07	-9.4982e-07	6.6e-13	9.2698e-07	4.5154e-07	-4.324e-07	-9.4798e-07	-3.43e-12	9.2764e-07	4.5142e-07	-4.325e-07	-9.4078e-07	1.74e-12	9.1976e-07	4.515e-07	-4.324e-07	-9.4276e-07	-6e-14	9.278e-07	4.516e-07	-4.3248e-07	-9.4286e-07	-2.7e-12	9.2096e-07	4.515e-07	-4.3236e-07	-9.4332e-07	-2.47e-12	9.253e-07	4.5152e-07	-4.3246e-07
0.235	-9.2552e-07	-9e-13	8.9184e-07	4.5134e-07	-4.327e-07	-9.2192e-07	-3.1e-12	8.8624e-07	4.5118e-07	-4.3252e-07	-9.1956e-07	2.07e-12	8.8498e-07	4.5114e-07	-4.3242e-07	-9.1358e-07	-2.23e-12	8.748e-07	4.51e-07	-4.3236e-07	-9.2046e-07	-1.98e-12	8.8136e-07	4.5116e-07	-4.3252e-07	-9.1922e-07	1.04e-12	8.788e-07	4.5096e-07	-4.3236e-07	-9.2072e-07	2.79e-12	8.8594e-07	4.5116e-07	-4.3248e-07
0.24	-8.811e-07	-3.46e-12	8.4502e-07	4.5104e-07	-4.3266e-07	-8.713e-07	1.9e-12	8.3752e-07	4.508e-07	-4.3254e-07	-8.7022e-07	-5e-13	8.3472e-07	4.5072e-07	-4.3242e-07	-8.6608e-07	-1.04e-12	8.2814e-07	4.5072e-07	-4.324e-07	-8.7196e-07	1.28e-12	8.3458e-07	4.509e-07	-4.3248e-07	-8.6706e-07	2.25e-12	8.3294e-07	4.5066e-07	-4.3228e-07	-8.7062e-07	-4.4e-13	8.3358e-07	4.5076e-07	-4.3252e-07
0.245	-8.3352e-07	3.18e-12	7.9876e-07	4.5068e-07	-4.3266e-07	-8.2968e-07	-1.11e-12	7.9332e-07	4.5046e-07	-4.3248e-07	-8.2206e-07	-1.45e-12	7.888e-07	4.5036e-07	-4.3254e-07	-8.1534e-07	2.19e-12	7.8288e-07	4.5034e-07	-4.3242e-07	-8.2352e-07	-1.12e-12	7.8844e-07	4.5044e-07	-4.325e-07	-8.1642e-07	-2.39e-12	7.8366e-07	4.5032e-07	-4.3244e-07	-8.203e-07	-2.55e-12	7.8788e-07	4.5042e-07	-4.3248e-07
0.25	-7.8486e-07	-4.7e-13	7.5378e-07	4.5026e-07	-4.326e-07	-7.843e-07	-1.88e-12	7.5014e-07	4.4996e-07	-4.3254e-07	-7.8306e-07	1.27e-12	7.4826e-07	4.5004e-07	-4.3248e-07	-7.731e-07	-1.54e-12	7.3908e-07	4.4994e-07	-4.324e-07	-7.8088e-07	-1.56e-12	7.4658e-07	4.5002e-07	-4.3248e-07	-7.7762e-07	-1.3e-13	7.4312e-07	4.4992e-07	-4.3238e-07	-7.7884e-07	2.87e-12	7.4678e-07	4.5014e-07	-4.3242e-07
0.255	-7.478e-07	-5.07e-12	7.1238e-07	4.499e-07	-4.3268e-07	-7.4134e-07	1.95e-12	7.0892e-07	4.4976e-07	-4.3252e-07	-7.4084e-07	-1.19e-12	7.0596e-07	4.4958e-07	-4.3248e-07	-7.314e-07	1.1e-13	6.9956e-07	4.4958e-07	-4.3242e-07	-7.3962e-07	4.16e-12	7.0584e-07	4.4976e-07	-4.3254e-07	-7.365e-07	7.6e-13	7.0266e-07	4.4958e-07	-4.3242e-07	-7.3602e-07	1.02e-12	7.026e-07	4.4968e-07	-4.3254e-07
0.26	-7.0218e-07	3.51e-12	6.7224e-07	4.4946e-07	-4.326e-07	-7.0028e-07	-2.48e-12	6.726e-07	4.4934e-07	-4.3248e-07	-7.0074e-07	-5.5e-13	6.6966e-07	4.4928e-07	-4.3242e-07	-6.9166e-07	3.02e-12	6.6196e-07	4.4936e-07	-4.3238e-07	-6.9516e-07	-8.7e-13	6.6716e-07	4.4932e-07	-4.3246e-07	-6.9402e-07	-2.74e-12	6.642e-07	4.4928e-07	-4.3244e-07	-6.9604e-07	-2.99e-12	6.6506e-07	4.494e-07	-4.3254e-07
0.265	-6.6482e-07	-1.25e-12	6.3622e-07	4.4922e-07	-4.327e-07	-6.5838e-07	-1.29e-12	6.3268e-07	4.4894e-07	-4.3258e-07	-6.6286e-07	2.19e-12	6.3174e-07	4.4896e-07	-4.3248e-07	-6.547e-07	-2.88e-12	6.2686e-07	4.4886e-07	-4.3236e-07	-6.6038e-07	-2.26e-12	6.3168e-07	4.49e-07	-4.3254e-07	-6.5932e-07	1.62e-12	6.283e-07	4.489e-07	-4.3244e-07	-6.5922e-07	1.7e-12	6.2976e-07	4.4902e-07	-4.3254e-07
0.27	-6.2988e-07	-2.94e-12	6.0058e-07	4.4884e-07	-4.3274e-07	-6.2832e-07	2.47e-12	5.9888e-07	4.487e-07	-4.3254e-07	-6.2574e-07	-2.03e-12	5.9632e-07	4.4864e-07	-4.3254e-07	-6.2194e-07	-1.7e-13	5.9454e-07	4.4856e-07	-4.324e-07	-6.2232e-07	3.01e-12	5.94e-07	4.4868e-07	-4.3256e-07	-6.2278e-07	9.2e-13	5.9466e-07	4.487e-07	-4.326e-07	-6.2202e-07	9.7e-13	5.9344e-07	4.4868e-07	-4.3252e-07
0.275	-5.9838e-07	2.88e-12	5.7004e-07	4.485e-07	-4.3274e-07	-5.9176e-07	-1.78e-12	5.6422e-07	4.4822e-07	-4.3238e-07	-5.9148e-07	4.6e-13	5.6494e-07	4.4828e-07	-4.325e-07	-5.8904e-07	1.56e-12	5.6084e-07	4.4838e-07	-4.3252e-07	-5.9178e-07	2.2e-13	5.6544e-07	4.484e-07	-4.3258e-07	-5.8638e-07	-1.59e-12	5.6164e-07	4.4832e-07	-4.3268e-07	-5.8904e-07	-1.79e-12	5.6106e-07	4.4826e-07	-4.3244e-07
0.28	-5.6542e-07	-1.19e-12	5.3868e-07	4.482e-07	-4.3268e-07	-5.638e-07	-2.13e-12	5.368e-07	4.4792e-07	-4.3248e-07	-5.6028e-07	1.39e-12	5.3518e-07	4.4796e-07	-4.3258e-07	-5.5576e-07	-1.1e-12	5.3104e-07	4.4802e-07	-4.3266e-07	-5.5804e-07	-2.2e-12	5.3226e-07	4.4794e-07	-4.324e-07	-5.5762e-07	1.29e-12	5.301e-07	4.4802e-07	-4.3256e-07	-5.5878e-07	-2e-14	5.303e-07	4.4792e-07	-4.3244e-07
0.285	-5.3548e-07	-2.69e-12	5.1054e-07	4.479e-07	-4.3276e-07	-5.3288e-07	2.67e-12	5.063e-07	4.4764e-07	-4.3256e-07	-5.3094e-07	-2.53e-12	5.0402e-07	4.476e-07	-4.324e-07	-5.29e-07	2.6e-13	5.037e-07	4.4774e-07	-4.326e-07	-5.3024e-07	1.4e-12	5.0658e-07	4.476e-07	-4.3252e-07	-5.2728e-07	9.4e-13	5.0358e-07	4.478e-07	-4.326e-07	-5.2616e-07	9.4e-13	5.022e-07	4.4768e-07	-4.3246e-07
0.29	-5.0654e-07	1.06e-12	4.8214e-07	4.475e-07	-4.3274e-07	-5.036e-07	-3.33e-12	4.8014e-07	4.4734e-07	-4.3252e-07	-5.0278e-07	1.41e-12	4.784e-07	4.4732e-07	-4.3246e-07	-5.0038e-07	1.42e-12	4.7548e-07	4.4728e-07	-4.324e-07	-5.0076e-07	-1.01e-12	4.7652e-07	4.4734e-07	-4.3254e-07	-5.0066e-07	-2.23e-12	4.7642e-07	4.473e-07	-4.325e-07	-4.9518e-07	7.8e-13	4.7262e-07	4.4724e-07	-4.3246e-07
0.295	-4.801e-07	-2.14e-12	4.5668e-07	4.473e-07	-4.3264e-07	-4.7784e-07	8.8e-13	4.5472e-07	4.4704e-07	-4.3254e-07	-4.7412e-07	1.68e-12	4.5194e-07	4.4704e-07	-4.3238e-07	-4.7348e-07	-2.65e-12	4.498e-07	4.4696e-07	-4.3236e-07	-4.7246e-07	-1.42e-12	4.4974e-07	4.4708e-07	-4.3252e-07	-4.7408e-07	1.3e-12	4.508e-07	4.4702e-07	-4.3256e-07	-4.7164e-07	-2.06e-12	4.4946e-07	4.4692e-07	-4.3246e-07
0.3	-4.5478e-07	-5e-13	4.3432e-07	4.4684e-07	-4.3268e-07	-4.5196e-07	1.76e-12	4.2826e-07	4.4668e-07	-4.3244e-07	-4.4798e-07	-3.58e-12	4.264e-07	4.4656e-07	-4.325e-07	-4.4798e-07	5.8e-13	4.2494e-07	4.4658e-07	-4.3244e-07	-4.5026e-07	2.95e-12	4.2792e-07	4.4662e-07	-4.3258e-07	-4.493e-07	1.86e-12	4.2834e-07	4.468e-07	-4.3264e-07	-4.5094e-07	-1.51e-12	4.2814e-07	4.4666e-07	-4.3252e-07
0.305	-4.3376e-07	1.78e-12	4.1092e-07	4.4664e-07	-4.327e-07	-4.254e-07	-2.12e-12	4.0496e-07	4.4644e-07	-4.3252e-07	-4.2464e-07	9.5e-13	4.047e-07	4.4636e-07	-4.3244e-07	-4.238e-07	2.4e-13	4.024e-07	4.4624e-07	-4.324e-07	-4.2526e-07	-2.01e-12	4.0396e-07	4.4642e-07	-4.3252e-07	-4.261e-07	-2.88e-12	4.0424e-07	4.4652e-07	-4.3254e-07	-4.2196e-07	3.36e-12	4.0168e-07	4.4636e-07	-4.3242e-07
0.31	-4.0888e-07	-3.22e-12	3.858e-07	4.4628e-07	-4.3264e-07	-4.0428e-07	-1.54e-12	3.8404e-07	4.4626e-07	-4.3262e-07	-4.0476e-07	1.15e-12	3.8388e-07	4.4598e-07	-4.3246e-07	-4.018e-07	-2.26e-12	3.8072e-07	4.4602e-07	-4.3236e-07	-4.0412e-07	-1.1e-13	3.8252e-07	4.4608e-07	-4.3256e-07	-4.0364e-07	1.34e-12	3.8218e-07	4.4612e-07	-4.3258e-07	-4.0076e-07	1.84e-12	3.8114e-07	4.4606e-07	-4.3248e-07
0.315	-3.8604e-07	1.32e-12	3.6592e-07	4.4594e-07	-4.3264e-07	-3.8284e-07	1.19e-12	3.6286e-07	4.4592e-07	-4.327e-07	-3.8366e-07	-3.47e-12	3.6176e-07	4.4572e-07	-4.3246e-07	-3.8274e-07	1.6e-12	3.6152e-07	4.4564e-07	-4.3236e-07	-3.826e-07	2.19e-12	3.6188e-07	4.458e-07	-4.3252e-07	-3.819e-07	6.5e-13	3.6104e-07	4.4592e-07	-4.3254e-07	-3.7954e-07	-3.56e-12	3.6086e-07	4.4582e-07	-4.3246e-07
0.32	-3.662e-07	9.1e-13	3.4658e-07	4.4578e-07	-4.3258e-07	-3.6244e-07	-1.92e-12	3.432e-07	4.4572e-07	-4.327e-07	-3.623e-07	1.42e-12	3.432e-07	4.4536e-07	-4.324e-07	-3.603e-07	1.09e-12	3.405e-07	4.4534e-07	-4.3236e-07	-3.6122e-07	-1.72e-12	3.413e-07	4.454e-07	-4.3248e-07	-3.6116e-07	-2.89e-12	3.4116e-07	4.4558e-07	-4.3264e-07	-3.6088e-07	-1.32e-12	3.4146e-07	4.4548e-07	-4.323e-07
0.325	-3.4708e-07	-3.9e-12	3.271e-07	4.453e-07	-4.3266e-07	-3.4532e-07	-1.69e-12	3.267e-07	4.4542e-07	-4.327e-07	-3.4246e-07	2e-14	3.2418e-07	4.4512e-07	-4.324e-07	-3.4154e-07	-2.4e-12	3.225e-07	4.4506e-07	-4.324e-07	-3.42e-07	-8.1e-13	3.2312e-07	4.4522e-07	-4.3252e-07	-3.4256e-07	1.85e-12	3.2336e-07	4.4524e-07	-4.3256e-07	-3.4006e-07	4.79e-12	3.2212e-07	4.4526e-07	-4.3252e-07
0.33	-3.2834e-07	1.2e-12	3.1038e-07	4.4512e-07	-4.3264e-07	-3.2558e-07	2.57e-12	3.0722e-07	4.451e-07	-4.3274e-07	-3.2604e-07	-2.05e-12	3.0724e-07	4.4482e-07	-4.3236e-07	-3.2424e-07	1.09e-12	3.06e-07	4.4476e-07	-4.3248e-07	-3.2356e-07	1.75e-12	3.0674e-07	4.4494e-07	-4.3234e-07	-3.2428e-07	1.87e-12	3.0616e-07	4.4496e-07	-4.3266e-07	-3.2336e-07	-7e-13	3.0436e-07	4.449e-07	-4.3254e-07
0.335	-3.1128e-07	1.43e-12	2.9376e-07	4.4482e-07	-4.327e-07	-3.0938e-07	-1.87e-12	2.9158e-07	4.4482e-07	-4.3272e-07	-3.0894e-07	2.12e-12	2.9222e-07	4.4466e-07	-4.325e-07	-3.077e-07	1e-13	2.8968e-07	4.4452e-07	-4.3232e-07	-3.091e-07	-1.78e-12	2.9106e-07	4.4466e-07	-4.3252e-07	-3.071e-07	-2.39e-12	2.8926e-07	4.4474e-07	-4.326e-07	-3.0622e-07	-4.18e-12	2.8872e-07	4.4458e-07	-4.3252e-07
0.34	-2.9398e-07	-3.44e-12	2.778e-07	4.4454e-07	-4.3266e-07	-2.933e-07	-2.15e-12	2.7644e-07	4.443e-07	-4.3254e-07	-2.9042e-07	1e-13	2.7486e-07	4.444e-07	-4.3248e-07	-2.9118e-07	-2.28e-12	2.7406e-07	4.4452e-07	-4.3254e-07	-2.9344e-07	1.59e-12	2.7508e-07	4.4436e-07	-4.3252e-07	-2.9106e-07	2.08e-12	2.7414e-07	4.4448e-07	-4.326e-07	-2.9016e-07	2.73e-12	2.7384e-07	4.4434e-07	-4.3254e-07
0.345	-2.7952e-07	1.27e-12	2.646e-07	4.4428e-07	-4.326e-07	-2.7776e-07	2.31e-12	2.609e-07	4.4416e-07	-4.326e-07	-2.7634e-07	-3.06e-12	2.5974e-07	4.4406e-07	-4.3248e-07	-2.7564e-07	1.67e-12	2.6006e-07	4.4412e-07	-4.326e-07	-2.7784e-07	1.35e-12	2.5904e-07	4.4418e-07	-4.3252e-07	-2.7554e-07	-5e-14	2.5932e-07	4.4406e-07	-4.3246e-07	-2.7404e-07	2.61e-12	2.5874e-07	4.4412e-07	-4.3248e-07
0.35	-2.671e-07	2.17e-12	2.5008e-07	4.4402e-07	-4.3264e-07	-2.6206e-07	-3.69e-12	2.47e-07	4.4394e-07	-4.3256e-07	-2.6198e-07	2.04e-12	2.4654e-07	4.4386e-07	-4.3252e-07	-2.6072e-07	4.9e-13	2.4574e-07	4.439e-07	-4.3248e-07	-2.6254e-07	-2.41e-12	2.4666e-07	4.4386e-07	-4.3256e-07	-2.618e-07	-2.14e-12	2.4498e-07	4.4376e-07	-4.324e-07	-2.599e-07	-3.42e-12	2.4494e-07	4.4382e-07	-4.3254e-07
0.355	-2.5188e-07	-4.26e-12	2.3558e-07	4.4376e-07	-4.3268e-07	-2.499e-07	-2.5e-13	2.3424e-07	4.4364e-07	-4.3264e-07	-2.4894e-07	-2.3e-13	2.3492e-07	4.4358e-07	-4.3248e-07	-2.4776e-07	-1.39e-12	2.3238e-07	4.4344e-07	-4.3236e-07	-2.4868e-07	1.05e-12	2.3294e-07	4.4364e-07	-4.3244e-07	-2.4754e-07	1.47e-12	2.3268e-07	4.4344e-07	-4.3236e-07	-2.4758e-07	-1.63e-12	2.3214e-07	4.4358e-07	-4.3252e-07
0.36	-2.3818e-07	1.04e-12	2.2318e-07	4.4344e-07	-4.3266e-07	-2.3472e-07	3.01e-12	2.2082e-07	4.4332e-07	-4.3242e-07	-2.3646e-07	-2.74e-12	2.2248e-07	4.4334e-07	-4.3248e-07	-2.3556e-07	2.7e-12	2.2034e-07	4.4316e-07	-4.3236e-07	-2.3602e-07	1.48e-12	2.2004e-07	4.4336e-07	-4.3258e-07	-2.3502e-07	1.63e-12	2.2072e-07	4.4328e-07	-4.3248e-07	-2.359e-07	1.75e-12	2.2e-07	4.4328e-07	-4.3252e-07
0.365	-2.2594e-07	3e-14	2.1104e-07	4.4328e-07	-4.327e-07	-2.226e-07	-1.46e-12	2.0914e-07	4.4314e-07	-4.3256e-07	-2.2542e-07	1.78e-12	2.0962e-07	4.4304e-07	-4.3248e-07	-2.2274e-07	-1.04e-12	2.0844e-07	4.4294e-07	-4.3244e-07	-2.2314e-07	-2.12e-12	2.085e-07	4.4304e-07	-4.3246e-07	-2.2266e-07	-1.94e-12	2.081e-07	4.43e-07	-4.3248e-07	-2.2302e-07	1.96e-12	2.0834e-07	4.431e-07	-4.325e-07
0.37	-2.1418e-07	-2.78e-12	2.0002e-07	4.4294e-07	-4.327e-07	-2.1232e-07	-1.02e-12	1.9884e-07	4.428e-07	-4.3252e-07	-2.1236e-07	-9.4e-13	1.98e-07	4.4286e-07	-4.3252e-07	-2.112e-07	-2.5e-13	1.9716e-07	4.428e-07	-4.324e-07	-2.1242e-07	1.98e-12	1.9796e-07	4.4286e-07	-4.3248e-07	-2.114e-07	6.5e-13	1.967e-07	4.428e-07	-4.3246e-07	-2.1168e-07	-1.89e-12	1.9754e-07	4.428e-07	-4.3246e-07
0.375	-2.026e-07	1.87e-12	1.8954e-07	4.4274e-07	-4.3264e-07	-2.018e-07	1.51e-12	1.8872e-07	4.4256e-07	-4.3252e-07	-2.016e-07	-2.28e-12	1.8764e-07	4.426e-07	-4.3248e-07	-1.9948e-07	1.64e-12	1.8654e-07	4.4238e-07	-4.324e-07	-2.011e-07	3.5e-13	1.8796e-07	4.4256e-07	-4.3254e-07	-1.995e-07	1.2e-12	1.8598e-07	4.4244e-07	-4.3242e-07	-2.0156e-07	-1.85e-12	1.871e-07	4.4258e-07	-4.3252e-07
0.38	-1.9276e-07	-2.2e-13	1.7962e-07	4.4242e-07	-4.3258e-07	-1.9134e-07	-3.78e-12	1.7832e-07	4.423e-07	-4.3246e-07	-1.914e-07	1.64e-12	1.7776e-07	4.4226e-07	-4.3248e-07	-1.8988e-07	-8.4e-13	1.7636e-07	4.4228e-07	-4.3264e-07	-1.9064e-07	-2.15e-12	1.7768e-07	4.4228e-07	-4.325e-07	-1.8964e-07	-1.45e-12	1.763e-07	4.4222e-07	-4.3236e-07	-1.9102e-07	1.57e-12	1.7728e-07	4.4226e-07	-4.3248e-07
0.385	-1.8374e-07	-3.92e-12	1.7054e-07	4.4222e-07	-4.3254e-07	-1.8204e-07	1.95e-12	1.6898e-07	4.4196e-07	-4.3244e-07	-1.7974e-07	4.6e-13	1.6818e-07	4.4216e-07	-4.3276e-07	-1.7942e-07	-1.36e-12	1.672e-07	4.422e-07	-4.3254e-07	-1.8068e-07	1.68e-12	1.6792e-07	4.4214e-07	-4.3246e-07	-1.7976e-07	1.55e-12	1.6682e-07	4.42e-07	-4.3248e-07	-1.8086e-07	2.43e-12	1.6854e-07	4.4214e-07	-4.3246e-07
0.39	-1.7326e-07	2.83e-12	1.6112e-07	4.4204e-07	-4.3266e-07	-1.7154e-07	2.12e-12	1.5934e-07	4.4178e-07	-4.3252e-07	-1.7038e-07	-2e-12	1.5934e-07	4.4178e-07	-4.3244e-07	-1.7008e-07	1.88e-12	1.5828e-07	4.4196e-07	-4.3264e-07	-1.7108e-07	-4.9e-13	1.588e-07	4.4192e-07	-4.3252e-07	-1.709e-07	-1.7e-13	1.5808e-07	4.4168e-07	-4.3228e-07	-1.7242e-07	-5.38e-12	1.6e-07	4.4184e-07	-4.3256e-07
0.395	-1.6444e-07	-1.79e-12	1.5242e-07	4.4174e-07	-4.327e-07	-1.6292e-07	-2.98e-12	1.511e-07	4.4162e-07	-4.3248e-07	-1.6312e-07	2.45e-12	1.5118e-07	4.4166e-07	-4.3252e-07	-1.6174e-07	-1.3e-12	1.4996e-07	4.4174e-07	-4.3258e-07	-1.6224e-07	-1.45e-12	1.5028e-07	4.416e-07	-4.3252e-07	-1.6156e-07	-2.77e-12	1.4958e-07	4.4152e-07	-4.324e-07	-1.6254e-07	5.3e-13	1.502e-07	4.4166e-07	-4.3248e-07
0.4	-1.567e-07	-1.24e-12	1.4486e-07	4.4148e-07	-4.3258e-07	-1.5452e-07	1.04e-12	1.4334e-07	4.4136e-07	-4.3244e-07	-1.5424e-07	-1.08e-12	1.4304e-07	4.4134e-07	-4.3248e-07	-1.5332e-07	-1.76e-12	1.4174e-07	4.4148e-07	-4.3266e-07	-1.5354e-07	2.06e-12	1.4186e-07	4.4136e-07	-4.3248e-07	-1.5306e-07	2.06e-12	1.4192e-07	4.4134e-07	-4.3246e-07	-1.5364e-07	4.5e-12	1.4242e-07	4.4142e-07	-4.3254e-07
0.405	-1.4676e-07	3.44e-12	1.3624e-07	4.4136e-07	-4.3268e-07	-1.4686e-07	-3.9e-13	1.3544e-07	4.4138e-07	-4.3258e-07	-1.4664e-07	-9.3e-13	1.3554e-07	4.4124e-07	-4.3246e-07	-1.4598e-07	1.9e-12	1.3454e-07	4.4126e-07	-4.3256e-07	-1.4564e-07	-1.05e-12	1.3434e-07	4.4114e-07	-4.3242e-07	-1.4534e-07	8.5e-13	1.3418e-07	4.4118e-07	-4.3236e-07	-1.4576e-07	-2.44e-12	1.3506e-07	4.412e-07	-4.3246e-07
0.41	-1.3938e-07	-2.2e-12	1.292e-07	4.4118e-07	-4.3264e-07	-1.3926e-07	-2.41e-12	1.2726e-07	4.4116e-07	-4.3266e-07	-1.3834e-07	2.23e-12	1.2764e-07	4.4096e-07	-4.3246e-07	-1.3822e-07	8e-14	1.276e-07	4.4112e-07	-4.3258e-07	-1.3814e-07	-8.3e-13	1.2768e-07	4.409e-07	-4.3258e-07	-1.3792e-07	-2.51e-12	1.2746e-07	4.4096e-07	-4.3242e-07	-1.381e-07	-3.85e-12	1.274e-07	4.4096e-07	-4.325e-07
0.415	-1.3334e-07	-1.19e-12	1.224e-07	4.4096e-07	-4.327e-07	-1.3186e-07	2.02e-12	1.2132e-07	4.4096e-07	-4.326e-07	-1.3224e-07	-1.88e-12	1.2132e-07	4.4078e-07	-4.324e-07	-1.304e-07	-1.32e-12	1.2052e-07	4.4084e-07	-4.3252e-07	-1.312e-07	2.97e-12	1.205e-07	4.4074e-07	-4.3248e-07	-1.3108e-07	2.13e-12	1.2072e-07	4.4076e-07	-4.3244e-07	-1.3118e-07	3.68e-12	1.2062e-07	4.4088e-07	-4.3248e-07
0.42	-1.2598e-07	1.55e-12	1.1628e-07	4.4064e-07	-4.3258e-07	-1.2514e-07	4.9e-13	1.1414e-07	4.4076e-07	-4.3258e-07	-1.2566e-07	-2.9e-13	1.1502e-07	4.4056e-07	-4.3236e-07	-1.2408e-07	1.1e-12	1.1394e-07	4.4076e-07	-4.3258e-07	-1.2428e-07	-2.04e-12	1.1402e-07	4.4058e-07	-4.3244e-07	-1.2402e-07	1.14e-12	1.14e-07	4.4052e-07	-4.3254e-07	-1.2422e-07	-1.1e-12	1.1428e-07	4.406e-07	-4.3254e-07
0.425	-1.1906e-07	-3.47e-12	1.0958e-07	4.4054e-07	-4.3262e-07	-1.1866e-07	-3.42e-12	1.0898e-07	4.404e-07	-4.326e-07	-1.1842e-07	2.09e-12	1.0858e-07	4.404e-07	-4.3242e-07	-1.1734e-07	-7.9e-13	1.0754e-07	4.404e-07	-4.326e-07	-1.1782e-07	-8.5e-13	1.078e-07	4.4044e-07	-4.3256e-07	-1.1768e-07	-3.28e-12	1.0776e-07	4.404e-07	-4.3248e-07	-1.18e-07	-1.78e-12	1.0798e-07	4.4036e-07	-4.3248e-07
0.43	-1.1344e-07	-6.9e-13	1.0404e-07	4.4034e-07	-4.3268e-07	-1.1286e-07	1.18e-12	1.0328e-07	4.403e-07	-4.3252e-07	-1.1192e-07	-2.62e-12	1.0232e-07	4.4022e-07	-4.3246e-07	-1.117e-07	-6.7e-13	1.0212e-07	4.403e-07	-4.3254e-07	-1.1162e-07	2.44e-12	1.0182e-07	4.4018e-07	-4.3252e-07	-1.1146e-07	1.18e-12	1.0184e-07	4.4022e-07	-4.3262e-07	-1.1174e-07	9.3e-13	1.0232e-07	4.4014e-07	-4.3242e-07
0.435	-1.0762e-07	2.19e-12	9.65894e-08	4.4006e-07	-4.3266e-07	-1.0716e-07	5.2e-13	9.61656e-08	4.4024e-07	-4.3274e-07	-1.065e-07	1.1e-13	9.59662e-08	4.399e-07	-4.3248e-07	-1.057e-07	1.83e-12	9.5165e-08	4.4012e-07	-4.3264e-07	-1.061e-07	-1.95e-12	9.5414e-08	4.401e-07	-4.3254e-07	-1.059e-07	1.03e-12	9.50678e-08	4.399e-07	-4.324e-07	-1.0596e-07	3e-14	9.52582e-08	4.4e-07	-4.3246e-07
0.44	-1.0132e-07	1.95e-12	9.2159e-08	4.3984e-07	-4.3252e-07	-1.0088e-07	9.6e-13	9.16228e-08	4.3978e-07	-4.3246e-07	-1.0042e-07	-2.81e-12	9.13502e-08	4.3974e-07	-4.3242e-07	-9.73094e-08	4.5e-13	8.94436e-08	4.3984e-07	-4.3258e-07	-9.79198e-08	-9.8e-13	8.99828e-08	4.3986e-07	-4.3248e-07	-9.7493e-08	-2.78e-12	8.97382e-08	4.3974e-07	-4.3252e-07	-1.0034e-07	-2.83e-12	9.1017e-08	4.399e-07	-4.3272e-07
0.445	-9.4044e-08	-3.45e-12	8.6122e-08	4.3982e-07	-4.3262e-07	-9.34378e-08	1.13e-12	8.55198e-08	4.3958e-07	-4.3242e-07	-9.30658e-08	2.4e-13	8.5489e-08	4.3988e-07	-4.3264e-07	-9.37562e-08	1.41e-12	8.52432e-08	4.3958e-07	-4.3248e-07	-9.40362e-08	-7.7e-13	8.54064e-08	4.3966e-07	-4.3252e-07	-9.38238e-08	-2.89e-12	8.5051e-08	4.395e-07	-4.3232e-07	-9.27532e-08	5.51e-12	8.53474e-08	4.3972e-07	-4.3268e-07
0.45	-9.0307e-08	-3.5e-12	8.18584e-08	4.397e-07	-4.326e-07	-8.96494e-08	-8.5e-13	8.1214e-08	4.394e-07	-4.3232e-07	-8.9555e-08	2.9e-13	8.0811e-08	4.394e-07	-4.3248e-07	-8.89502e-08	1.36e-12	8.07092e-08	4.393e-07	-4.3242e-07	-8.9316e-08	-3.21e-12	8.08694e-08	4.3952e-07	-4.3252e-07	-8.9138e-08	-3.08e-12	8.06578e-08	4.394e-07	-4.3244e-07	-8.92892e-08	6.2e-13	8.07744e-08	4.396e-07	-4.326e-07
0.455	-8.59048e-08	-3.41e-12	7.7466e-08	4.3946e-07	-4.3268e-07	-8.52524e-08	-7.5e-13	7.6754e-08	4.3938e-07	-4.326e-07	-8.49692e-08	-2e-14	7.69028e-08	4.3928e-07	-4.3246e-07	-8.47374e-08	1.85e-12	7.63976e-08	4.3918e-07	-4.3244e-07	-8.44992e-08	-2.54e-12	7.62578e-08	4.3926e-07	-4.3252e-07	-8.43922e-08	-1.14e-12	7.59304e-08	4.3914e-07	-4.3244e-07	-8.465e-08	2.45e-12	7.6646e-08	4.394e-07	-4.3254e-07
0.46	-8.13568e-08	-3.1e-12	7.33776e-08	4.3934e-07	-4.3264e-07	-8.07708e-08	-1.05e-12	7.28984e-08	4.3898e-07	-4.3248e-07	-8.04396e-08	8.6e-13	7.26688e-08	4.39e-07	-4.324e-07	-7.9949e-08	1.9e-12	7.18328e-08	4.3912e-07	-4.3234e-07	-8.02732e-08	-2.43e-12	7.22642e-08	4.391e-07	-4.3246e-07	-8.0003e-08	-1.18e-12	7.21654e-08	4.3908e-07	-4.3238e-07	-8.0367e-08	-6.6e-13	7.22976e-08	4.3924e-07	-4.3264e-07
0.465	-7.71306e-08	-2.59e-12	6.92302e-08	4.3914e-07	-4.3256e-07	-7.65276e-08	-6.6e-13	6.86968e-08	4.3888e-07	-4.3238e-07	-7.6494e-08	1.57e-12	6.86226e-08	4.3902e-07	-4.3254e-07	-7.5731e-08	2.6e-12	6.80436e-08	4.3886e-07	-4.324e-07	-7.59788e-08	-2.2e-12	6.81388e-08	4.3886e-07	-4.3232e-07	-7.59626e-08	-4.3e-13	6.798e-08	4.3882e-07	-4.3254e-07	-7.6216e-08	1.52e-12	6.85264e-08	4.3888e-07	-4.325e-07
0.47	-7.30962e-08	-3e-12	6.57596e-08	4.3888e-07	-4.3262e-07	-7.25862e-08	-1.56e-12	6.50934e-08	4.3864e-07	-4.3246e-07	-7.22452e-08	2.08e-12	6.4849e-08	4.3876e-07	-4.3254e-07	-7.18972e-08	1.48e-12	6.42622e-08	4.3868e-07	-4.3242e-07	-7.18928e-08	-1.96e-12	6.45382e-08	4.3884e-07	-4.3252e-07	-7.1881e-08	8e-14	6.45232e-08	4.3864e-07	-4.3234e-07	-7.19526e-08	7.9e-13	6.43864e-08	4.3898e-07	-4.3258e-07
0.475	-6.90936e-08	-1.12e-12	6.20242e-08	4.3886e-07	-4.3264e-07	-6.90066e-08	-7.5e-13	6.1335e-08	4.385e-07	-4.3242e-07	-6.84616e-08	2.16e-12	6.14998e-08	4.3882e-07	-4.3262e-07	-6.80506e-08	2.13e-12	6.07872e-08	4.3858e-07	-4.3238e-07	-6.82644e-08	-2.71e-12	6.08072e-08	4.3874e-07	-4.3264e-07	-6.80602e-08	1.2e-12	6.08528e-08	4.3874e-07	-4.3262e-07	-6.85248e-08	-1.19e-12	6.1093e-08	4.3882e-07	-4.3274e-07
0.48	-6.56992e-08	-5.7e-13	5.87112e-08	4.3856e-07	-4.3252e-07	-6.5199e-08	-2.61e-12	5.8208e-08	4.3838e-07	-4.324e-07	-6.51688e-08	2.45e-12	5.78574e-08	4.3868e-07	-4.326e-07	-6.45836e-08	1.91e-12	5.74814e-08	4.3844e-07	-4.324e-07	-6.4737e-08	-1.69e-12	5.77118e-08	4.3864e-07	-4.3264e-07	-6.46554e-08	4.3e-13	5.77284e-08	4.3844e-07	-4.3246e-07	-6.45874e-08	8e-14	5.74616e-08	4.3864e-07	-4.3264e-07
0.485	-6.22654e-08	6.5e-13	5.536e-08	4.384e-07	-4.326e-07	-6.1865e-08	-4.2e-13	5.48106e-08	4.3832e-07	-4.3258e-07	-6.16982e-08	2.17e-12	5.49866e-08	4.385e-07	-4.3264e-07	-6.13308e-08	2.29e-12	5.44264e-08	4.3824e-07	-4.3242e-07	-6.1268e-08	-2.38e-12	5.45818e-08	4.3832e-07	-4.3248e-07	-6.12188e-08	1.65e-12	5.42362e-08	4.3828e-07	-4.3252e-07	-6.1199e-08	-2.65e-12	5.44526e-08	4.3824e-07	-4.3246e-07
0.49	-5.9177e-08	1.7e-12	5.23956e-08	4.3834e-07	-4.327e-07	-5.843e-08	-2.39e-12	5.194e-08	4.381e-07	-4.325e-07	-5.8511e-08	1.47e-12	5.18794e-08	4.3838e-07	-4.3268e-07	-5.79206e-08	1.94e-12	5.13482e-08	4.3822e-07	-4.3242e-07	-5.821e-08	-1.87e-12	5.16442e-08	4.381e-07	-4.3246e-07	-5.8107e-08	9.9e-13	5.1538e-08	4.381e-07	-4.3242e-07	-5.78872e-08	1.13e-12	5.1423e-08	4.3812e-07	-4.3252e-07
0.495	-5.60048e-08	2.58e-12	4.94668e-08	4.3838e-07	-4.329e-07	-5.54356e-08	-1.18e-12	4.90154e-08	4.38e-07	-4.325e-07	-5.54306e-08	1.36e-12	4.8865e-08	4.3808e-07	-4.3264e-07	-5.50372e-08	6.8e-13	4.85226e-08	4.3796e-07	-4.3248e-07	-5.5179e-08	-1.02e-12	4.86434e-08	4.38e-07	-4.3246e-07	-5.50028e-08	3.07e-12	4.853e-08	4.3796e-07	-4.3246e-07	-5.51896e-08	-2.7e-12	4.8634e-08	4.3798e-07	-4.3244e-07
0.5	-5.31554e-08	3.14e-12	4.70246e-08	4.382e-07	-4.3278e-07	-5.25618e-08	-2.79e-12	4.64418e-08	4.379e-07	-4.3248e-07	-5.25378e-08	1.7e-12	4.5982e-08	4.381e-07	-4.3268e-07	-5.20394e-08	2.3e-13	4.57932e-08	4.379e-07	-4.324e-07	-5.21514e-08	3.1e-13	4.59526e-08	4.3782e-07	-4.3248e-07	-5.21588e-08	1.76e-12	4.60982e-08	4.3786e-07	-4.323e-07	-5.20006e-08	-3.7e-13	4.5817e-08	4.3788e-07	-4.3246e-07
0.505	-5.03326e-08	2.7e-12	4.42012e-08	4.3802e-07	-4.3284e-07	-4.98956e-08	-2.4e-12	4.373e-08	4.378e-07	-4.3252e-07	-4.95976e-08	1.05e-12	4.3609e-08	4.3768e-07	-4.3254e-07	-4.939e-08	1.49e-12	4.32912e-08	4.3768e-07	-4.3252e-07	-4.95026e-08	1.6e-12	4.33672e-08	4.3766e-07	-4.3236e-07	-4.94506e-08	2.81e-12	4.33298e-08	4.3766e-07	-4.3246e-07	-4.93068e-08	-2.67e-12	4.3101e-08	4.3766e-07	-4.3246e-07
0.51	-4.76616e-08	3.02e-12	4.1775e-08	4.3794e-07	-4.3282e-07	-4.71076e-08	-3.09e-12	4.13802e-08	4.3762e-07	-4.3246e-07	-4.69696e-08	1.16e-12	4.11458e-08	4.3764e-07	-4.3254e-07	-4.6612e-08	1.26e-12	4.0801e-08	4.3756e-07	-4.3244e-07	-4.69112e-08	1.87e-12	4.09084e-08	4.3756e-07	-4.3248e-07	-4.6925e-08	1.46e-12	4.1088e-08	4.3754e-07	-4.3236e-07	-4.6626e-08	-1.79e-12	4.09396e-08	4.3742e-07	-4.3244e-07
0.515	-4.50704e-08	1.59e-12	3.94952e-08	4.3756e-07	-4.3266e-07	-4.47344e-08	-2.31e-12	3.89584e-08	4.374e-07	-4.3264e-07	-4.45892e-08	-1.3e-13	3.90556e-08	4.3752e-07	-4.326e-07	-4.42228e-08	1.07e-12	3.84216e-08	4.374e-07	-4.3246e-07	-4.43236e-08	1.49e-12	3.85254e-08	4.3758e-07	-4.3258e-07	-4.43222e-08	7.7e-13	3.85594e-08	4.3734e-07	-4.3242e-07	-4.4294e-08	-1.5e-12	3.84604e-08	4.3748e-07	-4.3248e-07
0.52	-4.28074e-08	1.45e-12	3.72458e-08	4.3748e-07	-4.3264e-07	-4.23432e-08	-2.83e-12	3.67736e-08	4.375e-07	-4.326e-07	-4.22404e-08	-4.2e-13	3.66848e-08	4.3738e-07	-4.326e-07	-4.17648e-08	-3.5e-13	3.63728e-08	4.3732e-07	-4.3228e-07	-4.19872e-08	1.22e-12	3.64736e-08	4.375e-07	-4.3268e-07	-4.207e-08	8.3e-13	3.66094e-08	4.3734e-07	-4.3246e-07	-4.1775e-08	-2.37e-12	3.6382e-08	4.3724e-07	-4.324e-07
0.525	-4.04938e-08	8.7e-13	3.51484e-08	4.3734e-07	-4.3274e-07	-4.01418e-08	-3.88e-12	3.46018e-08	4.3704e-07	-4.3244e-07	-4.00898e-08	-8.1e-13	3.47082e-08	4.3752e-07	-4.328e-07	-3.97352e-08	-3.1e-13	3.42208e-08	4.3714e-07	-4.3242e-07	-3.97506e-08	3.35e-12	3.43306e-08	4.3734e-07	-4.327e-07	-3.98416e-08	2.69e-12	3.4417e-08	4.3712e-07	-4.3242e-07	-3.9692e-08	-2.16e-12	3.41782e-08	4.3712e-07	-4.3242e-07
0.53	-3.83604e-08	1.81e-12	3.31276e-08	4.372e-07	-4.3264e-07	-3.78748e-08	-3.09e-12	3.26874e-08	4.3702e-07	-4.325e-07	-3.79304e-08	-6.3e-13	3.25858e-08	4.3732e-07	-4.3276e-07	-3.74528e-08	-1.55e-12	3.2336e-08	4.3704e-07	-4.3244e-07	-3.7648e-08	1.98e-12	3.24888e-08	4.3724e-07	-4.3268e-07	-3.77558e-08	1.17e-12	3.26186e-08	4.3708e-07	-4.3246e-07	-3.75562e-08	-1.55e-12	3.23888e-08	4.371e-07	-4.3242e-07
0.535	-3.63544e-08	1.12e-12	3.13154e-08	4.3736e-07	-4.3278e-07	-3.58878e-08	-2.07e-12	3.0803e-08	4.3684e-07	-4.3242e-07	-3.59604e-08	-1.66e-12	3.08724e-08	4.3726e-07	-4.3276e-07	-3.5533e-08	-9.5e-13	3.04762e-08	4.3684e-07	-4.3242e-07	-3.5705e-08	4.08e-12	3.059e-08	4.3706e-07	-4.3264e-07	-3.56096e-08	2.32e-12	3.06508e-08	4.3686e-07	-4.3248e-07	-3.5527e-08	-1.04e-12	3.04266e-08	4.3692e-07	-4.3248e-07
0.54	-3.43768e-08	2.07e-12	2.94164e-08	4.3696e-07	-4.3272e-07	-3.39936e-08	-1.76e-12	2.91474e-08	4.368e-07	-4.3246e-07	-3.3959e-08	-3.1e-13	2.89922e-08	4.3684e-07	-4.3252e-07	-3.36476e-08	-1.41e-12	2.88074e-08	4.3676e-07	-4.324e-07	-3.37158e-08	2.12e-12	2.8825e-08	4.3694e-07	-4.327e-07	-3.38016e-08	-1.1e-13	2.89724e-08	4.3678e-07	-4.3242e-07	-3.3657e-08	-9.1e-13	2.87274e-08	4.3692e-07	-4.3248e-07
0.545	-3.2455e-08	1.5e-13	2.78096e-08	4.369e-07	-4.327e-07	-3.21654e-08	-5e-14	2.74306e-08	4.3674e-07	-4.3264e-07	-3.21966e-08	-2.34e-12	2.74686e-08	4.368e-07	-4.3246e-07	-3.19342e-08	-2.05e-12	2.71504e-08	4.3662e-07	-4.3236e-07	-3.19204e-08	1.5e-12	2.71806e-08	4.3692e-07	-4.3268e-07	-3.20298e-08	6.1e-13	2.72756e-08	4.3674e-07	-4.3242e-07	-3.1823e-08	4.3e-13	2.71362e-08	4.3674e-07	-4.3242e-07
0.55	-3.08672e-08	3.5e-13	2.61668e-08	4.3672e-07	-4.3268e-07	-3.04424e-08	3.2e-13	2.59112e-08	4.368e-07	-4.3268e-07	-3.04318e-08	-2.1e-12	2.57768e-08	4.3662e-07	-4.3246e-07	-3.02096e-08	-3.6e-13	2.55818e-08	4.3662e-07	-4.3246e-07	-3.02506e-08	7e-13	2.56742e-08	4.3684e-07	-4.3268e-07	-3.0337e-08	-6.6e-13	2.57494e-08	4.3656e-07	-4.324e-07	-3.0239e-08	-1e-12	2.55336e-08	4.366e-07	-4.3246e-07
0.555	-2.9111e-08	-7.6e-13	2.464e-08	4.3674e-07	-4.3268e-07	-2.88908e-08	1.05e-12	2.44078e-08	4.365e-07	-4.3248e-07	-2.88334e-08	-4.37e-12	2.44226e-08	4.3642e-07	-4.3246e-07	-2.85844e-08	-9.9e-13	2.4079e-08	4.3644e-07	-4.324e-07	-2.8533e-08	1.3e-13	2.41254e-08	4.3668e-07	-4.3266e-07	-2.87494e-08	-4.5e-13	2.42962e-08	4.3648e-07	-4.3242e-07	-2.85102e-08	9.6e-13	2.40552e-08	4.364e-07	-4.324e-07
0.56	-2.76066e-08	-1.26e-12	2.32532e-08	4.366e-07	-4.3276e-07	-2.73532e-08	1.18e-12	2.30196e-08	4.3628e-07	-4.3246e-07	-2.72606e-08	-2.83e-12	2.29806e-08	4.3648e-07	-4.3256e-07	-2.70676e-08	-2.5e-12	2.27488e-08	4.3642e-07	-4.3242e-07	-2.70672e-08	-2.2e-13	2.26792e-08	4.3634e-07	-4.3246e-07	-2.72042e-08	1.17e-12	2.28354e-08	4.3642e-07	-4.3252e-07	-2.70032e-08	-4.9e-13	2.2726e-08	4.364e-07	-4.3244e-07
0.565	-2.61042e-08	-1.84e-12	2.18562e-08	4.364e-07	-4.326e-07	-2.59286e-08	2.21e-12	2.17272e-08	4.362e-07	-4.3248e-07	-2.58508e-08	-2.82e-12	2.1696e-08	4.3638e-07	-4.3264e-07	-2.5624e-08	-2.95e-12	2.14176e-08	4.3626e-07	-4.3244e-07	-2.5607e-08	1.6e-13	2.13624e-08	4.3626e-07	-4.3248e-07	-2.57904e-08	-7.5e-13	2.15678e-08	4.3638e-07	-4.3258e-07	-2.56722e-08	2.17e-12	2.14084e-08	4.3624e-07	-4.3246e-07
0.57	-2.47294e-08	-1.48e-12	2.06018e-08	4.3632e-07	-4.3262e-07	-2.44936e-08	2.22e-12	2.05086e-08	4.3614e-07	-4.3248e-07	-2.44664e-08	-1.35e-12	2.0392e-08	4.3612e-07	-4.325e-07	-2.42656e-08	-2.94e-12	2.02132e-08	4.3608e-07	-4.3244e-07	-2.42714e-08	-6.7e-13	2.01566e-08	4.362e-07	-4.3248e-07	-2.43508e-08	5.8e-13	2.0269e-08	4.3632e-07	-4.3268e-07	-2.41712e-08	1.64e-12	2.01642e-08	4.3616e-07	-4.3244e-07
0.575	-2.33748e-08	-2.93e-12	1.94742e-08	4.3628e-07	-4.3258e-07	-2.32264e-08	3.41e-12	1.9241e-08	4.3602e-07	-4.3252e-07	-2.3163e-08	-1.56e-12	1.92834e-08	4.3614e-07	-4.3252e-07	-2.29712e-08	-2.4e-12	1.90134e-08	4.3602e-07	-4.3238e-07	-2.2979e-08	9.7e-13	1.9001e-08	4.362e-07	-4.3254e-07	-2.30496e-08	-2.13e-12	1.91104e-08	4.3612e-07	-4.3252e-07	-2.29624e-08	2.07e-12	1.89974e-08	4.3596e-07	-4.3248e-07
0.58	-2.21454e-08	-1.73e-12	1.83094e-08	4.3624e-07	-4.3268e-07	-2.1974e-08	2.57e-12	1.8165e-08	4.3604e-07	-4.3248e-07	-2.19528e-08	-1.79e-12	1.81338e-08	4.36e-07	-4.3246e-07	-2.1717e-08	-1.54e-12	1.79212e-08	4.3592e-07	-4.3242e-07	-2.167e-08	-1.38e-12	1.78504e-08	4.3602e-07	-4.3252e-07	-2.17696e-08	-4.92e-12	1.79658e-08	4.3616e-07	-4.3268e-07	-2.16842e-08	3.14e-12	1.78812e-08	4.3596e-07	-4.3242e-07
0.585	-2.09572e-08	-4.08e-12	1.72624e-08	4.3602e-07	-4.3264e-07	-2.08012e-08	3.45e-12	1.7054e-08	4.3586e-07	-4.3246e-07	-2.08034e-08	-2.49e-12	1.70828e-08	4.3586e-07	-4.3252e-07	-2.0542e-08	-8.2e-13	1.684e-08	4.3582e-07	-4.3236e-07	-2.05322e-08	-1.88e-12	1.68246e-08	4.359e-07	-4.3242e-07	-2.06858e-08	-2.56e-12	1.67594e-08	4.3604e-07	-4.327e-07	-2.05776e-08	4.7e-13	1.68772e-08	4.3578e-07	-4.3252e-07
0.59	-1.98308e-08	-3.24e-12	1.62362e-08	4.3588e-07	-4.326e-07	-1.96292e-08	1.65e-12	1.60992e-08	4.3576e-07	-4.3248e-07	-1.96432e-08	-9.1e-13	1.60486e-08	4.3576e-07	-4.3234e-07	-1.94558e-08	-2.51e-12	1.58594e-08	4.3576e-07	-4.3252e-07	-1.94304e-08	-2.74e-12	1.58484e-08	4.3578e-07	-4.3246e-07	-1.9385e-08	-1.319e-11	1.58732e-08	4.359e-07	-4.3264e-07	-1.94094e-08	3.76e-12	1.58268e-08	4.3576e-07	-4.3248e-07
0.595	-1.87804e-08	-3.85e-12	1.52964e-08	4.3582e-07	-4.3264e-07	-1.86128e-08	1.85e-12	1.51214e-08	4.356e-07	-4.3236e-07	-1.86062e-08	-1.47e-12	1.51708e-08	4.356e-07	-4.3248e-07	-1.84062e-08	-1.61e-12	1.49344e-08	4.3584e-07	-4.3254e-07	-1.83886e-08	-2.22e-12	1.4902e-08	4.357e-07	-4.3248e-07	-1.84562e-08	5.1e-13	1.49832e-08	4.3578e-07	-4.3266e-07	-1.8404e-08	2.5e-13	1.49212e-08	4.3566e-07	-4.3242e-07
0.6	-1.77828e-08	-2.75e-12	1.43958e-08	4.357e-07	-4.3264e-07	-1.7581e-08	6.5e-13	1.4273e-08	4.3556e-07	-4.325e-07	-1.75792e-08	-1.7e-13	1.42274e-08	4.3546e-07	-4.3246e-07	-1.74182e-08	-2.04e-12	1.4068e-08	4.3572e-07	-4.3268e-07	-1.74054e-08	-2.02e-12	1.40418e-08	4.356e-07	-4.3252e-07	-1.73414e-08	-4.37e-12	1.40336e-08	4.3542e-07	-4.3248e-07	-1.73598e-08	2.41e-12	1.40206e-08	4.356e-07	-4.3248e-07
0.605	-1.68116e-08	-2.69e-12	1.35666e-08	4.3558e-07	-4.3254e-07	-1.6662e-08	9.8e-13	1.33876e-08	4.3548e-07	-4.3252e-07	-1.662e-08	2.2e-13	1.33926e-08	4.3548e-07	-4.3254e-07	-1.64994e-08	8e-14	1.32272e-08	4.3538e-07	-4.3244e-07	-1.64776e-08	-1.99e-12	1.32402e-08	4.357e-07	-4.3274e-07	-1.65944e-08	1.5e-13	1.32642e-08	4.3546e-07	-4.3234e-07	-1.64548e-08	1.24e-12	1.32348e-08	4.3542e-07	-4.3242e-07
0.61	-1.59658e-08	-1.76e-12	1.27722e-08	4.3558e-07	-4.3266e-07	-1.5758e-08	5.7e-13	1.26318e-08	4.3534e-07	-4.3244e-07	-1.5705e-08	2.26e-12	1.2587e-08	4.3546e-07	-4.3248e-07	-1.55636e-08	1e-14	1.24596e-08	4.3524e-07	-4.3248e-07	-1.56116e-08	-1.82e-12	1.2455e-08	4.3536e-07	-4.3248e-07	-1.56104e-08	4.97e-12	1.2449e-08	4.3528e-07	-4.3236e-07	-1.55498e-08	1.78e-12	1.23936e-08	4.3534e-07	-4.3246e-07
0.615	-1.50634e-08	-1.33e-12	1.20312e-08	4.3546e-07	-4.3258e-07	-1.4881e-08	1.1e-13	1.18562e-08	4.3528e-07	-4.325e-07	-1.48814e-08	2.72e-12	1.1863e-08	4.353e-07	-4.3246e-07	-1.47746e-08	7e-13	1.16872e-08	4.3524e-07	-4.3242e-07	-1.47544e-08	-5.4e-13	1.17172e-08	4.3528e-07	-4.3252e-07	-1.47836e-08	-6.42e-12	1.1748e-08	4.352e-07	-4.3246e-07	-1.47282e-08	2.06e-12	1.16846e-08	4.3528e-07	-4.3246e-07
0.62	-1.42788e-08	-1.07e-12	1.13294e-08	4.3544e-07	-4.327e-07	-1.40988e-08	-1.08e-12	1.11936e-08	4.353e-07	-4.3262e-07	-1.40444e-08	3.33e-12	1.11178e-08	4.3524e-07	-4.3254e-07	-1.39442e-08	3.6e-13	1.10456e-08	4.3534e-07	-4.3258e-07	-1.39942e-08	-9.8e-13	1.09898e-08	4.3524e-07	-4.3244e-07	-1.40076e-08	3.1e-12	1.10034e-08	4.3504e-07	-4.3236e-07	-1.39272e-08	6.6e-13	1.09892e-08	4.3536e-07	-4.326e-07
0.625	-1.34938e-08	-2.4e-13	1.06488e-08	4.353e-07	-4.3258e-07	-1.33632e-08	-2.72e-12	1.05084e-08	4.353e-07	-4.3252e-07	-1.3298e-08	1.67e-12	1.04328e-08	4.3518e-07	-4.325e-07	-1.32168e-08	9.3e-13	1.03502e-08	4.3506e-07	-4.3244e-07	-1.32162e-08	-3.3e-13	1.0358e-08	4.3534e-07	-4.327e-07	-1.31418e-08	4.13e-12	1.0316e-08	4.3502e-07	-4.3246e-07	-1.31826e-08	1.13e-12	1.03262e-08	4.3524e-07	-4.3258e-07
0.63	-1.27738e-08	1.73e-12	1.00092e-08	4.3524e-07	-4.3258e-07	-1.26358e-08	-3.07e-12	9.8808e-09	4.3518e-07	-4.3268e-07	-1.25496e-08	2.88e-12	9.7632e-09	4.3506e-07	-4.324e-07	-1.25038e-08	8.1e-13	9.5536e-09	4.3518e-07	-4.326e-07	-1.251e-08	-5.1e-13	9.7264e-09	4.352e-07	-4.3264e-07	-1.251e-08	-2.08e-12	9.5718e-09	4.3506e-07	-4.324e-07	-1.24542e-08	-7.6e-13	9.5231e-09	4.3504e-07	-4.3252e-07
0.635	-1.20842e-08	2.57e-12	9.2675e-09	4.3506e-07	-4.3256e-07	-1.1966e-08	-4.28e-12	9.0941e-09	4.3492e-07	-4.3248e-07	-1.18668e-08	3.5e-13	9.0609e-09	4.3502e-07	-4.3252e-07	-1.17328e-08	-2.33e-12	8.9803e-09	4.3478e-07	-4.3232e-07	-1.1805e-08	-6.1e-13	8.9806e-09	4.35e-07	-4.3248e-07	-1.17526e-08	-1.161e-11	9.1562e-09	4.349e-07	-4.3246e-07	-1.169e-08	-2.28e-12	9.0899e-09	4.349e-07	-4.3234e-07
0.64	-1.13508e-08	-2.3e-13	8.8574e-09	4.3506e-07	-4.3258e-07	-1.12438e-08	-1.33e-12	8.7093e-09	4.349e-07	-4.3244e-07	-1.11844e-08	2.26e-12	8.6856e-09	4.3496e-07	-4.3252e-07	-1.11086e-08	-1.43e-12	8.5779e-09	4.3484e-07	-4.324e-07	-1.1093e-08	1.9e-13	8.5914e-09	4.3488e-07	-4.3254e-07	-1.1167e-08	8.4e-13	8.6547e-09	4.3486e-07	-4.3246e-07	-1.11598e-08	8e-13	8.6067e-09	4.3478e-07	-4.324e-07
0.645	-1.08306e-08	-1.69e-12	8.3664e-09	4.3494e-07	-4.3264e-07	-1.07078e-08	-3.6e-13	8.2497e-09	4.3482e-07	-4.3252e-07	-1.0639e-08	2.58e-12	8.2016e-09	4.3506e-07	-4.3268e-07	-1.05662e-08	-3.23e-12	8.1443e-09	4.3472e-07	-4.3242e-07	-1.05634e-08	-6.9e-13	8.1232e-09	4.3502e-07	-4.3264e-07	-1.05708e-08	4.8e-12	8.116e-09	4.3472e-07	-4.3242e-07	-1.05398e-08	2.19e-12	8.1233e-09	4.3482e-07	-4.3242e-07
0.65	-1.0253e-08	-2.88e-12	7.8797e-09	4.3478e-07	-4.326e-07	-1.01584e-08	1.09e-12	7.742e-09	4.3476e-07	-4.3242e-07	-1.00988e-08	2.16e-12	7.7553e-09	4.3464e-07	-4.324e-07	-1.0039e-08	-1.66e-12	7.6996e-09	4.3468e-07	-4.3242e-07	-1.00712e-08	-2.07e-12	7.6465e-09	4.3494e-07	-4.3262e-07	-1.00334e-08	-5.66e-12	7.645e-09	4.3474e-07	-4.324e-07	-1.00036e-08	2.55e-12	7.6442e-09	4.3482e-07	-4.3266e-07
0.655	-9.718e-09	-3.2e-12	7.4474e-09	4.3482e-07	-4.326e-07	-9.2895e-09	1.34e-12	7.0858e-09	4.3468e-07	-4.3246e-07	-9.2762e-09	-2.6e-13	7.0791e-09	4.3466e-07	-4.3242e-07	-9.2127e-09	1.23e-12	7.0251e-09	4.3472e-07	-4.3248e-07	-9.1926e-09	-1.51e-12	6.9805e-09	4.346e-07	-4.3236e-07	-9.1439e-09	2.52e-12	6.9841e-09	4.3466e-07	-4.3244e-07	-9.1681e-09	2.1e-13	6.9867e-09	4.348e-07	-4.3258e-07
0.66	-8.9091e-09	-3.28e-12	6.7767e-09	4.347e-07	-4.3248e-07	-8.7793e-09	2.29e-12	6.6622e-09	4.3474e-07	-4.3264e-07	-8.7343e-09	-2.34e-12	6.6246e-09	4.3458e-07	-4.3252e-07	-8.6856e-09	1.44e-12	6.5667e-09	4.3474e-07	-4.326e-07	-8.6601e-09	1.1e-13	6.5395e-09	4.3466e-07	-4.325e-07	-8.6028e-09	4.9e-12	6.4807e-09	4.3454e-07	-4.3244e-07	-8.6384e-09	-2.01e-12	6.5217e-09	4.347e-07	-4.326e-07
0.665	-8.3968e-09	1.4e-12	6.3565e-09	4.3448e-07	-4.3256e-07	-8.3019e-09	-1.41e-12	6.2436e-09	4.3448e-07	-4.3252e-07	-8.2717e-09	1.51e-12	6.2197e-09	4.3452e-07	-4.3244e-07	-8.2053e-09	-1.74e-12	6.1573e-09	4.3476e-07	-4.3266e-07	-8.1939e-09	2.8e-12	6.1489e-09	4.3454e-07	-4.3242e-07	-8.1631e-09	-2.55e-12	6.1082e-09	4.3446e-07	-4.3242e-07	-8.1798e-09	-4.2e-13	6.1335e-09	4.3466e-07	-4.3264e-07
0.67	-7.9159e-09	-3.5e-13	5.9497e-09	4.3454e-07	-4.326e-07	-7.8583e-09	-3.24e-12	5.8646e-09	4.3436e-07	-4.324e-07	-7.8206e-09	1.59e-12	5.8201e-09	4.3452e-07	-4.3242e-07	-7.7556e-09	-1.23e-12	5.7796e-09	4.344e-07	-4.3248e-07	-7.7458e-09	-1.56e-12	5.7703e-09	4.3444e-07	-4.3252e-07	-7.7073e-09	-3.77e-12	5.7511e-09	4.3452e-07	-4.3248e-07	-7.7334e-09	2.55e-12	5.7687e-09	4.3438e-07	-4.3242e-07
0.675	-7.5032e-09	-3.79e-12	5.6016e-09	4.3454e-07	-4.325e-07	-7.4388e-09	2.02e-12	5.5162e-09	4.3434e-07	-4.3246e-07	-7.376e-09	-1.72e-12	5.4615e-09	4.3438e-07	-4.3252e-07	-7.3398e-09	2.46e-12	5.4198e-09	4.3436e-07	-4.3234e-07	-7.3128e-09	-1.35e-12	5.4064e-09	4.344e-07	-4.3246e-07	-7.299e-09	2.02e-12	5.3855e-09	4.3436e-07	-4.3248e-07	-7.3094e-09	5.6e-13	5.3968e-09	4.3416e-07	-4.3224e-07
0.68	-7.0959e-09	-2.6e-13	5.2587e-09	4.3446e-07	-4.3262e-07	-7.035e-09	1.04e-12	5.1924e-09	4.3444e-07	-4.3254e-07	-6.9846e-09	-2.06e-12	5.134e-09	4.3434e-07	-4.325e-07	-6.9226e-09	1.1e-13	5.0812e-09	4.3436e-07	-4.3252e-07	-6.9178e-09	1.5e-12	5.0772e-09	4.3454e-07	-4.3264e-07	-6.9101e-09	4.19e-12	5.0524e-09	4.344e-07	-4.3272e-07	-6.9006e-09	-2.77e-12	5.0698e-09	4.3408e-07	-4.3234e-07
0.685	-6.7357e-09	2.81e-12	4.9401e-09	4.3436e-07	-4.3264e-07	-6.6347e-09	-2.46e-12	4.8805e-09	4.344e-07	-4.3268e-07	-6.6106e-09	1.83e-12	4.8287e-09	4.3426e-07	-4.3246e-07	-6.5464e-09	-2.32e-12	4.7607e-09	4.343e-07	-4.3246e-07	-6.5263e-09	9.4e-13	4.7599e-09	4.3452e-07	-4.3268e-07	-6.5226e-09	-5.9e-13	4.7476e-09	4.3422e-07	-4.3262e-07	-6.5188e-09	-4.2e-13	4.7458e-09	4.3442e-07	-4.3264e-07
0.69	-6.3479e-09	2.1e-13	4.635e-09	4.3436e-07	-4.3254e-07	-6.2705e-09	-9e-14	4.571e-09	4.341e-07	-4.3242e-07	-6.2209e-09	1.15e-12	4.5129e-09	4.342e-07	-4.3252e-07	-6.1833e-09	8.1e-13	4.4816e-09	4.3422e-07	-4.3252e-07	-6.1687e-09	-2.5e-12	4.4598e-09	4.341e-07	-4.3242e-07	-6.1641e-09	-5.04e-12	4.4673e-09	4.3414e-07	-4.3248e-07	-6.1517e-09	1.2e-12	4.451e-09	4.3426e-07	-4.3246e-07
0.695	-5.9956e-09	-3.34e-12	4.3496e-09	4.3416e-07	-4.3258e-07	-5.9286e-09	2.44e-12	4.2898e-09	4.3416e-07	-4.3248e-07	-5.8924e-09	-4.02e-12	4.2329e-09	4.3412e-07	-4.3246e-07	-5.8445e-09	3.11e-12	4.201e-09	4.341e-07	-4.324e-07	-5.8383e-09	-7.5e-13	4.1887e-09	4.3406e-07	-4.3248e-07	-5.8303e-09	2.41e-12	4.1787e-09	4.341e-07	-4.3252e-07	-5.8026e-09	-6.8e-13	4.1585e-09	4.3406e-07	-4.3236e-07
0.7	-5.6613e-09	3.9e-13	4.0769e-09	4.3424e-07	-4.3256e-07	-5.6015e-09	-1.43e-12	4.0241e-09	4.3422e-07	-4.3248e-07	-5.5716e-09	-1.14e-12	3.9715e-09	4.3424e-07	-4.3268e-07	-5.5133e-09	-1.09e-12	3.9421e-09	4.3406e-07	-4.3246e-07	-5.5179e-09	2.04e-12	3.9221e-09	4.3424e-07	-4.3272e-07	-5.5071e-09	4.22e-12	3.9101e-09	4.3396e-07	-4.3248e-07	-5.4801e-09	-2.95e-12	3.9045e-09	4.3404e-07	-4.3236e-07
0.705	-5.3467e-09	1.68e-12	3.8323e-09	4.3402e-07	-4.3248e-07	-5.3046e-09	-2.59e-12	3.765e-09	4.3398e-07	-4.3242e-07	-5.2544e-09	3.14e-12	3.7214e-09	4.3416e-07	-4.326e-07	-5.2206e-09	-1.81e-12	3.6942e-09	4.3422e-07	-4.3264e-07	-5.204e-09	-3.6e-13	3.6824e-09	4.34e-07	-4.3236e-07	-5.1999e-09	-3.11e-12	3.6808e-09	4.3398e-07	-4.3236e-07	-5.1981e-09	4.9e-13	3.6697e-09	4.3396e-07	-4.324e-07
0.71	-5.0626e-09	-1.94e-12	3.5912e-09	4.3406e-07	-4.326e-07	-5.0159e-09	6.8e-13	3.5268e-09	4.3398e-07	-4.3246e-07	-4.9711e-09	3.5e-13	3.5053e-09	4.34e-07	-4.3244e-07	-4.9309e-09	6.6e-13	3.4651e-09	4.342e-07	-4.327e-07	-4.9189e-09	-2.35e-12	3.4616e-09	4.3394e-07	-4.324e-07	-4.9194e-09	-3.53e-12	3.4394e-09	4.341e-07	-4.3238e-07	-4.9109e-09	2.48e-12	3.4279e-09	4.3388e-07	-4.3238e-07
0.715	-4.7762e-09	-2.05e-12	3.3691e-09	4.3416e-07	-4.327e-07	-4.7223e-09	3.05e-12	3.3167e-09	4.3394e-07	-4.3254e-07	-4.6927e-09	-2.9e-12	3.2827e-09	4.3392e-07	-4.3242e-07	-4.6487e-09	2.41e-12	3.2376e-09	4.3412e-07	-4.3272e-07	-4.6456e-09	2e-14	3.2377e-09	4.339e-07	-4.3244e-07	-4.6345e-09	3.86e-12	3.2288e-09	4.3384e-07	-4.3242e-07	-4.622e-09	-1.35e-12	3.2164e-09	4.3382e-07	-4.3242e-07
0.72	-4.5198e-09	1.96e-12	3.1638e-09	4.3398e-07	-4.3262e-07	-4.4565e-09	-2.38e-12	3.1127e-09	4.3386e-07	-4.3238e-07	-4.4326e-09	2e-13	3.0791e-09	4.3404e-07	-4.3264e-07	-4.392e-09	-1.92e-12	3.0326e-09	4.3388e-07	-4.3256e-07	-4.3824e-09	3.06e-12	3.0265e-09	4.3382e-07	-4.3252e-07	-4.3743e-09	2.22e-12	3.0155e-09	4.3386e-07	-4.3246e-07	-4.3616e-09	-8e-13	3.0076e-09	4.3374e-07	-4.3236e-07
0.725	-4.2521e-09	7.3e-13	2.9593e-09	4.3404e-07	-4.3254e-07	-4.2111e-09	-2.89e-12	2.9149e-09	4.3394e-07	-4.3256e-07	-4.1777e-09	2.68e-12	2.8823e-09	4.3374e-07	-4.3248e-07	-4.1408e-09	-1.83e-12	2.8501e-09	4.3374e-07	-4.3248e-07	-4.1324e-09	-1.09e-12	2.8355e-09	4.3368e-07	-4.324e-07	-4.1294e-09	-3.69e-12	2.8263e-09	4.3362e-07	-4.3236e-07	-4.1273e-09	2.07e-12	2.8244e-09	4.3374e-07	-4.324e-07
0.73	-4.0147e-09	-4.67e-12	2.7747e-09	4.3386e-07	-4.3254e-07	-3.9848e-09	7.6e-13	2.7398e-09	4.3382e-07	-4.3254e-07	-3.9526e-09	-4.5e-13	2.6954e-09	4.3374e-07	-4.3244e-07	-3.9252e-09	1.58e-12	2.6705e-09	4.3378e-07	-4.3254e-07	-3.9083e-09	-1.82e-12	2.6572e-09	4.3374e-07	-4.3244e-07	-3.8955e-09	-8.7e-13	2.6553e-09	4.3374e-07	-4.3242e-07	-3.8901e-09	2.52e-12	2.6405e-09	4.34e-07	-4.327e-07
0.735	-3.7981e-09	-1.27e-12	2.5984e-09	4.3372e-07	-4.3254e-07	-3.747e-09	6.1e-13	2.5508e-09	4.3376e-07	-4.3248e-07	-3.735e-09	-2.28e-12	2.5376e-09	4.3374e-07	-4.3248e-07	-3.6876e-09	1.82e-12	2.4914e-09	4.3368e-07	-4.3254e-07	-3.6833e-09	7e-13	2.4894e-09	4.3366e-07	-4.3238e-07	-3.679e-09	3.2e-12	2.4813e-09	4.3382e-07	-4.3258e-07	-3.6616e-09	-2.26e-12	2.474e-09	4.3358e-07	-4.3242e-07
0.74	-3.5867e-09	2.6e-12	2.4379e-09	4.3362e-07	-4.3242e-07	-3.538e-09	-2.74e-12	2.3969e-09	4.3356e-07	-4.3248e-07	-3.5125e-09	7.8e-13	2.3728e-09	4.336e-07	-4.3242e-07	-3.4801e-09	-2.57e-12	2.3358e-09	4.3368e-07	-4.3254e-07	-3.4726e-09	1.75e-12	2.3295e-09	4.3358e-07	-4.324e-07	-3.4683e-09	-4.7e-13	2.3481e-09	4.3392e-07	-4.3268e-07	-3.4519e-09	-7.8e-13	2.3122e-09	4.3356e-07	-4.3246e-07
0.745	-3.3781e-09	5.4e-13	2.2829e-09	4.3394e-07	-4.3274e-07	-3.3376e-09	-1.24e-12	2.2447e-09	4.3358e-07	-4.3252e-07	-3.3114e-09	1.38e-12	2.2233e-09	4.3354e-07	-4.3242e-07	-3.2807e-09	-8.5e-13	2.1828e-09	4.3368e-07	-4.3258e-07	-3.2708e-09	-1.32e-12	2.1788e-09	4.3358e-07	-4.324e-07	-3.2558e-09	-4.9e-13	2.1645e-09	4.3376e-07	-4.326e-07	-3.2567e-09	1.65e-12	2.1601e-09	4.3352e-07	-4.3242e-07
0.75	-3.188e-09	-2.48e-12	2.1426e-09	4.3382e-07	-4.3288e-07	-3.1476e-09	1.97e-12	2.1025e-09	4.3354e-07	-4.3252e-07	-3.1288e-09	-1.54e-12	2.0749e-09	4.3362e-07	-4.3248e-07	-3.098e-09	2.54e-12	2.0443e-09	4.3356e-07	-4.3254e-07	-3.0882e-09	-1.71e-12	2.0422e-09	4.3346e-07	-4.3234e-07	-3.0794e-09	1.8e-13	2.0196e-09	4.3358e-07	-4.3242e-07	-3.0754e-09	-1e-14	2.0203e-09	4.3346e-07	-4.324e-07
0.755	-3.0048e-09	-1.2e-13	2.0113e-09	4.3362e-07	-4.3254e-07	-2.9638e-09	-5e-14	1.9613e-09	4.3352e-07	-4.3246e-07	-2.9502e-09	-2.11e-12	1.9425e-09	4.3356e-07	-4.3248e-07	-2.9041e-09	3.7e-13	1.9104e-09	4.3356e-07	-4.3254e-07	-2.9146e-09	1.16e-12	1.9095e-09	4.3362e-07	-4.3262e-07	-2.9114e-09	4.99e-12	1.8883e-09	4.3344e-07	-4.3244e-07	-2.8939e-09	-1.46e-12	1.898e-09	4.336e-07	-4.3258e-07
0.76	-2.8312e-09	2.42e-12	1.8741e-09	4.3362e-07	-4.3264e-07	-2.7901e-09	-2.13e-12	1.8362e-09	4.3352e-07	-4.325e-07	-2.7798e-09	1.3e-12	1.818e-09	4.335e-07	-4.324e-07	-2.7431e-09	-3.14e-12	1.788e-09	4.335e-07	-4.3254e-07	-2.7408e-09	1.5e-12	1.7861e-09	4.3342e-07	-4.324e-07	-2.7575e-09	-2e-12	1.798e-09	4.3352e-07	-4.3238e-07	-2.732e-09	-1.37e-12	1.7782e-09	4.3358e-07	-4.326e-07
0.765	-2.6621e-09	-1.16e-12	1.7517e-09	4.3356e-07	-4.3264e-07	-2.6389e-09	-1.5e-13	1.7202e-09	4.3346e-07	-4.3252e-07	-2.6101e-09	1.97e-12	1.6972e-09	4.3344e-07	-4.325e-07	-2.5829e-09	-7.8e-13	1.6705e-09	4.3346e-07	-4.3252e-07	-2.5786e-09	-2.04e-12	1.6702e-09	4.3338e-07	-4.3244e-07	-2.5658e-09	-7.28e-12	1.6789e-09	4.3332e-07	-4.3236e-07	-2.5616e-09	1.23e-12	1.6565e-09	4.3322e-07	-4.3242e-07
0.77	-2.5095e-09	-2.4e-12	1.6421e-09	4.3346e-07	-4.3248e-07	-2.4819e-09	2.79e-12	1.6053e-09	4.3344e-07	-4.3252e-07	-2.452e-09	-1.73e-12	1.5878e-09	4.3334e-07	-4.3244e-07	-2.4336e-09	3.28e-12	1.5648e-09	4.334e-07	-4.3252e-07	-2.4301e-09	-1.86e-12	1.5634e-09	4.333e-07	-4.3242e-07	-2.4137e-09	6.08e-12	1.5392e-09	4.3328e-07	-4.3244e-07	-2.4178e-09	-3e-14	1.5475e-09	4.3332e-07	-4.324e-07
0.775	-2.3684e-09	9.3e-13	1.5371e-09	4.334e-07	-4.3258e-07	-2.3363e-09	-7.5e-13	1.5078e-09	4.3332e-07	-4.3258e-07	-2.3108e-09	-1.24e-12	1.4909e-09	4.3334e-07	-4.3242e-07	-2.289e-09	1.8e-13	1.4602e-09	4.3334e-07	-4.3248e-07	-2.2859e-09	2.6e-12	1.4633e-09	4.3344e-07	-4.326e-07	-2.286e-09	3.3e-13	1.4451e-09	4.3334e-07	-4.324e-07	-2.2679e-09	-2.43e-12	1.4399e-09	4.3328e-07	-4.324e-07
0.78	-2.2198e-09	1.59e-12	1.4364e-09	4.3334e-07	-4.3254e-07	-2.1939e-09	-2.74e-12	1.4074e-09	4.3346e-07	-4.326e-07	-2.1795e-09	2.29e-12	1.3887e-09	4.3328e-07	-4.3252e-07	-2.1551e-09	-1.56e-12	1.3669e-09	4.3338e-07	-4.3254e-07	-2.1442e-09	-8e-14	1.3618e-09	4.3348e-07	-4.3254e-07	-2.137e-09	-7.24e-12	1.364e-09	4.3326e-07	-4.3244e-07	-2.1377e-09	-4e-14	1.351e-09	4.334e-07	-4.326e-07
0.785	-2.0867e-09	-3.32e-12	1.3425e-09	4.334e-07	-4.3252e-07	-2.0621e-09	8.3e-13	1.317e-09	4.3324e-07	-4.3252e-07	-2.0388e-09	4.4e-13	1.2957e-09	4.332e-07	-4.3246e-07	-2.0252e-09	1.18e-12	1.2745e-09	4.3334e-07	-4.3254e-07	-2.0146e-09	-2.55e-12	1.272e-09	4.3338e-07	-4.3264e-07	-2.0117e-09	4.59e-12	1.2599e-09	4.3322e-07	-4.3248e-07	-2.0027e-09	2.23e-12	1.2568e-09	4.3316e-07	-4.3234e-07
0.79	-1.9629e-09	-2.42e-12	1.2504e-09	4.3332e-07	-4.3254e-07	-1.9295e-09	1.03e-12	1.2256e-09	4.3326e-07	-4.326e-07	-1.9196e-09	-3.12e-12	1.2066e-09	4.3324e-07	-4.3248e-07	-1.8915e-09	2.12e-12	1.1851e-09	4.333e-07	-4.3252e-07	-1.9005e-09	0	1.1877e-09	4.3328e-07	-4.3266e-07	-1.8933e-09	5.32e-12	1.1735e-09	4.332e-07	-4.3248e-07	-1.8762e-09	-1.33e-12	1.1724e-09	4.3328e-07	-4.3266e-07
0.795	-1.8435e-09	1.1e-12	1.1731e-09	4.3332e-07	-4.3264e-07	-1.8074e-09	-2.47e-12	1.141e-09	4.3322e-07	-4.3246e-07	-1.7995e-09	-9.1e-13	1.1258e-09	4.3328e-07	-4.326e-07	-1.7745e-09	-1.74e-12	1.1032e-09	4.3326e-07	-4.3248e-07	-1.7722e-09	2.47e-12	1.1003e-09	4.3324e-07	-4.325e-07	-1.7633e-09	-6.98e-12	1.1031e-09	4.3322e-07	-4.3246e-07	-1.7597e-09	-1.78e-12	1.0894e-09	4.3324e-07	-4.3258e-07
0.8	-1.7203e-09	-4e-14	1.0886e-09	4.332e-07	-4.3258e-07	-1.6997e-09	-2.14e-12	1.0621e-09	4.3326e-07	-4.3256e-07	-1.6864e-09	2.86e-12	1.0522e-09	4.332e-07	-4.3252e-07	-1.6619e-09	-1.21e-12	1.0274e-09	4.3322e-07	-4.3248e-07	-1.657e-09	-5.1e-13	1.027e-09	4.333e-07	-4.3258e-07	-1.6488e-09	-1.66e-12	1.0145e-09	4.3318e-07	-4.3248e-07	-1.6483e-09	1.47e-12	1.0127e-09	4.3302e-07	-4.3236e-07
0.805	-1.61e-09	-3.28e-12	1.0168e-09	4.3326e-07	-4.3258e-07	-1.5913e-09	1.99e-12	9.6721e-10	4.3316e-07	-4.3252e-07	-1.571e-09	-5.4e-13	9.5355e-10	4.3316e-07	-4.3248e-07	-1.5624e-09	7.1e-13	9.3946e-10	4.3306e-07	-4.324e-07	-1.5539e-09	-1.99e-12	9.3545e-10	4.3324e-07	-4.326e-07	-1.5508e-09	7.13e-12	9.3316e-10	4.3302e-07	-4.3246e-07	-1.5449e-09	1.66e-12	9.2393e-10	4.3302e-07	-4.324e-07
0.81	-1.5109e-09	-1.39e-12	9.26e-10	4.3316e-07	-4.3246e-07	-1.4729e-09	7.8e-13	9.0795e-10	4.331e-07	-4.3254e-07	-1.4623e-09	-3.2e-13	8.977e-10	4.3314e-07	-4.3248e-07	-1.4446e-09	-1.47e-12	8.7842e-10	4.3304e-07	-4.3254e-07	-1.445e-09	3.05e-12	8.7691e-10	4.329e-07	-4.323e-07	-1.4313e-09	2.08e-12	8.7016e-10	4.3304e-07	-4.3248e-07	-1.4304e-09	-1.04e-12	8.6717e-10	4.3322e-07	-4.3254e-07
0.815	-1.3973e-09	2.13e-12	8.6632e-10	4.3336e-07	-4.3268e-07	-1.3798e-09	-2.77e-12	8.4686e-10	4.331e-07	-4.3254e-07	-1.3726e-09	1.8e-12	8.3712e-10	4.3314e-07	-4.3254e-07	-1.3491e-09	-2.47e-12	8.1737e-10	4.3312e-07	-4.3252e-07	-1.3467e-09	1.03e-12	8.1977e-10	4.3296e-07	-4.324e-07	-1.3421e-09	-2.1e-12	8.1979e-10	4.332e-07	-4.3264e-07	-1.3415e-09	2.4e-13	8.1021e-10	4.3302e-07	-4.3256e-07
0.82	-1.2995e-09	-3.66e-12	8.0698e-10	4.3306e-07	-4.3256e-07	-1.2881e-09	2.9e-13	7.867e-10	4.3302e-07	-4.3262e-07	-1.2674e-09	-5e-13	7.7353e-10	4.3294e-07	-4.3252e-07	-1.2622e-09	1.83e-12	7.5955e-10	4.3292e-07	-4.3256e-07	-1.2534e-09	-2.5e-12	7.5829e-10	4.3304e-07	-4.3266e-07	-1.2549e-09	-1e-12	7.552e-10	4.3298e-07	-4.3242e-07	-1.2472e-09	3.21e-12	7.4963e-10	4.3308e-07	-4.3252e-07
0.825	-1.2097e-09	-6.5e-13	7.4292e-10	4.3308e-07	-4.3258e-07	-1.195e-09	1.38e-12	7.2783e-10	4.3306e-07	-4.3254e-07	-1.1822e-09	-3.26e-12	7.1752e-10	4.3302e-07	-4.325e-07	-1.1652e-09	1.65e-12	6.9983e-10	4.3302e-07	-4.325e-07	-1.1674e-09	3e-14	7.0361e-10	4.3316e-07	-4.3266e-07	-1.1618e-09	7e-13	6.9398e-10	4.331e-07	-4.3272e-07	-1.1542e-09	-5.4e-13	6.9313e-10	4.3286e-07	-4.3244e-07
0.83	-1.1219e-09	1.64e-12	6.8539e-10	4.3292e-07	-4.324e-07	-1.0975e-09	-2.2e-12	6.6821e-10	4.3298e-07	-4.3246e-07	-1.093e-09	4e-13	6.6027e-10	4.3294e-07	-4.325e-07	-1.0785e-09	-2.24e-12	6.4718e-10	4.3298e-07	-4.325e-07	-1.0779e-09	1.62e-12	6.4364e-10	4.3298e-07	-4.324e-07	-1.0724e-09	-1.53e-12	6.3803e-10	4.3306e-07	-4.3266e-07	-1.0701e-09	-1.83e-12	6.3512e-10	4.3286e-07	-4.3236e-07
0.835	-1.0334e-09	-1.71e-12	6.309e-10	4.3288e-07	-4.324e-07	-1.0206e-09	-2.25e-12	6.1586e-10	4.3302e-07	-4.326e-07	-1.0091e-09	1.64e-12	6.0593e-10	4.3284e-07	-4.3248e-07	-9.8094e-10	-2.16e-12	5.7747e-10	4.329e-07	-4.3252e-07	-9.7624e-10	-2.93e-12	5.7796e-10	4.3284e-07	-4.3258e-07	-9.7494e-10	-2.74e-12	5.7244e-10	4.3304e-07	-4.327e-07	-9.7526e-10	3.27e-12	5.7257e-10	4.3288e-07	-4.3246e-07
0.84	-9.3792e-10	-2.03e-12	5.6617e-10	4.3288e-07	-4.325e-07	-9.2604e-10	1.18e-12	5.4897e-10	4.3302e-07	-4.3248e-07	-9.1518e-10	-2.72e-12	5.4194e-10	4.331e-07	-4.3236e-07	-9.0805e-10	-4.6e-13	5.3554e-10	4.3292e-07	-4.3252e-07	-9.0985e-10	-9.6e-13	5.3487e-10	4.3286e-07	-4.3242e-07	-9.0734e-10	3.18e-12	5.2802e-10	4.3302e-07	-4.3264e-07	-8.9792e-10	-6.9e-13	5.2962e-10	4.328e-07	-4.3248e-07
0.845	-8.634e-10	8.2e-13	5.1755e-10	4.3288e-07	-4.326e-07	-8.4401e-10	-1.65e-12	5.0654e-10	4.329e-07	-4.3246e-07	-8.3846e-10	5.5e-13	4.9333e-10	4.3286e-07	-4.3246e-07	-8.3427e-10	1.49e-12	4.8703e-10	4.329e-07	-4.3254e-07	-8.3101e-10	1.68e-12	4.8601e-10	4.3278e-07	-4.3246e-07	-8.2817e-10	1.62e-12	4.8414e-10	4.3296e-07	-4.3244e-07	-8.2134e-10	-2.69e-12	4.833e-10	4.3282e-07	-4.3246e-07
0.85	-7.8206e-10	-5.2e-13	4.6964e-10	4.3284e-07	-4.325e-07	-7.7419e-10	-2.18e-12	4.6078e-10	4.329e-07	-4.326e-07	-7.6387e-10	1.32e-12	4.4952e-10	4.3278e-07	-4.3254e-07	-7.5102e-10	-1.83e-12	4.4456e-10	4.3292e-07	-4.3256e-07	-7.5377e-10	-1e-13	4.4002e-10	4.328e-07	-4.3244e-07	-7.4742e-10	-3.27e-12	4.4325e-10	4.3274e-07	-4.323e-07	-7.5053e-10	1.27e-12	4.361e-10	4.3272e-07	-4.3238e-07
0.855	-7.0509e-10	-2.33e-12	4.2418e-10	4.3286e-07	-4.3252e-07	-6.9775e-10	1.66e-12	4.0993e-10	4.3292e-07	-4.3264e-07	-6.8343e-10	-1.25e-12	4.0127e-10	4.3274e-07	-4.3252e-07	-6.8269e-10	-8e-13	3.9966e-10	4.3286e-07	-4.3246e-07	-6.8093e-10	-1.03e-12	3.9588e-10	4.3268e-07	-4.323e-07	-6.74e-10	-1.09e-12	3.9074e-10	4.3278e-07	-4.3248e-07	-6.7398e-10	1.9e-12	3.8832e-10	4.328e-07	-4.3242e-07
0.86	-6.338e-10	1.84e-12	3.8025e-10	4.328e-07	-4.3254e-07	-6.1946e-10	6.6e-13	3.6628e-10	4.3306e-07	-4.3276e-07	-6.1187e-10	-1.87e-12	3.5863e-10	4.3272e-07	-4.3246e-07	-6.0637e-10	2.94e-12	3.5205e-10	4.3284e-07	-4.3258e-07	-6.075e-10	1.46e-12	3.5448e-10	4.3246e-07	-4.323e-07	-6.0803e-10	4.6e-12	3.4414e-10	4.3286e-07	-4.3254e-07	-5.9683e-10	-1.15e-12	3.4695e-10	4.3276e-07	-4.3246e-07
0.865	-5.5114e-10	1.56e-12	3.3263e-10	4.328e-07	-4.3242e-07	-5.4255e-10	-1.49e-12	3.1784e-10	4.3278e-07	-4.326e-07	-5.4006e-10	2.68e-12	3.1417e-10	4.3272e-07	-4.3252e-07	-5.3178e-10	-1.29e-12	3.1106e-10	4.3284e-07	-4.325e-07	-5.3086e-10	1.24e-12	3.0934e-10	4.3254e-07	-4.3226e-07	-5.2823e-10	-1.91e-12	3.0745e-10	4.3288e-07	-4.3254e-07	-5.2956e-10	-1.29e-12	3.0416e-10	4.3272e-07	-4.3244e-07
0.87	-4.7305e-10	-4.33e-12	2.8495e-10	4.3282e-07	-4.3256e-07	-4.7234e-10	-9e-14	2.7781e-10	4.3272e-07	-4.3252e-07	-4.5835e-10	9e-14	2.7123e-10	4.3264e-07	-4.3248e-07	-4.5695e-10	-2.11e-12	2.6762e-10	4.328e-07	-4.3252e-07	-4.5347e-10	-1.92e-12	2.6574e-10	4.3254e-07	-4.323e-07	-4.5521e-10	-3.13e-12	2.6424e-10	4.327e-07	-4.3246e-07	-4.5615e-10	2.51e-12	2.6204e-10	4.3264e-07	-4.3244e-07
0.875	-4.0098e-10	-1.47e-12	2.3703e-10	4.327e-07	-4.326e-07	-3.9574e-10	1.2e-12	2.3203e-10	4.3284e-07	-4.3244e-07	-3.8896e-10	-2.6e-12	2.285e-10	4.3266e-07	-4.3242e-07	-3.8742e-10	1.25e-12	2.2503e-10	4.3268e-07	-4.3254e-07	-3.8896e-10	2.9e-13	2.2371e-10	4.325e-07	-4.3242e-07	-3.8573e-10	2.53e-12	2.1655e-10	4.3258e-07	-4.324e-07	-3.7932e-10	7.4e-13	2.193e-10	4.3264e-07	-4.3248e-07
0.88	-3.3021e-10	2.62e-12	1.9425e-10	4.3272e-07	-4.3258e-07	-3.1654e-10	-1.78e-12	1.8825e-10	4.3276e-07	-4.3256e-07	-3.1552e-10	-7.1e-13	1.8474e-10	4.3254e-07	-4.3246e-07	-3.1419e-10	1.23e-12	1.8155e-10	4.3274e-07	-4.3258e-07	-3.1238e-10	1.53e-12	1.8199e-10	4.3264e-07	-4.324e-07	-3.0804e-10	1.98e-12	1.7434e-10	4.3264e-07	-4.3234e-07	-3.0913e-10	-1.76e-12	1.7805e-10	4.327e-07	-4.3246e-07
0.885	-2.443e-10	8.5e-13	1.4875e-10	4.3264e-07	-4.3252e-07	-2.4443e-10	-1.4e-12	1.4502e-10	4.3272e-07	-4.3258e-07	-2.4304e-10	1.17e-12	1.4112e-10	4.3256e-07	-4.3228e-07	-2.3256e-10	-2.67e-12	1.4058e-10	4.327e-07	-4.3254e-07	-2.3703e-10	-1.85e-12	1.4136e-10	4.3274e-07	-4.3252e-07	-2.3362e-10	-3.93e-12	1.4006e-10	4.3256e-07	-4.3248e-07	-2.3887e-10	8.2e-13	1.3747e-10	4.3248e-07	-4.3234e-07
0.89	-1.6857e-10	-1.67e-12	1.0632e-10	4.3262e-07	-4.3254e-07	-1.6928e-10	3.03e-12	1.0114e-10	4.326e-07	-4.3252e-07	-1.6083e-10	-2.42e-12	9.932e-11	4.3246e-07	-4.3236e-07	-1.6757e-10	-1.04e-12	9.817e-11	4.328e-07	-4.3266e-07	-1.6529e-10	-2.65e-12	9.809e-11	4.3236e-07	-4.3222e-07	-1.6262e-10	-1.13e-12	9.625e-11	4.3248e-07	-4.3252e-07	-1.6058e-10	8.4e-13	9.32e-11	4.3244e-07	-4.3244e-07
0.895	-9.18e-11	7.3e-13	5.896e-11	4.3258e-07	-4.3254e-07	-8.76e-11	-8.9e-13	5.903e-11	4.3264e-07	-4.3252e-07	-8.728e-11	-1.67e-12	5.796e-11	4.3244e-07	-4.3248e-07	-8.601e-11	3.45e-12	5.47e-11	4.327e-07	-4.3274e-07	-8.78e-11	1.18e-12	5.59e-11	4.3244e-07	-4.3232e-07	-8.948e-11	3.4e-12	5.224e-11	4.3252e-07	-4.3244e-07	-8.233e-11	-1.82e-12	5.359e-11	4.325e-07	-4.3246e-07
0.9	-8.02e-12	2.23e-12	1.397e-11	4.3246e-07	-4.3248e-07	-6.71e-12	-2.75e-12	1.173e-11	4.3258e-07	-4.324e-07	-1.218e-11	1.68e-12	1.437e-11	4.3244e-07	-4.3244e-07	-6.14e-12	-4.5e-13	1.257e-11	4.3274e-07	-4.3268e-07	-9.78e-12	2.04e-12	1.221e-11	4.324e-07	-4.3236e-07	-7.79e-12	-5.1e-13	9.39e-12	4.325e-07	-4.324e-07	-9.7e-12	-1.63e-12	1.132e-11	4.324e-07	-4.3236e-07
