101 508.791780610724
104.18 409.155540760807
107.361 343.956867694331
110.541 359.486610513041
113.721 332.779363047493
116.902 370.497296817757
120.082 349.039822202785
123.262 371.858528973135
126.443 412.814446799674
129.623 454.775902231459
132.803 447.968326019572
135.983 349.751581090719
139.164 309.832289203361
142.344 302.328704942908
145.524 330.219476133438
148.705 371.143691980091
151.885 354.24721234868
155.065 330.385176197264
158.246 307.914805030331
161.426 273.376445880588
164.606 280.014800933943
167.787 287.46374531936
170.967 292.406162817336
174.147 314.828329929888
177.328 329.049107579563
180.508 330.715625484357
183.688 282.4723997569
186.868 262.026377359869
190.049 250.941331644547
193.229 257.429384141219
196.409 237.11899839822
199.59 253.440170344511
202.77 275.778609462151
205.95 276.18975693159
209.131 284.461771249693
212.311 320.015548617097
215.491 338.797182680123
218.672 303.070211705832
221.852 294.708414957558
225.032 300.770664956756
228.213 292.192341900454
231.393 280.786434907752
234.573 231.602771560334
237.753 271.107523911796
240.934 302.298480611698
244.114 305.121423499681
247.294 294.971065836869
250.475 258.562719725451
253.655 231.933964041716
256.835 241.228484707985
260.016 202.520537769385
263.196 228.229678789364
264.196 300.203252104966
272.598 263.746826072018
281.001 277.715301215472
289.403 314.325869584372
297.806 281.865698827735
306.208 249.149184294289
314.611 210.983532729472
323.013 220.048691569833
331.415 242.690848050392
339.818 239.90736584516
348.22 231.895166571257
356.623 238.41014102746
365.025 234.808830220801
373.428 227.151498940721
381.83 224.547877284826
390.232 221.917014656594
398.635 230.425498325527
407.037 215.977069101616
415.44 187.135588486108
423.842 200.300732589664
432.245 221.096039657309
440.647 249.029321127534
449.049 243.76566907036
457.452 221.602157708693
465.854 183.728059627186
474.257 179.60031823492
482.659 178.458565626975
491.062 164.679479880653
499.464 177.374503259247
507.867 220.384915186563
516.269 228.748210472492
524.671 225.667430195687
533.074 224.627455215498
541.476 237.579681277508
549.879 228.028351868723
558.281 204.031610453478
566.684 177.709934797173
575.086 141.182445272629
583.488 137.966229610292
591.891 168.827297722757
600.293 238.612030813294
608.696 233.737166434103
617.098 222.615251465212
625.501 208.795495407188
633.903 188.36278950695
642.305 163.100175214999
650.708 165.097832756851
659.11 172.801274190684
667.513 155.172196928196
675.915 155.868556391895
684.318 177.117246847309
692.72 162.422821179232
693.72 197.930162987998
715.867 170.105603359042
738.014 218.37029336753
760.161 196.049473255175
782.307 210.510510246293
804.454 217.447394505669
826.601 167.661169635492
848.748 140.113037563437
870.895 123.018457276535
893.042 131.81432770221
915.189 186.287919401041
937.335 220.806049947656
959.482 170.885370174796
981.629 188.631323219223
1003.776 214.759389999361
1025.923 167.592550234434
1048.07 166.735121768594
1070.217 206.852079939908
1092.364 175.984969965438
1114.51 142.258894542106
1136.657 129.61774544046
1158.804 139.40423677902
1180.951 178.038156423081
1203.098 153.013268933704
1225.245 156.74092123704
1247.392 136.819298510978
1269.538 132.399401164342
1291.685 149.257362101713
1313.832 118.989253885611
1335.979 123.628504837738
1358.126 143.385696490674
1380.273 127.921744582481
1402.42 148.55678216303
1424.566 115.658374033536
1446.713 118.023441111715
1468.86 166.702671951702
1491.007 183.796361657729
1513.154 153.066103815846
1535.301 136.225690099897
1557.448 130.735093163077
1579.595 139.900690066559
1601.741 128.439038946584
1623.888 131.287379468803
1646.035 145.964334702326
1668.182 132.866365813546
1690.329 124.755955298159
1712.476 130.220126823296
1734.623 146.986110086301
1756.769 122.635899771067
1778.916 111.019380892482
1801.063 135.402139427381
1823.21 127.932361347437
1824.21 138.790782974435
1882.531 174.483451204769
1940.853 164.117114123817
1999.174 115.092398987936
2057.495 130.116196614119
2115.817 134.596745402776
2174.138 103.125540915954
2232.46 133.774619718621
2290.781 155.98789910064
2349.102 154.696757698921
2407.424 159.276606395926
2465.745 117.208192116266
2524.066 114.65315662873
2582.388 135.893108417381
2640.709 141.779529002557
2699.031 126.376299400907
2757.352 112.991025687305
2815.673 105.8295097914
2873.995 121.850599706815
2932.316 133.029542866723
2990.637 102.843449603233
3048.959 104.469069236458
3107.28 82.0817560819786
3165.602 90.4441066318253
3223.923 112.35771962925
3282.244 75.8902060581244
3340.566 74.0224486178364
3398.887 75.8725941130537
3457.208 93.0529393958728
3515.53 88.7988305882016
3573.851 88.5807320190434
3632.173 97.3641751095733
3690.494 88.3280011105114
3748.815 109.641862055751
3807.137 117.579673830566
3865.458 96.9645735700374
3923.779 83.086281939823
3982.101 82.5573125353067
4040.422 104.48164096445
4098.744 102.261239708475
4157.065 108.093144108037
4215.386 88.00676480068
4273.708 74.105681572764
4332.029 117.864922867817
4390.35 123.920380239525
4448.672 84.7218667869937
4506.993 76.2583271726855
4565.315 71.8784528369948
4623.636 88.7265424685049
4681.957 83.1570778803426
4740.279 74.2102942628756
4798.6 80.3261410009082
4799.6 90.3896060465551
4953.131 97.0788907739082
5106.663 94.3427817489456
5260.194 90.0011526536801
5413.725 94.5110510501648
5567.257 66.947936944924
5720.788 82.6198965571739
5874.32 80.0686815403448
6027.851 87.0022397839268
6181.382 67.392851442259
6334.914 67.5928490629266
6488.445 59.8187698510118
6641.976 52.8542083273457
6795.508 71.3887866057189
6949.039 81.5102491810598
7102.571 70.8648136329836
7256.102 78.2966849755257
7409.633 83.5794767785313
7563.165 65.256904529565
7716.696 67.1654068288279
7870.227 74.3146953668484
8023.759 74.3797689631531
8177.29 68.7347181501223
8330.822 57.6240314357498
8484.353 48.8056275484182
8637.884 50.4772747134798
8791.416 52.9939616823911
8944.947 61.2881249614917
9098.478 60.7465440530776
9252.01 68.4175583046037
9405.541 76.1395452026499
9559.073 60.0303695623684
9712.604 68.4205237908724
9866.135 93.0624539825941
10019.667 85.2310000183876
10173.198 70.4126108266682
10326.729 61.0382870182683
10480.261 58.55956138073
10633.792 54.1349285536203
10787.324 62.903192284339
10940.855 61.8142091589655
11094.386 59.816387992773
11247.918 49.6574968149987
11401.449 61.6331957005207
11554.98 73.2774044870905
11708.512 73.8382113503483
11862.043 70.186373893437
12015.575 46.7571015635825
12169.106 55.2008515946317
12322.637 48.5908788305477
12476.169 48.1698046540805
12629.7 57.7525675890824
12630.7 53.2932177145895
13034.822 51.567980694591
13438.943 59.9230190383578
13843.065 72.3613852945326
14247.186 68.3070717221171
14651.308 45.2488532438816
15055.429 42.431798015025
15459.551 42.268971696302
15863.673 45.8940756668739
16267.794 54.022843639015
16671.916 62.1025277018378
17076.037 61.5245835516879
17480.159 64.9099926251865
17884.28 60.3560872241334
18288.402 41.7710662424779
18692.524 36.102957566444
19096.645 43.6999685634536
19500.767 52.9779450707049
19904.888 56.0002404213217
20309.01 52.6972364248848
20713.131 48.0319216649285
21117.253 48.0486352234297
21521.375 49.6729147033919
21925.496 46.2197486259961
22329.618 47.9077131753346
22733.739 48.7275311098123
23137.861 47.5777119527791
23541.982 44.5839480899518
23946.104 44.9511230098968
24350.225 46.0017420035301
24754.347 47.3319738227634
25158.469 40.7506921441654
25562.59 34.8252953574776
25966.712 46.2802351578412
26370.833 54.4120715811188
26774.955 52.0005300061162
27179.076 47.2340486312099
27583.198 37.9128267881093
27987.32 35.4491572986786
28391.441 35.020452957536
28795.563 38.9497460652838
29199.684 41.1770330441033
29603.806 42.2326029450466
30007.927 46.7868443778078
30412.049 43.128037408353
30816.171 37.4675939865108
31220.292 34.8167461524339
31624.414 38.6521624322703
32028.535 48.8411406923438
32432.657 48.9872288549133
32836.778 36.5659553164137
33240.9 30.3189400458625
33241.9 43.1341646359054
34305.559 41.9149411035611
35369.218 42.1049801849462
36432.876 35.9903201101321
37496.535 31.5666249934927
38560.194 29.4385565862828
39623.853 34.546661658139
40687.512 34.9858983654826
41751.171 35.602155953391
42814.829 35.9045774330683
43878.488 36.5659907182725
44942.147 31.8271619376021
46005.806 29.5155457993216
47069.465 33.3651230430057
48133.124 35.1647463983442
49196.782 34.218063297925
50260.441 36.2865024664902
51324.1 34.4535297289495
52387.759 30.8970518520291
53451.418 31.1343831054486
54515.076 30.0062723217712
55578.735 31.4272513424399
56642.394 25.9693576499746
57706.053 22.4381538102835
58769.712 21.0793407881108
59833.371 23.8150792333945
60897.029 23.0513041318777
61960.688 21.4505229923609
63024.347 23.9186509574743
64088.006 22.6789356851698
65151.665 27.0192329195411
66215.324 30.9052831712378
67278.982 32.125231454651
68342.641 31.6354619981022
69406.3 31.3336459932122
70469.959 31.5188056959643
71533.618 26.253811669006
72597.276 24.3400680703113
73660.935 23.2630880325758
74724.594 27.5047237005792
75788.253 27.6765299871477
76851.912 25.9159435108698
77915.571 26.106924861357
78979.229 24.9044071954689
80042.888 24.9464540289906
81106.547 22.8562201257222
82170.206 20.5559941849912
83233.865 20.2441370874145
84297.524 21.3331937932816
85361.182 19.8441987767159
86424.841 18.5685657418244
87488.5 17.9700984964978
87489.5 31.85193856705
90289.039 30.8650461540341
93088.578 30.5686509365374
95888.118 28.2618527604485
98687.657 22.885385861455
101487.196 21.7283560976615
104286.735 18.1862634396294
107086.275 19.6972626289823
109885.814 21.7222345626902
112685.353 23.3532913810101
115484.892 24.3568289318185
118284.431 24.5100310285637
121083.971 23.0459897726648
123883.51 22.1262209511907
126683.049 20.4384736765719
129482.588 20.1726923695076
132282.127 19.3382123849234
135081.667 19.8764361748586
137881.206 20.7013413095883
140680.745 20.3571835639557
143480.284 19.6136454413476
146279.824 17.4900234382121
149079.363 18.3595294652326
151878.902 21.6903843493274
154678.441 23.5982963319262
157477.98 23.7298787771247
160277.52 23.0096109852333
163077.059 19.3754914642155
165876.598 15.4034441084211
168676.137 14.499119797486
171475.676 14.2831312527559
174275.216 14.7290839351169
177074.755 15.8583699308397
179874.294 15.9042513212514
182673.833 17.9155458518171
185473.373 18.136409022494
188272.912 20.0466813826508
191072.451 20.8253431328415
193871.99 16.6985813967536
196671.529 12.630498980108
199471.069 10.2901739340978
202270.608 7.64776593746218
205070.147 12.1044615268896
207869.686 10.0691506246328
210669.225 9.39701963765113
213468.765 10.0839979886528
216268.304 12.1806601337079
219067.843 12.9516507289719
221867.382 9.68768311996975
224666.922 9.09813414351555
227466.461 10.4997439250147
230266 13.8141277232418
230267 15.8947862253386
237635.294 15.7997149439434
245003.588 9.9418120278809
252371.882 12.2876351617089
259740.176 11.6349729608396
267108.471 12.0262849271133
274476.765 10.5584444916475
281845.059 12.6572938912142
289213.353 13.3731019228151
296581.647 13.3850683248708
303949.941 12.1057097180289
311318.235 12.7195761754508
318686.529 12.973904769268
326054.824 15.2172171016844
333423.118 11.8414358920322
340791.412 9.24943826746098
348159.706 11.5333252869054
355528 12.7669278329935
362896.294 9.44514263065365
370264.588 8.85309005491511
377632.882 10.5695102663201
385001.176 12.2285212812753
392369.471 11.6821991216747
399737.765 9.55351725447554
407106.059 9.61977919886704
414474.353 10.1330720218829
421842.647 11.6212406076304
429210.941 8.71877233937224
436579.235 13.2745995930808
443947.529 11.205248551903
451315.824 11.0665611837054
458684.118 12.0984564350794
466052.412 10.8410229942424
473420.706 11.0006056660545
480789 10.0749126813574
488157.294 10.6458648792126
495525.588 11.9969213529499
502893.882 11.7407227753666
510262.176 9.24233091467795
517630.471 8.05758300226087
524998.765 7.66355282427764
532367.059 8.40625844994031
539735.353 10.9235364868994
547103.647 8.35320453723843
554471.941 9.25638496395296
561840.235 8.78968990137097
569208.529 10.8877921596898
576576.824 11.0914103067548
583945.118 9.69936284359173
591313.412 11.0443047830032
598681.706 7.96509411881951
606050 7.86443606271426
606051 9.89845571018937
625444.118 9.7517198597008
644837.235 6.06550896706911
664230.353 4.82011404077322
683623.471 10.5469653915346
703016.588 9.0785281162844
722409.706 7.37242059196304
741802.824 7.50562964011667
761195.941 6.86361600121212
780589.059 6.87670530712417
799982.176 10.6402689621148
819375.294 9.18095866457799
838768.412 11.2363843508702
858161.529 8.283106284
877554.647 7.29669850678
896947.765 5.8593666081475
916340.882 5.93649536684249
935734 8.03821468575699
955127.118 7.08982139986104
974520.235 7.2189281643823
993913.353 6.74907303896209
1013306.471 8.81522357918034
1032699.588 6.89206108603355
1052092.706 8.8655248997101
1071485.824 8.02490247353326
1090878.941 8.18478424819701
1110272.059 8.13840725583022
1129665.176 7.84040547635089
1149058.294 6.7271382068884
1168451.412 9.22151164531725
1187844.529 7.50382402310471
1207237.647 7.26558363850194
1226630.765 5.30620315151673
1246023.882 7.39876586936724
1265417 7.40601660099188
1284810.118 6.21621605049732
1304203.235 6.56372306555541
1323596.353 5.64121857626566
1342989.471 6.87997935542642
1362382.588 8.2467947079271
1381775.706 6.07003811409808
1401168.824 5.64670427341135
1420561.941 6.37243889388376
1439955.059 5.55489249438321
1459348.176 4.13146064888885
1478741.294 8.86169360716639
1498134.412 7.29698287797945
1517527.529 6.93328961251184
1536920.647 6.00260040249277
1556313.765 6.39094740781509
1575706.882 6.39239565767342
1595100 6.04257695697143
1595100 7.3772188550824
1646141.765 5.63816523390268
1697183.529 7.5678791853454
1748225.294 8.03970596164196
1799267.059 3.75310403458853
1850308.824 4.7712041367631
1901350.588 5.62514407592149
1952392.353 5.11077625831111
2003434.118 6.63373507465993
2054475.882 6.21977696271196
2105517.647 5.71724843266311
2156559.412 5.76062162195792
2207601.176 7.97683721909783
2258642.941 7.06829971005624
2309684.706 7.06183344460062
2360726.471 4.84998402751943
2411768.235 7.25056337536526
2462810 6.59005244734614
2513851.765 4.46058363411575
2564893.529 4.22068264307757
2615935.294 5.18846998406727
2666977.059 6.1160037421779
2718018.824 4.77236804192654
2769060.588 5.74460346345083
2820102.353 4.43340783060142
2871144.118 4.35123480817368
2922185.882 4.33798990116079
2973227.647 4.95700176211477
3024269.412 5.25919594349849
3075311.176 3.35969881772477
3126352.941 4.4694706422238
3177394.706 4.97829430825771
3228436.471 4.96759879375561
3279478.235 6.19773654868077
3330520 4.22157357754503
3381561.765 4.44749128084935
3432603.529 5.4757311424445
3483645.294 3.97579091125228
3534687.059 4.61431010307976
3585728.824 4.32694881986141
3636770.588 3.60906603493736
3687812.353 6.11010667358261
3738854.118 4.24431814489073
3789895.882 5.25679944669623
3840937.647 5.55842226472771
3891979.412 4.31385135159556
3943021.176 3.399706750564
3994062.941 5.70743732809865
4045104.706 4.2995591297719
4096146.471 4.04194981840529
4147188.235 3.46369931870953
4198230 3.980675891802
4198230 5.56745730464686
4332570.588 4.65081535126266
4466911.176 3.94856153633733
4601251.765 4.34770440133648
4735592.353 2.66852290092247
4869932.941 3.74648122404048
5004273.529 3.70078979277944
5138614.118 3.92235664358876
5272954.706 3.56753769300685
5407295.294 4.0589644936947
5541635.882 3.62840592805662
5675976.471 4.38597740601058
5810317.059 3.52192974113284
5944657.647 2.90361245154908
6078998.235 3.61294308686947
6213338.824 3.82403584697177
6347679.412 3.82227618302667
6482020 3.20137750322596
6616360.588 3.18983314870437
6750701.176 3.59260799067222
6885041.765 3.85410763065569
7019382.353 3.98335639421694
7153722.941 3.1025631844642
7288063.529 3.0254351379266
7422404.118 3.58947796113065
7556744.706 4.09405287862858
7691085.294 2.97011529038394
7825425.882 3.53090204008482
7959766.471 2.77371117977255
8094107.059 3.14808279029553
8228447.647 3.6979261706597
8362788.235 3.21849743437494
8497128.824 2.46906742225157
8631469.412 3.02783000070664
8765810 2.31872641817057
8900150.588 3.14450812410384
9034491.176 2.55394551222675
9168831.765 2.11999771021693
9303172.353 2.63881119112619
9437512.941 2.88061634353089
9571853.529 2.39637430748785
9706194.118 2.37212129390611
9840534.706 1.98077277843081
9974875.294 3.77968722880298
10109215.882 3.11572406416629
10243556.471 2.98308410710556
10377897.059 2.83323444751831
10512237.647 2.45936262903386
10646578.235 2.76745079734069
10780918.824 3.2153841755076
10915259.412 2.22671769798724
11049600 2.7338726803922
11049600 2.69993311967446
11403174.51 2.40740748950698
11756749.02 3.08052050129022
12110323.529 3.42108073744786
12463898.039 3.10381359004375
12817472.549 2.28040663078309
13171047.059 3.50284281273401
13524621.569 2.62772932941592
13878196.078 2.8274573812375
14231770.588 2.45896798873478
14585345.098 2.9823082703215
14938919.608 2.6116557839564
15292494.118 2.48240036528426
15646068.627 2.00126985892288
15999643.137 2.84372184120939
16353217.647 2.86266420016713
16706792.157 3.12514761305516
17060366.667 3.1083089778741
17413941.176 2.13143921716048
17767515.686 2.373487755979
18121090.196 2.72390346587647
18474664.706 1.50443179860488
18828239.216 2.63636366189461
19181813.725 2.81146649705134
19535388.235 1.54836386129674
19888962.745 2.24638702704467
20242537.255 1.75484747998255
20596111.765 2.40859468447337
20949686.275 2.03890934514005
21303260.784 2.5985722586169
21656835.294 1.93661855679447
22010409.804 3.16238818402479
22363984.314 2.24242716444842
22717558.824 1.91642368032537
23071133.333 2.23044390769461
23424707.843 2.2683666945473
23778282.353 1.80541266637523
24131856.863 1.77887263189661
24485431.373 2.70352286735726
24839005.882 2.14600233723477
25192580.392 2.17012258334413
25546154.902 1.79332663863112
25899729.412 2.17440837555985
26253303.922 2.52051260355299
26606878.431 2.36444960302944
26960452.941 1.60873434864567
27314027.451 1.6130677291345
27667601.961 2.1340919317241
28021176.471 1.86617478013662
28374750.98 2.35924253763451
28728325.49 1.9381196076619
29081900 1.79789180855277
29081900 2.04196678420951
30012498.039 2.5541314845314
30943096.078 1.85902590716141
31873694.118 2.03997141996903
32804292.157 1.8130235286255
33734890.196 1.08329052284221
34665488.235 1.31505632413572
35596086.275 2.28350477681673
36526684.314 1.60155685896687
37457282.353 1.7730738853234
38387880.392 1.83902710833014
39318478.431 2.3109671807757
40249076.471 1.88828544705971
41179674.51 1.83359433014895
42110272.549 2.02935602810091
43040870.588 2.46392263548607
43971468.627 1.54408132321196
44902066.667 2.15695191067828
45832664.706 1.60661320780526
46763262.745 1.84608999084385
47693860.784 2.08417217915999
48624458.824 2.06368141618201
49555056.863 1.70925437503809
50485654.902 1.43534134408106
51416252.941 1.35201194701888
52346850.98 1.71804636363733
53277449.02 2.28705479655276
54208047.059 2.13076993801865
55138645.098 2.04911308876666
56069243.137 2.2110780194719
56999841.176 1.44715004685735
57930439.216 2.34130175702367
58861037.255 2.83882192461335
59791635.294 1.81352081040125
60722233.333 1.41536178635853
61652831.373 2.02049022097913
62583429.412 1.21520879487144
63514027.451 0.805854430255842
64444625.49 1.80601963375757
65375223.529 1.47556682244427
66305821.569 1.5121308071576
67236419.608 1.38020116759355
68167017.647 1.94542390073811
69097615.686 1.76283558368787
70028213.725 1.47452820773441
70958811.765 1.62372691220598
71889409.804 1.81359401359597
72820007.843 0.714362472885927
73750605.882 1.75699167450167
74681203.922 2.01908612552488
75611801.961 1.80464743335169
76542400 1.56389997360854
76542400 1.54633758044138
78991686.275 1.61054861986174
81440972.549 1.69475238805886
83890258.824 1.61724709968106
86339545.098 1.66978175883813
88788831.373 NaN
91238117.647 1.21529491825291
93687403.922 2.17626352656876
96136690.196 54.9382557579339
98585976.471 2.38694807460558
101035262.745 1.79301384259465
103484549.02 4.48640053914174
105933835.294 0.769471342157073
108383121.569 1.16065001086211
110832407.843 1.65281218975426
113281694.118 1.87536706679697
115730980.392 1.65468818867024
118180266.667 1.95252407587932
120629552.941 1.41030843841527
123078839.216 2.16646724860418
125528125.49 0.485697449997322
127977411.765 0.948722149742329
130426698.039 0.909233087411243
132875984.314 0.755386340928193
135325270.588 0.573645991406716
137774556.863 0.934401098667107
140223843.137 0.852327315928897
142673129.412 1.45865247465397
145122415.686 0.282272246102764
147571701.961 1.19917223430411
150020988.235 2.27049433855775
152470274.51 0.780601841557154
154919560.784 0.951582001047145
157368847.059 NaN
159818133.333 2.14532637948997
162267419.608 2.3535302809585
164716705.882 1.46197226635046
167165992.157 NaN
169615278.431 0.429447493552658
172064564.706 1.73169883270361
174513850.98 2.89764217203075
176963137.255 0.389442643991718
179412423.529 NaN
181861709.804 2.03179935112868
184310996.078 0.67983638305546
186760282.353 1.15315330120337
189209568.627 2.92378159782475
191658854.902 2.70096577572034
194108141.176 3.10778761901128
196557427.451 2.54200417191695
199006713.725 0.928039750661168
201456000 1.03189859064822
