101 6.28589240262022e-07
104.18 4.99528157297042e-07
107.361 3.96262297824349e-07
110.541 3.13843001365785e-07
113.721 3.24230817273468e-07
116.902 4.00616984926244e-07
120.082 4.41656830604272e-07
123.262 5.01062655591014e-07
126.443 5.04788471720659e-07
129.623 4.47350157365106e-07
132.803 3.72008120374648e-07
135.983 3.58545197924798e-07
139.164 4.37129797330396e-07
142.344 5.01710028898119e-07
145.524 4.81896465716306e-07
148.705 4.23975230686427e-07
151.885 3.7500729631339e-07
155.065 3.52988541298083e-07
158.246 3.46896695396769e-07
161.426 3.79212392286155e-07
164.606 3.62092897025164e-07
167.787 3.30294124274303e-07
170.967 3.85831668759699e-07
174.147 3.87298504861256e-07
177.328 3.6306947112641e-07
180.508 3.51731698328949e-07
183.688 3.58826520871208e-07
186.868 3.73562171321299e-07
190.049 3.14422219142724e-07
193.229 2.80974164672778e-07
196.409 2.84665188266083e-07
199.59 3.04647511237626e-07
202.77 3.21663816499148e-07
205.95 3.59448872971435e-07
209.131 3.78781390056069e-07
212.311 3.78681616336844e-07
215.491 3.40428857035133e-07
218.672 3.26947497821725e-07
221.852 2.99680782354457e-07
225.032 2.62738838365289e-07
228.213 2.82425688354615e-07
231.393 2.91493423184716e-07
234.573 2.96242558430317e-07
237.753 2.986188184422e-07
240.934 2.87565807423831e-07
244.114 2.13775399636725e-07
247.294 1.89406792635487e-07
250.475 2.41708090827853e-07
253.655 2.88608773288139e-07
256.835 2.98778875435569e-07
260.016 2.77621903439374e-07
263.196 3.05294009107954e-07
264.196 3.32309098142686e-07
272.598 3.52571558497899e-07
281.001 3.54902010805878e-07
289.403 3.30494071075606e-07
297.806 3.40431961925138e-07
306.208 3.45037763616586e-07
314.611 3.03340633420879e-07
323.013 2.73778069195964e-07
331.415 2.12072014731367e-07
339.818 1.84906183074738e-07
348.22 1.66934147720184e-07
356.623 1.74178806402478e-07
365.025 1.93708211015458e-07
373.428 2.16275015446142e-07
381.83 2.13956079583768e-07
390.232 1.87725738079985e-07
398.635 1.8297837513764e-07
407.037 2.07230604444482e-07
415.44 2.36533720421402e-07
423.842 2.52898386104198e-07
432.245 2.41661789040584e-07
440.647 2.31413185276705e-07
449.049 2.59789768401565e-07
457.452 2.81400182054259e-07
465.854 2.76087949429797e-07
474.257 2.44790031538156e-07
482.659 2.09448971233805e-07
491.062 1.90448056419399e-07
499.464 1.9518235916368e-07
507.867 1.98150409175037e-07
516.269 1.94042451434665e-07
524.671 2.06524821264963e-07
533.074 2.12448493731236e-07
541.476 2.01541535734025e-07
549.879 2.15042101195222e-07
558.281 2.39177190035096e-07
566.684 2.66243063823408e-07
575.086 2.68518344125263e-07
583.488 2.5720417560178e-07
591.891 2.40969779914857e-07
600.293 2.16044390292123e-07
608.696 2.26491438039819e-07
617.098 2.2280387384159e-07
625.501 2.32135972362317e-07
633.903 2.29515226499743e-07
642.305 2.30515237648925e-07
650.708 2.31396682658568e-07
659.11 2.20301231545467e-07
667.513 2.32220738673645e-07
675.915 2.32721813599447e-07
684.318 2.05340510412752e-07
692.72 2.11990727219808e-07
693.72 1.56744898931811e-07
715.867 1.55794860596741e-07
738.014 1.58942621865309e-07
760.161 1.83103840107815e-07
782.307 1.58083808340302e-07
804.454 1.47056684116681e-07
826.601 1.86374237524125e-07
848.748 1.97502815492663e-07
870.895 1.72400680500314e-07
893.042 1.30367913009098e-07
915.189 1.52350464415744e-07
937.335 1.55420337861581e-07
959.482 1.52788477571189e-07
981.629 1.5808395005462e-07
1003.776 2.07512386127079e-07
1025.923 1.57937292152133e-07
1048.07 1.35359089347052e-07
1070.217 1.16090030442525e-07
1092.364 1.5009985101616e-07
1114.51 1.40227247651173e-07
1136.657 1.80637239536322e-07
1158.804 1.59558078264245e-07
1180.951 1.01792166404772e-07
1203.098 1.3374378720862e-07
1225.245 1.47329636953028e-07
1247.392 1.1341346898831e-07
1269.538 1.18078161145997e-07
1291.685 1.2186367672215e-07
1313.832 1.32134222588047e-07
1335.979 1.44785455150444e-07
1358.126 1.50101084059734e-07
1380.273 1.28358999811072e-07
1402.42 1.15456833957688e-07
1424.566 1.58345785230032e-07
1446.713 1.54832724922703e-07
1468.86 1.07373763457098e-07
1491.007 1.08710927856405e-07
1513.154 1.2554536377235e-07
1535.301 1.34598886153393e-07
1557.448 1.07009525962389e-07
1579.595 1.04673557484811e-07
1601.741 7.89615193928865e-08
1623.888 1.15727406193224e-07
1646.035 1.30224124316163e-07
1668.182 1.17379640878515e-07
1690.329 1.33152040075001e-07
1712.476 1.44952570554409e-07
1734.623 1.37665818005873e-07
1756.769 1.39972380736326e-07
1778.916 1.34989936473294e-07
1801.063 1.01864915500913e-07
1823.21 9.18547838786349e-08
1824.21 1.26857540058002e-07
1882.531 1.16219455289506e-07
1940.853 1.20697365190211e-07
1999.174 9.45868133209368e-08
2057.495 9.14767031831887e-08
2115.817 1.12869434190711e-07
2174.138 1.21804683361644e-07
2232.46 1.04975765979969e-07
2290.781 7.23349350617129e-08
2349.102 7.79276421789907e-08
2407.424 9.05520665706142e-08
2465.745 1.02023478302367e-07
2524.066 9.08530617875726e-08
2582.388 8.83424453429979e-08
2640.709 8.60209293047448e-08
2699.031 1.17106056383131e-07
2757.352 1.15014688953211e-07
2815.673 1.08039430062773e-07
2873.995 1.03749569961791e-07
2932.316 8.70919561702582e-08
2990.637 1.14984962632115e-07
3048.959 1.08078099131913e-07
3107.28 9.44256384712705e-08
3165.602 8.88790172411113e-08
3223.923 8.35575360588925e-08
3282.244 7.20302409176722e-08
3340.566 8.12902420635613e-08
3398.887 7.85098664024563e-08
3457.208 1.00222937547421e-07
3515.53 1.09173912090556e-07
3573.851 9.14846742828492e-08
3632.173 6.85683943508614e-08
3690.494 8.9278993943821e-08
3748.815 8.28089147339715e-08
3807.137 8.23445857051813e-08
3865.458 7.74730559710643e-08
3923.779 8.81102495415169e-08
3982.101 8.19012742119414e-08
4040.422 9.19019497343059e-08
4098.744 9.87372974365799e-08
4157.065 8.75017605769939e-08
4215.386 8.58913963314719e-08
4273.708 9.9497211944096e-08
4332.029 6.1910774793688e-08
4390.35 6.22145015674703e-08
4448.672 6.46523777869045e-08
4506.993 5.46971607237774e-08
4565.315 4.82880838061592e-08
4623.636 5.06429709651065e-08
4681.957 6.53192475077292e-08
4740.279 9.67583312362807e-08
4798.6 7.04321011398399e-08
4799.6 6.19748143512587e-08
4953.131 8.51598514001232e-08
5106.663 8.2503713916616e-08
5260.194 7.60863319121658e-08
5413.725 6.61356344862936e-08
5567.257 5.78763893684416e-08
5720.788 5.96035310802393e-08
5874.32 6.03136226292809e-08
6027.851 6.05734427247576e-08
6181.382 6.09371605466427e-08
6334.914 7.11613023177716e-08
6488.445 5.57329876042114e-08
6641.976 5.27241097408237e-08
6795.508 6.6532398885405e-08
6949.039 7.27233126024513e-08
7102.571 6.61086379254246e-08
7256.102 5.87786058680448e-08
7409.633 7.14873564464972e-08
7563.165 8.89730310593558e-08
7716.696 7.88776801394823e-08
7870.227 5.22895816728838e-08
8023.759 4.83647599688055e-08
8177.29 3.91547719218683e-08
8330.822 5.68007391696559e-08
8484.353 6.10281061875217e-08
8637.884 5.48518360853967e-08
8791.416 5.53267820996273e-08
8944.947 4.33309606386758e-08
9098.478 3.8115640331074e-08
9252.01 4.80794004415885e-08
9405.541 4.75106973855153e-08
9559.073 4.80902270737045e-08
9712.604 5.61063140083141e-08
9866.135 3.91744847418697e-08
10019.667 3.6146150382685e-08
10173.198 4.02750510602083e-08
10326.729 4.36553277393402e-08
10480.261 4.93810523882911e-08
10633.792 4.61031778515609e-08
10787.324 3.61857603794094e-08
10940.855 3.79785570920114e-08
11094.386 5.12173680032717e-08
11247.918 6.00440548250963e-08
11401.449 5.25301137956836e-08
11554.98 5.2959515560475e-08
11708.512 6.51509971017423e-08
11862.043 5.9396802962712e-08
12015.575 5.17261446501344e-08
12169.106 5.68153770499519e-08
12322.637 6.03015013270957e-08
12476.169 6.61597396006301e-08
12629.7 4.0940747955868e-08
12630.7 5.17121622078277e-08
13034.822 5.86648145629832e-08
13438.943 5.70844174276604e-08
13843.065 6.13985957651244e-08
14247.186 6.24051795008554e-08
14651.308 4.58732781712429e-08
15055.429 4.94385685434428e-08
15459.551 4.76425469952757e-08
15863.673 4.39570060826458e-08
16267.794 4.1090161538798e-08
16671.916 3.158989521289e-08
17076.037 3.00838345874207e-08
17480.159 4.66793809548653e-08
17884.28 5.10640684918227e-08
18288.402 4.37585717151402e-08
18692.524 4.40272741478531e-08
19096.645 4.41143080624009e-08
19500.767 3.33872929749697e-08
19904.888 3.06790441005072e-08
20309.01 3.40485527359062e-08
20713.131 3.27170141772678e-08
21117.253 2.92698128820711e-08
21521.375 2.95149583077539e-08
21925.496 3.04417108445388e-08
22329.618 3.17964826533022e-08
22733.739 3.67641378344001e-08
23137.861 4.03947478497883e-08
23541.982 3.4554525269404e-08
23946.104 3.21773195715429e-08
24350.225 2.63100892320342e-08
24754.347 2.73671283342008e-08
25158.469 3.38783940891151e-08
25562.59 4.11529094452718e-08
25966.712 4.5455160206621e-08
26370.833 3.89782565548891e-08
26774.955 3.56383168753497e-08
27179.076 3.58349362533649e-08
27583.198 4.0817173072717e-08
27987.32 3.92091410509477e-08
28391.441 3.59887790973022e-08
28795.563 3.4276916609022e-08
29199.684 3.16738361998729e-08
29603.806 3.07801133721563e-08
30007.927 2.78964919982255e-08
30412.049 2.72916691243626e-08
30816.171 2.92914984742103e-08
31220.292 2.41719823164083e-08
31624.414 2.57789185882735e-08
32028.535 3.39452094307507e-08
32432.657 3.65441714910315e-08
32836.778 3.72198010578392e-08
33240.9 3.10679787808016e-08
33241.9 2.97870151319544e-08
34305.559 3.04621871486751e-08
35369.218 3.04178035548578e-08
36432.876 2.85926913854617e-08
37496.535 2.76032510610501e-08
38560.194 2.99208748194019e-08
39623.853 2.83129779844463e-08
40687.512 3.25360007493833e-08
41751.171 3.60145682454018e-08
42814.829 2.99787193102298e-08
43878.488 2.47123454591667e-08
44942.147 2.11887941021871e-08
46005.806 2.47086100086739e-08
47069.465 3.10028404602106e-08
48133.124 3.88123096255433e-08
49196.782 3.88844654438514e-08
50260.441 3.94424992259864e-08
51324.1 3.55854028713049e-08
52387.759 3.15440947449715e-08
53451.418 2.97300250978819e-08
54515.076 2.75349014689564e-08
55578.735 2.6361681748844e-08
56642.394 1.9361563810761e-08
57706.053 1.88369379966074e-08
58769.712 1.89738194854388e-08
59833.371 2.15108286116222e-08
60897.029 2.23828493439073e-08
61960.688 2.37853003751501e-08
63024.347 2.7137062215603e-08
64088.006 2.69458825891906e-08
65151.665 2.7202851605294e-08
66215.324 2.81406794870986e-08
67278.982 2.59512415925864e-08
68342.641 1.9948054998468e-08
69406.3 1.79529218060456e-08
70469.959 1.8675296043006e-08
71533.618 2.46950944101608e-08
72597.276 2.57121558451802e-08
73660.935 2.43927121343648e-08
74724.594 2.27670839143119e-08
75788.253 2.51616304337273e-08
76851.912 2.48146838779185e-08
77915.571 2.51878042918877e-08
78979.229 2.48816153159085e-08
80042.888 2.18923444078741e-08
81106.547 2.29076972639881e-08
82170.206 2.27375585879676e-08
83233.865 1.97087190341605e-08
84297.524 1.92630185306897e-08
85361.182 1.73545946954731e-08
86424.841 1.63380484949687e-08
87488.5 1.85673508938321e-08
87489.5 1.57269882854211e-08
90289.039 1.44273660848208e-08
93088.578 1.37069650221478e-08
95888.118 1.42518022267828e-08
98687.657 2.04331628126034e-08
101487.196 2.20810560755586e-08
104286.735 2.04788217863933e-08
107086.275 1.74173508348963e-08
109885.814 1.40087880001244e-08
112685.353 1.57732771662115e-08
115484.892 1.65932986501651e-08
118284.431 1.58441162466654e-08
121083.971 1.55460675377636e-08
123883.51 1.58947921311843e-08
126683.049 1.52325103042289e-08
129482.588 1.54249952327619e-08
132282.127 1.67177428598065e-08
135081.667 1.64737924428342e-08
137881.206 1.42567193835565e-08
140680.745 1.25267751725191e-08
143480.284 1.35378971982619e-08
146279.824 1.57282918185215e-08
149079.363 1.69481932520424e-08
151878.902 1.82011405837783e-08
154678.441 1.49883206809954e-08
157477.98 1.33428066316219e-08
160277.52 1.2683870344995e-08
163077.059 1.19856713601014e-08
165876.598 1.29049476231412e-08
168676.137 1.49599184044897e-08
171475.676 1.59007048922758e-08
174275.216 1.43862931155236e-08
177074.755 1.52162804759607e-08
179874.294 1.59178523936716e-08
182673.833 1.60620301302209e-08
185473.373 1.60895463882525e-08
188272.912 1.65126872223087e-08
191072.451 1.76392628386667e-08
193871.99 1.84554574542562e-08
196671.529 1.56415144630865e-08
199471.069 1.55163543269075e-08
202270.608 1.49875549325344e-08
205070.147 1.40267862174932e-08
207869.686 1.37518824932414e-08
210669.225 1.42598006384197e-08
213468.765 1.49097451497003e-08
216268.304 1.34182561453342e-08
219067.843 1.24551527384362e-08
221867.382 1.16793948918034e-08
224666.922 1.41242318520541e-08
227466.461 1.52298363818556e-08
230266 1.46615270851058e-08
230267 1.56991811947288e-08
237635.294 1.57053018122206e-08
245003.588 1.46462332103253e-08
252371.882 1.3303402758571e-08
259740.176 1.16066677580137e-08
267108.471 1.26541274096503e-08
274476.765 9.30968354415396e-09
281845.059 1.04632308964159e-08
289213.353 1.35729467204972e-08
296581.647 1.42396279176979e-08
303949.941 1.47157889753347e-08
311318.235 1.15785371798304e-08
318686.529 1.31702615202212e-08
326054.824 1.06391912812417e-08
333423.118 1.00034895373751e-08
340791.412 8.45783421716511e-09
348159.706 1.07996642518043e-08
355528 1.27978308361616e-08
362896.294 1.05655213958136e-08
370264.588 1.02879281031277e-08
377632.882 1.31173280558482e-08
385001.176 1.1427652346406e-08
392369.471 9.11517699602526e-09
399737.765 1.0013195490898e-08
407106.059 1.06433877148142e-08
414474.353 8.98659852719168e-09
421842.647 7.71099265780495e-09
429210.941 9.87084028774908e-09
436579.235 9.28663242485307e-09
443947.529 9.56025762587925e-09
451315.824 9.62587375246134e-09
458684.118 7.09445552177235e-09
466052.412 7.49370193843498e-09
473420.706 1.16048459260845e-08
480789 8.46201640530125e-09
488157.294 1.26188622372482e-08
495525.588 9.68564531635411e-09
502893.882 7.53130195038075e-09
510262.176 8.04199921561565e-09
517630.471 8.54778737494342e-09
524998.765 1.02299746710444e-08
532367.059 7.60226654505725e-09
539735.353 8.9286996321053e-09
547103.647 8.96563698758594e-09
554471.941 7.37889777203766e-09
561840.235 9.04247887351366e-09
569208.529 9.19797610952015e-09
576576.824 9.13217579224429e-09
583945.118 6.66856643741108e-09
591313.412 7.62089403247644e-09
598681.706 6.89754098195589e-09
606050 8.28558970746565e-09
606051 5.32645808321942e-09
625444.118 8.82511738756969e-09
644837.235 8.04897343035181e-09
664230.353 7.91312662903291e-09
683623.471 8.51994577988301e-09
703016.588 6.88645337160587e-09
722409.706 5.50423002968734e-09
741802.824 9.83775531090189e-09
761195.941 8.59152072389934e-09
780589.059 6.17186647422475e-09
799982.176 8.09666619176853e-09
819375.294 7.36367978659665e-09
838768.412 7.14094482404124e-09
858161.529 6.71630200978528e-09
877554.647 9.49865304707553e-09
896947.765 7.71780265758193e-09
916340.882 6.28464318917984e-09
935734 8.02495354188867e-09
955127.118 7.0201972242691e-09
974520.235 6.46924804538327e-09
993913.353 7.88420132661408e-09
1013306.471 7.69074603290169e-09
1032699.588 5.49955469097396e-09
1052092.706 6.00384646693725e-09
1071485.824 4.54252702876921e-09
1090878.941 7.11218581166324e-09
1110272.059 7.04456919114006e-09
1129665.176 6.01186282195416e-09
1149058.294 7.75662228569062e-09
1168451.412 5.81629266913475e-09
1187844.529 6.35007096376958e-09
1207237.647 6.76930259357178e-09
1226630.765 5.62368783375459e-09
1246023.882 5.45331094816816e-09
1265417 5.77752895128916e-09
1284810.118 5.62455334300425e-09
1304203.235 5.03622595875619e-09
1323596.353 7.13942108173995e-09
1342989.471 4.83267108158898e-09
1362382.588 5.01076326412999e-09
1381775.706 4.28982509560116e-09
1401168.824 6.47350170391018e-09
1420561.941 6.0122974718061e-09
1439955.059 5.10297529011115e-09
1459348.176 4.74155930640409e-09
1478741.294 4.62334225724069e-09
1498134.412 5.22363614071775e-09
1517527.529 5.29445583639678e-09
1536920.647 7.07954558984203e-09
1556313.765 4.76166749251774e-09
1575706.882 5.32099058740978e-09
1595100 3.92907373330822e-09
1595100 6.21623175781584e-09
1646141.765 5.24938925855535e-09
1697183.529 5.25657256072908e-09
1748225.294 4.57576894648814e-09
1799267.059 4.74512504982589e-09
1850308.824 6.33083214946103e-09
1901350.588 3.9959725817943e-09
1952392.353 4.43352909754452e-09
2003434.118 6.11415592883842e-09
2054475.882 4.82134080996415e-09
2105517.647 4.73513971034285e-09
2156559.412 3.28958721593968e-09
2207601.176 4.87966957397666e-09
2258642.941 4.86709835665641e-09
2309684.706 5.45264508698179e-09
2360726.471 4.01499408251395e-09
2411768.235 5.42132617354679e-09
2462810 4.0074243809552e-09
2513851.765 4.06868992126152e-09
2564893.529 3.46758235139073e-09
2615935.294 4.04831413482242e-09
2666977.059 3.65174665369655e-09
2718018.824 4.26172097404068e-09
2769060.588 4.69251509014629e-09
2820102.353 5.18558339272948e-09
2871144.118 2.65236631408758e-09
2922185.882 4.05117629291493e-09
2973227.647 3.69054951719856e-09
3024269.412 4.51434120215575e-09
3075311.176 4.53925606971098e-09
3126352.941 4.15725825730735e-09
3177394.706 2.99807861946354e-09
3228436.471 3.91156928761832e-09
3279478.235 4.06756675871222e-09
3330520 4.37009934313366e-09
3381561.765 3.63690271460146e-09
3432603.529 3.34477578135616e-09
3483645.294 4.53227895758775e-09
3534687.059 3.63623128912246e-09
3585728.824 3.06644878782265e-09
3636770.588 4.15898453179684e-09
3687812.353 3.02198043130681e-09
3738854.118 4.06549724732419e-09
3789895.882 4.41442727805325e-09
3840937.647 5.35348945292883e-09
3891979.412 4.82122488994427e-09
3943021.176 2.94469927342131e-09
3994062.941 3.66801742616262e-09
4045104.706 1.78602747024597e-09
4096146.471 4.36376387286665e-09
4147188.235 2.5684614484533e-09
4198230 4.44036808520066e-09
4198230 3.87773371225997e-09
4332570.588 4.70767173149318e-09
4466911.176 4.11620633646428e-09
4601251.765 2.85533963205458e-09
4735592.353 3.39123884808895e-09
4869932.941 3.06546130949602e-09
5004273.529 3.91404036487811e-09
5138614.118 3.09912563293866e-09
5272954.706 3.10471501906574e-09
5407295.294 4.37783325889312e-09
5541635.882 4.06171130360639e-09
5675976.471 5.00292421765251e-09
5810317.059 3.61585504150895e-09
5944657.647 3.09047772704246e-09
6078998.235 3.43524364582836e-09
6213338.824 2.68690243073353e-09
6347679.412 3.01011857993402e-09
6482020 2.89409822222693e-09
6616360.588 2.49108380704823e-09
6750701.176 4.01312808853181e-09
6885041.765 3.97276386517423e-09
7019382.353 3.6981949467885e-09
7153722.941 3.24288568661255e-09
7288063.529 1.99003194426744e-09
7422404.118 3.14434153523549e-09
7556744.706 3.78156233419954e-09
7691085.294 1.88276279991767e-09
7825425.882 2.35919767568097e-09
7959766.471 3.08882574057116e-09
8094107.059 3.27217081866557e-09
8228447.647 2.43586157642822e-09
8362788.235 3.10598204698095e-09
8497128.824 2.75276074181873e-09
8631469.412 3.07251962841698e-09
8765810 2.90758036805029e-09
8900150.588 2.75237892766215e-09
9034491.176 2.50609578930588e-09
9168831.765 3.03377759373378e-09
9303172.353 2.38154087815864e-09
9437512.941 2.93585288420155e-09
9571853.529 2.8624771038344e-09
9706194.118 2.59060093705607e-09
9840534.706 3.45427482166774e-09
9974875.294 2.94828129474017e-09
10109215.882 2.6468465715035e-09
10243556.471 2.55102914549049e-09
10377897.059 2.46658964944476e-09
10512237.647 3.42882170781504e-09
10646578.235 3.24666373645374e-09
10780918.824 2.46420999942488e-09
10915259.412 3.89392045605989e-09
11049600 3.64998604740691e-09
11049600 2.70138100137598e-09
11403174.51 2.65114661839461e-09
11756749.02 2.37360721229466e-09
12110323.529 3.66465932613783e-09
12463898.039 2.30935525479974e-09
12817472.549 2.19502390822684e-09
13171047.059 2.31927774753112e-09
13524621.569 3.18706288181121e-09
13878196.078 2.52688931237813e-09
14231770.588 2.25476015460431e-09
14585345.098 3.10710809292569e-09
14938919.608 1.95727989335385e-09
15292494.118 2.55772280350324e-09
15646068.627 1.9685653151868e-09
15999643.137 2.3064762912276e-09
16353217.647 1.96418357125926e-09
16706792.157 2.66969274231062e-09
17060366.667 1.85115286344708e-09
17413941.176 2.5065504416006e-09
17767515.686 2.61484185625674e-09
18121090.196 2.81932102763448e-09
18474664.706 2.79859237707659e-09
18828239.216 2.04787724862312e-09
19181813.725 2.46462829705349e-09
19535388.235 2.29120932366355e-09
19888962.745 2.02284667990501e-09
20242537.255 2.45181693513112e-09
20596111.765 3.04832386028049e-09
20949686.275 2.62840890664991e-09
21303260.784 2.92479832091511e-09
21656835.294 2.4808719552465e-09
22010409.804 2.33312782186258e-09
22363984.314 2.53422591009746e-09
22717558.824 2.11257197823803e-09
23071133.333 2.35179171647237e-09
23424707.843 2.72152165360809e-09
23778282.353 1.79671697779203e-09
24131856.863 3.22322815645846e-09
24485431.373 2.63237355603175e-09
24839005.882 1.95035148795577e-09
25192580.392 2.23297910080713e-09
25546154.902 2.12765457250262e-09
25899729.412 1.97856046175421e-09
26253303.922 2.29300697661681e-09
26606878.431 1.68077198108563e-09
26960452.941 2.29197084250957e-09
27314027.451 2.19538144003884e-09
27667601.961 3.14443836725398e-09
28021176.471 2.60238040170152e-09
28374750.98 2.06559456338734e-09
28728325.49 1.98277703795327e-09
29081900 2.27468013103717e-09
29081900 2.19765543835333e-09
30012498.039 2.07063830333645e-09
30943096.078 1.80732440025817e-09
31873694.118 2.26219518395055e-09
32804292.157 2.38384478430717e-09
33734890.196 1.37588306391534e-09
34665488.235 2.0473999625025e-09
35596086.275 1.72387153626673e-09
36526684.314 1.72163683204423e-09
37457282.353 2.45062652883166e-09
38387880.392 2.28019292825397e-09
39318478.431 1.79611638021081e-09
40249076.471 1.85212850789001e-09
41179674.51 2.29312654914621e-09
42110272.549 2.11298544710878e-09
43040870.588 1.37894249485918e-09
43971468.627 2.44681170253612e-09
44902066.667 2.54936843283734e-09
45832664.706 1.71925891913756e-09
46763262.745 2.03101518853868e-09
47693860.784 2.00808215670935e-09
48624458.824 1.91270229726318e-09
49555056.863 1.79875948744866e-09
50485654.902 1.18450023132846e-09
51416252.941 1.49842847564577e-09
52346850.98 1.39126094518322e-09
53277449.02 1.32119147656926e-09
54208047.059 1.56947672187427e-09
55138645.098 1.65236311320297e-09
56069243.137 1.75308785435648e-09
56999841.176 2.01168552487726e-09
57930439.216 1.90995209016416e-09
58861037.255 1.45086096588317e-09
59791635.294 1.90956580650636e-09
60722233.333 1.6117613303882e-09
61652831.373 1.42039089281746e-09
62583429.412 1.73390011402409e-09
63514027.451 1.57755804068753e-09
64444625.49 2.30473011689163e-09
65375223.529 2.11002257686656e-09
66305821.569 8.27705432837941e-10
67236419.608 1.7542631943201e-09
68167017.647 1.91230827511874e-09
69097615.686 1.9706647067821e-09
70028213.725 1.87910055357696e-09
70958811.765 1.53522842465307e-09
71889409.804 1.34188903490751e-09
72820007.843 2.2420638658533e-09
73750605.882 1.70378565465997e-09
74681203.922 1.67057951587052e-09
75611801.961 8.48106871047975e-10
76542400 1.23932162911009e-09
76542400 1.79599509971024e-09
78991686.275 1.6575136810909e-09
81440972.549 1.66078530386073e-09
83890258.824 9.90895740821901e-10
86339545.098 1.98172832291385e-09
88788831.373 1.56421592011153e-09
91238117.647 1.31019525914275e-09
93687403.922 -0
96136690.196 1.35140628544817e-08
98585976.471 5.76050380636282e-10
101035262.745 9.70234593381048e-10
103484549.02 2.97384231215256e-09
105933835.294 4.1458276090774e-10
108383121.569 1.22352512021802e-09
110832407.843 7.36792217259844e-10
113281694.118 2.08816763750356e-09
115730980.392 1.1417613215779e-09
118180266.667 1.21868412395918e-09
120629552.941 1.33998536761443e-09
123078839.216 -0
125528125.49 1.41162333022816e-09
127977411.765 -0
130426698.039 1.66881556596223e-09
132875984.314 1.15874742857781e-09
135325270.588 1.46308875842139e-09
137774556.863 -0
140223843.137 1.43057296100815e-09
142673129.412 1.26806476742863e-09
145122415.686 1.91323196909065e-09
147571701.961 1.61527204744705e-09
150020988.235 1.1135270191817e-09
152470274.51 2.71136345946162e-09
154919560.784 1.80514657601652e-09
157368847.059 -0
159818133.333 1.59129498341498e-09
162267419.608 1.90284581819848e-09
164716705.882 -0
167165992.157 1.32749942400369e-09
169615278.431 1.85937723023176e-09
172064564.706 -0
174513850.98 -0
176963137.255 7.46163662465619e-10
179412423.529 1.43408911134269e-09
181861709.804 2.12269764510233e-09
184310996.078 -0
186760282.353 -0
189209568.627 -0
191658854.902 4.42329893942552e-10
194108141.176 1.17381459353797e-09
196557427.451 -0
199006713.725 -0
201456000 9.01593153105534e-10
