101 5.03542912121388e-07
104.18 4.22359109863296e-07
107.361 3.19851300184076e-07
110.541 2.87505017048977e-07
113.721 3.32152496002242e-07
116.902 4.14558698222344e-07
120.082 4.08729363264705e-07
123.262 3.45004073111609e-07
126.443 2.66393133123812e-07
129.623 2.16432740003783e-07
132.803 2.19440934829622e-07
135.983 2.81724533344635e-07
139.164 2.95111865183896e-07
142.344 3.22588310365219e-07
145.524 3.77639553430878e-07
148.705 4.32053039454153e-07
151.885 4.26016876515549e-07
155.065 3.74422701389436e-07
158.246 2.34503207282952e-07
161.426 1.88859826337235e-07
164.606 2.27256350385606e-07
167.787 2.98814071221832e-07
170.967 2.78736495335096e-07
174.147 2.50013674983415e-07
177.328 2.6763794708238e-07
180.508 2.56681309708812e-07
183.688 1.89026854608503e-07
186.868 2.07847336786906e-07
190.049 2.52116764916664e-07
193.229 3.16426283495259e-07
196.409 3.14213469843146e-07
199.59 3.07948613266596e-07
202.77 2.90286538518394e-07
205.95 3.2007205648951e-07
209.131 3.2411368488554e-07
212.311 3.23187351741842e-07
215.491 2.87793117911795e-07
218.672 3.15343284420759e-07
221.852 2.91067331249963e-07
225.032 2.38558669323668e-07
228.213 2.33288741706973e-07
231.393 2.53307029128995e-07
234.573 2.53649441072957e-07
237.753 2.65218014931095e-07
240.934 2.92970877474952e-07
244.114 2.90414709726078e-07
247.294 3.02296318594582e-07
250.475 2.76495611224515e-07
253.655 2.41015656709826e-07
256.835 2.01561073789398e-07
260.016 2.37934827563657e-07
263.196 2.85824850426537e-07
264.196 1.93412220573453e-07
272.598 2.13031665054309e-07
281.001 2.27925754455988e-07
289.403 2.29323614832849e-07
297.806 2.22124420138227e-07
306.208 2.33115401406349e-07
314.611 2.65389005278593e-07
323.013 2.69325129462383e-07
331.415 2.50126470082979e-07
339.818 2.43936193445465e-07
348.22 2.46825208806465e-07
356.623 2.41843308208053e-07
365.025 2.22172808483814e-07
373.428 2.0267671199124e-07
381.83 1.75555464570591e-07
390.232 1.66283848017167e-07
398.635 1.67238257930539e-07
407.037 1.67246077570839e-07
415.44 1.88580622856905e-07
423.842 2.15404639662014e-07
432.245 2.14627672938992e-07
440.647 1.93966695355069e-07
449.049 1.77444478779694e-07
457.452 1.68359290648956e-07
465.854 1.95633562089112e-07
474.257 2.12544889205531e-07
482.659 2.20763750358831e-07
491.062 2.22405323054153e-07
499.464 2.26082111681993e-07
507.867 2.24550745209022e-07
516.269 2.1764517887263e-07
524.671 2.04637347266564e-07
533.074 1.83270193120476e-07
541.476 1.78801008150638e-07
549.879 1.93558468269959e-07
558.281 1.94174352701327e-07
566.684 1.79624971796193e-07
575.086 1.56164574087202e-07
583.488 1.65722462406333e-07
591.891 1.80536423109363e-07
600.293 1.9279144805095e-07
608.696 1.96673804819102e-07
617.098 2.06010842977133e-07
625.501 2.05343721180348e-07
633.903 1.916859920431e-07
642.305 1.57447973948361e-07
650.708 1.56442935828026e-07
659.11 1.57251058702333e-07
667.513 1.81752921472131e-07
675.915 1.92402172422949e-07
684.318 1.91461579976046e-07
692.72 1.95450537849003e-07
693.72 1.74734540071024e-07
715.867 1.81815530703865e-07
738.014 1.83297115679941e-07
760.161 2.17939675777864e-07
782.307 1.85423042112121e-07
804.454 1.85666614566268e-07
826.601 1.58813433720519e-07
848.748 1.68244215615911e-07
870.895 1.38030379557488e-07
893.042 1.54519863453221e-07
915.189 1.39354036135772e-07
937.335 1.60882463798182e-07
959.482 1.39989850392346e-07
981.629 1.20425738917635e-07
1003.776 1.41051693319721e-07
1025.923 1.30883175823735e-07
1048.07 1.40112413118009e-07
1070.217 1.14555569904111e-07
1092.364 1.46502060084433e-07
1114.51 1.34747098977592e-07
1136.657 1.12846436676777e-07
1158.804 1.1391274770062e-07
1180.951 9.49516073076106e-08
1203.098 1.45008639449966e-07
1225.245 1.67090927722385e-07
1247.392 1.26149800963545e-07
1269.538 1.03068388032521e-07
1291.685 1.60729963187212e-07
1313.832 1.71882166057586e-07
1335.979 1.56668538787349e-07
1358.126 1.88804909817669e-07
1380.273 1.85360951845492e-07
1402.42 1.76392263286047e-07
1424.566 1.127287834926e-07
1446.713 1.53001322385969e-07
1468.86 1.46718600207425e-07
1491.007 9.94543765430986e-08
1513.154 1.03934107293037e-07
1535.301 1.34557108395792e-07
1557.448 1.02206962956213e-07
1579.595 1.19147566667383e-07
1601.741 1.40452709002771e-07
1623.888 1.46670363132066e-07
1646.035 1.610139132875e-07
1668.182 1.24093796202253e-07
1690.329 1.04599603946543e-07
1712.476 1.14813442027332e-07
1734.623 1.31181908753679e-07
1756.769 1.17686260539332e-07
1778.916 1.27663788576575e-07
1801.063 1.1338907312639e-07
1823.21 1.1887031593934e-07
1824.21 1.05319195636422e-07
1882.531 1.07265449761942e-07
1940.853 9.39523731212416e-08
1999.174 1.08073197009092e-07
2057.495 1.03791181063578e-07
2115.817 1.26991468281584e-07
2174.138 1.24426305914904e-07
2232.46 1.10060294111014e-07
2290.781 8.61797777456646e-08
2349.102 1.03964187809309e-07
2407.424 1.26502113062556e-07
2465.745 1.15755011791175e-07
2524.066 8.50303688049586e-08
2582.388 9.95938285544311e-08
2640.709 1.23888096911133e-07
2699.031 1.04839136225755e-07
2757.352 5.26674141871058e-08
2815.673 6.69726354960229e-08
2873.995 8.33686586531248e-08
2932.316 8.14312193080772e-08
2990.637 9.91801045289897e-08
3048.959 1.27812828673981e-07
3107.28 1.17719080988194e-07
3165.602 8.52351643406523e-08
3223.923 9.07618249896973e-08
3282.244 9.11087348719135e-08
3340.566 1.14714917954499e-07
3398.887 1.26890568864911e-07
3457.208 8.62483072531797e-08
3515.53 6.99455483233205e-08
3573.851 7.49450797580508e-08
3632.173 8.87514414634065e-08
3690.494 8.44816463563222e-08
3748.815 6.83429943726852e-08
3807.137 9.56391131902079e-08
3865.458 1.20077091053089e-07
3923.779 7.91266400417846e-08
3982.101 6.47969228856472e-08
4040.422 5.59276990161183e-08
4098.744 7.94223259677171e-08
4157.065 9.63234269423048e-08
4215.386 8.71475078437321e-08
4273.708 8.52228454529236e-08
4332.029 9.0097933011949e-08
4390.35 1.15042328739752e-07
4448.672 1.01071664090364e-07
4506.993 5.50680999878712e-08
4565.315 6.66635704285548e-08
4623.636 8.06275970218028e-08
4681.957 8.07403507393147e-08
4740.279 6.14682636261518e-08
4798.6 6.68959204801476e-08
4799.6 6.68425103509458e-08
4953.131 4.61446165685499e-08
5106.663 5.14245923179213e-08
5260.194 6.32541693713782e-08
5413.725 7.61641092973284e-08
5567.257 7.21357859960392e-08
5720.788 5.48109997283222e-08
5874.32 7.78604843677319e-08
6027.851 8.0155768970366e-08
6181.382 6.66327144603643e-08
6334.914 5.84503022096499e-08
6488.445 3.49178538197132e-08
6641.976 5.45169943401386e-08
6795.508 6.855674345427e-08
6949.039 6.48362977322471e-08
7102.571 6.18159940692688e-08
7256.102 5.96588691626408e-08
7409.633 6.20081466288465e-08
7563.165 7.00432066064749e-08
7716.696 7.26702653487603e-08
7870.227 4.77564787554198e-08
8023.759 3.81041054128635e-08
8177.29 3.41685314779313e-08
8330.822 5.63736472894736e-08
8484.353 5.82189051714499e-08
8637.884 4.34659755373302e-08
8791.416 5.818949381521e-08
8944.947 5.84064606162381e-08
9098.478 4.06379544176221e-08
9252.01 2.95107560009293e-08
9405.541 3.91017590372874e-08
9559.073 3.90663360352469e-08
9712.604 5.56267276207303e-08
9866.135 3.35413591110184e-08
10019.667 4.02847864703785e-08
10173.198 3.9379536143331e-08
10326.729 4.50406838396841e-08
10480.261 4.40314963997896e-08
10633.792 4.49138587653142e-08
10787.324 4.71995779501321e-08
10940.855 6.18024682697583e-08
11094.386 6.13780010865289e-08
11247.918 5.78051425438146e-08
11401.449 5.03581951654676e-08
11554.98 4.09660497936786e-08
11708.512 3.69662144588227e-08
11862.043 4.23150165553603e-08
12015.575 4.51613424994067e-08
12169.106 4.22616687473184e-08
12322.637 4.45916812593241e-08
12476.169 4.49669527495638e-08
12629.7 3.77693776870293e-08
12630.7 3.17913674295653e-08
13034.822 2.89330764043644e-08
13438.943 2.74729417361171e-08
13843.065 3.14880204925547e-08
14247.186 4.8092173456958e-08
14651.308 5.36481610774905e-08
15055.429 4.57137836627443e-08
15459.551 3.81698665985321e-08
15863.673 3.54686621125947e-08
16267.794 3.5916018529841e-08
16671.916 3.71385626309365e-08
17076.037 3.92502381902608e-08
17480.159 3.89337861963552e-08
17884.28 4.08407043503771e-08
18288.402 4.07181209563438e-08
18692.524 3.65641680278882e-08
19096.645 3.3307548083527e-08
19500.767 3.1835807987933e-08
19904.888 3.66633023733492e-08
20309.01 4.22807835078157e-08
20713.131 4.16346742834406e-08
21117.253 3.28883881598313e-08
21521.375 2.63632573851788e-08
21925.496 2.91925261718882e-08
22329.618 3.22954624420108e-08
22733.739 3.10949450908957e-08
23137.861 2.44833161939319e-08
23541.982 3.06562379308803e-08
23946.104 3.10546752642446e-08
24350.225 3.44117568584893e-08
24754.347 3.34605309153226e-08
25158.469 3.30969052533841e-08
25562.59 2.80683200856553e-08
25966.712 2.53841116172217e-08
26370.833 2.8352459025853e-08
26774.955 2.99826282658117e-08
27179.076 3.0005342967839e-08
27583.198 2.46357599680688e-08
27987.32 2.20339865415674e-08
28391.441 2.93675080773447e-08
28795.563 2.80033005074321e-08
29199.684 2.73725639115475e-08
29603.806 2.82478786981483e-08
30007.927 2.5868105708356e-08
30412.049 2.42788175433355e-08
30816.171 3.02544032213091e-08
31220.292 3.29315237749148e-08
31624.414 3.37710224134446e-08
32028.535 3.03291572888189e-08
32432.657 2.57890090950989e-08
32836.778 3.01973307492607e-08
33240.9 2.88591127132402e-08
33241.9 2.91371207353396e-08
34305.559 2.96783204219853e-08
35369.218 2.75556173976407e-08
36432.876 2.41804576901252e-08
37496.535 2.45961899872472e-08
38560.194 2.67618137138171e-08
39623.853 2.64573221841765e-08
40687.512 2.58191286041158e-08
41751.171 2.80052336642365e-08
42814.829 3.29073748852596e-08
43878.488 3.27601284445446e-08
44942.147 3.36150648534937e-08
46005.806 3.23025036882438e-08
47069.465 3.06754896395851e-08
48133.124 2.77093206610269e-08
49196.782 2.6154421643576e-08
50260.441 2.50750358656761e-08
51324.1 2.61190153007305e-08
52387.759 2.34294412383154e-08
53451.418 2.04296976604043e-08
54515.076 1.89965240615787e-08
55578.735 2.23168358413123e-08
56642.394 2.46219267199863e-08
57706.053 2.27083330081276e-08
58769.712 1.99500362061329e-08
59833.371 2.50619783825769e-08
60897.029 2.57747933239523e-08
61960.688 2.34094067908468e-08
63024.347 1.92783060796548e-08
64088.006 1.68452686433757e-08
65151.665 2.01860299740978e-08
66215.324 2.07341899376902e-08
67278.982 2.01122381445181e-08
68342.641 1.60686373441482e-08
69406.3 1.51015725018995e-08
70469.959 1.59372918576676e-08
71533.618 2.05898503182469e-08
72597.276 2.28225580673598e-08
73660.935 2.30476577910172e-08
74724.594 1.97042038501604e-08
75788.253 1.77586581583229e-08
76851.912 1.62032399673912e-08
77915.571 1.73168410884402e-08
78979.229 1.75071778850772e-08
80042.888 1.56403278968472e-08
81106.547 1.37657059384363e-08
82170.206 1.29281561466692e-08
83233.865 1.41746089888869e-08
84297.524 1.40743029705632e-08
85361.182 1.45392115194755e-08
86424.841 1.53610357191752e-08
87488.5 1.6261715276374e-08
87489.5 1.6559077193258e-08
90289.039 1.58350223475191e-08
93088.578 1.62008071450754e-08
95888.118 1.687851599033e-08
98687.657 1.55992346457524e-08
101487.196 1.49344751712369e-08
104286.735 1.56712058380183e-08
107086.275 1.60209099558351e-08
109885.814 1.66025751790979e-08
112685.353 1.62795698564252e-08
115484.892 1.51857068658611e-08
118284.431 1.43980889714588e-08
121083.971 1.17342418080681e-08
123883.51 1.15352690281676e-08
126683.049 1.45947595609459e-08
129482.588 1.60661609327074e-08
132282.127 1.41585661978279e-08
135081.667 1.33173337332721e-08
137881.206 1.3585487099016e-08
140680.745 1.28343927411192e-08
143480.284 1.27571290919724e-08
146279.824 1.25509570224682e-08
149079.363 1.08575166804728e-08
151878.902 1.02997806079341e-08
154678.441 1.08902662581378e-08
157477.98 1.19972502051776e-08
160277.52 1.34723929790171e-08
163077.059 1.18305244867998e-08
165876.598 1.20651595257524e-08
168676.137 1.16154415317656e-08
171475.676 1.12120180697902e-08
174275.216 1.09320774962353e-08
177074.755 9.93791789134477e-09
179874.294 1.04722555803518e-08
182673.833 1.27290425429502e-08
185473.373 1.21646526773517e-08
188272.912 1.12614670165895e-08
191072.451 1.16912109975369e-08
193871.99 1.03912916488303e-08
196671.529 1.00497281833161e-08
199471.069 1.07123078718786e-08
202270.608 1.18053452371168e-08
205070.147 1.17633150557485e-08
207869.686 1.14197742126501e-08
210669.225 1.10579568497816e-08
213468.765 1.11725360215364e-08
216268.304 1.03131126535281e-08
219067.843 9.78117770853335e-09
221867.382 1.00576879133583e-08
224666.922 1.2158221717836e-08
227466.461 1.22619741552255e-08
230266 1.13857551856536e-08
230267 1.07875277576242e-08
237635.294 1.00369106273084e-08
245003.588 9.81217359231544e-09
252371.882 1.17236348448461e-08
259740.176 1.1306827409679e-08
267108.471 9.93378287837762e-09
274476.765 9.77103717294933e-09
281845.059 1.02518388566009e-08
289213.353 1.11578414330179e-08
296581.647 1.00746365279742e-08
303949.941 1.2367498003687e-08
311318.235 8.21252506239778e-09
318686.529 9.40932016502592e-09
326054.824 8.43614937716557e-09
333423.118 1.06276170035667e-08
340791.412 1.14364263820718e-08
348159.706 8.70854334367577e-09
355528 8.70190484244784e-09
362896.294 7.79975196485774e-09
370264.588 9.39676889794608e-09
377632.882 8.41037322394156e-09
385001.176 1.02134479231665e-08
392369.471 9.26964853127676e-09
399737.765 8.96480662288371e-09
407106.059 7.60900644661697e-09
414474.353 1.0510791184105e-08
421842.647 7.11470708595416e-09
429210.941 8.86803509508296e-09
436579.235 6.01796329320272e-09
443947.529 4.68831960961927e-09
451315.824 8.30531544165383e-09
458684.118 6.5538526312578e-09
466052.412 6.94780207960434e-09
473420.706 5.73962577888277e-09
480789 5.39063270535405e-09
488157.294 8.00068702851638e-09
495525.588 6.45905438878805e-09
502893.882 5.31929136632426e-09
510262.176 5.60687465573274e-09
517630.471 7.59231483567118e-09
524998.765 5.75828737241689e-09
532367.059 7.00656761588215e-09
539735.353 6.88730988690521e-09
547103.647 7.18168935304212e-09
554471.941 8.74164134278079e-09
561840.235 7.54876728670066e-09
569208.529 7.85373670764976e-09
576576.824 6.34227022530042e-09
583945.118 8.67804551231788e-09
591313.412 7.35742813993257e-09
598681.706 7.11353485981856e-09
606050 8.49160161221859e-09
606051 3.2078338534702e-09
625444.118 6.88188717372017e-09
644837.235 9.54925162344312e-09
664230.353 6.30560488771625e-09
683623.471 6.15885491004415e-09
703016.588 6.78391202303245e-09
722409.706 5.94490085816588e-09
741802.824 7.09505736792551e-09
761195.941 7.26027653189519e-09
780589.059 6.01714290448349e-09
799982.176 5.57558899098189e-09
819375.294 6.10929658556613e-09
838768.412 6.45003275805251e-09
858161.529 6.44193349264016e-09
877554.647 4.09857153674858e-09
896947.765 3.9686765941387e-09
916340.882 6.23723107871379e-09
935734 5.91394698177597e-09
955127.118 5.79425228529172e-09
974520.235 5.31413237059634e-09
993913.353 6.43599044417203e-09
1013306.471 4.55749505641136e-09
1032699.588 5.5197303028991e-09
1052092.706 4.65243551040193e-09
1071485.824 4.19725765411829e-09
1090878.941 5.47792545485821e-09
1110272.059 3.6981751273189e-09
1129665.176 5.69040543171592e-09
1149058.294 5.30588324443761e-09
1168451.412 6.74918338281056e-09
1187844.529 5.72066664183652e-09
1207237.647 5.18326393772236e-09
1226630.765 6.16738963362332e-09
1246023.882 5.31864949841205e-09
1265417 6.5380966407302e-09
1284810.118 4.67534141636501e-09
1304203.235 3.40003116551637e-09
1323596.353 5.54369237068441e-09
1342989.471 4.45786167575907e-09
1362382.588 5.99661398293865e-09
1381775.706 4.781525803992e-09
1401168.824 4.46953172063753e-09
1420561.941 6.23911147212522e-09
1439955.059 5.51221485880293e-09
1459348.176 3.90227716054779e-09
1478741.294 5.36149997831821e-09
1498134.412 4.67358199776894e-09
1517527.529 6.28576608513035e-09
1536920.647 3.81407888291855e-09
1556313.765 2.43352823008661e-09
1575706.882 5.15212546865751e-09
1595100 4.78828151952492e-09
1595100 4.87966575366475e-09
1646141.765 6.0502121732842e-09
1697183.529 4.70232035383321e-09
1748225.294 4.38179658932387e-09
1799267.059 6.07060871099358e-09
1850308.824 3.76613793166335e-09
1901350.588 4.95542320687035e-09
1952392.353 5.5138008034615e-09
2003434.118 5.96550551567188e-09
2054475.882 5.39723995419861e-09
2105517.647 4.90270475245041e-09
2156559.412 3.13721033732923e-09
2207601.176 4.88136405594824e-09
2258642.941 4.75266557519763e-09
2309684.706 4.5830763049068e-09
2360726.471 4.40891193251028e-09
2411768.235 5.29918657561621e-09
2462810 4.11897317011156e-09
2513851.765 3.95126490435049e-09
2564893.529 5.13177312188585e-09
2615935.294 4.0334546566859e-09
2666977.059 3.25144502262844e-09
2718018.824 4.52038681990592e-09
2769060.588 3.76073930297402e-09
2820102.353 4.84737837231321e-09
2871144.118 4.71157875645883e-09
2922185.882 3.13601950616214e-09
2973227.647 5.19280272948299e-09
3024269.412 4.82541281483728e-09
3075311.176 5.45273153399657e-09
3126352.941 4.79412562430354e-09
3177394.706 4.29682801313893e-09
3228436.471 4.87092287624519e-09
3279478.235 4.58792185864505e-09
3330520 4.35783814921865e-09
3381561.765 4.05992724628539e-09
3432603.529 4.5483426891754e-09
3483645.294 4.61577814223853e-09
3534687.059 3.66286918571956e-09
3585728.824 3.37247380646883e-09
3636770.588 3.65896766378761e-09
3687812.353 3.11183108406633e-09
3738854.118 4.10228868202591e-09
3789895.882 3.37510145759302e-09
3840937.647 4.35802803096573e-09
3891979.412 4.10139986923327e-09
3943021.176 3.20455692993985e-09
3994062.941 3.50946386222761e-09
4045104.706 5.76639638058789e-09
4096146.471 3.59120601984656e-09
4147188.235 2.99668569349556e-09
4198230 2.83372326971039e-09
4198230 2.63220375092051e-09
4332570.588 2.68065333210487e-09
4466911.176 2.78430487787355e-09
4601251.765 3.80431451022302e-09
4735592.353 3.21492798375847e-09
4869932.941 3.58227268469914e-09
5004273.529 3.62745269758501e-09
5138614.118 4.08774631698609e-09
5272954.706 4.0987000307837e-09
5407295.294 2.6492840580395e-09
5541635.882 3.04524449324194e-09
5675976.471 3.67575347135974e-09
5810317.059 3.49767864186211e-09
5944657.647 3.29871011116761e-09
6078998.235 3.03400950839512e-09
6213338.824 4.25201715664705e-09
6347679.412 3.02768555091386e-09
6482020 3.14593497326947e-09
6616360.588 3.05588399078553e-09
6750701.176 3.05866504890389e-09
6885041.765 4.23073438583468e-09
7019382.353 2.75492015904852e-09
7153722.941 3.16821401823297e-09
7288063.529 2.54434157621847e-09
7422404.118 3.71058303253211e-09
7556744.706 2.45736278108585e-09
7691085.294 3.73782281518821e-09
7825425.882 2.94566442813321e-09
7959766.471 2.7660295974549e-09
8094107.059 3.91524051220097e-09
8228447.647 4.12314606247222e-09
8362788.235 2.99796632129942e-09
8497128.824 5.29225760444866e-09
8631469.412 3.92893897238193e-09
8765810 3.11059769736332e-09
8900150.588 3.62750122349667e-09
9034491.176 3.62597252760722e-09
9168831.765 4.68063555951344e-09
9303172.353 3.21621584353232e-09
9437512.941 2.57672742114512e-09
9571853.529 2.77529126960691e-09
9706194.118 3.26909375566327e-09
9840534.706 3.76437692663578e-09
9974875.294 2.83004033810317e-09
10109215.882 3.2159909236412e-09
10243556.471 3.30859376072308e-09
10377897.059 2.38673050133731e-09
10512237.647 3.1586718734748e-09
10646578.235 2.66799890555762e-09
10780918.824 2.96147314342669e-09
10915259.412 3.37126510795926e-09
11049600 3.27206594302842e-09
11049600 3.08240649429099e-09
11403174.51 2.8928489778625e-09
11756749.02 2.41788151190542e-09
12110323.529 3.40141329069274e-09
12463898.039 3.30108460963162e-09
12817472.549 2.90732451814254e-09
13171047.059 3.0783485473265e-09
13524621.569 3.11721682111765e-09
13878196.078 2.50643145000204e-09
14231770.588 2.53766754516496e-09
14585345.098 3.4764512826301e-09
14938919.608 2.91757671067055e-09
15292494.118 2.69652201082382e-09
15646068.627 2.96583854233146e-09
15999643.137 3.00972096602098e-09
16353217.647 2.94979528458963e-09
16706792.157 3.26916741558957e-09
17060366.667 1.33704908453279e-09
17413941.176 3.41851916870482e-09
17767515.686 3.3048180043081e-09
18121090.196 2.54185227371056e-09
18474664.706 1.66737560609347e-09
18828239.216 2.35581026896897e-09
19181813.725 3.06012355649572e-09
19535388.235 2.96682937226467e-09
19888962.745 3.5477593159065e-09
20242537.255 2.25033589368099e-09
20596111.765 3.16163947416487e-09
20949686.275 2.60393110652798e-09
21303260.784 2.34014062090299e-09
21656835.294 3.05587587046316e-09
22010409.804 2.88783042410238e-09
22363984.314 1.9563246447453e-09
22717558.824 3.00776832512366e-09
23071133.333 2.74731025054591e-09
23424707.843 2.5077092120322e-09
23778282.353 2.47617608884106e-09
24131856.863 2.45141873929804e-09
24485431.373 3.3984868916007e-09
24839005.882 1.84714640943334e-09
25192580.392 2.84068534567671e-09
25546154.902 3.08182586407022e-09
25899729.412 2.65932011997406e-09
26253303.922 3.24449188023558e-09
26606878.431 3.48673680604262e-09
26960452.941 2.70650899428709e-09
27314027.451 2.59215376567865e-09
27667601.961 2.88182239220577e-09
28021176.471 3.42769031180807e-09
28374750.98 2.80836412588356e-09
28728325.49 2.07847332743309e-09
29081900 2.96429134833039e-09
29081900 3.16869308182397e-09
30012498.039 2.881904681676e-09
30943096.078 2.7888030840767e-09
31873694.118 2.89849177313416e-09
32804292.157 3.01976422507882e-09
33734890.196 2.96428019735686e-09
34665488.235 1.89671223587558e-09
35596086.275 1.97455158313692e-09
36526684.314 3.41804504489032e-09
37457282.353 1.82900094140031e-09
38387880.392 2.4892786357009e-09
39318478.431 2.34849128011509e-09
40249076.471 2.58712999491865e-09
41179674.51 2.58967735945573e-09
42110272.549 2.48617856048533e-09
43040870.588 2.1051640104499e-09
43971468.627 1.95306716510592e-09
44902066.667 1.91588360673333e-09
45832664.706 2.53207565347481e-09
46763262.745 2.48359395634639e-09
47693860.784 1.87266106088513e-09
48624458.824 2.08262112543027e-09
49555056.863 1.46711581710617e-09
50485654.902 2.4131415609602e-09
51416252.941 1.90841943886477e-09
52346850.98 1.62385341057415e-09
53277449.02 2.14404547976152e-09
54208047.059 2.08719965184644e-09
55138645.098 1.03400156644639e-09
56069243.137 1.61845082101522e-09
56999841.176 2.41784487469501e-09
57930439.216 2.39813963512613e-09
58861037.255 1.84899514157655e-09
59791635.294 2.00684745389429e-09
60722233.333 2.37481961048808e-09
61652831.373 2.07459612329626e-09
62583429.412 2.80782079597696e-09
63514027.451 2.96361868075693e-09
64444625.49 1.4043759919488e-09
65375223.529 2.5704646599951e-09
66305821.569 2.06522537091727e-09
67236419.608 3.01871082049796e-09
68167017.647 1.37402880925314e-09
69097615.686 1.80230863847029e-09
70028213.725 1.42498579523597e-09
70958811.765 2.71066957449145e-09
71889409.804 1.23466049537608e-09
72820007.843 3.01455388930299e-09
73750605.882 6.44233156740199e-10
74681203.922 1.73865698273599e-09
75611801.961 1.77815338199668e-09
76542400 1.35940603745438e-09
76542400 1.24504318520415e-09
78991686.275 1.20897240362398e-09
81440972.549 2.25497393554547e-09
83890258.824 2.42146943790508e-09
86339545.098 1.88038726289227e-09
88788831.373 5.72010347216149e-09
91238117.647 1.82134118549506e-09
93687403.922 0
96136690.196 1.7044854087247e-08
98585976.471 2.43807779907258e-09
101035262.745 0
103484549.02 0
105933835.294 0
108383121.569 2.3039542370838e-09
110832407.843 2.55576097056086e-09
113281694.118 2.58895793427634e-09
115730980.392 2.27953610283888e-09
118180266.667 1.49844764909223e-09
120629552.941 2.05875270209716e-09
123078839.216 0
125528125.49 2.12350422457857e-09
127977411.765 2.49491664381789e-09
130426698.039 2.47139657561367e-09
132875984.314 2.44101224411668e-09
135325270.588 1.08759000711547e-09
137774556.863 1.94152444780855e-09
140223843.137 0
142673129.412 1.51810584756607e-09
145122415.686 2.48166782651739e-09
147571701.961 0
150020988.235 2.6524493693012e-09
152470274.51 9.17440893336725e-10
154919560.784 2.33948329386604e-09
157368847.059 0
159818133.333 0
162267419.608 3.48210874031108e-09
164716705.882 0
167165992.157 3.92297261430374e-09
169615278.431 3.18794300703211e-09
172064564.706 2.44425139263073e-09
174513850.98 0
176963137.255 1.82773999376988e-09
179412423.529 0
181861709.804 2.93157537527897e-09
184310996.078 2.5126629868559e-09
186760282.353 3.72969906274143e-09
189209568.627 2.39639909924255e-09
191658854.902 1.46322970139072e-09
194108141.176 3.54945978879789e-09
196557427.451 0
199006713.725 2.2890182654154e-09
201456000 0
