vd	id_vg = 0V	ig_vg = 0V	is_vg = 0V	iavdd_vg = 0V	ignd_vg = 0V	id_vg = 0.15V	ig_vg = 0.15V	is_vg = 0.15V	iavdd_vg = 0.15V	ignd_vg = 0.15V	id_vg = 0.3V	ig_vg = 0.3V	is_vg = 0.3V	iavdd_vg = 0.3V	ignd_vg = 0.3V	id_vg = 0.45V	ig_vg = 0.45V	is_vg = 0.45V	iavdd_vg = 0.45V	ignd_vg = 0.45V	id_vg = 0.6V	ig_vg = 0.6V	is_vg = 0.6V	iavdd_vg = 0.6V	ignd_vg = 0.6V	id_vg = 0.75V	ig_vg = 0.75V	is_vg = 0.75V	iavdd_vg = 0.75V	ignd_vg = 0.75V	id_vg = 0.9V	ig_vg = 0.9V	is_vg = 0.9V	iavdd_vg = 0.9V	ignd_vg = 0.9V
0	-6.3247e-09	-1.3977e-10	3.544e-09	5.1798e-07	-5.1544e-07	-2.016e-07	-1.78e-11	1.8704e-07	5.2612e-07	-5.2318e-07	-5.9207e-06	1.0915e-10	6.0004e-06	5.283e-07	-5.2518e-07	-2.4546e-05	3.6614e-10	2.9146e-05	5.2978e-07	-5.2696e-07	-2.9118e-05	1.0475e-09	4.8572e-05	5.3232e-07	-5.2946e-07	-3.1206e-05	3.225e-09	5.8154e-05	5.352e-07	-5.325e-07	-0.00010738	1.16742e-08	0.0001085	5.3788e-07	-5.3514e-07
0.005	1.3105e-08	-1.3917e-10	-1.58342e-08	5.1898e-07	-5.1596e-07	5.46e-07	-1.565e-11	-8.4958e-07	5.2608e-07	-5.231e-07	3.0714e-05	1.1343e-10	-3.0046e-05	5.283e-07	-5.2536e-07	5.8556e-05	3.6313e-10	-0.00021438	5.2978e-07	-5.2714e-07	0.00039878	1.0287e-09	-0.00039922	5.318e-07	-5.291e-07	0.00049566	3.1374e-09	-0.00049682	5.345e-07	-5.318e-07	0.00054382	1.13522e-08	-0.00054096	5.3778e-07	-5.3516e-07
0.01	2.96624e-08	-1.4075e-10	-3.22346e-08	5.191e-07	-5.1648e-07	1.7728e-06	-1.379e-11	-1.7726e-06	5.2598e-07	-5.2348e-07	6.2344e-05	1.0516e-10	-6.3436e-05	5.281e-07	-5.2554e-07	0.00045902	3.489e-10	-0.00045874	5.2976e-07	-5.2712e-07	0.0008664	1.0176e-09	-0.00086674	5.317e-07	-5.2916e-07	0.00107696	3.0877e-09	-0.00107266	5.343e-07	-5.317e-07	0.0011501	1.10552e-08	-0.0011824	5.3724e-07	-5.345e-07
0.015	4.40386e-08	-1.4391e-10	-4.65362e-08	5.1916e-07	-5.1656e-07	2.5651e-06	-1.868e-11	-2.5671e-06	5.2628e-07	-5.2334e-07	9.21e-05	1.0614e-10	-9.301e-05	5.2836e-07	-5.2548e-07	0.00069274	3.5079e-10	-0.00069226	5.2964e-07	-5.272e-07	0.0013256	9.9407e-10	-0.0013244	5.318e-07	-5.2926e-07	0.0016538	3.0081e-09	-0.0016534	5.3404e-07	-5.3144e-07	0.0018206	1.07702e-08	-0.0018204	5.3706e-07	-5.3448e-07
0.02	5.67868e-08	-1.3928e-10	-5.92408e-08	5.196e-07	-5.1682e-07	3.2739e-06	-1.387e-11	-3.2731e-06	5.2624e-07	-5.2346e-07	0.00012028	1.0714e-10	-0.0001198	5.2824e-07	-5.2572e-07	0.0009187	3.4773e-10	-0.00091792	5.2972e-07	-5.2732e-07	0.0017844	9.7956e-10	-0.001783	5.316e-07	-5.2908e-07	0.002236	2.9353e-09	-0.002237	5.341e-07	-5.3174e-07	0.002465	1.04884e-08	-0.0024648	5.3692e-07	-5.3462e-07
0.025	6.79434e-08	-1.4052e-10	-7.027e-08	5.1942e-07	-5.171e-07	3.8903e-06	-1.594e-11	-3.8891e-06	5.2598e-07	-5.2368e-07	0.00014416	1.0593e-10	-0.00014414	5.2826e-07	-5.2582e-07	0.00113118	3.3562e-10	-0.0011305	5.298e-07	-5.2742e-07	0.0022288	9.5692e-10	-0.0022294	5.315e-07	-5.2922e-07	0.0028092	2.8751e-09	-0.002807	5.3412e-07	-5.3182e-07	0.0031024	1.02238e-08	-0.003099	5.367e-07	-5.3438e-07
0.03	7.78364e-08	-1.3988e-10	-8.01102e-08	5.1958e-07	-5.1716e-07	4.4427e-06	-1.945e-11	-4.4425e-06	5.2598e-07	-5.2362e-07	0.00016634	1.0629e-10	-0.00016604	5.2806e-07	-5.2586e-07	0.0013378	3.3208e-10	-0.0013378	5.2996e-07	-5.276e-07	0.0026742	9.3624e-10	-0.002672	5.3168e-07	-5.2936e-07	0.0033824	2.8206e-09	-0.0033804	5.3392e-07	-5.3174e-07	0.0037386	9.9472e-09	-0.0037408	5.3674e-07	-5.347e-07
0.035	8.6674e-08	-1.436e-10	-8.87962e-08	5.1986e-07	-5.1764e-07	4.9249e-06	-1.607e-11	-4.9243e-06	5.2606e-07	-5.237e-07	0.00018606	1.0468e-10	-0.00018584	5.2832e-07	-5.2594e-07	0.0015322	3.3045e-10	-0.0015324	5.2972e-07	-5.2758e-07	0.003105	9.2427e-10	-0.0031034	5.3168e-07	-5.2942e-07	0.003944	2.7504e-09	-0.0039448	5.3382e-07	-5.3172e-07	0.0043724	9.7064e-09	-0.0043724	5.3642e-07	-5.3434e-07
0.04	9.46488e-08	-1.4276e-10	-9.66126e-08	5.1988e-07	-5.1754e-07	5.3732e-06	-1.307e-11	-5.3713e-06	5.2622e-07	-5.2386e-07	0.00020464	1.0007e-10	-0.0002042	5.2818e-07	-5.2606e-07	0.0017204	3.2824e-10	-0.0017194	5.2984e-07	-5.2756e-07	0.003536	9.0602e-10	-0.003533	5.3168e-07	-5.2948e-07	0.0045128	2.6891e-09	-0.0045108	5.3386e-07	-5.3166e-07	0.0050058	9.4213e-09	-0.0050074	5.3612e-07	-5.341e-07
0.045	1.016678e-07	-1.4074e-10	-1.036914e-07	5.2004e-07	-5.1804e-07	5.7719e-06	-1.85e-11	-5.7707e-06	5.26e-07	-5.241e-07	0.00022096	1.0216e-10	-0.00022064	5.2834e-07	-5.2606e-07	0.0018964	3.1682e-10	-0.0018946	5.2988e-07	-5.2784e-07	0.0039512	8.8792e-10	-0.0039502	5.3148e-07	-5.297e-07	0.0050666	2.6386e-09	-0.0050672	5.3392e-07	-5.3198e-07	0.0056322	9.1961e-09	-0.0056342	5.362e-07	-5.3416e-07
0.05	1.08222e-07	-1.4243e-10	-1.10243e-07	5.2002e-07	-5.1816e-07	6.1367e-06	-2.172e-11	-6.1323e-06	5.26e-07	-5.2418e-07	0.00023628	1.0096e-10	-0.00023584	5.28e-07	-5.263e-07	0.0020654	3.1244e-10	-0.0020654	5.2984e-07	-5.279e-07	0.0043638	8.7929e-10	-0.0043644	5.3146e-07	-5.2964e-07	0.0056266	2.5893e-09	-0.0056262	5.3388e-07	-5.319e-07	0.0062636	8.9627e-09	-0.0062644	5.3602e-07	-5.3416e-07
0.055	1.142576e-07	-1.4026e-10	-1.160442e-07	5.2036e-07	-5.1844e-07	6.4672e-06	-1.515e-11	-6.4615e-06	5.2618e-07	-5.2398e-07	0.00025032	9.996e-11	-0.00024984	5.2824e-07	-5.2626e-07	0.0022248	3.1405e-10	-0.0022238	5.2974e-07	-5.2796e-07	0.0047656	8.6298e-10	-0.0047644	5.3168e-07	-5.2984e-07	0.0061738	2.5241e-09	-0.0061728	5.338e-07	-5.3206e-07	0.006886	8.7499e-09	-0.0068856	5.3614e-07	-5.3438e-07
0.06	1.1988e-07	-1.4061e-10	-1.2162e-07	5.2038e-07	-5.1854e-07	6.7776e-06	-1.494e-11	-6.7779e-06	5.2626e-07	-5.243e-07	0.0002632	9.992e-11	-0.00026302	5.2802e-07	-5.262e-07	0.0023784	3.1373e-10	-0.0023768	5.2964e-07	-5.2784e-07	0.0051644	8.4731e-10	-0.005164	5.314e-07	-5.2964e-07	0.0067256	2.4752e-09	-0.0067228	5.337e-07	-5.3206e-07	0.007514	8.5334e-09	-0.0075126	5.3594e-07	-5.3432e-07
0.065	1.2508e-07	-1.4097e-10	-1.2686e-07	5.2058e-07	-5.1854e-07	7.0648e-06	-1.964e-11	-7.0696e-06	5.2612e-07	-5.2424e-07	0.00027516	9.959e-11	-0.00027494	5.2828e-07	-5.2644e-07	0.0025208	3.0066e-10	-0.0025202	5.2972e-07	-5.2796e-07	0.0055478	8.3009e-10	-0.0055488	5.3166e-07	-5.2982e-07	0.0072614	2.4279e-09	-0.0072604	5.3372e-07	-5.3196e-07	0.0081268	8.3055e-09	-0.0081286	5.3614e-07	-5.3434e-07
0.07	1.3002e-07	-1.4629e-10	-1.3162e-07	5.205e-07	-5.1872e-07	7.3303e-06	-1.766e-11	-7.3334e-06	5.2622e-07	-5.2448e-07	0.00028636	9.969e-11	-0.00028616	5.282e-07	-5.2664e-07	0.0026574	2.9826e-10	-0.0026554	5.296e-07	-5.2804e-07	0.0059244	8.2257e-10	-0.0059254	5.3144e-07	-5.2978e-07	0.007794	2.3712e-09	-0.0077922	5.336e-07	-5.3204e-07	0.0087416	8.1202e-09	-0.0087386	5.3606e-07	-5.345e-07
0.075	1.349e-07	-1.4286e-10	-1.3624e-07	5.2048e-07	-5.1884e-07	7.5977e-06	-1.607e-11	-7.6026e-06	5.2632e-07	-5.2458e-07	0.00029724	9.637e-11	-0.00029676	5.2834e-07	-5.2646e-07	0.0027894	3.0199e-10	-0.0027876	5.2968e-07	-5.2814e-07	0.0063004	8.1012e-10	-0.0062996	5.3138e-07	-5.2978e-07	0.0083306	2.3243e-09	-0.0083276	5.3366e-07	-5.321e-07	0.0093604	7.9348e-09	-0.0093598	5.3602e-07	-5.3438e-07
0.08	1.3932e-07	-1.4094e-10	-1.4074e-07	5.2064e-07	-5.1898e-07	7.8471e-06	-2.008e-11	-7.8389e-06	5.2628e-07	-5.246e-07	0.00030716	9.942e-11	-0.00030684	5.283e-07	-5.2674e-07	0.002912	3.0008e-10	-0.0029106	5.2974e-07	-5.2822e-07	0.0066628	7.9531e-10	-0.0066602	5.3132e-07	-5.3e-07	0.008853	2.2903e-09	-0.0088522	5.3366e-07	-5.3206e-07	0.0099684	7.7539e-09	-0.0099664	5.3598e-07	-5.3452e-07
0.085	1.4382e-07	-1.4577e-10	-1.4514e-07	5.2078e-07	-5.1906e-07	8.0768e-06	-2.078e-11	-8.0939e-06	5.2596e-07	-5.2442e-07	0.00031674	9.673e-11	-0.00031646	5.283e-07	-5.266e-07	0.0030296	2.8619e-10	-0.0030284	5.2964e-07	-5.2814e-07	0.007018	7.8184e-10	-0.0070176	5.315e-07	-5.299e-07	0.0093798	2.2453e-09	-0.009377	5.3368e-07	-5.323e-07	0.0105824	7.5635e-09	-0.0105798	5.36e-07	-5.3438e-07
0.09	1.4796e-07	-1.4381e-10	-1.4918e-07	5.2068e-07	-5.1906e-07	8.3193e-06	-1.578e-11	-8.313e-06	5.26e-07	-5.246e-07	0.00032628	9.585e-11	-0.0003255	5.2834e-07	-5.267e-07	0.003139	2.8722e-10	-0.0031384	5.2972e-07	-5.2816e-07	0.007363	7.7059e-10	-0.0073626	5.3142e-07	-5.3002e-07	0.0098926	2.1949e-09	-0.0098906	5.338e-07	-5.321e-07	0.011183	7.3915e-09	-0.0111824	5.3586e-07	-5.3446e-07
0.095	1.5224e-07	-1.4216e-10	-1.5354e-07	5.2064e-07	-5.1908e-07	8.5497e-06	-1.743e-11	-8.5448e-06	5.2608e-07	-5.2456e-07	0.00033498	9.564e-11	-0.0003343	5.2838e-07	-5.269e-07	0.003246	2.9127e-10	-0.003244	5.2986e-07	-5.2836e-07	0.007703	7.6014e-10	-0.0077018	5.3144e-07	-5.3004e-07	0.0104072	2.1499e-09	-0.0104088	5.3346e-07	-5.3226e-07	0.011824	7.2173e-09	-0.011792	5.356e-07	-5.3438e-07
0.1	1.5642e-07	-1.4538e-10	-1.5744e-07	5.206e-07	-5.191e-07	8.7635e-06	-2.298e-11	-8.7654e-06	5.2598e-07	-5.248e-07	0.00034316	9.807e-11	-0.00034292	5.2806e-07	-5.2676e-07	0.0033452	2.8563e-10	-0.0033448	5.2982e-07	-5.286e-07	0.0080292	7.4558e-10	-0.0080294	5.3164e-07	-5.3028e-07	0.0109096	2.1129e-09	-0.0109092	5.3376e-07	-5.3246e-07	0.012418	7.0559e-09	-0.012388	5.3572e-07	-5.344e-07
0.105	1.6028e-07	-1.4505e-10	-1.6146e-07	5.2088e-07	-5.1926e-07	8.995e-06	-1.624e-11	-8.9795e-06	5.2622e-07	-5.2478e-07	0.00035154	9.506e-11	-0.0003512	5.283e-07	-5.2678e-07	0.003442	2.7334e-10	-0.0034412	5.2974e-07	-5.2858e-07	0.0083524	7.3925e-10	-0.0083526	5.3134e-07	-5.3018e-07	0.0114156	2.0793e-09	-0.011413	5.3358e-07	-5.324e-07	0.013022	6.8966e-09	-0.012988	5.3566e-07	-5.3444e-07
0.11	1.6428e-07	-1.4278e-10	-1.6528e-07	5.2072e-07	-5.1926e-07	9.2058e-06	-1.467e-11	-9.2026e-06	5.26e-07	-5.247e-07	0.00035942	9.485e-11	-0.00035908	5.284e-07	-5.2698e-07	0.0035318	2.8102e-10	-0.0035322	5.2964e-07	-5.284e-07	0.0086634	7.2971e-10	-0.0086626	5.3152e-07	-5.3046e-07	0.011942	2.0438e-09	-0.01191	5.3368e-07	-5.3236e-07	0.01361	6.7279e-09	-0.013578	5.3574e-07	-5.3454e-07
0.115	1.7062e-07	-1.4355e-10	-1.7466e-07	5.2098e-07	-5.195e-07	9.4194e-06	-2.193e-11	-9.424e-06	5.263e-07	-5.2506e-07	0.0003672	9.397e-11	-0.00036712	5.2832e-07	-5.2718e-07	0.0036208	2.8517e-10	-0.00362	5.2954e-07	-5.2862e-07	0.0089706	7.1724e-10	-0.0089684	5.3146e-07	-5.3042e-07	0.012434	1.9959e-09	-0.012404	5.3358e-07	-5.3252e-07	0.014202	6.5755e-09	-0.014174	5.357e-07	-5.3444e-07
0.12	1.7248e-07	-1.4592e-10	-1.7338e-07	5.21e-07	-5.1954e-07	9.6372e-06	-2.21e-11	-9.6644e-06	5.2604e-07	-5.2478e-07	0.00037496	9.427e-11	-0.0003746	5.285e-07	-5.273e-07	0.003703	2.736e-10	-0.0037022	5.2972e-07	-5.2854e-07	0.0092654	7.0684e-10	-0.0092644	5.3152e-07	-5.3036e-07	0.01292	1.9625e-09	-0.012884	5.3358e-07	-5.3254e-07	0.01479	6.4356e-09	-0.014754	5.3582e-07	-5.349e-07
0.125	1.7642e-07	-1.4527e-10	-1.812e-07	5.2092e-07	-5.1984e-07	9.8475e-06	-1.403e-11	-9.8315e-06	5.26e-07	-5.251e-07	0.00038278	9.132e-11	-0.00038232	5.2814e-07	-5.271e-07	0.0037822	2.6754e-10	-0.0037812	5.296e-07	-5.2874e-07	0.009555	7.0365e-10	-0.0095534	5.3154e-07	-5.3042e-07	0.013394	1.9404e-09	-0.01337	5.3366e-07	-5.3248e-07	0.015372	6.2935e-09	-0.01534	5.3592e-07	-5.3472e-07
0.13	1.8036e-07	-1.4232e-10	-1.8486e-07	5.2116e-07	-5.2012e-07	1.00589e-05	-1.662e-11	-1.00654e-05	5.2622e-07	-5.2498e-07	0.00039018	9.176e-11	-0.00038978	5.282e-07	-5.2718e-07	0.0038566	2.6937e-10	-0.0038562	5.296e-07	-5.2866e-07	0.0098306	6.8811e-10	-0.0098302	5.3154e-07	-5.3044e-07	0.013864	1.9043e-09	-0.013834	5.3348e-07	-5.3254e-07	0.015948	6.1643e-09	-0.015916	5.3582e-07	-5.3494e-07
0.135	1.8434e-07	-1.4629e-10	-1.8538e-07	5.2124e-07	-5.2012e-07	1.02738e-05	-2.534e-11	-1.02692e-05	5.2598e-07	-5.251e-07	0.00039736	9.467e-11	-0.00039718	5.281e-07	-5.272e-07	0.0039304	2.7402e-10	-0.0039288	5.2962e-07	-5.29e-07	0.0101002	6.7781e-10	-0.010097	5.3146e-07	-5.307e-07	0.014328	1.8632e-09	-0.014298	5.3352e-07	-5.3264e-07	0.016518	6.036e-09	-0.016486	5.3594e-07	-5.35e-07
0.14	1.8856e-07	-1.4711e-10	-1.8938e-07	5.212e-07	-5.202e-07	1.04937e-05	-1.912e-11	-1.04843e-05	5.2604e-07	-5.2514e-07	0.0004046	9.738e-11	-0.00040442	5.2834e-07	-5.273e-07	0.0039992	2.6708e-10	-0.0039994	5.2986e-07	-5.2878e-07	0.0103632	6.7255e-10	-0.0103626	5.317e-07	-5.3082e-07	0.01479	1.8326e-09	-0.014756	5.3382e-07	-5.3288e-07	0.017098	5.9135e-09	-0.017064	5.3582e-07	-5.3514e-07
0.145	1.9812e-07	-1.4608e-10	-1.9344e-07	5.2134e-07	-5.2038e-07	1.07079e-05	-1.366e-11	-1.07156e-05	5.2628e-07	-5.2536e-07	0.00041216	9.383e-11	-0.00041184	5.2806e-07	-5.2744e-07	0.0040666	2.6667e-10	-0.0040654	5.2984e-07	-5.2888e-07	0.010616	6.6856e-10	-0.0106162	5.3174e-07	-5.3092e-07	0.015242	1.8105e-09	-0.01521	5.3366e-07	-5.3304e-07	0.017658	5.7752e-09	-0.017628	5.357e-07	-5.351e-07
0.15	1.9678e-07	-1.4645e-10	-1.978e-07	5.2108e-07	-5.201e-07	1.09305e-05	-2.224e-11	-1.09292e-05	5.2598e-07	-5.2518e-07	0.0004191	9.309e-11	-0.00041894	5.2828e-07	-5.2742e-07	0.004131	2.6663e-10	-0.0041326	5.2986e-07	-5.2896e-07	0.0108674	6.5535e-10	-0.0108652	5.3176e-07	-5.3098e-07	0.01569	1.7735e-09	-0.015658	5.3386e-07	-5.3294e-07	0.018226	5.6598e-09	-0.018198	5.3566e-07	-5.3508e-07
0.155	2.0128e-07	-1.459e-10	-2.0182e-07	5.2132e-07	-5.2044e-07	1.1162e-05	-2.135e-11	-1.11463e-05	5.2622e-07	-5.2536e-07	0.00042636	9.467e-11	-0.00042576	5.2818e-07	-5.2742e-07	0.0041946	2.6255e-10	-0.0041924	5.2966e-07	-5.2914e-07	0.0111042	6.4452e-10	-0.0111034	5.3148e-07	-5.3098e-07	0.016128	1.7426e-09	-0.016096	5.3382e-07	-5.3318e-07	0.018786	5.5394e-09	-0.018758	5.3588e-07	-5.3522e-07
0.16	2.0568e-07	-1.4585e-10	-2.06e-07	5.2118e-07	-5.2038e-07	1.13573e-05	-1.666e-11	-1.13589e-05	5.2592e-07	-5.2536e-07	0.00043348	9.336e-11	-0.00043314	5.281e-07	-5.274e-07	0.0042534	2.591e-10	-0.0042526	5.2992e-07	-5.2918e-07	0.0113354	6.4506e-10	-0.0113338	5.3172e-07	-5.3106e-07	0.01656	1.7247e-09	-0.01653	5.3364e-07	-5.331e-07	0.019342	5.4348e-09	-0.019312	5.3574e-07	-5.3506e-07
0.165	2.0966e-07	-1.4749e-10	-2.0982e-07	5.2112e-07	-5.2048e-07	1.1592e-05	-1.707e-11	-1.16013e-05	5.2602e-07	-5.2548e-07	0.00044074	9.071e-11	-0.00044022	5.2836e-07	-5.2762e-07	0.004311	2.6133e-10	-0.0043102	5.2966e-07	-5.291e-07	0.011592	6.2968e-10	-0.011562	5.3188e-07	-5.3114e-07	0.016982	1.6964e-09	-0.016954	5.3366e-07	-5.3312e-07	0.019892	5.3184e-09	-0.019856	5.3582e-07	-5.3546e-07
0.17	2.139e-07	-1.464e-10	-2.1468e-07	5.2114e-07	-5.2062e-07	1.1826e-05	-2.072e-11	-1.1832e-05	5.2608e-07	-5.2554e-07	0.00044782	9.073e-11	-0.00044758	5.2816e-07	-5.278e-07	0.004367	2.6337e-10	-0.0043662	5.2972e-07	-5.2918e-07	0.01181	6.2747e-10	-0.011776	5.3182e-07	-5.3134e-07	0.017408	1.6607e-09	-0.017374	5.3398e-07	-5.3338e-07	0.020442	5.2172e-09	-0.020412	5.3602e-07	-5.3542e-07
0.175	2.1842e-07	-1.4838e-10	-2.1878e-07	5.2142e-07	-5.2058e-07	1.2062e-05	-1.696e-11	-1.2046e-05	5.263e-07	-5.2576e-07	0.00045512	9.493e-11	-0.00045464	5.2806e-07	-5.2766e-07	0.0044222	2.5474e-10	-0.0044216	5.2974e-07	-5.2932e-07	0.012016	6.2406e-10	-0.011984	5.3176e-07	-5.3128e-07	0.017818	1.6434e-09	-0.01779	5.3386e-07	-5.333e-07	0.02098	5.1092e-09	-0.020948	5.3606e-07	-5.3546e-07
0.18	2.229e-07	-1.4769e-10	-2.2322e-07	5.2138e-07	-5.209e-07	1.2284e-05	-1.813e-11	-1.2276e-05	5.2618e-07	-5.2558e-07	0.0004622	9.086e-11	-0.00046204	5.2802e-07	-5.2768e-07	0.004478	2.5685e-10	-0.0044764	5.2988e-07	-5.2952e-07	0.012218	6.1376e-10	-0.012186	5.3198e-07	-5.3148e-07	0.018224	1.6221e-09	-0.018194	5.3376e-07	-5.334e-07	0.021524	5.0085e-09	-0.021492	5.3602e-07	-5.3544e-07
0.185	2.288e-07	-1.4642e-10	-2.28e-07	5.2136e-07	-5.2078e-07	1.2514e-05	-2.306e-11	-1.2514e-05	5.2612e-07	-5.2568e-07	0.0004696	9.206e-11	-0.00046904	5.2806e-07	-5.277e-07	0.0045276	2.5813e-10	-0.0045282	5.298e-07	-5.294e-07	0.012418	6.0539e-10	-0.012384	5.318e-07	-5.3154e-07	0.018624	1.59e-09	-0.018592	5.3404e-07	-5.3338e-07	0.02205	4.9142e-09	-0.022018	5.36e-07	-5.358e-07
0.19	2.3254e-07	-1.4639e-10	-2.3252e-07	5.2136e-07	-5.2088e-07	1.2748e-05	-2.163e-11	-1.2758e-05	5.2634e-07	-5.2578e-07	0.0004766	9.329e-11	-0.00047636	5.283e-07	-5.278e-07	0.0045802	2.5197e-10	-0.0045796	5.2974e-07	-5.2976e-07	0.012604	6.0658e-10	-0.012574	5.3196e-07	-5.3148e-07	0.019016	1.5694e-09	-0.018988	5.341e-07	-5.3378e-07	0.022586	4.8181e-09	-0.022552	5.3594e-07	-5.3564e-07
0.195	2.3712e-07	-1.4979e-10	-2.3694e-07	5.2154e-07	-5.2112e-07	1.2984e-05	-1.842e-11	-1.2984e-05	5.261e-07	-5.2576e-07	0.00048376	9.595e-11	-0.00048344	5.282e-07	-5.279e-07	0.0046278	2.5129e-10	-0.0046268	5.2976e-07	-5.2956e-07	0.012788	5.9661e-10	-0.012754	5.3178e-07	-5.3176e-07	0.019398	1.5483e-09	-0.019368	5.3412e-07	-5.3374e-07	0.023108	4.7283e-09	-0.023076	5.3626e-07	-5.36e-07
0.2	2.4184e-07	-1.5063e-10	-2.418e-07	5.2152e-07	-5.2132e-07	1.323e-05	-1.755e-11	-1.3214e-05	5.2606e-07	-5.261e-07	0.00049082	9.068e-11	-0.00049062	5.2818e-07	-5.2788e-07	0.0046776	2.5672e-10	-0.0046748	5.2982e-07	-5.295e-07	0.01296	5.8542e-10	-0.01293	5.318e-07	-5.3158e-07	0.019774	1.5276e-09	-0.019742	5.3416e-07	-5.3392e-07	0.023622	4.6467e-09	-0.023592	5.3626e-07	-5.3604e-07
0.205	2.464e-07	-1.4591e-10	-2.4678e-07	5.2166e-07	-5.2144e-07	1.3472e-05	-1.98e-11	-1.346e-05	5.2608e-07	-5.2588e-07	0.00049826	8.76e-11	-0.0004977	5.2824e-07	-5.2818e-07	0.0047254	2.5094e-10	-0.0047246	5.3004e-07	-5.2974e-07	0.013132	5.8526e-10	-0.013104	5.3192e-07	-5.3176e-07	0.02015	1.505e-09	-0.020114	5.3428e-07	-5.3404e-07	0.02414	4.553e-09	-0.024106	5.3626e-07	-5.36e-07
0.21	2.5156e-07	-1.5062e-10	-2.5128e-07	5.215e-07	-5.2122e-07	1.3728e-05	-1.964e-11	-1.371e-05	5.261e-07	-5.2584e-07	0.0005056	8.794e-11	-0.0005053	5.2806e-07	-5.2786e-07	0.0047728	2.4769e-10	-0.0047708	5.2976e-07	-5.2974e-07	0.013296	5.882e-10	-0.013266	5.322e-07	-5.3172e-07	0.020508	1.4857e-09	-0.02048	5.3438e-07	-5.3428e-07	0.024648	4.4729e-09	-0.024618	5.3638e-07	-5.3634e-07
0.215	2.569e-07	-1.5159e-10	-2.5638e-07	5.2158e-07	-5.2122e-07	1.398e-05	-1.537e-11	-1.3982e-05	5.263e-07	-5.2608e-07	0.00051278	9.194e-11	-0.00051272	5.2804e-07	-5.2804e-07	0.0048186	2.5027e-10	-0.0048184	5.2986e-07	-5.298e-07	0.013456	5.7913e-10	-0.013424	5.3192e-07	-5.319e-07	0.020868	1.4649e-09	-0.020836	5.3422e-07	-5.3428e-07	0.025152	4.3987e-09	-0.025118	5.3656e-07	-5.3646e-07
0.22	2.617e-07	-1.4865e-10	-2.615e-07	5.2142e-07	-5.213e-07	1.4224e-05	-2.308e-11	-1.4212e-05	5.2598e-07	-5.2598e-07	0.00052038	9.123e-11	-0.00051948	5.2804e-07	-5.28e-07	0.0048634	2.5302e-10	-0.0048626	5.2992e-07	-5.2994e-07	0.013606	5.69e-10	-0.013578	5.322e-07	-5.3212e-07	0.021208	1.4497e-09	-0.021182	5.3416e-07	-5.3426e-07	0.025648	4.3143e-09	-0.025618	5.3642e-07	-5.3646e-07
0.225	2.6652e-07	-1.5075e-10	-2.6666e-07	5.2172e-07	-5.214e-07	1.4486e-05	-2.565e-11	-1.4474e-05	5.2612e-07	-5.261e-07	0.00052738	9.208e-11	-0.00052708	5.2826e-07	-5.28e-07	0.0049098	2.5297e-10	-0.0049084	5.3004e-07	-5.2994e-07	0.013758	5.7018e-10	-0.013724	5.3208e-07	-5.3206e-07	0.021556	1.4273e-09	-0.021524	5.3442e-07	-5.3426e-07	0.026148	4.245e-09	-0.02612	5.3638e-07	-5.3668e-07
0.23	2.7186e-07	-1.5196e-10	-2.7194e-07	5.216e-07	-5.2158e-07	1.475e-05	-2.007e-11	-1.4734e-05	5.2606e-07	-5.2602e-07	0.00053508	9.275e-11	-0.00053474	5.2806e-07	-5.2804e-07	0.0049518	2.4583e-10	-0.0049524	5.302e-07	-5.3016e-07	0.013896	5.6452e-10	-0.013866	5.3202e-07	-5.3218e-07	0.021888	1.4064e-09	-0.021854	5.3458e-07	-5.3472e-07	0.026636	4.1629e-09	-0.026604	5.3648e-07	-5.3682e-07
0.235	2.7754e-07	-1.4977e-10	-2.7696e-07	5.2174e-07	-5.218e-07	1.5002e-05	-1.59e-11	-1.5016e-05	5.2606e-07	-5.262e-07	0.0005426	9.042e-11	-0.00054234	5.2818e-07	-5.2828e-07	0.0049978	2.4887e-10	-0.004996	5.2986e-07	-5.3014e-07	0.014036	5.591e-10	-0.014008	5.3204e-07	-5.3246e-07	0.022218	1.3978e-09	-0.022184	5.346e-07	-5.3478e-07	0.02712	4.0972e-09	-0.027088	5.365e-07	-5.3666e-07
0.24	2.827e-07	-1.5071e-10	-2.821e-07	5.2184e-07	-5.219e-07	1.5278e-05	-2.134e-11	-1.528e-05	5.2606e-07	-5.2642e-07	0.00054984	8.738e-11	-0.00054962	5.2802e-07	-5.2844e-07	0.0050418	2.491e-10	-0.005039	5.2988e-07	-5.3024e-07	0.014168	5.5634e-10	-0.014142	5.3206e-07	-5.324e-07	0.022534	1.3822e-09	-0.0225	5.3446e-07	-5.3468e-07	0.027598	4.0318e-09	-0.027562	5.366e-07	-5.3682e-07
0.245	2.8836e-07	-1.5206e-10	-2.8778e-07	5.216e-07	-5.2178e-07	1.5556e-05	-2.284e-11	-1.5544e-05	5.2624e-07	-5.2648e-07	0.00055756	8.69e-11	-0.00055696	5.2806e-07	-5.2828e-07	0.0050846	2.4645e-10	-0.005085	5.3004e-07	-5.3036e-07	0.014302	5.5514e-10	-0.014274	5.3222e-07	-5.3244e-07	0.022848	1.3567e-09	-0.022816	5.3442e-07	-5.3476e-07	0.028074	3.9582e-09	-0.028038	5.3686e-07	-5.37e-07
0.25	2.9376e-07	-1.5374e-10	-2.9328e-07	5.2174e-07	-5.2178e-07	1.583e-05	-1.911e-11	-1.5828e-05	5.2604e-07	-5.266e-07	0.0005652	9.444e-11	-0.0005649	5.279e-07	-5.2834e-07	0.0051272	2.4234e-10	-0.0051264	5.299e-07	-5.3016e-07	0.01443	5.4832e-10	-0.014398	5.323e-07	-5.325e-07	0.023148	1.338e-09	-0.023116	5.346e-07	-5.351e-07	0.028532	3.9001e-09	-0.0285	5.3702e-07	-5.3736e-07
0.255	2.9982e-07	-1.5313e-10	-2.9888e-07	5.217e-07	-5.219e-07	1.6112e-05	-1.713e-11	-1.6084e-05	5.2622e-07	-5.2652e-07	0.00057232	9.233e-11	-0.00057214	5.2796e-07	-5.2834e-07	0.0051678	2.4721e-10	-0.0051674	5.299e-07	-5.3048e-07	0.01455	5.4277e-10	-0.014518	5.3244e-07	-5.327e-07	0.023446	1.3342e-09	-0.023412	5.3478e-07	-5.3506e-07	0.02899	3.8386e-09	-0.02896	5.3724e-07	-5.3748e-07
0.26	3.0526e-07	-1.5301e-10	-3.0518e-07	5.2168e-07	-5.2192e-07	1.6382e-05	-2.613e-11	-1.6354e-05	5.2618e-07	-5.2662e-07	0.00058052	8.857e-11	-0.0005804	5.2796e-07	-5.287e-07	0.0052088	2.4658e-10	-0.0052084	5.2996e-07	-5.3046e-07	0.014672	5.4573e-10	-0.01464	5.3238e-07	-5.3294e-07	0.023738	1.3169e-09	-0.023708	5.3478e-07	-5.3538e-07	0.029448	3.7761e-09	-0.029416	5.3724e-07	-5.3742e-07
0.265	3.1096e-07	-1.5494e-10	-3.1064e-07	5.2198e-07	-5.2208e-07	1.6658e-05	-2.491e-11	-1.6652e-05	5.2602e-07	-5.2644e-07	0.00058772	8.686e-11	-0.00058726	5.2804e-07	-5.2844e-07	0.0052516	2.4005e-10	-0.0052492	5.3022e-07	-5.306e-07	0.014786	5.4223e-10	-0.014752	5.3236e-07	-5.3278e-07	0.024016	1.2965e-09	-0.023982	5.349e-07	-5.3534e-07	0.029894	3.7167e-09	-0.029862	5.3724e-07	-5.375e-07
0.27	3.1716e-07	-1.5516e-10	-3.1652e-07	5.2192e-07	-5.2226e-07	1.6946e-05	-1.927e-11	-1.6964e-05	5.2608e-07	-5.2656e-07	0.00059538	9.122e-11	-0.0005948	5.2828e-07	-5.285e-07	0.0052918	2.4515e-10	-0.0052898	5.2986e-07	-5.3052e-07	0.0149	5.3458e-10	-0.014866	5.3234e-07	-5.3278e-07	0.024292	1.2879e-09	-0.024268	5.3514e-07	-5.3564e-07	0.030338	3.6639e-09	-0.030312	5.3718e-07	-5.3764e-07
0.275	3.2344e-07	-1.5655e-10	-3.2266e-07	5.219e-07	-5.222e-07	1.7268e-05	-2.059e-11	-1.7236e-05	5.2618e-07	-5.2666e-07	0.00060296	9.006e-11	-0.0006024	5.2792e-07	-5.2858e-07	0.0053324	2.4511e-10	-0.0053308	5.2998e-07	-5.3062e-07	0.015002	5.3185e-10	-0.014972	5.3234e-07	-5.331e-07	0.024564	1.2778e-09	-0.024532	5.3516e-07	-5.3558e-07	0.030772	3.6086e-09	-0.030746	5.3732e-07	-5.3778e-07
0.28	3.2966e-07	-1.5652e-10	-3.2884e-07	5.218e-07	-5.2228e-07	1.755e-05	-2.456e-11	-1.7526e-05	5.26e-07	-5.2684e-07	0.00061104	8.8e-11	-0.00061032	5.2818e-07	-5.2868e-07	0.0053716	2.4058e-10	-0.0053722	5.3014e-07	-5.3082e-07	0.015114	5.3501e-10	-0.015082	5.325e-07	-5.3312e-07	0.02483	1.2614e-09	-0.024798	5.3516e-07	-5.3574e-07	0.03121	3.5541e-09	-0.031176	5.3762e-07	-5.3796e-07
0.285	3.3546e-07	-1.5646e-10	-3.3474e-07	5.2186e-07	-5.2232e-07	1.7858e-05	-2.73e-11	-1.7852e-05	5.2622e-07	-5.2682e-07	0.00061866	9.192e-11	-0.00061812	5.2824e-07	-5.2888e-07	0.0054126	2.4013e-10	-0.0054112	5.2998e-07	-5.3078e-07	0.015216	5.321e-10	-0.015184	5.3264e-07	-5.3338e-07	0.02508	1.2432e-09	-0.025052	5.3532e-07	-5.361e-07	0.03163	3.4987e-09	-0.031602	5.376e-07	-5.384e-07
0.29	3.4224e-07	-1.5885e-10	-3.4096e-07	5.221e-07	-5.2244e-07	1.816e-05	-1.777e-11	-1.816e-05	5.2622e-07	-5.2678e-07	0.0006263	9.416e-11	-0.00062588	5.282e-07	-5.2892e-07	0.0054544	2.4578e-10	-0.0054514	5.3016e-07	-5.308e-07	0.015318	5.2583e-10	-0.015284	5.3252e-07	-5.3352e-07	0.025328	1.2395e-09	-0.0253	5.354e-07	-5.3604e-07	0.032052	3.4477e-09	-0.032022	5.3786e-07	-5.3858e-07
0.295	3.4864e-07	-1.5835e-10	-3.4734e-07	5.2194e-07	-5.2262e-07	1.8472e-05	-1.872e-11	-1.845e-05	5.2628e-07	-5.2688e-07	0.00063394	8.83e-11	-0.00063358	5.2796e-07	-5.2882e-07	0.0054922	2.4241e-10	-0.0054924	5.3002e-07	-5.3088e-07	0.015416	5.2644e-10	-0.015386	5.3268e-07	-5.3342e-07	0.02557	1.231e-09	-0.02554	5.3532e-07	-5.36e-07	0.03246	3.4076e-09	-0.03243	5.3792e-07	-5.3856e-07
0.3	3.561e-07	-1.5903e-10	-3.5396e-07	5.2204e-07	-5.2262e-07	1.8794e-05	-2.463e-11	-1.879e-05	5.2604e-07	-5.2704e-07	0.0006418	8.273e-11	-0.00064166	5.2816e-07	-5.29e-07	0.0055344	2.3601e-10	-0.005534	5.3016e-07	-5.3106e-07	0.015512	5.2462e-10	-0.015482	5.3266e-07	-5.335e-07	0.025808	1.2124e-09	-0.025776	5.3546e-07	-5.3612e-07	0.03287	3.3546e-09	-0.03284	5.3792e-07	-5.3892e-07
0.305	3.6172e-07	-1.6158e-10	-3.6132e-07	5.2198e-07	-5.2276e-07	1.911e-05	-2.636e-11	-1.9092e-05	5.2606e-07	-5.2716e-07	0.00065012	9.175e-11	-0.0006496	5.2814e-07	-5.2914e-07	0.005572	2.3586e-10	-0.0055712	5.2996e-07	-5.3092e-07	0.015606	5.1619e-10	-0.015574	5.3274e-07	-5.3366e-07	0.026032	1.197e-09	-0.026	5.3564e-07	-5.3646e-07	0.033268	3.3129e-09	-0.033236	5.3798e-07	-5.389e-07
0.31	3.6826e-07	-1.6131e-10	-3.6752e-07	5.2186e-07	-5.227e-07	1.941e-05	-1.991e-11	-1.9394e-05	5.26e-07	-5.272e-07	0.00065774	9.206e-11	-0.00065762	5.279e-07	-5.2906e-07	0.0056104	2.4256e-10	-0.0056094	5.3008e-07	-5.3114e-07	0.015702	5.1443e-10	-0.015666	5.3288e-07	-5.3368e-07	0.02626	1.198e-09	-0.026226	5.3548e-07	-5.364e-07	0.033664	3.2638e-09	-0.033632	5.3816e-07	-5.3914e-07
0.315	3.7512e-07	-1.6078e-10	-3.7406e-07	5.2212e-07	-5.23e-07	1.9742e-05	-2.433e-11	-1.9758e-05	5.263e-07	-5.272e-07	0.0006661	8.813e-11	-0.00066588	5.2792e-07	-5.29e-07	0.0056504	2.4193e-10	-0.0056496	5.2992e-07	-5.3122e-07	0.015788	5.1864e-10	-0.015756	5.3284e-07	-5.338e-07	0.026474	1.1849e-09	-0.026448	5.357e-07	-5.3668e-07	0.034046	3.2212e-09	-0.034018	5.3826e-07	-5.3936e-07
0.32	3.82e-07	-1.6292e-10	-3.8124e-07	5.2192e-07	-5.2296e-07	2.0068e-05	-2.593e-11	-2.0044e-05	5.261e-07	-5.2724e-07	0.00067372	8.729e-11	-0.0006733	5.2808e-07	-5.2908e-07	0.0056868	2.3663e-10	-0.005687	5.303e-07	-5.314e-07	0.015878	5.1781e-10	-0.01584	5.328e-07	-5.3414e-07	0.026686	1.167e-09	-0.026656	5.3578e-07	-5.367e-07	0.034426	3.1877e-09	-0.034394	5.383e-07	-5.3932e-07
0.325	3.8954e-07	-1.6601e-10	-3.8826e-07	5.2204e-07	-5.2298e-07	2.0408e-05	-2.434e-11	-2.0376e-05	5.2612e-07	-5.2718e-07	0.00068226	8.903e-11	-0.00068174	5.2804e-07	-5.2914e-07	0.005728	2.406e-10	-0.0057266	5.302e-07	-5.3152e-07	0.015962	5.1068e-10	-0.015936	5.3284e-07	-5.3418e-07	0.02689	1.1679e-09	-0.02686	5.3582e-07	-5.3688e-07	0.034802	3.1411e-09	-0.034772	5.3834e-07	-5.3942e-07
0.33	3.967e-07	-1.6581e-10	-3.9508e-07	5.2224e-07	-5.2308e-07	2.0716e-05	-1.808e-11	-2.0736e-05	5.2592e-07	-5.2738e-07	0.00069	8.883e-11	-0.0006897	5.279e-07	-5.292e-07	0.005766	2.4021e-10	-0.0057654	5.3016e-07	-5.315e-07	0.016048	5.0892e-10	-0.016018	5.3292e-07	-5.3404e-07	0.027092	1.1616e-09	-0.027058	5.3588e-07	-5.3712e-07	0.035168	3.1042e-09	-0.035134	5.3842e-07	-5.3964e-07
0.335	4.046e-07	-1.6288e-10	-4.0282e-07	5.2212e-07	-5.2316e-07	2.1068e-05	-2.487e-11	-2.105e-05	5.2604e-07	-5.272e-07	0.00069832	8.746e-11	-0.00069806	5.2806e-07	-5.2934e-07	0.0058042	2.3372e-10	-0.005803	5.303e-07	-5.3152e-07	0.016132	5.0942e-10	-0.016102	5.329e-07	-5.3414e-07	0.027282	1.1434e-09	-0.027254	5.3622e-07	-5.3742e-07	0.035528	3.0614e-09	-0.035498	5.3858e-07	-5.398e-07
0.34	4.1142e-07	-1.6665e-10	-4.101e-07	5.2204e-07	-5.2316e-07	2.141e-05	-2.727e-11	-2.1412e-05	5.2634e-07	-5.274e-07	0.00070622	8.896e-11	-0.00070644	5.2788e-07	-5.2916e-07	0.0058416	2.3092e-10	-0.0058392	5.3038e-07	-5.3164e-07	0.016212	5.0841e-10	-0.016184	5.3292e-07	-5.3418e-07	0.027472	1.1325e-09	-0.027438	5.3606e-07	-5.3738e-07	0.035884	3.027e-09	-0.03585	5.388e-07	-5.3994e-07
0.345	4.1892e-07	-1.6915e-10	-4.1762e-07	5.221e-07	-5.2344e-07	2.1756e-05	-2.582e-11	-2.1748e-05	5.2628e-07	-5.2772e-07	0.00071506	9.27e-11	-0.00071498	5.279e-07	-5.295e-07	0.0058792	2.4217e-10	-0.0058792	5.3002e-07	-5.315e-07	0.016294	5.0591e-10	-0.016262	5.331e-07	-5.3442e-07	0.027658	1.1381e-09	-0.027628	5.3638e-07	-5.3744e-07	0.03623	2.9959e-09	-0.0362	5.389e-07	-5.4016e-07
0.35	4.274e-07	-1.6738e-10	-4.251e-07	5.2234e-07	-5.2346e-07	2.2114e-05	-2.265e-11	-2.2096e-05	5.2606e-07	-5.275e-07	0.00072314	8.954e-11	-0.00072266	5.2794e-07	-5.2944e-07	0.0059178	2.418e-10	-0.005916	5.3042e-07	-5.3174e-07	0.016376	5.0476e-10	-0.016342	5.3288e-07	-5.3438e-07	0.027834	1.13e-09	-0.027804	5.3628e-07	-5.3772e-07	0.03657	2.9653e-09	-0.03654	5.3912e-07	-5.4062e-07
0.355	4.3434e-07	-1.6988e-10	-4.328e-07	5.2218e-07	-5.2348e-07	2.2484e-05	-2.744e-11	-2.2462e-05	5.2618e-07	-5.2748e-07	0.00073138	8.37e-11	-0.00073078	5.2818e-07	-5.2962e-07	0.0059546	2.3536e-10	-0.0059542	5.302e-07	-5.3178e-07	0.016452	5.0312e-10	-0.01642	5.3306e-07	-5.3476e-07	0.028006	1.1101e-09	-0.02798	5.3654e-07	-5.3804e-07	0.036904	2.921e-09	-0.036878	5.3906e-07	-5.4042e-07
0.36	4.427e-07	-1.7184e-10	-4.4086e-07	5.2234e-07	-5.2382e-07	2.2846e-05	-2.663e-11	-2.284e-05	5.2614e-07	-5.2768e-07	0.0007397	8.971e-11	-0.00073872	5.2792e-07	-5.295e-07	0.0059924	2.3131e-10	-0.0059924	5.3018e-07	-5.3174e-07	0.016532	4.9885e-10	-0.0165	5.3338e-07	-5.3472e-07	0.028176	1.1105e-09	-0.028144	5.3662e-07	-5.3806e-07	0.037234	2.892e-09	-0.037202	5.3952e-07	-5.4102e-07
0.365	4.51e-07	-1.7339e-10	-4.495e-07	5.2232e-07	-5.2376e-07	2.3212e-05	-2.284e-11	-2.3204e-05	5.2622e-07	-5.2784e-07	0.0007477	9.002e-11	-0.00074744	5.2814e-07	-5.296e-07	0.0060298	2.3637e-10	-0.0060294	5.3044e-07	-5.3208e-07	0.016608	4.9641e-10	-0.016572	5.3316e-07	-5.3476e-07	0.028342	1.1064e-09	-0.028314	5.3656e-07	-5.3814e-07	0.037554	2.8645e-09	-0.037526	5.395e-07	-5.408e-07
0.37	4.5878e-07	-1.7432e-10	-4.569e-07	5.2228e-07	-5.2368e-07	2.3608e-05	-2.533e-11	-2.3584e-05	5.261e-07	-5.2766e-07	0.00075666	8.849e-11	-0.00075668	5.279e-07	-5.2972e-07	0.0060664	2.3811e-10	-0.006066	5.3028e-07	-5.3206e-07	0.016686	5.0095e-10	-0.01665	5.3326e-07	-5.3494e-07	0.0285	1.0989e-09	-0.028472	5.3666e-07	-5.3822e-07	0.03787	2.831e-09	-0.037838	5.3956e-07	-5.4118e-07
0.375	4.6708e-07	-1.7477e-10	-4.6598e-07	5.2244e-07	-5.2392e-07	2.3978e-05	-2.84e-11	-2.3932e-05	5.2632e-07	-5.2794e-07	0.0007653	8.624e-11	-0.00076472	5.281e-07	-5.2962e-07	0.0061054	2.3298e-10	-0.006104	5.3048e-07	-5.3218e-07	0.016756	4.9819e-10	-0.016724	5.3336e-07	-5.351e-07	0.028658	1.0885e-09	-0.02863	5.3686e-07	-5.3834e-07	0.038178	2.8036e-09	-0.038148	5.3968e-07	-5.4142e-07
0.38	4.7512e-07	-1.7718e-10	-4.7364e-07	5.2244e-07	-5.2394e-07	2.4328e-05	-2.912e-11	-2.432e-05	5.2612e-07	-5.279e-07	0.00077338	9.104e-11	-0.00077316	5.2812e-07	-5.2974e-07	0.0061406	2.3468e-10	-0.0061408	5.3022e-07	-5.3224e-07	0.016832	4.917e-10	-0.016796	5.3338e-07	-5.3512e-07	0.028808	1.0868e-09	-0.02878	5.371e-07	-5.3876e-07	0.03848	2.7795e-09	-0.038446	5.4008e-07	-5.4192e-07
0.385	4.8456e-07	-1.7751e-10	-4.819e-07	5.2262e-07	-5.242e-07	2.4732e-05	-2.68e-11	-2.4716e-05	5.2612e-07	-5.281e-07	0.00078218	8.851e-11	-0.00078194	5.2802e-07	-5.2988e-07	0.0061806	2.385e-10	-0.0061794	5.3028e-07	-5.3224e-07	0.0169	4.9291e-10	-0.016874	5.3348e-07	-5.3526e-07	0.02896	1.0845e-09	-0.028926	5.371e-07	-5.3888e-07	0.038776	2.7538e-09	-0.03875	5.403e-07	-5.4192e-07
0.39	4.9302e-07	-1.7869e-10	-4.9138e-07	5.2238e-07	-5.2412e-07	2.5132e-05	-3.005e-11	-2.5112e-05	5.2604e-07	-5.2792e-07	0.00079148	8.93e-11	-0.00079064	5.2812e-07	-5.2994e-07	0.0062182	2.359e-10	-0.0062164	5.3048e-07	-5.3216e-07	0.016974	4.9742e-10	-0.016946	5.336e-07	-5.3558e-07	0.029098	1.072e-09	-0.029072	5.3704e-07	-5.389e-07	0.039066	2.7199e-09	-0.039032	5.4014e-07	-5.419e-07
0.395	5.0246e-07	-1.8096e-10	-5.0012e-07	5.2242e-07	-5.2402e-07	2.55e-05	-2.917e-11	-2.5486e-05	5.2628e-07	-5.281e-07	0.00079978	8.756e-11	-0.00079952	5.2782e-07	-5.3004e-07	0.0062562	2.2772e-10	-0.006255	5.3024e-07	-5.3222e-07	0.017046	4.9418e-10	-0.017014	5.3382e-07	-5.3546e-07	0.029244	1.0669e-09	-0.029214	5.373e-07	-5.3896e-07	0.039348	2.6974e-09	-0.03932	5.4038e-07	-5.422e-07
0.4	5.116e-07	-1.8248e-10	-5.086e-07	5.2252e-07	-5.241e-07	2.5904e-05	-2.757e-11	-2.5904e-05	5.2628e-07	-5.2816e-07	0.00080836	9.106e-11	-0.00080798	5.28e-07	-5.2982e-07	0.0062912	2.3648e-10	-0.006289	5.3042e-07	-5.3238e-07	0.017118	4.9036e-10	-0.01709	5.3366e-07	-5.355e-07	0.029382	1.0645e-09	-0.029352	5.3732e-07	-5.3924e-07	0.039626	2.6896e-09	-0.039596	5.4046e-07	-5.4268e-07
0.405	5.2082e-07	-1.8415e-10	-5.1764e-07	5.2242e-07	-5.2442e-07	2.634e-05	-2.591e-11	-2.6314e-05	5.261e-07	-5.2818e-07	0.0008176	8.806e-11	-0.00081686	5.2802e-07	-5.3008e-07	0.0063274	2.396e-10	-0.0063266	5.3048e-07	-5.3256e-07	0.01719	4.8981e-10	-0.017156	5.3366e-07	-5.3566e-07	0.02952	1.0619e-09	-0.029486	5.3748e-07	-5.3956e-07	0.0399	2.6667e-09	-0.039868	5.4078e-07	-5.4272e-07
0.41	5.3038e-07	-1.8556e-10	-5.2722e-07	5.2252e-07	-5.243e-07	2.6706e-05	-3.153e-11	-2.674e-05	5.2624e-07	-5.2826e-07	0.00082604	8.678e-11	-0.00082572	5.2812e-07	-5.302e-07	0.006364	2.3396e-10	-0.0063636	5.3054e-07	-5.3278e-07	0.017256	4.906e-10	-0.017228	5.3388e-07	-5.3586e-07	0.029648	1.0541e-09	-0.029616	5.377e-07	-5.3954e-07	0.04016	2.6462e-09	-0.04013	5.4086e-07	-5.4286e-07
0.415	5.397e-07	-1.8661e-10	-5.3638e-07	5.225e-07	-5.2448e-07	2.7142e-05	-3.194e-11	-2.7118e-05	5.2632e-07	-5.282e-07	0.00083432	8.415e-11	-0.00083454	5.278e-07	-5.3006e-07	0.0064012	2.2971e-10	-0.0064028	5.3026e-07	-5.325e-07	0.017328	4.8502e-10	-0.017298	5.3376e-07	-5.3614e-07	0.029774	1.0442e-09	-0.029744	5.3758e-07	-5.3972e-07	0.040418	2.6228e-09	-0.040388	5.4102e-07	-5.43e-07
0.42	5.4852e-07	-1.9004e-10	-5.4668e-07	5.2248e-07	-5.2436e-07	2.7564e-05	-3.047e-11	-2.7546e-05	5.2606e-07	-5.284e-07	0.0008445	8.706e-11	-0.00084376	5.2778e-07	-5.3018e-07	0.00644	2.304e-10	-0.0064374	5.3042e-07	-5.3292e-07	0.01739	4.8601e-10	-0.01736	5.338e-07	-5.3606e-07	0.029904	1.0457e-09	-0.029872	5.378e-07	-5.4014e-07	0.040676	2.5997e-09	-0.040642	5.4132e-07	-5.434e-07
0.425	5.5894e-07	-1.9043e-10	-5.5624e-07	5.2264e-07	-5.2458e-07	2.8002e-05	-3.326e-11	-2.7994e-05	5.2598e-07	-5.2826e-07	0.0008525	8.668e-11	-0.00085222	5.279e-07	-5.3042e-07	0.0064744	2.3356e-10	-0.0064734	5.3058e-07	-5.3294e-07	0.017462	4.9002e-10	-0.017428	5.3388e-07	-5.3636e-07	0.030022	1.0434e-09	-0.029994	5.3784e-07	-5.4026e-07	0.040922	2.5806e-09	-0.04089	5.4124e-07	-5.4342e-07
0.43	5.6872e-07	-1.9066e-10	-5.6628e-07	5.225e-07	-5.2456e-07	2.8424e-05	-3.666e-11	-2.8416e-05	5.2604e-07	-5.2832e-07	0.00086218	8.764e-11	-0.00086162	5.2806e-07	-5.3024e-07	0.0065108	2.3228e-10	-0.0065114	5.3058e-07	-5.3276e-07	0.01753	4.8662e-10	-0.017496	5.339e-07	-5.365e-07	0.030146	1.0355e-09	-0.030114	5.379e-07	-5.4042e-07	0.041156	2.5597e-09	-0.041128	5.4144e-07	-5.4404e-07
0.435	5.7916e-07	-1.9284e-10	-5.7576e-07	5.2248e-07	-5.2468e-07	2.8848e-05	-3.379e-11	-2.8838e-05	5.261e-07	-5.285e-07	0.00087098	8.871e-11	-0.00087108	5.2796e-07	-5.304e-07	0.0065482	2.3385e-10	-0.006549	5.3062e-07	-5.329e-07	0.017596	4.7938e-10	-0.017564	5.3406e-07	-5.3646e-07	0.030264	1.0301e-09	-0.030232	5.3806e-07	-5.406e-07	0.041396	2.5429e-09	-0.041366	5.418e-07	-5.4398e-07
0.44	5.891e-07	-1.957e-10	-5.8658e-07	5.2254e-07	-5.2474e-07	2.9272e-05	-3.181e-11	-2.9294e-05	5.263e-07	-5.2868e-07	0.0008798	8.559e-11	-0.00087968	5.2808e-07	-5.303e-07	0.0065846	2.3354e-10	-0.0065858	5.3054e-07	-5.33e-07	0.017662	4.8155e-10	-0.01763	5.3412e-07	-5.3676e-07	0.030382	1.03e-09	-0.030348	5.3828e-07	-5.406e-07	0.041624	2.5221e-09	-0.041592	5.4184e-07	-5.4434e-07
0.445	6.0006e-07	-1.9529e-10	-5.9694e-07	5.2244e-07	-5.2486e-07	2.9718e-05	-3.31e-11	-2.9698e-05	5.2636e-07	-5.2874e-07	0.00088926	8.608e-11	-0.00088934	5.2808e-07	-5.3034e-07	0.0066224	2.3023e-10	-0.006622	5.3068e-07	-5.3312e-07	0.017728	4.8495e-10	-0.017696	5.3428e-07	-5.3698e-07	0.03049	1.0242e-09	-0.030464	5.3836e-07	-5.409e-07	0.041852	2.5042e-09	-0.041822	5.42e-07	-5.4446e-07
0.45	6.1004e-07	-1.9864e-10	-6.0702e-07	5.2252e-07	-5.2482e-07	3.023e-05	-3.468e-11	-3.0176e-05	5.2634e-07	-5.2866e-07	0.00089818	8.339e-11	-0.0008976	5.2814e-07	-5.3056e-07	0.0066598	2.2606e-10	-0.0066584	5.3076e-07	-5.3322e-07	0.017792	4.8216e-10	-0.017764	5.3424e-07	-5.369e-07	0.030598	1.0159e-09	-0.030576	5.3846e-07	-5.4098e-07	0.042064	2.4935e-09	-0.042038	5.4202e-07	-5.4462e-07
0.455	6.213e-07	-2.0121e-10	-6.1744e-07	5.2266e-07	-5.2494e-07	3.0674e-05	-3.761e-11	-3.0684e-05	5.2634e-07	-5.2894e-07	0.00090754	8.748e-11	-0.00090694	5.2796e-07	-5.3064e-07	0.0066946	2.338e-10	-0.0066924	5.3074e-07	-5.3338e-07	0.017856	4.7599e-10	-0.017826	5.3458e-07	-5.3704e-07	0.030714	1.0247e-09	-0.030684	5.3864e-07	-5.4138e-07	0.04228	2.4712e-09	-0.042252	5.4234e-07	-5.4472e-07
0.46	6.3202e-07	-2.0185e-10	-6.3e-07	5.226e-07	-5.2512e-07	3.1148e-05	-3.546e-11	-3.1108e-05	5.2622e-07	-5.291e-07	0.00091692	8.815e-11	-0.00091668	5.28e-07	-5.3072e-07	0.006732	2.349e-10	-0.006731	5.3062e-07	-5.333e-07	0.01792	4.7902e-10	-0.01789	5.345e-07	-5.3716e-07	0.030818	1.0185e-09	-0.03079	5.3868e-07	-5.4134e-07	0.042492	2.4611e-09	-0.04246	5.426e-07	-5.4514e-07
0.465	6.437e-07	-2.0534e-10	-6.4102e-07	5.225e-07	-5.2528e-07	3.1578e-05	-4.286e-11	-3.1528e-05	5.2636e-07	-5.2882e-07	0.00092672	8.723e-11	-0.00092578	5.2784e-07	-5.3066e-07	0.0067676	2.2939e-10	-0.0067666	5.3052e-07	-5.3336e-07	0.017984	4.8479e-10	-0.017952	5.345e-07	-5.3728e-07	0.030924	1.0035e-09	-0.030894	5.39e-07	-5.4174e-07	0.042698	2.4433e-09	-0.042668	5.4258e-07	-5.4532e-07
0.47	6.546e-07	-2.0644e-10	-6.5126e-07	5.2252e-07	-5.253e-07	3.2048e-05	-4.061e-11	-3.2028e-05	5.2618e-07	-5.2908e-07	0.00093548	8.451e-11	-0.00093536	5.2776e-07	-5.307e-07	0.0068048	2.274e-10	-0.0068016	5.3084e-07	-5.3376e-07	0.018044	4.7874e-10	-0.018014	5.3452e-07	-5.3736e-07	0.031026	1.0063e-09	-0.030998	5.3916e-07	-5.4164e-07	0.042894	2.4309e-09	-0.042862	5.4284e-07	-5.4574e-07
0.475	6.6616e-07	-2.0697e-10	-6.6378e-07	5.2266e-07	-5.2526e-07	3.2502e-05	-3.698e-11	-3.2512e-05	5.2634e-07	-5.2908e-07	0.0009449	8.629e-11	-0.00094444	5.279e-07	-5.307e-07	0.0068408	2.3088e-10	-0.0068418	5.3084e-07	-5.3374e-07	0.018108	4.6976e-10	-0.018076	5.3468e-07	-5.3758e-07	0.031128	1.0108e-09	-0.031098	5.3906e-07	-5.419e-07	0.04309	2.411e-09	-0.043056	5.4314e-07	-5.4606e-07
0.48	6.7776e-07	-2.1016e-10	-6.756e-07	5.2274e-07	-5.2556e-07	3.3004e-05	-3.617e-11	-3.3006e-05	5.2602e-07	-5.291e-07	0.00095436	8.341e-11	-0.00095432	5.279e-07	-5.31e-07	0.0068766	2.2978e-10	-0.0068758	5.3076e-07	-5.3378e-07	0.01817	4.8327e-10	-0.01814	5.3472e-07	-5.3762e-07	0.031228	1.0035e-09	-0.031198	5.3926e-07	-5.4204e-07	0.043276	2.4e-09	-0.043244	5.4314e-07	-5.462e-07
0.485	6.894e-07	-2.1349e-10	-6.8668e-07	5.2252e-07	-5.2532e-07	3.3494e-05	-4.412e-11	-3.3496e-05	5.2606e-07	-5.29e-07	0.00096442	8.407e-11	-0.000964	5.2784e-07	-5.3116e-07	0.0069126	2.2885e-10	-0.0069138	5.31e-07	-5.339e-07	0.018232	4.8173e-10	-0.018204	5.3472e-07	-5.3792e-07	0.031332	9.988e-10	-0.031298	5.3942e-07	-5.4238e-07	0.043464	2.3943e-09	-0.043434	5.4352e-07	-5.4638e-07
0.49	7.0172e-07	-2.1639e-10	-6.9852e-07	5.2262e-07	-5.2548e-07	3.4018e-05	-4.304e-11	-3.3994e-05	5.262e-07	-5.292e-07	0.0009732	8.659e-11	-0.00097332	5.2804e-07	-5.3118e-07	0.0069498	2.342e-10	-0.0069468	5.3086e-07	-5.3382e-07	0.018298	4.7019e-10	-0.018264	5.3494e-07	-5.38e-07	0.031424	1.0014e-09	-0.031392	5.3948e-07	-5.425e-07	0.043642	2.3792e-09	-0.043614	5.4354e-07	-5.465e-07
0.495	7.1444e-07	-2.1486e-10	-7.1074e-07	5.2278e-07	-5.2576e-07	3.4532e-05	-4.187e-11	-3.4502e-05	5.2628e-07	-5.2946e-07	0.00098324	8.419e-11	-0.00098274	5.2812e-07	-5.3098e-07	0.0069844	2.3027e-10	-0.0069838	5.3072e-07	-5.341e-07	0.01836	4.7428e-10	-0.018326	5.3504e-07	-5.3832e-07	0.031516	9.868e-10	-0.031488	5.3968e-07	-5.4262e-07	0.043824	2.3641e-09	-0.04379	5.4354e-07	-5.4666e-07
0.5	7.2624e-07	-2.17e-10	-7.2298e-07	5.2254e-07	-5.2554e-07	3.5022e-05	-4.347e-11	-3.5064e-05	5.2612e-07	-5.2928e-07	0.00099334	8.332e-11	-0.00099272	5.2782e-07	-5.31e-07	0.007021	2.2378e-10	-0.0070212	5.309e-07	-5.3398e-07	0.01842	4.7928e-10	-0.018392	5.3504e-07	-5.3814e-07	0.03161	9.997e-10	-0.031582	5.3966e-07	-5.4282e-07	0.04399	2.3569e-09	-0.04396	5.4386e-07	-5.4716e-07
0.505	7.3886e-07	-2.2487e-10	-7.381e-07	5.227e-07	-5.2566e-07	3.5578e-05	-4.403e-11	-3.553e-05	5.2624e-07	-5.295e-07	0.00100284	7.93e-11	-0.00100204	5.28e-07	-5.311e-07	0.0070576	2.2752e-10	-0.0070566	5.3102e-07	-5.3414e-07	0.01848	4.7348e-10	-0.018452	5.35e-07	-5.384e-07	0.031704	9.82e-10	-0.031678	5.3986e-07	-5.4302e-07	0.04416	2.3447e-09	-0.044128	5.44e-07	-5.4714e-07
0.51	7.5182e-07	-2.2322e-10	-7.4744e-07	5.2254e-07	-5.2594e-07	3.6048e-05	-4.671e-11	-3.6044e-05	5.263e-07	-5.2938e-07	0.00101212	8.345e-11	-0.00101178	5.2792e-07	-5.3112e-07	0.0070934	2.3089e-10	-0.0070936	5.311e-07	-5.3436e-07	0.01854	4.6642e-10	-0.01851	5.3538e-07	-5.3848e-07	0.031796	9.9303e-10	-0.031764	5.4012e-07	-5.4358e-07	0.04432	2.3345e-09	-0.04429	5.4432e-07	-5.4756e-07
0.515	7.6488e-07	-2.2384e-10	-7.6094e-07	5.2266e-07	-5.2588e-07	3.6628e-05	-4.567e-11	-3.6616e-05	5.2636e-07	-5.297e-07	0.0010224	8.338e-11	-0.00102198	5.2782e-07	-5.3122e-07	0.007129	2.306e-10	-0.0071272	5.3104e-07	-5.3426e-07	0.018602	4.7674e-10	-0.01857	5.3514e-07	-5.3854e-07	0.031886	9.8285e-10	-0.031862	5.4032e-07	-5.4352e-07	0.044486	2.3227e-09	-0.044456	5.4436e-07	-5.4772e-07
0.52	7.7806e-07	-2.316e-10	-7.7454e-07	5.2262e-07	-5.2588e-07	3.7132e-05	-5.09e-11	-3.713e-05	5.2624e-07	-5.2966e-07	0.00103246	8.412e-11	-0.0010322	5.278e-07	-5.3124e-07	0.007166	2.2742e-10	-0.0071638	5.308e-07	-5.3432e-07	0.018664	4.7256e-10	-0.01863	5.352e-07	-5.3894e-07	0.03198	9.872e-10	-0.03195	5.4032e-07	-5.4372e-07	0.044642	2.314e-09	-0.044608	5.4468e-07	-5.481e-07
0.525	7.9102e-07	-2.3267e-10	-7.8756e-07	5.226e-07	-5.2622e-07	3.766e-05	-5.215e-11	-3.7634e-05	5.2614e-07	-5.2986e-07	0.00104208	8.166e-11	-0.00104236	5.2808e-07	-5.3142e-07	0.0072038	2.2797e-10	-0.0072008	5.309e-07	-5.345e-07	0.018726	4.6596e-10	-0.018694	5.355e-07	-5.3888e-07	0.032068	9.8634e-10	-0.032034	5.4056e-07	-5.441e-07	0.044796	2.3019e-09	-0.044768	5.4466e-07	-5.4816e-07
0.53	8.0756e-07	-2.3259e-10	-8.0114e-07	5.2286e-07	-5.2628e-07	3.8212e-05	-5.234e-11	-3.82e-05	5.2618e-07	-5.2958e-07	0.00105194	8.333e-11	-0.00105166	5.2796e-07	-5.3148e-07	0.0072346	2.2899e-10	-0.0072352	5.3102e-07	-5.3466e-07	0.018782	4.741e-10	-0.018754	5.3564e-07	-5.3896e-07	0.032156	9.7691e-10	-0.032124	5.4064e-07	-5.4426e-07	0.044944	2.2959e-09	-0.044916	5.449e-07	-5.485e-07
0.535	8.1894e-07	-2.3706e-10	-8.1506e-07	5.2266e-07	-5.2618e-07	3.8784e-05	-4.934e-11	-3.874e-05	5.2616e-07	-5.2976e-07	0.0010623	8.296e-11	-0.00106168	5.2796e-07	-5.3184e-07	0.0072722	2.2567e-10	-0.0072716	5.3104e-07	-5.347e-07	0.018844	4.7556e-10	-0.018812	5.3552e-07	-5.3918e-07	0.032242	9.7421e-10	-0.032212	5.4062e-07	-5.4422e-07	0.04509	2.2933e-09	-0.045066	5.4526e-07	-5.487e-07
0.54	8.3286e-07	-2.4271e-10	-8.2814e-07	5.2274e-07	-5.2644e-07	3.9322e-05	-5.461e-11	-3.9292e-05	5.2616e-07	-5.2992e-07	0.0010728	7.805e-11	-0.00107228	5.2812e-07	-5.3172e-07	0.0073084	2.2541e-10	-0.007307	5.3094e-07	-5.3472e-07	0.018904	4.6973e-10	-0.01887	5.3552e-07	-5.3926e-07	0.032326	9.8332e-10	-0.032292	5.409e-07	-5.4456e-07	0.045238	2.281e-09	-0.045204	5.452e-07	-5.4886e-07
0.545	8.4744e-07	-2.4044e-10	-8.4292e-07	5.2302e-07	-5.2658e-07	3.9868e-05	-5.425e-11	-3.9852e-05	5.2602e-07	-5.2974e-07	0.001083	8.014e-11	-0.00108206	5.28e-07	-5.3156e-07	0.0073476	2.2973e-10	-0.0073454	5.3116e-07	-5.3502e-07	0.018962	4.6328e-10	-0.018928	5.3568e-07	-5.3938e-07	0.032412	9.7839e-10	-0.03238	5.4082e-07	-5.4456e-07	0.045374	2.2702e-09	-0.045346	5.4538e-07	-5.491e-07
0.55	8.6158e-07	-2.4269e-10	-8.57e-07	5.2284e-07	-5.2656e-07	4.0448e-05	-5.553e-11	-4.0416e-05	5.2614e-07	-5.2974e-07	0.00109214	8.233e-11	-0.00109258	5.2802e-07	-5.3182e-07	0.007381	2.3049e-10	-0.00738	5.3116e-07	-5.35e-07	0.019016	4.6964e-10	-0.018986	5.36e-07	-5.396e-07	0.032492	9.6896e-10	-0.032462	5.4102e-07	-5.4478e-07	0.045512	2.2666e-09	-0.04548	5.457e-07	-5.493e-07
0.555	8.7658e-07	-2.5445e-10	-8.7298e-07	5.2282e-07	-5.268e-07	4.1022e-05	-5.902e-11	-4.1022e-05	5.2634e-07	-5.3016e-07	0.00110236	8.098e-11	-0.00110224	5.2798e-07	-5.319e-07	0.0074188	2.2292e-10	-0.0074172	5.312e-07	-5.35e-07	0.019078	4.7266e-10	-0.019044	5.3588e-07	-5.3988e-07	0.032574	9.7057e-10	-0.032546	5.4114e-07	-5.4506e-07	0.045648	2.2648e-09	-0.045616	5.459e-07	-5.4974e-07
0.56	8.918e-07	-2.4855e-10	-8.8724e-07	5.2302e-07	-5.269e-07	4.1632e-05	-6.088e-11	-4.163e-05	5.2636e-07	-5.3036e-07	0.00111326	7.698e-11	-0.00111236	5.2792e-07	-5.319e-07	0.0074538	2.2225e-10	-0.0074536	5.3104e-07	-5.3508e-07	0.019132	4.6493e-10	-0.019106	5.3602e-07	-5.3998e-07	0.032662	9.7108e-10	-0.03263	5.4126e-07	-5.4536e-07	0.045778	2.2411e-09	-0.045748	5.4596e-07	-5.4998e-07
0.565	9.0686e-07	-2.5035e-10	-9.0252e-07	5.2284e-07	-5.2666e-07	4.2232e-05	-5.971e-11	-4.2196e-05	5.2614e-07	-5.3006e-07	0.00112326	7.648e-11	-0.00112358	5.2804e-07	-5.3214e-07	0.0074916	2.2685e-10	-0.0074902	5.3114e-07	-5.3534e-07	0.019192	4.6615e-10	-0.01916	5.3594e-07	-5.4014e-07	0.032744	9.7044e-10	-0.032708	5.414e-07	-5.4532e-07	0.045908	2.2338e-09	-0.045878	5.4632e-07	-5.4998e-07
0.57	9.2194e-07	-2.6128e-10	-9.1754e-07	5.2298e-07	-5.2686e-07	4.2848e-05	-6.009e-11	-4.2802e-05	5.2634e-07	-5.3032e-07	0.00113378	7.726e-11	-0.00113282	5.2808e-07	-5.3204e-07	0.0075262	2.2676e-10	-0.0075244	5.3116e-07	-5.3528e-07	0.01925	4.6594e-10	-0.019222	5.362e-07	-5.4e-07	0.032822	9.6201e-10	-0.032794	5.4148e-07	-5.4582e-07	0.046036	2.2331e-09	-0.046008	5.4622e-07	-5.5028e-07
0.575	9.3732e-07	-2.578e-10	-9.3262e-07	5.2292e-07	-5.2724e-07	4.3412e-05	-6.562e-11	-4.3392e-05	5.2636e-07	-5.3046e-07	0.00114386	8.046e-11	-0.00114336	5.2814e-07	-5.325e-07	0.007561	2.2622e-10	-0.007558	5.3122e-07	-5.3564e-07	0.019306	4.651e-10	-0.019274	5.3612e-07	-5.4026e-07	0.032904	9.6613e-10	-0.03287	5.4164e-07	-5.4572e-07	0.04616	2.2249e-09	-0.046128	5.4652e-07	-5.5084e-07
0.58	9.5362e-07	-2.5989e-10	-9.4896e-07	5.2296e-07	-5.2718e-07	4.403e-05	-6.347e-11	-4.3988e-05	5.262e-07	-5.3056e-07	0.0011548	7.857e-11	-0.00115374	5.2782e-07	-5.3246e-07	0.0075954	2.2693e-10	-0.0075936	5.3148e-07	-5.3568e-07	0.019366	4.6318e-10	-0.019338	5.3616e-07	-5.4052e-07	0.032984	9.6557e-10	-0.03295	5.418e-07	-5.4614e-07	0.04628	2.2164e-09	-0.046252	5.468e-07	-5.508e-07
0.585	9.6918e-07	-2.7131e-10	-9.653e-07	5.232e-07	-5.2718e-07	4.4614e-05	-6.617e-11	-4.461e-05	5.263e-07	-5.3042e-07	0.0011646	7.421e-11	-0.00116462	5.2796e-07	-5.3226e-07	0.0076298	2.2686e-10	-0.0076288	5.3126e-07	-5.3568e-07	0.019424	4.6467e-10	-0.019396	5.3632e-07	-5.4074e-07	0.03306	9.5838e-10	-0.033034	5.418e-07	-5.4626e-07	0.046402	2.2116e-09	-0.04637	5.468e-07	-5.5118e-07
0.59	9.861e-07	-2.709e-10	-9.815e-07	5.2308e-07	-5.2742e-07	4.5258e-05	-6.851e-11	-4.5232e-05	5.2626e-07	-5.3046e-07	0.0011758	7.396e-11	-0.0011742	5.279e-07	-5.3262e-07	0.0076676	2.2243e-10	-0.0076676	5.314e-07	-5.3592e-07	0.019482	4.6433e-10	-0.019454	5.363e-07	-5.4068e-07	0.033138	9.6302e-10	-0.033104	5.419e-07	-5.463e-07	0.046522	2.208e-09	-0.046492	5.4726e-07	-5.5158e-07
0.595	1.0031e-06	-2.7038e-10	-9.9892e-07	5.23e-07	-5.2724e-07	4.5894e-05	-7.469e-11	-4.5846e-05	5.2604e-07	-5.3054e-07	0.0011864	7.728e-11	-0.0011854	5.279e-07	-5.325e-07	0.0077038	2.1989e-10	-0.0077048	5.3126e-07	-5.3586e-07	0.019538	4.6448e-10	-0.019506	5.3656e-07	-5.4108e-07	0.03322	9.6225e-10	-0.033188	5.4222e-07	-5.4652e-07	0.046638	2.2004e-09	-0.046606	5.472e-07	-5.5178e-07
0.6	1.01982e-06	-2.7714e-10	-1.01558e-06	5.2322e-07	-5.2744e-07	4.646e-05	-7.207e-11	-4.6482e-05	5.2628e-07	-5.3078e-07	0.0011974	7.27e-11	-0.0011958	5.2796e-07	-5.3262e-07	0.0077392	2.2337e-10	-0.0077382	5.3134e-07	-5.359e-07	0.019596	4.6213e-10	-0.019568	5.3654e-07	-5.4118e-07	0.033294	9.576e-10	-0.033264	5.4242e-07	-5.4684e-07	0.046748	2.1952e-09	-0.046722	5.4752e-07	-5.5202e-07
0.605	1.0366e-06	-2.8232e-10	-1.03138e-06	5.2314e-07	-5.2758e-07	4.714e-05	-7.255e-11	-4.7128e-05	5.2604e-07	-5.3088e-07	0.0012072	7.15e-11	-0.0012066	5.282e-07	-5.3266e-07	0.0077752	2.2784e-10	-0.0077736	5.3152e-07	-5.3608e-07	0.019656	4.6301e-10	-0.019624	5.3654e-07	-5.4118e-07	0.03337	9.6012e-10	-0.033338	5.4246e-07	-5.4708e-07	0.046866	2.195e-09	-0.046838	5.4758e-07	-5.5206e-07
0.61	1.05388e-06	-2.819e-10	-1.04806e-06	5.2304e-07	-5.2772e-07	4.786e-05	-7.414e-11	-4.7832e-05	5.2634e-07	-5.3094e-07	0.0012186	7.307e-11	-0.0012176	5.2822e-07	-5.3294e-07	0.0078108	2.2419e-10	-0.0078102	5.314e-07	-5.3612e-07	0.019708	4.6825e-10	-0.01968	5.3662e-07	-5.4152e-07	0.033442	9.5805e-10	-0.033414	5.4224e-07	-5.472e-07	0.046974	2.187e-09	-0.046944	5.4778e-07	-5.5232e-07
0.615	1.07162e-06	-2.8719e-10	-1.06656e-06	5.2292e-07	-5.2778e-07	4.8488e-05	-7.823e-11	-4.8454e-05	5.2634e-07	-5.3098e-07	0.0012286	7.289e-11	-0.001228	5.279e-07	-5.3302e-07	0.0078456	2.2143e-10	-0.0078454	5.3158e-07	-5.3628e-07	0.01977	4.6023e-10	-0.019738	5.3658e-07	-5.4158e-07	0.033516	9.54e-10	-0.033488	5.4254e-07	-5.4728e-07	0.047082	2.1809e-09	-0.04705	5.4812e-07	-5.5254e-07
0.62	1.08944e-06	-2.9474e-10	-1.08402e-06	5.2324e-07	-5.2786e-07	4.9156e-05	-7.79e-11	-4.9164e-05	5.2636e-07	-5.3096e-07	0.0012396	7.013e-11	-0.0012396	5.281e-07	-5.3304e-07	0.0078848	2.2355e-10	-0.0078826	5.3174e-07	-5.367e-07	0.019824	4.5972e-10	-0.019794	5.3668e-07	-5.417e-07	0.033594	9.5631e-10	-0.033566	5.4268e-07	-5.4762e-07	0.047186	2.1823e-09	-0.047162	5.4832e-07	-5.5286e-07
0.625	1.1082e-06	-2.9077e-10	-1.10228e-06	5.2292e-07	-5.2774e-07	4.9796e-05	-7.931e-11	-4.9826e-05	5.263e-07	-5.3112e-07	0.001251	7.298e-11	-0.0012502	5.2806e-07	-5.3308e-07	0.0079188	2.2122e-10	-0.0079182	5.3168e-07	-5.3654e-07	0.019882	4.6378e-10	-0.019848	5.3676e-07	-5.4198e-07	0.033666	9.5806e-10	-0.033638	5.4272e-07	-5.4772e-07	0.047298	2.1767e-09	-0.047266	5.4852e-07	-5.5346e-07
0.63	1.12772e-06	-2.9731e-10	-1.12234e-06	5.2326e-07	-5.2796e-07	5.052e-05	-8.12e-11	-5.0528e-05	5.2604e-07	-5.3128e-07	0.0012622	7.219e-11	-0.0012612	5.2818e-07	-5.3328e-07	0.0079544	2.2061e-10	-0.007954	5.3156e-07	-5.367e-07	0.019938	4.6259e-10	-0.019906	5.3726e-07	-5.4208e-07	0.033742	9.5271e-10	-0.033712	5.4304e-07	-5.4806e-07	0.047404	2.1682e-09	-0.047372	5.4858e-07	-5.5372e-07
0.635	1.14634e-06	-3.1206e-10	-1.14084e-06	5.2306e-07	-5.2826e-07	5.118e-05	-8.797e-11	-5.1172e-05	5.2612e-07	-5.3122e-07	0.0012734	6.696e-11	-0.001272	5.2824e-07	-5.3334e-07	0.0079894	2.2407e-10	-0.0079892	5.317e-07	-5.3692e-07	0.019992	4.6134e-10	-0.01996	5.371e-07	-5.4224e-07	0.033816	9.5175e-10	-0.033784	5.4308e-07	-5.4828e-07	0.047496	2.1617e-09	-0.047466	5.489e-07	-5.539e-07
0.64	1.1688e-06	-3.0767e-10	-1.1591e-06	5.2306e-07	-5.2834e-07	5.189e-05	-8.841e-11	-5.1904e-05	5.2622e-07	-5.3124e-07	0.0012844	6.484e-11	-0.0012836	5.2818e-07	-5.3354e-07	0.0080246	2.2706e-10	-0.0080268	5.3152e-07	-5.3688e-07	0.020048	4.5783e-10	-0.020016	5.3714e-07	-5.4234e-07	0.033886	9.5256e-10	-0.033858	5.4336e-07	-5.4858e-07	0.047604	2.1683e-09	-0.04757	5.4908e-07	-5.5414e-07
0.645	1.1865e-06	-3.0658e-10	-1.1779e-06	5.2326e-07	-5.283e-07	5.2636e-05	-9.028e-11	-5.2638e-05	5.2604e-07	-5.3126e-07	0.0012952	6.416e-11	-0.0012938	5.2832e-07	-5.3364e-07	0.0080596	2.1862e-10	-0.0080606	5.318e-07	-5.3712e-07	0.0201	4.5849e-10	-0.020076	5.3714e-07	-5.4264e-07	0.033964	9.4671e-10	-0.033934	5.434e-07	-5.4884e-07	0.047702	2.1623e-09	-0.04767	5.4922e-07	-5.5434e-07
0.65	1.2074e-06	-3.1385e-10	-1.1981e-06	5.231e-07	-5.2846e-07	5.3392e-05	-9.18e-11	-5.3348e-05	5.2616e-07	-5.315e-07	0.0013062	6.811e-11	-0.0013054	5.2808e-07	-5.3368e-07	0.008099	2.173e-10	-0.008098	5.3156e-07	-5.371e-07	0.020156	4.617e-10	-0.02013	5.3726e-07	-5.4264e-07	0.034036	9.4781e-10	-0.034004	5.4336e-07	-5.488e-07	0.0478	2.152e-09	-0.047772	5.4948e-07	-5.5474e-07
0.655	1.2257e-06	-3.2526e-10	-1.2168e-06	5.2316e-07	-5.285e-07	5.4058e-05	-9.725e-11	-5.406e-05	5.2622e-07	-5.3148e-07	0.0013176	6.342e-11	-0.0013168	5.2804e-07	-5.3378e-07	0.0081348	2.1916e-10	-0.0081346	5.317e-07	-5.3728e-07	0.020218	4.6094e-10	-0.020184	5.3744e-07	-5.428e-07	0.034108	9.5213e-10	-0.034074	5.4378e-07	-5.491e-07	0.047894	2.1573e-09	-0.047868	5.494e-07	-5.5504e-07
0.66	1.2469e-06	-3.2379e-10	-1.2387e-06	5.2328e-07	-5.2856e-07	5.481e-05	-9.764e-11	-5.4812e-05	5.2618e-07	-5.3188e-07	0.001329	6.268e-11	-0.0013278	5.283e-07	-5.3356e-07	0.008171	2.2233e-10	-0.0081692	5.3174e-07	-5.3758e-07	0.020274	4.5555e-10	-0.020238	5.3748e-07	-5.432e-07	0.034176	9.4787e-10	-0.034148	5.4362e-07	-5.4922e-07	0.047996	2.1542e-09	-0.047962	5.4982e-07	-5.554e-07
0.665	1.2675e-06	-3.2435e-10	-1.2569e-06	5.2328e-07	-5.287e-07	5.5506e-05	-9.975e-11	-5.5492e-05	5.262e-07	-5.3188e-07	0.0013402	6.492e-11	-0.001339	5.283e-07	-5.3402e-07	0.0082078	2.225e-10	-0.0082048	5.3164e-07	-5.3742e-07	0.020328	4.5878e-10	-0.020298	5.3758e-07	-5.4326e-07	0.034254	9.4014e-10	-0.034216	5.44e-07	-5.4936e-07	0.048086	2.1493e-09	-0.048052	5.5008e-07	-5.5546e-07
0.67	1.2885e-06	-3.3272e-10	-1.2807e-06	5.2344e-07	-5.2888e-07	5.6312e-05	-1.0091e-10	-5.6272e-05	5.2604e-07	-5.3184e-07	0.001351	6.601e-11	-0.0013504	5.2828e-07	-5.3408e-07	0.0082418	2.1967e-10	-0.0082424	5.319e-07	-5.3758e-07	0.020384	4.591e-10	-0.02035	5.3766e-07	-5.4362e-07	0.034324	9.474e-10	-0.034292	5.4412e-07	-5.4958e-07	0.048184	2.1514e-09	-0.048148	5.5022e-07	-5.5594e-07
0.675	1.3097e-06	-3.4098e-10	-1.2991e-06	5.2346e-07	-5.2908e-07	5.7046e-05	-1.0324e-10	-5.707e-05	5.2604e-07	-5.3182e-07	0.001364	6.144e-11	-0.0013626	5.2806e-07	-5.3396e-07	0.0082784	2.2047e-10	-0.008278	5.318e-07	-5.3766e-07	0.020436	4.5496e-10	-0.020406	5.3798e-07	-5.4358e-07	0.03439	9.4691e-10	-0.034358	5.4406e-07	-5.5004e-07	0.04827	2.1491e-09	-0.048242	5.5028e-07	-5.5614e-07
0.68	1.3316e-06	-3.3979e-10	-1.3225e-06	5.2352e-07	-5.2896e-07	5.7812e-05	-1.0557e-10	-5.777e-05	5.2604e-07	-5.3194e-07	0.0013746	5.711e-11	-0.001375	5.282e-07	-5.3398e-07	0.0083132	2.1801e-10	-0.0083118	5.3176e-07	-5.3794e-07	0.02049	4.5899e-10	-0.02046	5.3786e-07	-5.44e-07	0.034464	9.4444e-10	-0.034432	5.4412e-07	-5.503e-07	0.048366	2.1424e-09	-0.04833	5.5072e-07	-5.5654e-07
0.685	1.3523e-06	-3.5044e-10	-1.3449e-06	5.2348e-07	-5.2934e-07	5.8552e-05	-1.0782e-10	-5.8586e-05	5.262e-07	-5.3224e-07	0.0013862	5.754e-11	-0.0013848	5.2812e-07	-5.3422e-07	0.0083518	2.156e-10	-0.0083506	5.3182e-07	-5.38e-07	0.020544	4.5646e-10	-0.020512	5.3814e-07	-5.4406e-07	0.034526	9.4224e-10	-0.034498	5.4436e-07	-5.5034e-07	0.048454	2.1414e-09	-0.048428	5.5094e-07	-5.568e-07
0.69	1.3753e-06	-3.5657e-10	-1.365e-06	5.234e-07	-5.294e-07	5.9456e-05	-1.0623e-10	-5.9324e-05	5.2622e-07	-5.3216e-07	0.001398	5.937e-11	-0.0013968	5.2828e-07	-5.345e-07	0.0083868	2.1662e-10	-0.0083868	5.318e-07	-5.382e-07	0.020596	4.5836e-10	-0.020568	5.3808e-07	-5.4428e-07	0.034602	9.4435e-10	-0.034566	5.4466e-07	-5.5078e-07	0.04854	2.1431e-09	-0.048514	5.5072e-07	-5.5686e-07
0.695	1.3975e-06	-3.5371e-10	-1.3877e-06	5.234e-07	-5.2942e-07	6.0208e-05	-1.1404e-10	-6.0128e-05	5.2624e-07	-5.3224e-07	0.0014092	5.411e-11	-0.0014082	5.2838e-07	-5.344e-07	0.0084224	2.2364e-10	-0.0084224	5.318e-07	-5.38e-07	0.020658	4.548e-10	-0.020624	5.3834e-07	-5.4442e-07	0.03467	9.4134e-10	-0.034636	5.4472e-07	-5.5104e-07	0.048632	2.1379e-09	-0.0486	5.5124e-07	-5.5716e-07
0.7	1.4197e-06	-3.592e-10	-1.4091e-06	5.234e-07	-5.2964e-07	6.0948e-05	-1.178e-10	-6.0954e-05	5.2612e-07	-5.3236e-07	0.0014202	5.307e-11	-0.0014206	5.2824e-07	-5.345e-07	0.008458	2.1663e-10	-0.0084556	5.3192e-07	-5.3844e-07	0.020708	4.5622e-10	-0.020678	5.384e-07	-5.4466e-07	0.034738	9.3691e-10	-0.034708	5.4498e-07	-5.5128e-07	0.04872	2.136e-09	-0.048686	5.5126e-07	-5.5746e-07
0.705	1.4449e-06	-3.7398e-10	-1.4346e-06	5.2342e-07	-5.2966e-07	6.1768e-05	-1.1853e-10	-6.1742e-05	5.2606e-07	-5.3242e-07	0.0014324	5.53e-11	-0.001432	5.281e-07	-5.3458e-07	0.0084942	2.1129e-10	-0.0084938	5.3228e-07	-5.3864e-07	0.020766	4.5592e-10	-0.020732	5.3844e-07	-5.4464e-07	0.034802	9.4469e-10	-0.034778	5.4492e-07	-5.5122e-07	0.048806	2.1393e-09	-0.048774	5.5162e-07	-5.5798e-07
0.71	1.4694e-06	-3.7287e-10	-1.4575e-06	5.2316e-07	-5.2952e-07	6.2572e-05	-1.2092e-10	-6.2564e-05	5.261e-07	-5.3264e-07	0.0014446	5.421e-11	-0.001444	5.283e-07	-5.3484e-07	0.0085272	2.1534e-10	-0.0085296	5.3228e-07	-5.3886e-07	0.020816	4.5362e-10	-0.02079	5.3856e-07	-5.448e-07	0.034872	9.4342e-10	-0.034844	5.4508e-07	-5.5172e-07	0.04889	2.136e-09	-0.048862	5.5172e-07	-5.5804e-07
0.715	1.4919e-06	-3.7551e-10	-1.481e-06	5.233e-07	-5.2964e-07	6.3442e-05	-1.2527e-10	-6.3446e-05	5.2618e-07	-5.3278e-07	0.0014554	5.176e-11	-0.0014556	5.2818e-07	-5.3476e-07	0.0085666	2.167e-10	-0.0085654	5.3228e-07	-5.3892e-07	0.020874	4.559e-10	-0.020846	5.3844e-07	-5.4516e-07	0.034944	9.3422e-10	-0.034912	5.452e-07	-5.5192e-07	0.048976	2.1303e-09	-0.048938	5.5216e-07	-5.5858e-07
0.72	1.5177e-06	-3.8335e-10	-1.5065e-06	5.235e-07	-5.2992e-07	6.4248e-05	-1.2922e-10	-6.426e-05	5.2616e-07	-5.3278e-07	0.0014674	4.831e-11	-0.0014674	5.2816e-07	-5.3486e-07	0.0086014	2.1531e-10	-0.0086008	5.3234e-07	-5.3884e-07	0.020928	4.562e-10	-0.020892	5.3852e-07	-5.4538e-07	0.035008	9.3563e-10	-0.034976	5.452e-07	-5.5212e-07	0.04906	2.1327e-09	-0.049028	5.5236e-07	-5.5858e-07
0.725	1.5414e-06	-3.8821e-10	-1.5296e-06	5.233e-07	-5.3022e-07	6.5106e-05	-1.3085e-10	-6.5076e-05	5.2594e-07	-5.3306e-07	0.0014804	4.884e-11	-0.0014794	5.282e-07	-5.3504e-07	0.0086378	2.1498e-10	-0.008638	5.3234e-07	-5.392e-07	0.02098	4.5494e-10	-0.020948	5.3858e-07	-5.454e-07	0.035078	9.4323e-10	-0.035046	5.4544e-07	-5.522e-07	0.04914	2.1371e-09	-0.04911	5.5242e-07	-5.5914e-07
0.73	1.5666e-06	-3.934e-10	-1.5538e-06	5.2352e-07	-5.303e-07	6.5956e-05	-1.3326e-10	-6.595e-05	5.2616e-07	-5.3286e-07	0.0014924	4.662e-11	-0.0014906	5.284e-07	-5.3506e-07	0.0086718	2.1629e-10	-0.00867	5.3216e-07	-5.3936e-07	0.02103	4.4892e-10	-0.021	5.3862e-07	-5.457e-07	0.035148	9.3964e-10	-0.035114	5.458e-07	-5.525e-07	0.049224	2.1314e-09	-0.049192	5.526e-07	-5.5932e-07
0.735	1.5921e-06	-3.9909e-10	-1.5814e-06	5.2356e-07	-5.3052e-07	6.6796e-05	-1.3684e-10	-6.6852e-05	5.262e-07	-5.3322e-07	0.001504	4.122e-11	-0.0015032	5.2814e-07	-5.3506e-07	0.0087108	2.1222e-10	-0.0087112	5.3226e-07	-5.3948e-07	0.02109	4.5085e-10	-0.021058	5.387e-07	-5.4572e-07	0.035208	9.3409e-10	-0.035178	5.4574e-07	-5.5254e-07	0.049308	2.1257e-09	-0.049274	5.5296e-07	-5.5984e-07
0.74	1.6172e-06	-4.0822e-10	-1.6076e-06	5.2338e-07	-5.3034e-07	6.7702e-05	-1.3954e-10	-6.7708e-05	5.2616e-07	-5.3324e-07	0.001516	4.379e-11	-0.0015152	5.2824e-07	-5.3534e-07	0.0087456	2.1067e-10	-0.0087462	5.323e-07	-5.3956e-07	0.02114	4.5698e-10	-0.021112	5.3886e-07	-5.4602e-07	0.035278	9.3897e-10	-0.035244	5.4614e-07	-5.5296e-07	0.049388	2.1286e-09	-0.049356	5.53e-07	-5.6002e-07
0.745	1.6435e-06	-4.093e-10	-1.6328e-06	5.235e-07	-5.3064e-07	6.8604e-05	-1.4311e-10	-6.8576e-05	5.26e-07	-5.3324e-07	0.0015286	4.502e-11	-0.0015278	5.2834e-07	-5.3538e-07	0.008782	2.1112e-10	-0.0087814	5.3228e-07	-5.3954e-07	0.021194	4.5511e-10	-0.021162	5.3898e-07	-5.4638e-07	0.035344	9.3881e-10	-0.035314	5.4598e-07	-5.5344e-07	0.04947	2.1315e-09	-0.049438	5.5334e-07	-5.6028e-07
0.75	1.6714e-06	-4.1585e-10	-1.6621e-06	5.2356e-07	-5.309e-07	6.9506e-05	-1.4919e-10	-6.9478e-05	5.2614e-07	-5.333e-07	0.0015402	3.914e-11	-0.0015402	5.2814e-07	-5.3574e-07	0.0088168	2.1537e-10	-0.0088156	5.3252e-07	-5.3992e-07	0.021244	4.4965e-10	-0.021222	5.391e-07	-5.468e-07	0.03541	9.3518e-10	-0.035378	5.463e-07	-5.5362e-07	0.04955	2.1308e-09	-0.049518	5.5354e-07	-5.6068e-07
0.755	1.6988e-06	-4.2634e-10	-1.6917e-06	5.2362e-07	-5.3068e-07	7.041e-05	-1.5052e-10	-7.0352e-05	5.2614e-07	-5.334e-07	0.001553	3.852e-11	-0.0015532	5.2828e-07	-5.3586e-07	0.0088526	2.1418e-10	-0.0088518	5.3236e-07	-5.3984e-07	0.021302	4.4882e-10	-0.021268	5.3916e-07	-5.468e-07	0.035476	9.3273e-10	-0.035442	5.4622e-07	-5.537e-07	0.049632	2.1283e-09	-0.049602	5.5352e-07	-5.6088e-07
0.76	1.7264e-06	-4.2721e-10	-1.715e-06	5.2338e-07	-5.3098e-07	7.1316e-05	-1.5583e-10	-7.1202e-05	5.26e-07	-5.3362e-07	0.001565	3.81e-11	-0.0015648	5.2836e-07	-5.3586e-07	0.0088888	2.1074e-10	-0.0088886	5.323e-07	-5.4e-07	0.021352	4.5717e-10	-0.021324	5.3932e-07	-5.4696e-07	0.035542	9.3821e-10	-0.03551	5.4644e-07	-5.5396e-07	0.049708	2.1249e-09	-0.049676	5.5384e-07	-5.6132e-07
0.765	1.754e-06	-4.3125e-10	-1.7417e-06	5.2346e-07	-5.3108e-07	7.2196e-05	-1.5828e-10	-7.2224e-05	5.262e-07	-5.3366e-07	0.0015774	3.568e-11	-0.0015764	5.2836e-07	-5.3598e-07	0.0089252	2.0772e-10	-0.0089214	5.3268e-07	-5.4032e-07	0.021408	4.516e-10	-0.021378	5.3928e-07	-5.4724e-07	0.035602	9.3729e-10	-0.035572	5.4658e-07	-5.5426e-07	0.049786	2.1211e-09	-0.04976	5.5386e-07	-5.617e-07
0.77	1.7833e-06	-4.4102e-10	-1.7711e-06	5.2374e-07	-5.3142e-07	7.3166e-05	-1.6154e-10	-7.3272e-05	5.2604e-07	-5.339e-07	0.00159	3.162e-11	-0.0015898	5.2822e-07	-5.361e-07	0.0089612	2.0787e-10	-0.0089626	5.3248e-07	-5.4036e-07	0.021462	4.4955e-10	-0.02143	5.3942e-07	-5.4742e-07	0.03567	9.3091e-10	-0.035638	5.4694e-07	-5.5438e-07	0.049864	2.1241e-09	-0.049834	5.5428e-07	-5.6198e-07
0.775	1.8117e-06	-4.5164e-10	-1.7998e-06	5.236e-07	-5.3158e-07	7.41e-05	-1.6348e-10	-7.4092e-05	5.26e-07	-5.3396e-07	0.001603	3.036e-11	-0.0016022	5.2816e-07	-5.3604e-07	0.008998	2.1122e-10	-0.0089976	5.3262e-07	-5.4058e-07	0.021512	4.4803e-10	-0.021484	5.3964e-07	-5.4714e-07	0.03574	9.348e-10	-0.035704	5.4686e-07	-5.5482e-07	0.049936	2.1332e-09	-0.04991	5.5458e-07	-5.6228e-07
0.78	1.8405e-06	-4.4993e-10	-1.8338e-06	5.2352e-07	-5.3164e-07	7.5072e-05	-1.6732e-10	-7.5e-05	5.263e-07	-5.3428e-07	0.0016152	3.5e-11	-0.0016146	5.2818e-07	-5.3632e-07	0.009036	2.0939e-10	-0.0090332	5.3254e-07	-5.407e-07	0.021568	4.5643e-10	-0.021536	5.3958e-07	-5.4762e-07	0.035796	9.3416e-10	-0.035766	5.4696e-07	-5.5502e-07	0.050018	2.1254e-09	-0.049984	5.5452e-07	-5.6246e-07
0.785	1.8686e-06	-4.5742e-10	-1.8563e-06	5.2362e-07	-5.3172e-07	7.5974e-05	-1.7027e-10	-7.5996e-05	5.2616e-07	-5.3424e-07	0.0016278	3.194e-11	-0.0016272	5.282e-07	-5.3632e-07	0.0090698	2.1044e-10	-0.0090678	5.3266e-07	-5.4086e-07	0.02162	4.5312e-10	-0.021592	5.3976e-07	-5.4798e-07	0.03586	9.3269e-10	-0.035834	5.4734e-07	-5.551e-07	0.050092	2.1246e-09	-0.05006	5.5472e-07	-5.6294e-07
0.79	1.8977e-06	-4.7231e-10	-1.8877e-06	5.235e-07	-5.3158e-07	7.6938e-05	-1.764e-10	-7.6938e-05	5.2624e-07	-5.3428e-07	0.0016418	2.339e-11	-0.00164	5.2818e-07	-5.366e-07	0.0091052	2.0405e-10	-0.0091044	5.3274e-07	-5.4092e-07	0.021672	4.4159e-10	-0.021644	5.3986e-07	-5.4814e-07	0.035932	9.3229e-10	-0.035898	5.4746e-07	-5.557e-07	0.050164	2.1263e-09	-0.050136	5.5518e-07	-5.631e-07
0.795	1.929e-06	-4.7334e-10	-1.9149e-06	5.2342e-07	-5.316e-07	7.7986e-05	-1.7926e-10	-7.7908e-05	5.2624e-07	-5.346e-07	0.0016532	2.322e-11	-0.0016528	5.2818e-07	-5.3664e-07	0.0091442	2.066e-10	-0.009142	5.329e-07	-5.4132e-07	0.021728	4.5086e-10	-0.021694	5.4e-07	-5.483e-07	0.03599	9.3643e-10	-0.035958	5.4774e-07	-5.5612e-07	0.050244	2.1253e-09	-0.050214	5.5522e-07	-5.6342e-07
0.8	1.9598e-06	-4.8021e-10	-1.9488e-06	5.234e-07	-5.3196e-07	7.8984e-05	-1.8376e-10	-7.8852e-05	5.2606e-07	-5.3478e-07	0.0016662	2.657e-11	-0.001665	5.2844e-07	-5.368e-07	0.0091774	2.0434e-10	-0.0091786	5.33e-07	-5.4138e-07	0.021778	4.5221e-10	-0.021748	5.4014e-07	-5.4844e-07	0.036056	9.3405e-10	-0.036022	5.4766e-07	-5.561e-07	0.050316	2.1265e-09	-0.050286	5.5562e-07	-5.6384e-07
0.805	1.9909e-06	-4.8919e-10	-1.9824e-06	5.235e-07	-5.3194e-07	7.9886e-05	-1.8729e-10	-7.99e-05	5.2622e-07	-5.3458e-07	0.0016782	2.198e-11	-0.0016772	5.284e-07	-5.3698e-07	0.0092146	2.0544e-10	-0.009213	5.3288e-07	-5.4158e-07	0.021826	4.4283e-10	-0.0218	5.4014e-07	-5.4864e-07	0.03612	9.3148e-10	-0.036086	5.4788e-07	-5.5638e-07	0.050386	2.1275e-09	-0.050354	5.5586e-07	-5.644e-07
0.81	2.0214e-06	-4.9664e-10	-2.008e-06	5.2374e-07	-5.3222e-07	8.091e-05	-1.9126e-10	-8.0884e-05	5.2602e-07	-5.3472e-07	0.001692	1.544e-11	-0.0016906	5.2818e-07	-5.3722e-07	0.0092512	2.0547e-10	-0.0092516	5.3306e-07	-5.418e-07	0.021882	4.4558e-10	-0.021852	5.4016e-07	-5.4906e-07	0.036184	9.2865e-10	-0.03615	5.4818e-07	-5.5698e-07	0.050464	2.1306e-09	-0.050438	5.5616e-07	-5.6448e-07
0.815	2.0558e-06	-4.9763e-10	-2.0423e-06	5.2346e-07	-5.3236e-07	8.1884e-05	-1.9601e-10	-8.1864e-05	5.263e-07	-5.3516e-07	0.0017042	1.827e-11	-0.001704	5.2824e-07	-5.3716e-07	0.009289	2.0319e-10	-0.009286	5.329e-07	-5.4212e-07	0.02194	4.5385e-10	-0.021906	5.4036e-07	-5.4934e-07	0.036248	9.351e-10	-0.036214	5.4818e-07	-5.5704e-07	0.050538	2.1261e-09	-0.05051	5.5612e-07	-5.6512e-07
0.82	2.0881e-06	-5.083e-10	-2.076e-06	5.2354e-07	-5.3264e-07	8.296e-05	-2.0089e-10	-8.2982e-05	5.2624e-07	-5.3516e-07	0.0017172	1.637e-11	-0.001717	5.2826e-07	-5.3752e-07	0.0093246	2.0145e-10	-0.0093244	5.3316e-07	-5.4218e-07	0.02199	4.4823e-10	-0.021958	5.4044e-07	-5.4958e-07	0.036314	9.3678e-10	-0.03628	5.487e-07	-5.575e-07	0.050614	2.1257e-09	-0.050586	5.5636e-07	-5.6522e-07
0.825	2.1235e-06	-5.2105e-10	-2.1114e-06	5.2372e-07	-5.3242e-07	8.403e-05	-2.0452e-10	-8.4004e-05	5.2604e-07	-5.3524e-07	0.0017312	1.054e-11	-0.0017308	5.2832e-07	-5.3762e-07	0.00936	1.9892e-10	-0.0093608	5.3322e-07	-5.423e-07	0.022044	4.383e-10	-0.02201	5.404e-07	-5.4968e-07	0.036374	9.2984e-10	-0.03634	5.4856e-07	-5.576e-07	0.050682	2.1324e-09	-0.05065	5.5652e-07	-5.656e-07
0.83	2.1562e-06	-5.2285e-10	-2.1446e-06	5.2358e-07	-5.3266e-07	8.5096e-05	-2.0936e-10	-8.5086e-05	5.2624e-07	-5.3544e-07	0.0017444	5.93e-12	-0.0017444	5.2826e-07	-5.3782e-07	0.009395	2.0038e-10	-0.009396	5.3304e-07	-5.427e-07	0.02209	4.4549e-10	-0.022062	5.4054e-07	-5.4998e-07	0.036434	9.2624e-10	-0.036408	5.489e-07	-5.5826e-07	0.050756	2.1319e-09	-0.050728	5.5684e-07	-5.6608e-07
0.835	2.1921e-06	-5.2833e-10	-2.1796e-06	5.237e-07	-5.3286e-07	8.6144e-05	-2.1325e-10	-8.6138e-05	5.2636e-07	-5.357e-07	0.0017572	1.098e-11	-0.0017564	5.2834e-07	-5.3768e-07	0.0094332	1.9965e-10	-0.009432	5.3342e-07	-5.4278e-07	0.022146	4.4863e-10	-0.022116	5.4066e-07	-5.5018e-07	0.036496	9.3193e-10	-0.036462	5.4912e-07	-5.5846e-07	0.050824	2.1297e-09	-0.0508	5.57e-07	-5.665e-07
0.84	2.2262e-06	-5.3877e-10	-2.2143e-06	5.2368e-07	-5.331e-07	8.7238e-05	-2.1744e-10	-8.7172e-05	5.2598e-07	-5.3564e-07	0.0017712	7.06e-12	-0.0017694	5.2824e-07	-5.3794e-07	0.0094688	2.0024e-10	-0.0094664	5.3336e-07	-5.4302e-07	0.022196	4.4604e-10	-0.022168	5.4086e-07	-5.5058e-07	0.03656	9.3106e-10	-0.036528	5.4916e-07	-5.5882e-07	0.050898	2.1263e-09	-0.050866	5.5726e-07	-5.6688e-07
0.845	2.2635e-06	-5.5004e-10	-2.2485e-06	5.2356e-07	-5.332e-07	8.8378e-05	-2.2609e-10	-8.8312e-05	5.263e-07	-5.3598e-07	0.0017838	1.78e-12	-0.0017834	5.285e-07	-5.3816e-07	0.0095058	1.9642e-10	-0.009505	5.3318e-07	-5.4324e-07	0.022248	4.444e-10	-0.022222	5.4098e-07	-5.509e-07	0.036622	9.2799e-10	-0.036592	5.4922e-07	-5.5908e-07	0.050964	2.1309e-09	-0.050934	5.5758e-07	-5.6708e-07
0.85	2.2975e-06	-5.5137e-10	-2.2848e-06	5.2368e-07	-5.332e-07	8.9412e-05	-2.2682e-10	-8.942e-05	5.2606e-07	-5.3586e-07	0.0017964	-1.08e-12	-0.0017964	5.2832e-07	-5.3822e-07	0.0095422	1.9697e-10	-0.0095414	5.3346e-07	-5.433e-07	0.022304	4.4546e-10	-0.022276	5.409e-07	-5.51e-07	0.03668	9.3266e-10	-0.03665	5.4932e-07	-5.5938e-07	0.051038	2.1383e-09	-0.051008	5.5796e-07	-5.6748e-07
0.855	2.3361e-06	-5.5924e-10	-2.3209e-06	5.2368e-07	-5.3362e-07	9.0566e-05	-2.3017e-10	-9.0484e-05	5.2628e-07	-5.362e-07	0.0018102	-1.12e-12	-0.0018098	5.2854e-07	-5.385e-07	0.0095796	1.9309e-10	-0.009579	5.3334e-07	-5.436e-07	0.02236	4.4281e-10	-0.022328	5.4098e-07	-5.5134e-07	0.036746	9.3137e-10	-0.036718	5.4972e-07	-5.5978e-07	0.051108	2.1314e-09	-0.051076	5.5788e-07	-5.6788e-07
0.86	2.3714e-06	-5.7325e-10	-2.3576e-06	5.2398e-07	-5.3364e-07	9.1672e-05	-2.3639e-10	-9.1652e-05	5.2606e-07	-5.3618e-07	0.0018238	-4.9e-12	-0.0018228	5.283e-07	-5.3852e-07	0.0096166	1.9385e-10	-0.009615	5.3346e-07	-5.4376e-07	0.022408	4.3865e-10	-0.02238	5.4116e-07	-5.5156e-07	0.036806	9.2671e-10	-0.036772	5.4968e-07	-5.6012e-07	0.051178	2.1397e-09	-0.05115	5.5806e-07	-5.6812e-07
0.865	2.4095e-06	-5.786e-10	-2.3946e-06	5.235e-07	-5.3376e-07	9.2814e-05	-2.4234e-10	-9.2842e-05	5.264e-07	-5.3668e-07	0.0018376	-1.221e-11	-0.001836	5.2842e-07	-5.3868e-07	0.0096516	1.9336e-10	-0.009652	5.3364e-07	-5.4432e-07	0.022458	4.4535e-10	-0.022428	5.4122e-07	-5.5176e-07	0.03687	9.2848e-10	-0.036838	5.501e-07	-5.6044e-07	0.051248	2.1365e-09	-0.051218	5.584e-07	-5.6858e-07
0.87	2.4473e-06	-5.8429e-10	-2.4334e-06	5.2384e-07	-5.3408e-07	9.3952e-05	-2.4719e-10	-9.3976e-05	5.2628e-07	-5.367e-07	0.0018506	-9.9e-12	-0.0018504	5.2836e-07	-5.3888e-07	0.0096894	1.9359e-10	-0.0096872	5.3364e-07	-5.4416e-07	0.022514	4.4715e-10	-0.02248	5.4124e-07	-5.5204e-07	0.036932	9.3497e-10	-0.036898	5.5006e-07	-5.605e-07	0.051318	2.128e-09	-0.051286	5.5876e-07	-5.6908e-07
0.875	2.4859e-06	-5.9559e-10	-2.4708e-06	5.2366e-07	-5.3408e-07	9.5124e-05	-2.5407e-10	-9.5086e-05	5.2606e-07	-5.3686e-07	0.0018642	-9.62e-12	-0.001863	5.285e-07	-5.392e-07	0.009726	1.9348e-10	-0.0097252	5.3352e-07	-5.4432e-07	0.022562	4.4164e-10	-0.022534	5.4172e-07	-5.5278e-07	0.036986	9.3017e-10	-0.03696	5.5014e-07	-5.6092e-07	0.051386	2.1331e-09	-0.051352	5.5912e-07	-5.6956e-07
0.88	2.532e-06	-6.0507e-10	-2.5111e-06	5.2374e-07	-5.3422e-07	9.6308e-05	-2.5983e-10	-9.6298e-05	5.263e-07	-5.369e-07	0.0018774	-1.5e-11	-0.0018768	5.2834e-07	-5.3934e-07	0.0097624	1.8622e-10	-0.0097614	5.336e-07	-5.4482e-07	0.022616	4.3664e-10	-0.022588	5.4166e-07	-5.527e-07	0.037052	9.2362e-10	-0.037024	5.504e-07	-5.6142e-07	0.051454	2.1467e-09	-0.051422	5.5926e-07	-5.6994e-07
0.885	2.5649e-06	-6.0959e-10	-2.5526e-06	5.2362e-07	-5.346e-07	9.7484e-05	-2.6313e-10	-9.7516e-05	5.2612e-07	-5.3696e-07	0.001892	-2.288e-11	-0.0018908	5.2848e-07	-5.3954e-07	0.0097984	1.8798e-10	-0.0097972	5.3372e-07	-5.4486e-07	0.022668	4.4336e-10	-0.02264	5.4166e-07	-5.5322e-07	0.037114	9.333e-10	-0.037078	5.5054e-07	-5.6152e-07	0.051524	2.1393e-09	-0.051494	5.593e-07	-5.7036e-07
0.89	2.6087e-06	-6.2254e-10	-2.5933e-06	5.2386e-07	-5.3484e-07	9.8676e-05	-2.6518e-10	-9.8716e-05	5.2624e-07	-5.374e-07	0.0019062	-1.915e-11	-0.0019046	5.2854e-07	-5.3966e-07	0.0098334	1.8547e-10	-0.0098334	5.3394e-07	-5.4536e-07	0.022718	4.4507e-10	-0.022688	5.4172e-07	-5.5326e-07	0.037172	9.3128e-10	-0.037144	5.5078e-07	-5.6204e-07	0.051588	2.1327e-09	-0.05156	5.5966e-07	-5.7052e-07
0.895	2.6499e-06	-6.3077e-10	-2.6338e-06	5.2372e-07	-5.3464e-07	9.9942e-05	-2.7216e-10	-9.9898e-05	5.2592e-07	-5.3716e-07	0.0019192	-2.414e-11	-0.0019192	5.2844e-07	-5.4e-07	0.0098716	1.8715e-10	-0.0098698	5.3392e-07	-5.4542e-07	0.022768	4.3661e-10	-0.02274	5.421e-07	-5.5368e-07	0.037238	9.2758e-10	-0.03721	5.5072e-07	-5.6244e-07	0.051662	2.1462e-09	-0.051626	5.5972e-07	-5.711e-07
0.9	2.6898e-06	-6.3206e-10	-2.6746e-06	5.2386e-07	-5.35e-07	0.000101102	-2.8248e-10	-0.0001011	5.2608e-07	-5.3732e-07	0.0019336	-2.9e-11	-0.001932	5.286e-07	-5.4004e-07	0.0099084	1.8359e-10	-0.0099072	5.3368e-07	-5.4564e-07	0.02282	4.4277e-10	-0.022794	5.4198e-07	-5.5414e-07	0.037294	9.3101e-10	-0.037264	5.5106e-07	-5.626e-07	0.051724	2.1465e-09	-0.05169	5.6e-07	-5.715e-07
