"Frequency"	"Magnitude"
1.010000000000E+02	1.652310E+01
1.041800000000E+02	1.653759E+01
1.073610000000E+02	1.659345E+01
1.105410000000E+02	1.660199E+01
1.137210000000E+02	1.666124E+01
1.169020000000E+02	1.665485E+01
1.200820000000E+02	1.665907E+01
1.232620000000E+02	1.665211E+01
1.264430000000E+02	1.669426E+01
1.296230000000E+02	1.669445E+01
1.328030000000E+02	1.667988E+01
1.359830000000E+02	1.668515E+01
1.391640000000E+02	1.673189E+01
1.423440000000E+02	1.672812E+01
1.455240000000E+02	1.678765E+01
1.487050000000E+02	1.673626E+01
1.518850000000E+02	1.679775E+01
1.550650000000E+02	1.677488E+01
1.582460000000E+02	1.677771E+01
1.614260000000E+02	1.678590E+01
1.646060000000E+02	1.680205E+01
1.677870000000E+02	1.680301E+01
1.709670000000E+02	1.682926E+01
1.741470000000E+02	1.681159E+01
1.773280000000E+02	1.680665E+01
1.805080000000E+02	1.683375E+01
1.836880000000E+02	1.679106E+01
1.868680000000E+02	1.681362E+01
1.900490000000E+02	1.680800E+01
1.932290000000E+02	1.682023E+01
1.964090000000E+02	1.683942E+01
1.995900000000E+02	1.685832E+01
2.027700000000E+02	1.685720E+01
2.059500000000E+02	1.684773E+01
2.091310000000E+02	1.684073E+01
2.123110000000E+02	1.686433E+01
2.154910000000E+02	1.687177E+01
2.186720000000E+02	1.685622E+01
2.218520000000E+02	1.686745E+01
2.250320000000E+02	1.686539E+01
2.282130000000E+02	1.686685E+01
2.313930000000E+02	1.687172E+01
2.345730000000E+02	1.687716E+01
2.377530000000E+02	1.684313E+01
2.409340000000E+02	1.685462E+01
2.441140000000E+02	1.690443E+01
2.472940000000E+02	1.689511E+01
2.504750000000E+02	1.688990E+01
2.536550000000E+02	1.687119E+01
2.568350000000E+02	1.688161E+01
2.600160000000E+02	1.689510E+01
2.631960000000E+02	1.688778E+01
2.641960000000E+02	1.688546E+01
2.725980000000E+02	1.688969E+01
2.810010000000E+02	1.689620E+01
2.894030000000E+02	1.693225E+01
2.978060000000E+02	1.691692E+01
3.062080000000E+02	1.691790E+01
3.146110000000E+02	1.691603E+01
3.230130000000E+02	1.691440E+01
3.314150000000E+02	1.691223E+01
3.398180000000E+02	1.691480E+01
3.482200000000E+02	1.690230E+01
3.566230000000E+02	1.691368E+01
3.650250000000E+02	1.692270E+01
3.734280000000E+02	1.693302E+01
3.818300000000E+02	1.691643E+01
3.902320000000E+02	1.693902E+01
3.986350000000E+02	1.692337E+01
4.070370000000E+02	1.693001E+01
4.154400000000E+02	1.693552E+01
4.238420000000E+02	1.690614E+01
4.322450000000E+02	1.693866E+01
4.406470000000E+02	1.694715E+01
4.490490000000E+02	1.692629E+01
4.574520000000E+02	1.694183E+01
4.658540000000E+02	1.695204E+01
4.742570000000E+02	1.698729E+01
4.826590000000E+02	1.693634E+01
4.910620000000E+02	1.696929E+01
4.994640000000E+02	1.694087E+01
5.078670000000E+02	1.690945E+01
5.162690000000E+02	1.691992E+01
5.246710000000E+02	1.693456E+01
5.330740000000E+02	1.694095E+01
5.414760000000E+02	1.693656E+01
5.498790000000E+02	1.697162E+01
5.582810000000E+02	1.695937E+01
5.666840000000E+02	1.692958E+01
5.750860000000E+02	1.692908E+01
5.834880000000E+02	1.695569E+01
5.918910000000E+02	1.692558E+01
6.002930000000E+02	1.694953E+01
6.086960000000E+02	1.694576E+01
6.170980000000E+02	1.693928E+01
6.255010000000E+02	1.694514E+01
6.339030000000E+02	1.696472E+01
6.423050000000E+02	1.695738E+01
6.507080000000E+02	1.694255E+01
6.591100000000E+02	1.694046E+01
6.675130000000E+02	1.693646E+01
6.759150000000E+02	1.692432E+01
6.843180000000E+02	1.693378E+01
6.927200000000E+02	1.693630E+01
6.937200000000E+02	1.693605E+01
7.158670000000E+02	1.694328E+01
7.380140000000E+02	1.696190E+01
7.601610000000E+02	1.693654E+01
7.823070000000E+02	1.693197E+01
8.044540000000E+02	1.696778E+01
8.266010000000E+02	1.695579E+01
8.487480000000E+02	1.695202E+01
8.708950000000E+02	1.696437E+01
8.930420000000E+02	1.695696E+01
9.151890000000E+02	1.692989E+01
9.373350000000E+02	1.692951E+01
9.594820000000E+02	1.696341E+01
9.816290000000E+02	1.696096E+01
1.003776000000E+03	1.696984E+01
1.025923000000E+03	1.696069E+01
1.048070000000E+03	1.696113E+01
1.070217000000E+03	1.696202E+01
1.092364000000E+03	1.695490E+01
1.114510000000E+03	1.697249E+01
1.136657000000E+03	1.696426E+01
1.158804000000E+03	1.696876E+01
1.180951000000E+03	1.696579E+01
1.203098000000E+03	1.696708E+01
1.225245000000E+03	1.697494E+01
1.247392000000E+03	1.695744E+01
1.269538000000E+03	1.695321E+01
1.291685000000E+03	1.696040E+01
1.313832000000E+03	1.696529E+01
1.335979000000E+03	1.696570E+01
1.358126000000E+03	1.695399E+01
1.380273000000E+03	1.696692E+01
1.402420000000E+03	1.698254E+01
1.424566000000E+03	1.694897E+01
1.446713000000E+03	1.697893E+01
1.468860000000E+03	1.696506E+01
1.491007000000E+03	1.698687E+01
1.513154000000E+03	1.697074E+01
1.535301000000E+03	1.695442E+01
1.557448000000E+03	1.697090E+01
1.579595000000E+03	1.698882E+01
1.601741000000E+03	1.697170E+01
1.623888000000E+03	1.696520E+01
1.646035000000E+03	1.697767E+01
1.668182000000E+03	1.696389E+01
1.690329000000E+03	1.697200E+01
1.712476000000E+03	1.698513E+01
1.734623000000E+03	1.697814E+01
1.756769000000E+03	1.696111E+01
1.778916000000E+03	1.693958E+01
1.801063000000E+03	1.695724E+01
1.823210000000E+03	1.695387E+01
1.824210000000E+03	1.697579E+01
1.882531000000E+03	1.696735E+01
1.940853000000E+03	1.696650E+01
1.999174000000E+03	1.693981E+01
2.057495000000E+03	1.694636E+01
2.115817000000E+03	1.697162E+01
2.174138000000E+03	1.694675E+01
2.232460000000E+03	1.694581E+01
2.290781000000E+03	1.697878E+01
2.349102000000E+03	1.698107E+01
2.407424000000E+03	1.694814E+01
2.465745000000E+03	1.696696E+01
2.524066000000E+03	1.696952E+01
2.582388000000E+03	1.694816E+01
2.640709000000E+03	1.699605E+01
2.699031000000E+03	1.697117E+01
2.757352000000E+03	1.689962E+01
2.815673000000E+03	1.698571E+01
2.873995000000E+03	1.698335E+01
2.932316000000E+03	1.696741E+01
2.990637000000E+03	1.696821E+01
3.048959000000E+03	1.696568E+01
3.107280000000E+03	1.698251E+01
3.165602000000E+03	1.697058E+01
3.223923000000E+03	1.698885E+01
3.282244000000E+03	1.696910E+01
3.340566000000E+03	1.698451E+01
3.398887000000E+03	1.696229E+01
3.457208000000E+03	1.697385E+01
3.515530000000E+03	1.695738E+01
3.573851000000E+03	1.697377E+01
3.632173000000E+03	1.694481E+01
3.690494000000E+03	1.694339E+01
3.748815000000E+03	1.697331E+01
3.807137000000E+03	1.697273E+01
3.865458000000E+03	1.696969E+01
3.923779000000E+03	1.696545E+01
3.982101000000E+03	1.696368E+01
4.040422000000E+03	1.697207E+01
4.098744000000E+03	1.695092E+01
4.157065000000E+03	1.695785E+01
4.215386000000E+03	1.697984E+01
4.273708000000E+03	1.695223E+01
4.332029000000E+03	1.696174E+01
4.390350000000E+03	1.698800E+01
4.448672000000E+03	1.694559E+01
4.506993000000E+03	1.695586E+01
4.565315000000E+03	1.697322E+01
4.623636000000E+03	1.696533E+01
4.681957000000E+03	1.695512E+01
4.740279000000E+03	1.696594E+01
4.798600000000E+03	1.695936E+01
4.799600000000E+03	1.696197E+01
4.953131000000E+03	1.691210E+01
5.106663000000E+03	1.694609E+01
5.260194000000E+03	1.696114E+01
5.413725000000E+03	1.693890E+01
5.567257000000E+03	1.698881E+01
5.720788000000E+03	1.698324E+01
5.874320000000E+03	1.695497E+01
6.027851000000E+03	1.694617E+01
6.181382000000E+03	1.696568E+01
6.334914000000E+03	1.696565E+01
6.488445000000E+03	1.698181E+01
6.641976000000E+03	1.694485E+01
6.795508000000E+03	1.698327E+01
6.949039000000E+03	1.695020E+01
7.102571000000E+03	1.692552E+01
7.256102000000E+03	1.696023E+01
7.409633000000E+03	1.694773E+01
7.563165000000E+03	1.693570E+01
7.716696000000E+03	1.693446E+01
7.870227000000E+03	1.695487E+01
8.023759000000E+03	1.693997E+01
8.177290000000E+03	1.698363E+01
8.330822000000E+03	1.693338E+01
8.484353000000E+03	1.695834E+01
8.637884000000E+03	1.696191E+01
8.791416000000E+03	1.694279E+01
8.944947000000E+03	1.699472E+01
9.098478000000E+03	1.697084E+01
9.252010000000E+03	1.695297E+01
9.405541000000E+03	1.697263E+01
9.559073000000E+03	1.695828E+01
9.712604000000E+03	1.696542E+01
9.866135000000E+03	1.696181E+01
1.001966700000E+04	1.696370E+01
1.017319800000E+04	1.696911E+01
1.032672900000E+04	1.697572E+01
1.048026100000E+04	1.694461E+01
1.063379200000E+04	1.694665E+01
1.078732400000E+04	1.694893E+01
1.094085500000E+04	1.697887E+01
1.109438600000E+04	1.697350E+01
1.124791800000E+04	1.696401E+01
1.140144900000E+04	1.695688E+01
1.155498000000E+04	1.698334E+01
1.170851200000E+04	1.696952E+01
1.186204300000E+04	1.693367E+01
1.201557500000E+04	1.697202E+01
1.216910600000E+04	1.694159E+01
1.232263700000E+04	1.695298E+01
1.247616900000E+04	1.699007E+01
1.262970000000E+04	1.693872E+01
1.263070000000E+04	1.695547E+01
1.303482200000E+04	1.696228E+01
1.343894300000E+04	1.692277E+01
1.384306500000E+04	1.698872E+01
1.424718600000E+04	1.696855E+01
1.465130800000E+04	1.699493E+01
1.505542900000E+04	1.692091E+01
1.545955100000E+04	1.695160E+01
1.586367300000E+04	1.693023E+01
1.626779400000E+04	1.689603E+01
1.667191600000E+04	1.697410E+01
1.707603700000E+04	1.695392E+01
1.748015900000E+04	1.699108E+01
1.788428000000E+04	1.698763E+01
1.828840200000E+04	1.695911E+01
1.869252400000E+04	1.696902E+01
1.909664500000E+04	1.696175E+01
1.950076700000E+04	1.699530E+01
1.990488800000E+04	1.697162E+01
2.030901000000E+04	1.695437E+01
2.071313100000E+04	1.697665E+01
2.111725300000E+04	1.695763E+01
2.152137500000E+04	1.694519E+01
2.192549600000E+04	1.700213E+01
2.232961800000E+04	1.695862E+01
2.273373900000E+04	1.695229E+01
2.313786100000E+04	1.695111E+01
2.354198200000E+04	1.696141E+01
2.394610400000E+04	1.691718E+01
2.435022500000E+04	1.694915E+01
2.475434700000E+04	1.695882E+01
2.515846900000E+04	1.695298E+01
2.556259000000E+04	1.693813E+01
2.596671200000E+04	1.697657E+01
2.637083300000E+04	1.698212E+01
2.677495500000E+04	1.698046E+01
2.717907600000E+04	1.694588E+01
2.758319800000E+04	1.694481E+01
2.798732000000E+04	1.694440E+01
2.839144100000E+04	1.697020E+01
2.879556300000E+04	1.699242E+01
2.919968400000E+04	1.698718E+01
2.960380600000E+04	1.695386E+01
3.000792700000E+04	1.695161E+01
3.041204900000E+04	1.695345E+01
3.081617100000E+04	1.693428E+01
3.122029200000E+04	1.692770E+01
3.162441400000E+04	1.698158E+01
3.202853500000E+04	1.695833E+01
3.243265700000E+04	1.693676E+01
3.283677800000E+04	1.698225E+01
3.324090000000E+04	1.694762E+01
3.324190000000E+04	1.698170E+01
3.430555900000E+04	1.691833E+01
3.536921800000E+04	1.695794E+01
3.643287600000E+04	1.690577E+01
3.749653500000E+04	1.698645E+01
3.856019400000E+04	1.691505E+01
3.962385300000E+04	1.700770E+01
4.068751200000E+04	1.698989E+01
4.175117100000E+04	1.692412E+01
4.281482900000E+04	1.696975E+01
4.387848800000E+04	1.698181E+01
4.494214700000E+04	1.696449E+01
4.600580600000E+04	1.696230E+01
4.706946500000E+04	1.693045E+01
4.813312400000E+04	1.698498E+01
4.919678200000E+04	1.694989E+01
5.026044100000E+04	1.697496E+01
5.132410000000E+04	1.697947E+01
5.238775900000E+04	1.698010E+01
5.345141800000E+04	1.694885E+01
5.451507600000E+04	1.696808E+01
5.557873500000E+04	1.696758E+01
5.664239400000E+04	1.696601E+01
5.770605300000E+04	1.697270E+01
5.876971200000E+04	1.696895E+01
5.983337100000E+04	1.702152E+01
6.089702900000E+04	1.693804E+01
6.196068800000E+04	1.698770E+01
6.302434700000E+04	1.695248E+01
6.408800600000E+04	1.698507E+01
6.515166500000E+04	1.701342E+01
6.621532400000E+04	1.698922E+01
6.727898200000E+04	1.695650E+01
6.834264100000E+04	1.699047E+01
6.940630000000E+04	1.698349E+01
7.046995900000E+04	1.696426E+01
7.153361800000E+04	1.693086E+01
7.259727600000E+04	1.698908E+01
7.366093500000E+04	1.698848E+01
7.472459400000E+04	1.697181E+01
7.578825300000E+04	1.697959E+01
7.685191200000E+04	1.696347E+01
7.791557100000E+04	1.698946E+01
7.897922900000E+04	1.698398E+01
8.004288800000E+04	1.697032E+01
8.110654700000E+04	1.697649E+01
8.217020600000E+04	1.694980E+01
8.323386500000E+04	1.699270E+01
8.429752400000E+04	1.696062E+01
8.536118200000E+04	1.699292E+01
8.642484100000E+04	1.693303E+01
8.748850000000E+04	1.697169E+01
8.748950000000E+04	1.704173E+01
9.028903900000E+04	1.694942E+01
9.308857800000E+04	1.705199E+01
9.588811800000E+04	1.703786E+01
9.868765700000E+04	1.695221E+01
1.014871960000E+05	1.695594E+01
1.042867350000E+05	1.692286E+01
1.070862750000E+05	1.696962E+01
1.098858140000E+05	1.692377E+01
1.126853530000E+05	1.689732E+01
1.154848920000E+05	1.702325E+01
1.182844310000E+05	1.699017E+01
1.210839710000E+05	1.696469E+01
1.238835100000E+05	1.692649E+01
1.266830490000E+05	1.698791E+01
1.294825880000E+05	1.692962E+01
1.322821270000E+05	1.695326E+01
1.350816670000E+05	1.699400E+01
1.378812060000E+05	1.701257E+01
1.406807450000E+05	1.696906E+01
1.434802840000E+05	1.699736E+01
1.462798240000E+05	1.693550E+01
1.490793630000E+05	1.699552E+01
1.518789020000E+05	1.701159E+01
1.546784410000E+05	1.700344E+01
1.574779800000E+05	1.703075E+01
1.602775200000E+05	1.691573E+01
1.630770590000E+05	1.699030E+01
1.658765980000E+05	1.696979E+01
1.686761370000E+05	1.695382E+01
1.714756760000E+05	1.699498E+01
1.742752160000E+05	1.689133E+01
1.770747550000E+05	1.689939E+01
1.798742940000E+05	1.704246E+01
1.826738330000E+05	1.698053E+01
1.854733730000E+05	1.691222E+01
1.882729120000E+05	1.691966E+01
1.910724510000E+05	1.698272E+01
1.938719900000E+05	1.694643E+01
1.966715290000E+05	1.693434E+01
1.994710690000E+05	1.698452E+01
2.022706080000E+05	1.698879E+01
2.050701470000E+05	1.696097E+01
2.078696860000E+05	1.690808E+01
2.106692250000E+05	1.697357E+01
2.134687650000E+05	1.684744E+01
2.162683040000E+05	1.695663E+01
2.190678430000E+05	1.696505E+01
2.218673820000E+05	1.695072E+01
2.246669220000E+05	1.696602E+01
2.274664610000E+05	1.695954E+01
2.302660000000E+05	1.695739E+01
2.302670000000E+05	1.692955E+01
2.376352940000E+05	1.702575E+01
2.450035880000E+05	1.696662E+01
2.523718820000E+05	1.702094E+01
2.597401760000E+05	1.701199E+01
2.671084710000E+05	1.693646E+01
2.744767650000E+05	1.701527E+01
2.818450590000E+05	1.697051E+01
2.892133530000E+05	1.698268E+01
2.965816470000E+05	1.695662E+01
3.039499410000E+05	1.697296E+01
3.113182350000E+05	1.701268E+01
3.186865290000E+05	1.692624E+01
3.260548240000E+05	1.699623E+01
3.334231180000E+05	1.696742E+01
3.407914120000E+05	1.692071E+01
3.481597060000E+05	1.695460E+01
3.555280000000E+05	1.702727E+01
3.628962940000E+05	1.700274E+01
3.702645880000E+05	1.692793E+01
3.776328820000E+05	1.692936E+01
3.850011760000E+05	1.696308E+01
3.923694710000E+05	1.691191E+01
3.997377650000E+05	1.696425E+01
4.071060590000E+05	1.699355E+01
4.144743530000E+05	1.692784E+01
4.218426470000E+05	1.694304E+01
4.292109410000E+05	1.695184E+01
4.365792350000E+05	1.698866E+01
4.439475290000E+05	1.695987E+01
4.513158240000E+05	1.695667E+01
4.586841180000E+05	1.694084E+01
4.660524120000E+05	1.693654E+01
4.734207060000E+05	1.695906E+01
4.807890000000E+05	1.695241E+01
4.881572940000E+05	1.696885E+01
4.955255880000E+05	1.704371E+01
5.028938820000E+05	1.692463E+01
5.102621760000E+05	1.687736E+01
5.176304710000E+05	1.695603E+01
5.249987650000E+05	1.694925E+01
5.323670590000E+05	1.688593E+01
5.397353530000E+05	1.694211E+01
5.471036470000E+05	1.699383E+01
5.544719410000E+05	1.694127E+01
5.618402350000E+05	1.688802E+01
5.692085290000E+05	1.692078E+01
5.765768240000E+05	1.688552E+01
5.839451180000E+05	1.697080E+01
5.913134120000E+05	1.693207E+01
5.986817060000E+05	1.698672E+01
6.060500000000E+05	1.693885E+01
6.060510000000E+05	1.696484E+01
6.254441180000E+05	1.697879E+01
6.448372350000E+05	1.695979E+01
6.642303530000E+05	1.699067E+01
6.836234710000E+05	1.698651E+01
7.030165880000E+05	1.696783E+01
7.224097060000E+05	1.695285E+01
7.418028240000E+05	1.692215E+01
7.611959410000E+05	1.692379E+01
7.805890590000E+05	1.694584E+01
7.999821760000E+05	1.698299E+01
8.193752940000E+05	1.696087E+01
8.387684120000E+05	1.702438E+01
8.581615290000E+05	1.702303E+01
8.775546470000E+05	1.699956E+01
8.969477650000E+05	1.699790E+01
9.163408820000E+05	1.701492E+01
9.357340000000E+05	1.698487E+01
9.551271180000E+05	1.694711E+01
9.745202350000E+05	1.697085E+01
9.939133530000E+05	1.704471E+01
1.013306471000E+06	1.706950E+01
1.032699588000E+06	1.709899E+01
1.052092706000E+06	1.705438E+01
1.071485824000E+06	1.702097E+01
1.090878941000E+06	1.704216E+01
1.110272059000E+06	1.706081E+01
1.129665176000E+06	1.695029E+01
1.149058294000E+06	1.702677E+01
1.168451412000E+06	1.706767E+01
1.187844529000E+06	1.701541E+01
1.207237647000E+06	1.694795E+01
1.226630765000E+06	1.696808E+01
1.246023882000E+06	1.705204E+01
1.265417000000E+06	1.702061E+01
1.284810118000E+06	1.702836E+01
1.304203235000E+06	1.708679E+01
1.323596353000E+06	1.700222E+01
1.342989471000E+06	1.700394E+01
1.362382588000E+06	1.699056E+01
1.381775706000E+06	1.703901E+01
1.401168824000E+06	1.697631E+01
1.420561941000E+06	1.702642E+01
1.439955059000E+06	1.702630E+01
1.459348176000E+06	1.703825E+01
1.478741294000E+06	1.704362E+01
1.498134412000E+06	1.706885E+01
1.517527529000E+06	1.700379E+01
1.536920647000E+06	1.702940E+01
1.556313765000E+06	1.699741E+01
1.575706882000E+06	1.702588E+01
1.595100000000E+06	1.698904E+01
1.595100000000E+06	1.698987E+01
1.646141765000E+06	1.708958E+01
1.697183529000E+06	1.703851E+01
1.748225294000E+06	1.704230E+01
1.799267059000E+06	1.697544E+01
1.850308824000E+06	1.701315E+01
1.901350588000E+06	1.699122E+01
1.952392353000E+06	1.705955E+01
2.003434118000E+06	1.699406E+01
2.054475882000E+06	1.704578E+01
2.105517647000E+06	1.702066E+01
2.156559412000E+06	1.701322E+01
2.207601176000E+06	1.703060E+01
2.258642941000E+06	1.701937E+01
2.309684706000E+06	1.704228E+01
2.360726471000E+06	1.701768E+01
2.411768235000E+06	1.707005E+01
2.462810000000E+06	1.700012E+01
2.513851765000E+06	1.701935E+01
2.564893529000E+06	1.695574E+01
2.615935294000E+06	1.698278E+01
2.666977059000E+06	1.703493E+01
2.718018824000E+06	1.697707E+01
2.769060588000E+06	1.701142E+01
2.820102353000E+06	1.696817E+01
2.871144118000E+06	1.701032E+01
2.922185882000E+06	1.702304E+01
2.973227647000E+06	1.705533E+01
3.024269412000E+06	1.701571E+01
3.075311176000E+06	1.701787E+01
3.126352941000E+06	1.700079E+01
3.177394706000E+06	1.698748E+01
3.228436471000E+06	1.698516E+01
3.279478235000E+06	1.694975E+01
3.330520000000E+06	1.705080E+01
3.381561765000E+06	1.700304E+01
3.432603529000E+06	1.702641E+01
3.483645294000E+06	1.698533E+01
3.534687059000E+06	1.703409E+01
3.585728824000E+06	1.702021E+01
3.636770588000E+06	1.697668E+01
3.687812353000E+06	1.698960E+01
3.738854118000E+06	1.705079E+01
3.789895882000E+06	1.699369E+01
3.840937647000E+06	1.702831E+01
3.891979412000E+06	1.701460E+01
3.943021176000E+06	1.700921E+01
3.994062941000E+06	1.706996E+01
4.045104706000E+06	1.701289E+01
4.096146471000E+06	1.702727E+01
4.147188235000E+06	1.704777E+01
4.198230000000E+06	1.705151E+01
4.198230000000E+06	1.707088E+01
4.332570588000E+06	1.703413E+01
4.466911176000E+06	1.710728E+01
4.601251765000E+06	1.701752E+01
4.735592353000E+06	1.704233E+01
4.869932941000E+06	1.705423E+01
5.004273529000E+06	1.703939E+01
5.138614118000E+06	1.710148E+01
5.272954706000E+06	1.707199E+01
5.407295294000E+06	1.705026E+01
5.541635882000E+06	1.705661E+01
5.675976471000E+06	1.706462E+01
5.810317059000E+06	1.705227E+01
5.944657647000E+06	1.705115E+01
6.078998235000E+06	1.705433E+01
6.213338824000E+06	1.707857E+01
6.347679412000E+06	1.710605E+01
6.482020000000E+06	1.714202E+01
6.616360588000E+06	1.710588E+01
6.750701176000E+06	1.716077E+01
6.885041765000E+06	1.710430E+01
7.019382353000E+06	1.702977E+01
7.153722941000E+06	1.710064E+01
7.288063529000E+06	1.713908E+01
7.422404118000E+06	1.708001E+01
7.556744706000E+06	1.710707E+01
7.691085294000E+06	1.714442E+01
7.825425882000E+06	1.711090E+01
7.959766471000E+06	1.717299E+01
8.094107059000E+06	1.715498E+01
8.228447647000E+06	1.714133E+01
8.362788235000E+06	1.717632E+01
8.497128824000E+06	1.714957E+01
8.631469412000E+06	1.714308E+01
8.765810000000E+06	1.718657E+01
8.900150588000E+06	1.715936E+01
9.034491176000E+06	1.715900E+01
9.168831765000E+06	1.720902E+01
9.303172353000E+06	1.719176E+01
9.437512941000E+06	1.720834E+01
9.571853529000E+06	1.717011E+01
9.706194118000E+06	1.721131E+01
9.840534706000E+06	1.725993E+01
9.974875294000E+06	1.722841E+01
1.010921588200E+07	1.726884E+01
1.024355647100E+07	1.715704E+01
1.037789705900E+07	1.716905E+01
1.051223764700E+07	1.728700E+01
1.064657823500E+07	1.731167E+01
1.078091882400E+07	1.727312E+01
1.091525941200E+07	1.730239E+01
1.104960000000E+07	1.728370E+01
1.104960000000E+07	1.734915E+01
1.140317451000E+07	1.728926E+01
1.175674902000E+07	1.736320E+01
1.211032352900E+07	1.730117E+01
1.246389803900E+07	1.737132E+01
1.281747254900E+07	1.741263E+01
1.317104705900E+07	1.740192E+01
1.352462156900E+07	1.746596E+01
1.387819607800E+07	1.748281E+01
1.423177058800E+07	1.745840E+01
1.458534509800E+07	1.750464E+01
1.493891960800E+07	1.755998E+01
1.529249411800E+07	1.757033E+01
1.564606862700E+07	1.761210E+01
1.599964313700E+07	1.771402E+01
1.635321764700E+07	1.763851E+01
1.670679215700E+07	1.770249E+01
1.706036666700E+07	1.772656E+01
1.741394117600E+07	1.781506E+01
1.776751568600E+07	1.780271E+01
1.812109019600E+07	1.781233E+01
1.847466470600E+07	1.780516E+01
1.882823921600E+07	1.788643E+01
1.918181372500E+07	1.790818E+01
1.953538823500E+07	1.795731E+01
1.988896274500E+07	1.806429E+01
2.024253725500E+07	1.798556E+01
2.059611176500E+07	1.808308E+01
2.094968627500E+07	1.813002E+01
2.130326078400E+07	1.808610E+01
2.165683529400E+07	1.817079E+01
2.201040980400E+07	1.821533E+01
2.236398431400E+07	1.828655E+01
2.271755882400E+07	1.828912E+01
2.307113333300E+07	1.837136E+01
2.342470784300E+07	1.842083E+01
2.377828235300E+07	1.846495E+01
2.413185686300E+07	1.849891E+01
2.448543137300E+07	1.849452E+01
2.483900588200E+07	1.854038E+01
2.519258039200E+07	1.865013E+01
2.554615490200E+07	1.864710E+01
2.589972941200E+07	1.871579E+01
2.625330392200E+07	1.868394E+01
2.660687843100E+07	1.876536E+01
2.696045294100E+07	1.890630E+01
2.731402745100E+07	1.887919E+01
2.766760196100E+07	1.882901E+01
2.802117647100E+07	1.896971E+01
2.837475098000E+07	1.901534E+01
2.872832549000E+07	1.906108E+01
2.908190000000E+07	1.909062E+01
2.908190000000E+07	1.913165E+01
3.001249803900E+07	1.921556E+01
3.094309607800E+07	1.927788E+01
3.187369411800E+07	1.940714E+01
3.280429215700E+07	1.961518E+01
3.373489019600E+07	1.970524E+01
3.466548823500E+07	1.973966E+01
3.559608627500E+07	1.989573E+01
3.652668431400E+07	1.991290E+01
3.745728235300E+07	2.007619E+01
3.838788039200E+07	2.010104E+01
3.931847843100E+07	2.011853E+01
4.024907647100E+07	2.017114E+01
4.117967451000E+07	2.014181E+01
4.211027254900E+07	2.019101E+01
4.304087058800E+07	2.018037E+01
4.397146862700E+07	2.004524E+01
4.490206666700E+07	1.995617E+01
4.583266470600E+07	1.984604E+01
4.676326274500E+07	1.970842E+01
4.769386078400E+07	1.951703E+01
4.862445882400E+07	1.934328E+01
4.955505686300E+07	1.914431E+01
5.048565490200E+07	1.895581E+01
5.141625294100E+07	1.863132E+01
5.234685098000E+07	1.846555E+01
5.327744902000E+07	1.817588E+01
5.420804705900E+07	1.788762E+01
5.513864509800E+07	1.758569E+01
5.606924313700E+07	1.731260E+01
5.699984117600E+07	1.698595E+01
5.793043921600E+07	1.662073E+01
5.886103725500E+07	1.630436E+01
5.979163529400E+07	1.597833E+01
6.072223333300E+07	1.563693E+01
6.165283137300E+07	1.539877E+01
6.258342941200E+07	1.499613E+01
6.351402745100E+07	1.470957E+01
6.444462549000E+07	1.429788E+01
6.537522352900E+07	1.412233E+01
6.630582156900E+07	1.372785E+01
6.723641960800E+07	1.338965E+01
6.816701764700E+07	1.313760E+01
6.909761568600E+07	1.275614E+01
7.002821372500E+07	1.247001E+01
7.095881176500E+07	1.223727E+01
7.188940980400E+07	1.192122E+01
7.282000784300E+07	1.161430E+01
7.375060588200E+07	1.130287E+01
7.468120392200E+07	1.107845E+01
7.561180196100E+07	1.080091E+01
7.654240000000E+07	1.057382E+01
7.654240000000E+07	1.053671E+01
7.899168627500E+07	9.850904E+00
8.144097254900E+07	9.258937E+00
8.389025882400E+07	8.619765E+00
8.633954509800E+07	8.073547E+00
8.878883137300E+07	7.528731E+00
9.123811764700E+07	7.010056E+00
9.368740392200E+07	6.521561E+00
9.613669019600E+07	6.058126E+00
9.858597647100E+07	5.645761E+00
1.010352627450E+08	5.207514E+00
1.034845490200E+08	4.746919E+00
1.059338352940E+08	4.402392E+00
1.083831215690E+08	3.983579E+00
1.108324078430E+08	3.534430E+00
1.132816941180E+08	3.237125E+00
1.157309803920E+08	2.850425E+00
1.181802666670E+08	2.409345E+00
1.206295529410E+08	1.942138E+00
1.230788392160E+08	1.542228E+00
1.255281254900E+08	1.039332E+00
1.279774117650E+08	5.002242E-01
1.304266980390E+08	9.040914E-02
1.328759843140E+08	-3.072552E-01
1.353252705880E+08	-8.783731E-01
1.377745568630E+08	-1.260556E+00
1.402238431370E+08	-1.722754E+00
1.426731294120E+08	-2.306930E+00
1.451224156860E+08	-2.822180E+00
1.475717019610E+08	-3.202914E+00
1.500209882350E+08	-3.551922E+00
1.524702745100E+08	-3.919808E+00
1.549195607840E+08	-4.378979E+00
1.573688470590E+08	-4.798973E+00
1.598181333330E+08	-5.163221E+00
1.622674196080E+08	-5.396156E+00
1.647167058820E+08	-5.625977E+00
1.671659921570E+08	-6.164674E+00
1.696152784310E+08	-6.392529E+00
1.720645647060E+08	-6.604261E+00
1.745138509800E+08	-6.915916E+00
1.769631372550E+08	-6.912813E+00
1.794124235290E+08	-7.217057E+00
1.818617098040E+08	-7.214659E+00
1.843109960780E+08	-7.561810E+00
1.867602823530E+08	-7.438712E+00
1.892095686270E+08	-7.554720E+00
1.916588549020E+08	-7.553051E+00
1.941081411760E+08	-7.788393E+00
1.965574274510E+08	-7.936342E+00
1.990067137250E+08	-7.723938E+00
2.014560000000E+08	-7.586927E+00
