101 4.35708385631909e-07
104.18 5.03686818623865e-07
107.361 5.03279281753413e-07
110.541 5.0930798252851e-07
113.721 5.26032095180922e-07
116.902 5.58046306568794e-07
120.082 4.66714344219291e-07
123.262 4.1901919234942e-07
126.443 4.70218984171188e-07
129.623 5.0713062539038e-07
132.803 4.84100958167904e-07
135.983 3.71135927924587e-07
139.164 3.26990808649963e-07
142.344 3.29770286851012e-07
145.524 3.57252169389429e-07
148.705 4.04361915831066e-07
151.885 5.10323833062459e-07
155.065 5.69181291444981e-07
158.246 4.32165002971787e-07
161.426 3.40137217385319e-07
164.606 2.71974699014815e-07
167.787 2.35624955048003e-07
170.967 2.8702223913893e-07
174.147 2.83355697824705e-07
177.328 3.36915563267364e-07
180.508 3.51621474629588e-07
183.688 3.60516119370349e-07
186.868 3.48661518175291e-07
190.049 3.49567361215457e-07
193.229 3.39611090295408e-07
196.409 3.78966981989444e-07
199.59 3.89311131644769e-07
202.77 3.56151481563209e-07
205.95 3.07799178738605e-07
209.131 3.3648621918245e-07
212.311 3.27775136582917e-07
215.491 3.65697969077825e-07
218.672 3.76688342347157e-07
221.852 3.6140903333452e-07
225.032 3.84938620348782e-07
228.213 3.68601102423224e-07
231.393 3.10751649635736e-07
234.573 2.5942433954598e-07
237.753 2.74473151508871e-07
240.934 2.92542092064828e-07
244.114 3.11101313281745e-07
247.294 2.8916519950422e-07
250.475 2.86360079950631e-07
253.655 3.21281888362607e-07
256.835 3.39397807213182e-07
260.016 2.89315436203746e-07
263.196 2.74080226661738e-07
264.196 4.11111434899922e-07
272.598 3.8303110862429e-07
281.001 3.37811057666526e-07
289.403 3.0195661960736e-07
297.806 3.0518623036406e-07
306.208 3.08777231868105e-07
314.611 3.44367166305224e-07
323.013 3.5799807170534e-07
331.415 3.49841477823843e-07
339.818 3.32559732562766e-07
348.22 2.98933760525868e-07
356.623 2.40142826798536e-07
365.025 2.24848498421032e-07
373.428 2.15156919838994e-07
381.83 1.70485670075264e-07
390.232 1.45930735913432e-07
398.635 1.41038871210621e-07
407.037 1.85191938002698e-07
415.44 2.3468901263864e-07
423.842 2.78166940903504e-07
432.245 2.61716478315716e-07
440.647 2.22911974886963e-07
449.049 1.8869486386705e-07
457.452 1.72588597699735e-07
465.854 2.11480091623261e-07
474.257 2.27030303552737e-07
482.659 2.28114052009269e-07
491.062 2.05800371877257e-07
499.464 1.94721652179127e-07
507.867 1.88002592927731e-07
516.269 2.01541915400421e-07
524.671 2.22105493567921e-07
533.074 2.61165651923398e-07
541.476 2.76044964702704e-07
549.879 2.42434317119143e-07
558.281 2.08324501410435e-07
566.684 1.86539186651883e-07
575.086 1.71168386183149e-07
583.488 1.65277975625885e-07
591.891 1.74537812595802e-07
600.293 1.96176782024675e-07
608.696 2.07190182362937e-07
617.098 1.56919503774167e-07
625.501 1.24534795011652e-07
633.903 1.24542402018324e-07
642.305 1.63589091957806e-07
650.708 1.74332670734257e-07
659.11 1.83257789445603e-07
667.513 1.84287846782299e-07
675.915 1.75035754295838e-07
684.318 1.72890140443137e-07
692.72 1.66766587134716e-07
693.72 1.74987588295529e-07
715.867 1.3404338181095e-07
738.014 1.5688932448577e-07
760.161 1.68831034797919e-07
782.307 2.23545312455884e-07
804.454 2.07101416237063e-07
826.601 2.37197464769503e-07
848.748 2.05410801138376e-07
870.895 1.62470524415688e-07
893.042 1.30487783951417e-07
915.189 1.52075864223875e-07
937.335 1.31931225953221e-07
959.482 1.60090505125219e-07
981.629 1.65910819975587e-07
1003.776 1.65685280011147e-07
1025.923 1.30076877571812e-07
1048.07 1.47329313405573e-07
1070.217 1.45988459747163e-07
1092.364 1.31638367945668e-07
1114.51 1.50581757067442e-07
1136.657 1.30783973774521e-07
1158.804 1.52517602495758e-07
1180.951 1.58409483852498e-07
1203.098 1.41941374375174e-07
1225.245 1.1436199414306e-07
1247.392 9.0789321218253e-08
1269.538 1.29237194429568e-07
1291.685 1.4106723302675e-07
1313.832 1.31725506638054e-07
1335.979 1.89259966190825e-07
1358.126 1.59258754205664e-07
1380.273 1.47459570873714e-07
1402.42 1.7060605668807e-07
1424.566 1.31125142368428e-07
1446.713 1.48552946659502e-07
1468.86 1.05896307606847e-07
1491.007 1.67966398720015e-07
1513.154 1.58188495443893e-07
1535.301 1.31745402463792e-07
1557.448 1.3983200332496e-07
1579.595 1.14550821865302e-07
1601.741 1.18534302843514e-07
1623.888 1.4089448056822e-07
1646.035 1.23771518898183e-07
1668.182 1.28431474916134e-07
1690.329 1.25188520184623e-07
1712.476 1.53563434224999e-07
1734.623 1.42245454031662e-07
1756.769 1.33219402507587e-07
1778.916 9.87025546973473e-08
1801.063 1.10180916741352e-07
1823.21 9.60210303171137e-08
1824.21 1.12011768700811e-07
1882.531 1.20611921624736e-07
1940.853 1.20093402823229e-07
1999.174 9.81633219727521e-08
2057.495 9.54282276613054e-08
2115.817 1.26566190748197e-07
2174.138 9.89717905946658e-08
2232.46 1.03452801805998e-07
2290.781 8.96997297478395e-08
2349.102 1.02368169822018e-07
2407.424 1.26513159578803e-07
2465.745 8.88334246904361e-08
2524.066 1.08609020364277e-07
2582.388 1.2182097197646e-07
2640.709 1.07059759745789e-07
2699.031 9.83165483782245e-08
2757.352 9.30515269782022e-08
2815.673 1.0236561565701e-07
2873.995 9.14954087277396e-08
2932.316 9.10546230128074e-08
2990.637 8.61472263258931e-08
3048.959 8.0158197001512e-08
3107.28 8.64051036536249e-08
3165.602 9.57304575349458e-08
3223.923 8.61819238194564e-08
3282.244 1.06398914162457e-07
3340.566 1.07312505433091e-07
3398.887 1.01046868351043e-07
3457.208 9.34625543155045e-08
3515.53 1.17909049131618e-07
3573.851 1.0437947379557e-07
3632.173 1.12731202978058e-07
3690.494 9.00660435514994e-08
3748.815 8.62885779689976e-08
3807.137 1.05544226378258e-07
3865.458 9.56871693784533e-08
3923.779 9.66058731416248e-08
3982.101 8.78291616183988e-08
4040.422 6.061922252721e-08
4098.744 6.462223137439e-08
4157.065 8.18852554968695e-08
4215.386 9.17227379154356e-08
4273.708 8.78749783832521e-08
4332.029 8.29043241322188e-08
4390.35 8.97198354356567e-08
4448.672 9.08438933206773e-08
4506.993 1.01861960354968e-07
4565.315 8.85015402954379e-08
4623.636 8.07630146094419e-08
4681.957 7.04462764904497e-08
4740.279 5.82518813988025e-08
4798.6 6.1128318655593e-08
4799.6 8.74636786843252e-08
4953.131 1.020163385266e-07
5106.663 8.32770643892001e-08
5260.194 7.19520336080639e-08
5413.725 7.92887899111137e-08
5567.257 8.40946314293744e-08
5720.788 9.24654764849026e-08
5874.32 7.26623203378206e-08
6027.851 5.54194221889816e-08
6181.382 6.51688697086431e-08
6334.914 7.06997066391479e-08
6488.445 7.41256654738335e-08
6641.976 6.68250773756961e-08
6795.508 4.82325142516841e-08
6949.039 4.71177447272884e-08
7102.571 5.7836127842657e-08
7256.102 8.17672687435931e-08
7409.633 7.77753681063911e-08
7563.165 6.26462527036067e-08
7716.696 8.29899796955209e-08
7870.227 6.98464182102584e-08
8023.759 4.29152843056267e-08
8177.29 4.40953908497512e-08
8330.822 4.81797441940932e-08
8484.353 4.43987743094996e-08
8637.884 5.79297988882689e-08
8791.416 6.45571878329611e-08
8944.947 5.34097178143841e-08
9098.478 5.44584775515177e-08
9252.01 4.88333714642925e-08
9405.541 6.69584058986017e-08
9559.073 6.71658702742289e-08
9712.604 5.0868501343204e-08
9866.135 4.04132283694656e-08
10019.667 6.00807988312072e-08
10173.198 7.37512187049033e-08
10326.729 6.85372193107194e-08
10480.261 5.3500178522464e-08
10633.792 6.45352182625326e-08
10787.324 6.35013007150622e-08
10940.855 6.02057597728722e-08
11094.386 5.68762742935535e-08
11247.918 5.55924704425625e-08
11401.449 5.21753056062523e-08
11554.98 6.59210800866375e-08
11708.512 6.00793374671689e-08
11862.043 6.15173287238407e-08
12015.575 5.03769780964737e-08
12169.106 5.07717021098424e-08
12322.637 5.421786198155e-08
12476.169 4.99233491677191e-08
12629.7 4.59783537517507e-08
12630.7 6.16321056572424e-08
13034.822 4.94350447181678e-08
13438.943 4.28669034611809e-08
13843.065 5.27742318890012e-08
14247.186 6.32470465972287e-08
14651.308 6.2179631059231e-08
15055.429 5.30423542289407e-08
15459.551 3.58650007763328e-08
15863.673 3.4659375806506e-08
16267.794 3.59657165868716e-08
16671.916 4.73410110240811e-08
17076.037 4.70455733094656e-08
17480.159 4.75189807605039e-08
17884.28 4.36636689912459e-08
18288.402 5.15463190271606e-08
18692.524 5.18640904721256e-08
19096.645 3.91906483668961e-08
19500.767 3.5453090190582e-08
19904.888 4.11104337052796e-08
20309.01 4.80451357957582e-08
20713.131 5.34990473842196e-08
21117.253 4.83353302522778e-08
21521.375 4.48832166641245e-08
21925.496 4.30238446502118e-08
22329.618 4.15136129814421e-08
22733.739 4.24902520983998e-08
23137.861 4.3839913881131e-08
23541.982 4.65643515698464e-08
23946.104 5.53321601357755e-08
24350.225 4.73489727319397e-08
24754.347 3.93386707788086e-08
25158.469 3.52748454070408e-08
25562.59 4.06774520036277e-08
25966.712 4.33314352230299e-08
26370.833 4.3268096506286e-08
26774.955 4.01172086348957e-08
27179.076 4.20514568118668e-08
27583.198 4.95057141990992e-08
27987.32 4.77627598774507e-08
28391.441 4.70650616083628e-08
28795.563 4.58539575795926e-08
29199.684 4.08787212504645e-08
29603.806 3.83787458668339e-08
30007.927 4.1970622470314e-08
30412.049 3.21121932004028e-08
30816.171 3.22013050189418e-08
31220.292 3.77273978665652e-08
31624.414 4.33953081041786e-08
32028.535 4.00845791080446e-08
32432.657 3.60577391623636e-08
32836.778 3.34718849070926e-08
33240.9 3.95845165971312e-08
33241.9 3.87837205010937e-08
34305.559 4.1487039035237e-08
35369.218 4.21298335308849e-08
36432.876 2.95528398939658e-08
37496.535 2.32400517936121e-08
38560.194 1.95341829634725e-08
39623.853 2.97482213875658e-08
40687.512 3.29723271216361e-08
41751.171 3.29801036549813e-08
42814.829 3.36863967075141e-08
43878.488 3.38302558175479e-08
44942.147 3.55825387715258e-08
46005.806 3.53144635940611e-08
47069.465 3.43326070171605e-08
48133.124 3.47387055837221e-08
49196.782 3.38540193074403e-08
50260.441 3.11097305367664e-08
51324.1 3.08439519218108e-08
52387.759 3.53568184368128e-08
53451.418 3.59075663454689e-08
54515.076 3.18482365078073e-08
55578.735 3.05894992923423e-08
56642.394 2.619675060126e-08
57706.053 2.44874877665238e-08
58769.712 2.6405033108727e-08
59833.371 3.38868824089611e-08
60897.029 3.31505021977946e-08
61960.688 2.92446722576818e-08
63024.347 2.68085783813198e-08
64088.006 2.91973020838208e-08
65151.665 3.36867320934906e-08
66215.324 3.45568796864282e-08
67278.982 3.53864339415816e-08
68342.641 2.69531797135137e-08
69406.3 2.32096663736767e-08
70469.959 2.55596369815055e-08
71533.618 3.22222959856392e-08
72597.276 3.29368304057419e-08
73660.935 2.97558679730259e-08
74724.594 2.77075750560233e-08
75788.253 2.83267654329282e-08
76851.912 2.61803746419379e-08
77915.571 2.16337799912112e-08
78979.229 1.86483885048252e-08
80042.888 2.41368392807824e-08
81106.547 2.42912049505678e-08
82170.206 2.64037034746479e-08
83233.865 3.43078560448623e-08
84297.524 3.20931120548756e-08
85361.182 2.77245386723708e-08
86424.841 2.52511225895568e-08
87488.5 2.41838296891039e-08
87489.5 2.54386927621955e-08
90289.039 2.36876093263577e-08
93088.578 2.35096674240344e-08
95888.118 2.76602659992535e-08
98687.657 2.61662942894623e-08
101487.196 2.4333806879116e-08
104286.735 2.16034914857705e-08
107086.275 2.15923594758488e-08
109885.814 2.41370904874775e-08
112685.353 2.47044513956024e-08
115484.892 2.57270670041706e-08
118284.431 2.5510738577034e-08
121083.971 2.61625717162955e-08
123883.51 2.53088211512173e-08
126683.049 2.08336546966605e-08
129482.588 1.89717005974599e-08
132282.127 1.87382888796955e-08
135081.667 1.96177192843882e-08
137881.206 2.04669206227361e-08
140680.745 1.7879835755026e-08
143480.284 1.81043076197585e-08
146279.824 2.06996447618711e-08
149079.363 2.27328704140071e-08
151878.902 2.21199684275127e-08
154678.441 1.83400640156243e-08
157477.98 1.72699058579818e-08
160277.52 1.36591373474342e-08
163077.059 1.47234019318585e-08
165876.598 1.68127118363718e-08
168676.137 1.88266852075573e-08
171475.676 1.97186125417096e-08
174275.216 2.13020459657704e-08
177074.755 2.19040545595841e-08
179874.294 1.84592811175824e-08
182673.833 1.39577421429764e-08
185473.373 1.43046004855888e-08
188272.912 1.65688021928744e-08
191072.451 1.4553825042947e-08
193871.99 1.43849788661115e-08
196671.529 1.4368585116809e-08
199471.069 1.43765790601508e-08
202270.608 1.60411311878815e-08
205070.147 1.61277154693194e-08
207869.686 1.39744566480399e-08
210669.225 1.37749590383291e-08
213468.765 1.33215806138704e-08
216268.304 1.37401265901742e-08
219067.843 1.64548490990777e-08
221867.382 1.61951109213348e-08
224666.922 1.68181252162027e-08
227466.461 1.8194151918173e-08
230266 1.89815743901762e-08
230267 1.33799781377536e-08
237635.294 1.46940098887365e-08
245003.588 1.48061105838492e-08
252371.882 1.36696005440414e-08
259740.176 1.57386456248282e-08
267108.471 1.13639672024959e-08
274476.765 1.30547762323384e-08
281845.059 1.05811077586601e-08
289213.353 1.42014567308734e-08
296581.647 1.87629146019841e-08
303949.941 1.15445721633611e-08
311318.235 1.43727735031461e-08
318686.529 1.31541831665684e-08
326054.824 1.42765080687146e-08
333423.118 1.24403515591197e-08
340791.412 1.43747075376163e-08
348159.706 1.16581021855052e-08
355528 9.87313203302317e-09
362896.294 1.28531988171757e-08
370264.588 1.06042680147827e-08
377632.882 9.11994414841575e-09
385001.176 9.19438133743704e-09
392369.471 7.49490810152763e-09
399737.765 1.07508259786441e-08
407106.059 1.22206570094619e-08
414474.353 1.16062753443691e-08
421842.647 8.82691891354236e-09
429210.941 8.75554591367178e-09
436579.235 5.9045547489036e-09
443947.529 1.06423908282052e-08
451315.824 9.67628279888111e-09
458684.118 1.0525374639093e-08
466052.412 1.01587798376409e-08
473420.706 9.90381824552021e-09
480789 1.24263479919341e-08
488157.294 9.56814086991108e-09
495525.588 1.0211925626293e-08
502893.882 1.07225251807691e-08
510262.176 9.78932160610532e-09
517630.471 9.56866733390603e-09
524998.765 6.83673166061779e-09
532367.059 9.59248561544139e-09
539735.353 1.11180758990879e-08
547103.647 1.01948808747732e-08
554471.941 8.66879974401216e-09
561840.235 1.09460228310027e-08
569208.529 9.8741670646215e-09
576576.824 9.06676010613673e-09
583945.118 9.80408349182732e-09
591313.412 1.109190803697e-08
598681.706 1.03312369193483e-08
606050 1.00509168852861e-08
606051 1.10184024078107e-08
625444.118 9.69826967108458e-09
644837.235 9.47847703298174e-09
664230.353 9.01827279450996e-09
683623.471 6.48705254317694e-09
703016.588 7.08301716441057e-09
722409.706 9.13462080894748e-09
741802.824 7.62709858870624e-09
761195.941 8.63497890275115e-09
780589.059 8.0794501233076e-09
799982.176 6.81855678472718e-09
819375.294 6.2088681065646e-09
838768.412 8.63980223308401e-09
858161.529 8.01115371042082e-09
877554.647 5.90824644123734e-09
896947.765 9.59499858496135e-09
916340.882 8.27332176133884e-09
935734 8.94171865605975e-09
955127.118 6.88221667133765e-09
974520.235 8.08397412303852e-09
993913.353 6.60885869882721e-09
1013306.471 6.69188762952924e-09
1032699.588 9.59983136538562e-09
1052092.706 5.87553789252311e-09
1071485.824 5.50292154179923e-09
1090878.941 8.00376026115579e-09
1110272.059 6.92167521940332e-09
1129665.176 4.57585839991996e-09
1149058.294 7.79305932766606e-09
1168451.412 5.49960141970295e-09
1187844.529 7.32069904709699e-09
1207237.647 6.63850705941357e-09
1226630.765 7.82227068534809e-09
1246023.882 5.68290030430083e-09
1265417 6.66002647374782e-09
1284810.118 7.75137827302934e-09
1304203.235 7.63289539695024e-09
1323596.353 4.76476187930547e-09
1342989.471 5.80820536002931e-09
1362382.588 5.87593146429646e-09
1381775.706 6.5285149217593e-09
1401168.824 5.97246649500494e-09
1420561.941 5.46772004514106e-09
1439955.059 6.59157149234247e-09
1459348.176 9.87877040697218e-09
1478741.294 6.06236152848761e-09
1498134.412 4.76775686178944e-09
1517527.529 6.98448575850822e-09
1536920.647 6.68581824119043e-09
1556313.765 4.93057202497947e-09
1575706.882 6.71144366517411e-09
1595100 7.55073741073455e-09
1595100 6.5757250637195e-09
1646141.765 5.6689735312652e-09
1697183.529 4.47256943961936e-09
1748225.294 5.73655462207589e-09
1799267.059 5.94373004890112e-09
1850308.824 5.16462064985091e-09
1901350.588 5.97374566869942e-09
1952392.353 5.69761159698134e-09
2003434.118 5.16219338485135e-09
2054475.882 5.37920969512057e-09
2105517.647 6.41343817384305e-09
2156559.412 5.34496749248663e-09
2207601.176 5.34823067757659e-09
2258642.941 5.40803956492343e-09
2309684.706 4.61695576019521e-09
2360726.471 6.29197162926076e-09
2411768.235 5.17611435992618e-09
2462810 5.50370094095158e-09
2513851.765 6.23803544628074e-09
2564893.529 5.14648659679621e-09
2615935.294 4.54129660660179e-09
2666977.059 4.61411190014577e-09
2718018.824 4.88261643948159e-09
2769060.588 4.87942722809101e-09
2820102.353 4.58688534000073e-09
2871144.118 3.90275354969088e-09
2922185.882 4.22805765205366e-09
2973227.647 4.93389045202366e-09
3024269.412 6.32530452440102e-09
3075311.176 5.21709182068198e-09
3126352.941 4.31982351982466e-09
3177394.706 5.36115937622676e-09
3228436.471 5.3623634019311e-09
3279478.235 4.29121444892453e-09
3330520 4.6336644799189e-09
3381561.765 5.91388263782906e-09
3432603.529 3.68188364630253e-09
3483645.294 3.38766129565183e-09
3534687.059 5.48467714476227e-09
3585728.824 3.81043206283311e-09
3636770.588 4.86179217375401e-09
3687812.353 4.23598200312887e-09
3738854.118 3.24510372487496e-09
3789895.882 4.16696348349123e-09
3840937.647 3.07931395727363e-09
3891979.412 3.06173330507102e-09
3943021.176 4.07605215881049e-09
3994062.941 5.09134075046618e-09
4045104.706 4.87704525766511e-09
4096146.471 5.03948532164495e-09
4147188.235 2.54661327491086e-09
4198230 3.98148996042771e-09
4198230 4.05179125170768e-09
4332570.588 4.97774269349253e-09
4466911.176 5.28945186936526e-09
4601251.765 3.95572937392969e-09
4735592.353 4.33219086090811e-09
4869932.941 5.72321968405996e-09
5004273.529 2.67118243867495e-09
5138614.118 4.20208324278196e-09
5272954.706 4.87717777276256e-09
5407295.294 4.94986066776885e-09
5541635.882 5.75375889799607e-09
5675976.471 3.33340109548438e-09
5810317.059 4.59356664247904e-09
5944657.647 3.37975397685468e-09
6078998.235 3.41351453322035e-09
6213338.824 3.95485513495074e-09
6347679.412 2.79333688797439e-09
6482020 4.26046459962163e-09
6616360.588 3.35023577195645e-09
6750701.176 4.40615196746012e-09
6885041.765 2.97109571425214e-09
7019382.353 3.04455168382972e-09
7153722.941 3.26705258872939e-09
7288063.529 3.44951429216825e-09
7422404.118 4.27271457163599e-09
7556744.706 3.43346199512757e-09
7691085.294 3.09936211232421e-09
7825425.882 3.17491644984266e-09
7959766.471 3.42031411431936e-09
8094107.059 2.58121550234854e-09
8228447.647 3.22611761171994e-09
8362788.235 2.76744462403533e-09
8497128.824 5.05620060285967e-09
8631469.412 2.71328670223341e-09
8765810 4.04652214027222e-09
8900150.588 2.78321597180164e-09
9034491.176 3.78517849805546e-09
9168831.765 3.85870938739348e-09
9303172.353 3.44828516241017e-09
9437512.941 3.02157716983946e-09
9571853.529 3.61670050192237e-09
9706194.118 3.61002963730061e-09
9840534.706 3.47071586396165e-09
9974875.294 2.80197396353974e-09
10109215.882 2.9127041089222e-09
10243556.471 2.79491033090607e-09
10377897.059 2.75365983141201e-09
10512237.647 2.96881043853253e-09
10646578.235 3.67622583267004e-09
10780918.824 4.06638859670334e-09
10915259.412 3.81607021424503e-09
11049600 2.60198423614819e-09
11049600 3.31792660017393e-09
11403174.51 3.56580408202254e-09
11756749.02 3.20889479657175e-09
12110323.529 3.60059055652173e-09
12463898.039 3.60897777435284e-09
12817472.549 2.81878577432556e-09
13171047.059 2.79727219897194e-09
13524621.569 2.81175099968036e-09
13878196.078 4.22133841907252e-09
14231770.588 3.24766185734412e-09
14585345.098 2.83107700218322e-09
14938919.608 3.1446139028253e-09
15292494.118 3.14442550958522e-09
15646068.627 2.61636953731346e-09
15999643.137 2.75139016265818e-09
16353217.647 3.42477428553681e-09
16706792.157 3.27088890099353e-09
17060366.667 2.3475850972958e-09
17413941.176 2.53276481591839e-09
17767515.686 3.59663074413381e-09
18121090.196 2.83252313353633e-09
18474664.706 1.7280173273234e-09
18828239.216 2.79406580317187e-09
19181813.725 2.7076106799575e-09
19535388.235 2.72650553537846e-09
19888962.745 2.30820257500758e-09
20242537.255 2.85174074600288e-09
20596111.765 2.45690845424715e-09
20949686.275 2.7995117270124e-09
21303260.784 2.30490753098243e-09
21656835.294 2.81149809985432e-09
22010409.804 2.25556768952388e-09
22363984.314 3.25370125442879e-09
22717558.824 1.83746889958782e-09
23071133.333 2.43953227338563e-09
23424707.843 2.69936859250233e-09
23778282.353 3.47813880408419e-09
24131856.863 2.03708965476462e-09
24485431.373 2.1561515105876e-09
24839005.882 2.57384096717707e-09
25192580.392 2.36183804200101e-09
25546154.902 2.16680069165297e-09
25899729.412 2.53704376555216e-09
26253303.922 2.28881359390482e-09
26606878.431 2.85104664547268e-09
26960452.941 2.61638557702935e-09
27314027.451 1.90448755445452e-09
27667601.961 1.96658275757677e-09
28021176.471 1.42402359235435e-09
28374750.98 1.67537637088502e-09
28728325.49 1.81572349173998e-09
29081900 2.52275060722322e-09
29081900 2.12175718487751e-09
30012498.039 1.8671026757497e-09
30943096.078 2.43745646714409e-09
31873694.118 1.97475760513652e-09
32804292.157 2.58457031023283e-09
33734890.196 1.74541696247128e-09
34665488.235 2.32249441800374e-09
35596086.275 2.11590498352841e-09
36526684.314 1.83975709613231e-09
37457282.353 1.70813061170327e-09
38387880.392 2.33804011612441e-09
39318478.431 2.53386681235795e-09
40249076.471 2.20970323426433e-09
41179674.51 2.12165392452392e-09
42110272.549 1.15719649848257e-09
43040870.588 2.08840089230483e-09
43971468.627 1.74061404406834e-09
44902066.667 1.73609840684398e-09
45832664.706 2.29083215600178e-09
46763262.745 2.30015058487169e-09
47693860.784 1.91944335882056e-09
48624458.824 1.98766037051152e-09
49555056.863 2.43675922505931e-09
50485654.902 2.14877299662693e-09
51416252.941 1.45241289822799e-09
52346850.98 2.16924360101363e-09
53277449.02 1.79796053226703e-09
54208047.059 1.82993531063346e-09
55138645.098 1.83313240814791e-09
56069243.137 1.48927058029406e-09
56999841.176 1.89577485390111e-09
57930439.216 2.2345378894147e-09
58861037.255 1.65801947744577e-09
59791635.294 1.62201837716657e-09
60722233.333 1.65121260170102e-09
61652831.373 2.80048733567048e-09
62583429.412 1.85955117074737e-09
63514027.451 1.43405234563222e-09
64444625.49 1.95546580100386e-09
65375223.529 2.32047685835312e-09
66305821.569 1.58109528071142e-09
67236419.608 1.98427978289405e-09
68167017.647 2.27193979586896e-09
69097615.686 1.49760753921127e-09
70028213.725 1.46733585314219e-09
70958811.765 1.44812708936175e-09
71889409.804 2.00641966369607e-09
72820007.843 2.04172004673736e-09
73750605.882 1.5169130128491e-09
74681203.922 1.7757153502439e-09
75611801.961 1.76330470520281e-09
76542400 2.41705083515182e-09
76542400 1.58841899904899e-09
78991686.275 1.62727267239737e-09
81440972.549 1.49297360037216e-09
83890258.824 1.59803210905428e-09
86339545.098 1.41798759527077e-09
88788831.373 2.81770117435491e-09
91238117.647 9.22269947697655e-10
93687403.922 -0
96136690.196 1.67133834470421e-08
98585976.471 8.18267457153558e-10
101035262.745 1.35393544404035e-09
103484549.02 4.58535044698608e-09
105933835.294 1.26316802913784e-09
108383121.569 1.75538094441397e-09
110832407.843 1.47210698506211e-09
113281694.118 1.53551169896601e-09
115730980.392 9.09305487553341e-10
118180266.667 1.5392077510461e-09
120629552.941 1.99860530514945e-09
123078839.216 1.99852552884066e-09
125528125.49 1.50075424644251e-09
127977411.765 1.57988437176218e-09
130426698.039 1.29102674215318e-09
132875984.314 1.37458138245603e-09
135325270.588 2.04326844201538e-09
137774556.863 2.70271498820401e-09
140223843.137 1.73826093766912e-09
142673129.412 1.35733754540917e-09
145122415.686 9.24224296202002e-10
147571701.961 9.20104796317897e-10
150020988.235 2.25581837574404e-09
152470274.51 1.1697404892503e-09
154919560.784 1.98530523417532e-09
157368847.059 2.16028810818166e-09
159818133.333 2.42198341328293e-09
162267419.608 2.63366164871467e-09
164716705.882 1.9609150330797e-09
167165992.157 2.04576002243473e-09
169615278.431 -0
172064564.706 2.72732010899715e-09
174513850.98 2.78268808869339e-09
176963137.255 -0
179412423.529 -0
181861709.804 1.78320322421256e-09
184310996.078 2.73224607563563e-09
186760282.353 3.63076555770845e-10
189209568.627 3.30680726093251e-09
191658854.902 -0
194108141.176 2.31094793220686e-09
196557427.451 2.49142144753935e-09
199006713.725 1.1517163603077e-09
201456000 9.56176990713219e-10
