101 2.67928024458797e-05
104.18 2.37540674403501e-05
107.361 2.00064237772101e-05
110.541 2.30353944683202e-05
113.721 1.96775893624299e-05
116.902 1.77371643504592e-05
120.082 1.72333773891455e-05
123.262 2.33052600090933e-05
126.443 2.71460374028984e-05
129.623 2.63194830996662e-05
132.803 1.8821456005197e-05
135.983 2.02174600147394e-05
139.164 2.10147529305951e-05
142.344 2.18046047148885e-05
145.524 2.19773750417541e-05
148.705 2.46481991054899e-05
151.885 2.30829102959043e-05
155.065 2.32572213378731e-05
158.246 1.93158430780927e-05
161.426 2.36004884009952e-05
164.606 2.3740154066223e-05
167.787 1.91980899296814e-05
170.967 1.39799093740537e-05
174.147 1.65606861844489e-05
177.328 1.52182077444995e-05
180.508 1.51081407899085e-05
183.688 9.275319871948e-06
186.868 1.76719773755992e-05
190.049 1.50792473215879e-05
193.229 1.77924882524597e-05
196.409 1.84524788659985e-05
199.59 2.17031839520868e-05
202.77 1.85675666604615e-05
205.95 1.68462846777483e-05
209.131 1.56967638127059e-05
212.311 2.09993116450243e-05
215.491 2.00281933748852e-05
218.672 1.86209707989295e-05
221.852 1.50415033954855e-05
225.032 1.73587269256969e-05
228.213 1.73308597390562e-05
231.393 1.57412097557747e-05
234.573 1.26223452212998e-05
237.753 1.59830504610296e-05
240.934 1.65324668174143e-05
244.114 1.57181622739188e-05
247.294 1.39924134312373e-05
250.475 1.81055489390859e-05
253.655 1.72092168432057e-05
256.835 1.5690972597156e-05
260.016 1.38654676008828e-05
263.196 1.43637300365057e-05
264.196 1.90235478333926e-05
272.598 1.81496566303354e-05
281.001 1.64833337307161e-05
289.403 1.16940807883981e-05
297.806 1.20483986303798e-05
306.208 1.46621602555133e-05
314.611 1.74940300655466e-05
323.013 1.69095986739285e-05
331.415 1.39958662824909e-05
339.818 1.32938157553215e-05
348.22 1.31377783682899e-05
356.623 1.19700474479956e-05
365.025 1.10607322647871e-05
373.428 1.04611008319739e-05
381.83 1.33327344182412e-05
390.232 1.44485843777858e-05
398.635 1.55568523790703e-05
407.037 1.42718186813675e-05
415.44 1.25160237888547e-05
423.842 7.76555937782415e-06
432.245 8.042296793729e-06
440.647 1.27940102653994e-05
449.049 1.28323817623166e-05
457.452 1.12298401983973e-05
465.854 1.19362009417899e-05
474.257 1.21205891296302e-05
482.659 1.09426182283704e-05
491.062 1.00699206845154e-05
499.464 1.13718171111188e-05
507.867 1.31294835321149e-05
516.269 1.1957051418109e-05
524.671 1.01500484920371e-05
533.074 8.40068146800346e-06
541.476 9.78374127630427e-06
549.879 9.49963723299481e-06
558.281 8.57835978000535e-06
566.684 8.05289793609349e-06
575.086 6.42624913915016e-06
583.488 6.83490175339713e-06
591.891 8.26746557896989e-06
600.293 1.09079686345219e-05
608.696 1.21886474930511e-05
617.098 1.35016652517549e-05
625.501 1.16113778886457e-05
633.903 9.57085872499931e-06
642.305 8.4889933587245e-06
650.708 7.836194644996e-06
659.11 7.17576681769969e-06
667.513 7.37410800766513e-06
675.915 7.47573051305253e-06
684.318 8.91304777938687e-06
692.72 9.79140533566212e-06
693.72 7.14560943498402e-06
715.867 7.72171983324913e-06
738.014 7.39950884017958e-06
760.161 9.04744831117113e-06
782.307 7.09802586152214e-06
804.454 7.11826111500827e-06
826.601 6.60247452358029e-06
848.748 6.21065604116042e-06
870.895 4.47740082637208e-06
893.042 6.13712039863711e-06
915.189 7.36974833973865e-06
937.335 6.31168746854187e-06
959.482 7.7022713890038e-06
981.629 7.81168614987878e-06
1003.776 5.82074881852658e-06
1025.923 6.80466862396446e-06
1048.07 6.67002400818228e-06
1070.217 6.37552777521879e-06
1092.364 6.14104107221626e-06
1114.51 5.47957541328683e-06
1136.657 4.92041066854824e-06
1158.804 7.86486574325995e-06
1180.951 6.00109582380581e-06
1203.098 4.78673373420174e-06
1225.245 6.57725618824985e-06
1247.392 6.41743933273706e-06
1269.538 5.67648473776138e-06
1291.685 5.45738331742093e-06
1313.832 4.35045195701602e-06
1335.979 3.98488141386983e-06
1358.126 4.94029986170914e-06
1380.273 4.41994424084793e-06
1402.42 5.64950272079034e-06
1424.566 4.81034632872143e-06
1446.713 4.93222549308915e-06
1468.86 4.8449469743521e-06
1491.007 4.9732399367522e-06
1513.154 6.12213589474922e-06
1535.301 6.32589654903277e-06
1557.448 4.8471770404828e-06
1579.595 5.40686216591266e-06
1601.741 4.99137443486198e-06
1623.888 4.70018143500654e-06
1646.035 5.28262375176815e-06
1668.182 4.92828367208069e-06
1690.329 4.53075780016537e-06
1712.476 5.46882390166323e-06
1734.623 4.21053456660327e-06
1756.769 6.0783802946678e-06
1778.916 5.67245515173428e-06
1801.063 4.17056508541044e-06
1823.21 5.78373376873e-06
1824.21 5.12339874786e-06
1882.531 5.26274165534277e-06
1940.853 5.79232070678072e-06
1999.174 6.44121310939428e-06
2057.495 5.55040878586739e-06
2115.817 4.19994920964971e-06
2174.138 3.78149131173189e-06
2232.46 3.63325490754172e-06
2290.781 2.83504478247805e-06
2349.102 3.53953361800486e-06
2407.424 4.1886988178342e-06
2465.745 3.71210570655627e-06
2524.066 4.37442362321832e-06
2582.388 3.83753987313323e-06
2640.709 4.92897164750271e-06
2699.031 5.04394218059176e-06
2757.352 4.52787696893993e-06
2815.673 5.05218548554974e-06
2873.995 3.79244549772819e-06
2932.316 3.2489009721837e-06
2990.637 4.47450925737835e-06
3048.959 4.92646961263391e-06
3107.28 4.30726798720594e-06
3165.602 4.27439622275441e-06
3223.923 4.0177433245697e-06
3282.244 3.28720009700927e-06
3340.566 3.53032588457074e-06
3398.887 3.47881836338545e-06
3457.208 3.0345151290996e-06
3515.53 3.52851367620142e-06
3573.851 3.99500360899897e-06
3632.173 4.01944704605397e-06
3690.494 3.76708158623737e-06
3748.815 3.89412724095024e-06
3807.137 3.77143089956843e-06
3865.458 3.6256762037833e-06
3923.779 3.55979092286348e-06
3982.101 4.10497136542124e-06
4040.422 4.79365026618555e-06
4098.744 4.05771916181099e-06
4157.065 3.66525702785301e-06
4215.386 3.33081103512952e-06
4273.708 3.2330787601327e-06
4332.029 2.36028148145055e-06
4390.35 2.78231732432696e-06
4448.672 3.15455040489725e-06
4506.993 2.63294513645224e-06
4565.315 3.69062347146122e-06
4623.636 3.22438785431696e-06
4681.957 2.74562594294252e-06
4740.279 2.71066893106822e-06
4798.6 2.74971528233454e-06
4799.6 2.72099531027616e-06
4953.131 3.09872157487061e-06
5106.663 3.04812528245588e-06
5260.194 2.47704056540886e-06
5413.725 2.41546818532457e-06
5567.257 1.79973801084742e-06
5720.788 2.30285606127245e-06
5874.32 3.58914682702385e-06
6027.851 3.29019231183579e-06
6181.382 2.52102750722006e-06
6334.914 2.21369449007024e-06
6488.445 2.5391386174165e-06
6641.976 2.64493748985645e-06
6795.508 2.90073375649516e-06
6949.039 2.77385937331346e-06
7102.571 2.79457990255877e-06
7256.102 3.03603975315943e-06
7409.633 3.27121721290695e-06
7563.165 2.92423953956619e-06
7716.696 2.26232591524145e-06
7870.227 1.75494579854969e-06
8023.759 2.46021282324362e-06
8177.29 2.90573441163051e-06
8330.822 1.93616834250506e-06
8484.353 2.38676737960103e-06
8637.884 2.146728610314e-06
8791.416 1.820680623207e-06
8944.947 2.06127511456009e-06
9098.478 2.01902627994677e-06
9252.01 1.9410060527264e-06
9405.541 1.99926198770166e-06
9559.073 1.76606710130191e-06
9712.604 2.25989022957011e-06
9866.135 2.20045171118789e-06
10019.667 2.42168947233158e-06
10173.198 2.30868074238217e-06
10326.729 1.9457373749214e-06
10480.261 2.04197764782934e-06
10633.792 2.08740613466912e-06
10787.324 2.08242730319649e-06
10940.855 2.05829272442872e-06
11094.386 1.75222826459156e-06
11247.918 1.74318757876283e-06
11401.449 1.4736767420888e-06
11554.98 1.62854647064109e-06
11708.512 1.97265647645645e-06
11862.043 1.75320172884493e-06
12015.575 1.71256738126566e-06
12169.106 1.52262988939839e-06
12322.637 9.46695271130161e-07
12476.169 1.7991841956808e-06
12629.7 2.04502765415632e-06
12630.7 2.04153870241851e-06
13034.822 2.11329439343013e-06
13438.943 2.07624436988813e-06
13843.065 1.88371782753472e-06
14247.186 1.68223724529294e-06
14651.308 1.66081908278128e-06
15055.429 1.84730039605084e-06
15459.551 1.75871580082496e-06
15863.673 1.69350689688793e-06
16267.794 1.81060849335423e-06
16671.916 2.24741679257235e-06
17076.037 2.3949244220804e-06
17480.159 2.18819233240964e-06
17884.28 1.49218903733487e-06
18288.402 1.34962771781478e-06
18692.524 1.70596395221669e-06
19096.645 1.82142431588584e-06
19500.767 1.993203391047e-06
19904.888 1.97345436183744e-06
20309.01 2.03532692804474e-06
20713.131 1.80977165872423e-06
21117.253 1.49295686118105e-06
21521.375 1.23537334944184e-06
21925.496 1.15938463990174e-06
22329.618 1.40019233552977e-06
22733.739 1.48488035183136e-06
23137.861 9.5327392583191e-07
23541.982 1.17040853196222e-06
23946.104 1.40223213937841e-06
24350.225 1.34641216935305e-06
24754.347 1.450542560961e-06
25158.469 1.43097234453329e-06
25562.59 1.33748869072777e-06
25966.712 1.32881491330902e-06
26370.833 1.26796127745787e-06
26774.955 1.37187033921162e-06
27179.076 1.43521541210513e-06
27583.198 1.04915193016178e-06
27987.32 1.09410391564284e-06
28391.441 1.4991943367147e-06
28795.563 1.40692542202961e-06
29199.684 1.27017427395614e-06
29603.806 1.34860712738793e-06
30007.927 1.33278379486168e-06
30412.049 1.28239848810416e-06
30816.171 1.21705368086177e-06
31220.292 1.0548770746261e-06
31624.414 1.11582516909896e-06
32028.535 1.11227578280584e-06
32432.657 1.43730585721888e-06
32836.778 1.54728445764957e-06
33240.9 1.39064814103584e-06
33241.9 1.12686245551138e-06
34305.559 1.05150712921644e-06
35369.218 1.09496470861866e-06
36432.876 1.40796365945773e-06
37496.535 1.26592631119859e-06
38560.194 1.05120377095977e-06
39623.853 1.03368521879515e-06
40687.512 1.09261137187236e-06
41751.171 1.24936411416579e-06
42814.829 1.35536710359675e-06
43878.488 1.24099322621537e-06
44942.147 1.11785037384243e-06
46005.806 1.10102453170575e-06
47069.465 1.03992585483511e-06
48133.124 1.01412273501307e-06
49196.782 9.93244194770557e-07
50260.441 9.94566036711726e-07
51324.1 1.11094261184236e-06
52387.759 1.09524991679998e-06
53451.418 1.06619970486215e-06
54515.076 1.10060671122248e-06
55578.735 1.12219709692721e-06
56642.394 9.93996823139803e-07
57706.053 9.67465642934947e-07
58769.712 9.82429682423246e-07
59833.371 1.03428084486477e-06
60897.029 9.83081129620244e-07
61960.688 9.06856970652151e-07
63024.347 9.0290572014925e-07
64088.006 9.37607767160832e-07
65151.665 7.52508449475892e-07
66215.324 6.47875195135381e-07
67278.982 6.66662757603976e-07
68342.641 7.7475193166643e-07
69406.3 8.33341220229946e-07
70469.959 9.25892938010843e-07
71533.618 8.28577484957676e-07
72597.276 8.49837674240367e-07
73660.935 8.41265404102596e-07
74724.594 6.92258146651177e-07
75788.253 7.11815287171132e-07
76851.912 8.80135043948128e-07
77915.571 9.18306149366424e-07
78979.229 1.00098708956251e-06
80042.888 9.54663134700937e-07
81106.547 8.68834066495208e-07
82170.206 7.67722975399783e-07
83233.865 7.00879811599903e-07
84297.524 7.51748964737975e-07
85361.182 1.03219704765565e-06
86424.841 1.00637052659356e-06
87488.5 9.43432115307962e-07
87489.5 8.01931065644862e-07
90289.039 7.02722009339724e-07
93088.578 6.36832366000028e-07
95888.118 7.17740569788277e-07
98687.657 8.02318456151974e-07
101487.196 8.57161817409119e-07
104286.735 8.16482749207659e-07
107086.275 6.75429158647923e-07
109885.814 6.19781876581212e-07
112685.353 6.4834194815274e-07
115484.892 6.85315339210811e-07
118284.431 8.18038215703755e-07
121083.971 8.74142590206495e-07
123883.51 8.07509781889143e-07
126683.049 8.71534394449781e-07
129482.588 8.68063454937243e-07
132282.127 8.05254089897796e-07
135081.667 7.42302786070215e-07
137881.206 7.86097547017718e-07
140680.745 8.20853803203241e-07
143480.284 7.96587577289277e-07
146279.824 7.08085496364312e-07
149079.363 6.79913635474578e-07
151878.902 6.74761500816335e-07
154678.441 7.38764561532752e-07
157477.98 7.37056535072743e-07
160277.52 6.94078582764106e-07
163077.059 7.74251384950739e-07
165876.598 8.3190485366756e-07
168676.137 7.62863893126302e-07
171475.676 7.266580552465e-07
174275.216 7.94280169794335e-07
177074.755 9.57110577144703e-07
179874.294 9.82093488058489e-07
182673.833 8.51914550212927e-07
185473.373 7.78698359514697e-07
188272.912 6.08637237492172e-07
191072.451 4.44805860325643e-07
193871.99 5.10499706910493e-07
196671.529 5.16692992627743e-07
199471.069 5.31838067081426e-07
202270.608 4.85793513483834e-07
205070.147 4.77517746224482e-07
207869.686 5.5370387284198e-07
210669.225 5.8375518242947e-07
213468.765 5.99116609444091e-07
216268.304 6.12821885310062e-07
219067.843 5.76434952290365e-07
221867.382 4.701126643189e-07
224666.922 3.89453055967907e-07
227466.461 4.33127869661697e-07
230266 5.25475667755425e-07
230267 4.30236968683396e-07
237635.294 5.5065860465817e-07
245003.588 6.54481716693895e-07
252371.882 6.71937776479893e-07
259740.176 5.88478894741126e-07
267108.471 5.38097960355616e-07
274476.765 4.91121197987113e-07
281845.059 5.14790159393656e-07
289213.353 6.09731064413987e-07
296581.647 5.60419747028885e-07
303949.941 4.68851104590104e-07
311318.235 4.63391422568539e-07
318686.529 4.83235043704228e-07
326054.824 4.28520705825798e-07
333423.118 3.95813260307055e-07
340791.412 4.62828657324908e-07
348159.706 3.05719944419127e-07
355528 5.43923342185843e-07
362896.294 4.77864084145029e-07
370264.588 3.78255205026695e-07
377632.882 4.57785812755067e-07
385001.176 4.22542432443182e-07
392369.471 4.91719795550322e-07
399737.765 3.93009667791664e-07
407106.059 4.65994834327308e-07
414474.353 4.11648786083025e-07
421842.647 2.74023337179208e-07
429210.941 3.61693720294937e-07
436579.235 4.7208991091034e-07
443947.529 2.97781270977239e-07
451315.824 4.33806886696938e-07
458684.118 3.43891836192724e-07
466052.412 4.40820442233987e-07
473420.706 5.12631541060438e-07
480789 3.86118096218226e-07
488157.294 4.6340983094439e-07
495525.588 3.97184112064548e-07
502893.882 3.92147487448888e-07
510262.176 3.13578045483469e-07
517630.471 4.15805570620259e-07
524998.765 4.60361512969205e-07
532367.059 4.75824048325121e-07
539735.353 5.20975060712119e-07
547103.647 5.12464685113611e-07
554471.941 3.33226815054073e-07
561840.235 3.59208955302523e-07
569208.529 3.66299048660408e-07
576576.824 4.35684276670391e-07
583945.118 3.03546210681969e-07
591313.412 3.31098045646243e-07
598681.706 2.42781746895349e-07
606050 3.41891983804017e-07
606051 3.75362091257135e-07
625444.118 3.5102990098988e-07
644837.235 3.96382837934432e-07
664230.353 3.93890191631754e-07
683623.471 3.83516467902926e-07
703016.588 3.79746723512689e-07
722409.706 4.12127275986211e-07
741802.824 2.30677541476006e-07
761195.941 4.07366261367214e-07
780589.059 3.80353740099476e-07
799982.176 3.81535283215055e-07
819375.294 3.17010751560635e-07
838768.412 3.8261210321674e-07
858161.529 3.05890697639452e-07
877554.647 3.0659967200543e-07
896947.765 3.68229951782945e-07
916340.882 3.33260670909814e-07
935734 3.30401212943113e-07
955127.118 2.70836063807978e-07
974520.235 3.74975385839361e-07
993913.353 3.26022515643579e-07
1013306.471 3.07849506172711e-07
1032699.588 3.09548944921948e-07
1052092.706 2.16398055310294e-07
1071485.824 3.84648052963745e-07
1090878.941 4.87306787578158e-07
1110272.059 3.75388853546186e-07
1129665.176 2.96567567029758e-07
1149058.294 3.10319592346855e-07
1168451.412 2.43296282446321e-07
1187844.529 3.28191893406092e-07
1207237.647 2.39342065334725e-07
1226630.765 3.24690355994631e-07
1246023.882 3.29413854025541e-07
1265417 3.46655428169035e-07
1284810.118 3.12333357047598e-07
1304203.235 3.02020838776396e-07
1323596.353 3.12073089086595e-07
1342989.471 4.70847334325586e-07
1362382.588 3.18349793856219e-07
1381775.706 3.7107208701092e-07
1401168.824 2.87093882778119e-07
1420561.941 3.54410122584669e-07
1439955.059 3.08622756911606e-07
1459348.176 2.88304767274161e-07
1478741.294 2.79100455773025e-07
1498134.412 4.50918448856833e-07
1517527.529 3.09634703883011e-07
1536920.647 3.22534527121791e-07
1556313.765 3.69391267535772e-07
1575706.882 2.76759564917075e-07
1595100 3.29980793978371e-07
1595100 2.26605207766538e-07
1646141.765 2.44801138553516e-07
1697183.529 2.17026085007202e-07
1748225.294 2.59683552572206e-07
1799267.059 2.0533833507748e-07
1850308.824 2.80231072563257e-07
1901350.588 2.8117353915443e-07
1952392.353 1.78018249098209e-07
2003434.118 1.80718161186383e-07
2054475.882 2.6042311575513e-07
2105517.647 1.67646358902059e-07
2156559.412 2.17214839147093e-07
2207601.176 2.70307907847059e-07
2258642.941 2.48754453922973e-07
2309684.706 2.18330377538477e-07
2360726.471 2.06838441935052e-07
2411768.235 2.05050743000365e-07
2462810 2.13218065272903e-07
2513851.765 1.99531232713396e-07
2564893.529 3.20055675598133e-07
2615935.294 1.94235543823662e-07
2666977.059 2.60032162508582e-07
2718018.824 1.54325840657066e-07
2769060.588 2.1030588672642e-07
2820102.353 2.76382286520114e-07
2871144.118 2.07822861664947e-07
2922185.882 2.65009372958751e-07
2973227.647 2.09944808772938e-07
3024269.412 2.69431871882674e-07
3075311.176 3.36351865812551e-07
3126352.941 2.6475923430111e-07
3177394.706 2.96834730247139e-07
3228436.471 2.81824825948201e-07
3279478.235 2.11465712564793e-07
3330520 1.75760667590079e-07
3381561.765 2.56043323974849e-07
3432603.529 2.32981566696375e-07
3483645.294 2.63309140010666e-07
3534687.059 2.89687271972285e-07
3585728.824 2.73006180998984e-07
3636770.588 2.25134563270834e-07
3687812.353 3.68531965235836e-07
3738854.118 1.71214534594489e-07
3789895.882 2.38333019703917e-07
3840937.647 2.3409990943105e-07
3891979.412 2.80193909401169e-07
3943021.176 2.59982483570134e-07
3994062.941 3.42298934202035e-07
4045104.706 1.95848653755208e-07
4096146.471 2.04959307059737e-07
4147188.235 3.01236987613357e-07
4198230 2.14074034255047e-07
4198230 2.40072214044361e-07
4332570.588 2.43332186985334e-07
4466911.176 2.14951825741936e-07
4601251.765 1.77158362076619e-07
4735592.353 3.3911275401978e-07
4869932.941 2.37771007896711e-07
5004273.529 2.16950937209027e-07
5138614.118 2.75946808319984e-07
5272954.706 2.52723496203577e-07
5407295.294 1.82928676660622e-07
5541635.882 2.14659642259034e-07
5675976.471 1.85582544835256e-07
5810317.059 2.10351928856434e-07
5944657.647 1.71616487346946e-07
6078998.235 1.82315155780725e-07
6213338.824 2.03616054271991e-07
6347679.412 1.74553803200115e-07
6482020 2.24561435146601e-07
6616360.588 2.30905847945258e-07
6750701.176 2.44239715406005e-07
6885041.765 2.04811768011698e-07
7019382.353 2.3629083734892e-07
7153722.941 2.53416824038816e-07
7288063.529 2.78145041806592e-07
7422404.118 1.95290941205875e-07
7556744.706 1.7335494080867e-07
7691085.294 2.0364664840613e-07
7825425.882 2.44012691775863e-07
7959766.471 2.1744539683279e-07
8094107.059 2.19645327238277e-07
8228447.647 1.69726056937017e-07
8362788.235 1.32518688821577e-07
8497128.824 1.72912757210593e-07
8631469.412 2.45983387894654e-07
8765810 2.09799966062048e-07
8900150.588 2.01125145987173e-07
9034491.176 1.89352212925511e-07
9168831.765 2.002957234644e-07
9303172.353 2.69480712835615e-07
9437512.941 1.29657004753634e-07
9571853.529 1.87617361877353e-07
9706194.118 1.93504671049369e-07
9840534.706 1.59163189480262e-07
9974875.294 1.45043637021933e-07
10109215.882 2.15907057611041e-07
10243556.471 1.72043764309359e-07
10377897.059 1.63615149696519e-07
10512237.647 1.66913533502325e-07
10646578.235 1.66074449722887e-07
10780918.824 1.63990804990009e-07
10915259.412 1.65691994063664e-07
11049600 1.84493834660104e-07
11049600 1.67736071763044e-07
11403174.51 1.40561249793595e-07
11756749.02 1.56568638947536e-07
12110323.529 1.11421630487442e-07
12463898.039 1.62210269959187e-07
12817472.549 1.54219926487427e-07
13171047.059 1.42801997164551e-07
13524621.569 1.55842868373591e-07
13878196.078 1.80450796311221e-07
14231770.588 1.75766253183532e-07
14585345.098 9.69206656561587e-08
14938919.608 1.26341877566389e-07
15292494.118 1.57991113324381e-07
15646068.627 9.57346998280456e-08
15999643.137 1.76383427386915e-07
16353217.647 8.27903390846861e-08
16706792.157 1.07475102253156e-07
17060366.667 1.13917548835399e-07
17413941.176 1.69593250836848e-07
17767515.686 1.19520609458346e-07
18121090.196 1.23352465959055e-07
18474664.706 1.64261784766646e-07
18828239.216 1.73585380346618e-07
19181813.725 1.31704521921301e-07
19535388.235 1.10112620704511e-07
19888962.745 1.26755126706747e-07
20242537.255 1.12538427127643e-07
20596111.765 1.29508575229982e-07
20949686.275 1.29937216047604e-07
21303260.784 1.3664555842025e-07
21656835.294 1.14460235852563e-07
22010409.804 1.24657761162863e-07
22363984.314 1.12486888890395e-07
22717558.824 1.08784315311912e-07
23071133.333 1.06763523008973e-07
23424707.843 1.23888174782351e-07
23778282.353 1.46505685384493e-07
24131856.863 8.122881974964e-08
24485431.373 1.01496151095554e-07
24839005.882 1.01127226288046e-07
25192580.392 1.1759246174313e-07
25546154.902 1.38253843386368e-07
25899729.412 1.09254101793512e-07
26253303.922 1.12003121085084e-07
26606878.431 1.36305785099591e-07
26960452.941 9.97393898486405e-08
27314027.451 1.03665217125483e-07
27667601.961 1.44285898930255e-07
28021176.471 1.75625174299131e-07
28374750.98 1.14455089731186e-07
28728325.49 9.98943098092759e-08
29081900 9.65267533094655e-08
29081900 1.24729667246055e-07
30012498.039 9.88275654440293e-08
30943096.078 1.5074620131864e-07
31873694.118 1.24457674289807e-07
32804292.157 9.69430519890719e-08
33734890.196 1.62929232159116e-07
34665488.235 1.28102227943992e-07
35596086.275 1.56464831492932e-07
36526684.314 1.53321503044256e-07
37457282.353 1.34271816955857e-07
38387880.392 1.04747629285239e-07
39318478.431 1.28252794803694e-07
40249076.471 9.47060849447827e-08
41179674.51 1.22996087117542e-07
42110272.549 1.10320091317955e-07
43040870.588 1.0235384448857e-07
43971468.627 8.38437982107013e-08
44902066.667 6.31483128945564e-08
45832664.706 1.27147954585554e-07
46763262.745 9.10634421397055e-08
47693860.784 1.14462128838656e-07
48624458.824 1.11771394266245e-07
49555056.863 8.49829029805848e-08
50485654.902 8.63440781299592e-08
51416252.941 9.41592784546828e-08
52346850.98 8.66676328591014e-08
53277449.02 6.93889781146423e-08
54208047.059 8.60713654550461e-08
55138645.098 7.21676181982141e-08
56069243.137 5.33624960667246e-08
56999841.176 6.32674872477831e-08
57930439.216 6.33353933213326e-08
58861037.255 4.91649745308843e-08
59791635.294 4.71565982562653e-08
60722233.333 4.62561391956625e-08
61652831.373 4.93652146722923e-08
62583429.412 5.67479980156032e-08
63514027.451 3.45364185402902e-08
64444625.49 4.8681839667871e-08
65375223.529 4.42416925026326e-08
66305821.569 3.95785057018668e-08
67236419.608 1.61705731842752e-08
68167017.647 3.57952470230043e-08
69097615.686 3.38896975287697e-08
70028213.725 4.30931889590362e-08
70958811.765 4.07131784417478e-08
71889409.804 3.10729980448379e-08
72820007.843 3.71109165907823e-08
73750605.882 3.47761591286329e-08
74681203.922 3.27886299719461e-08
75611801.961 2.5659301961511e-08
76542400 3.05656960161469e-08
76542400 1.60523508807495e-08
78991686.275 3.38124624431644e-08
81440972.549 2.57192326061976e-08
83890258.824 2.56428727259174e-08
86339545.098 2.22710145502714e-08
88788831.373 -0
91238117.647 2.59968632021634e-08
93687403.922 -0
96136690.196 -0
98585976.471 1.49044057327322e-08
101035262.745 3.44380475222972e-08
103484549.02 -0
105933835.294 9.93123697232626e-09
108383121.569 1.8855826768299e-08
110832407.843 9.38803924280784e-09
113281694.118 7.70280175920262e-09
115730980.392 1.26844294876829e-08
118180266.667 1.74294791707882e-08
120629552.941 9.20290735371709e-09
123078839.216 1.05755944627619e-08
125528125.49 9.7327723354384e-09
127977411.765 8.39930732415477e-09
130426698.039 9.95006704144248e-09
132875984.314 1.12694305968683e-08
135325270.588 4.63756616271941e-09
137774556.863 9.44673256115065e-09
140223843.137 -0
142673129.412 6.65553180493302e-09
145122415.686 -0
147571701.961 9.09206874853853e-09
150020988.235 7.90303473909232e-09
152470274.51 3.89152767659437e-09
154919560.784 1.29097640563977e-08
157368847.059 7.63191045959496e-09
159818133.333 6.49206395865321e-09
162267419.608 2.4750107797745e-09
164716705.882 8.48292881701385e-09
167165992.157 1.00492225314222e-08
169615278.431 -0
172064564.706 4.50735353577906e-09
174513850.98 4.75325615397277e-09
176963137.255 5.44162048873082e-09
179412423.529 4.21995300108959e-09
181861709.804 7.70534759306808e-09
184310996.078 1.47289988086936e-09
186760282.353 5.68809079105318e-09
189209568.627 -0
191658854.902 9.61013705518558e-09
194108141.176 7.38807262415787e-09
196557427.451 6.05349148251652e-09
199006713.725 6.18248006440166e-09
201456000 -0
