101 6.44053752495631e-05
104.18 4.17077725721268e-05
107.361 4.79650466194089e-05
110.541 4.62819098097627e-05
113.721 1.78004764569098e-05
116.902 7.36555404299901e-06
120.082 1.56505420369525e-05
123.262 3.71923716795438e-05
126.443 6.41085521947473e-05
129.623 9.22127432816685e-05
132.803 0.000109324065346484
135.983 0.000105152565548129
139.164 8.12981653254485e-05
142.344 6.2675783911747e-05
145.524 3.0899730872828e-05
148.705 1.81682299861708e-05
151.885 3.24825109342393e-05
155.065 2.58991036342607e-05
158.246 2.14074190225415e-05
161.426 4.56274693352587e-05
164.606 5.67488308856317e-05
167.787 6.67122520797122e-05
170.967 7.68364154191417e-05
174.147 8.74367171857788e-05
177.328 7.1037857476608e-05
180.508 5.00901350271508e-05
183.688 2.48661043808451e-05
186.868 7.37087583278134e-06
190.049 1.08884218575398e-05
193.229 1.13258177375051e-05
196.409 8.59245871965644e-06
199.59 1.10466902816141e-05
202.77 9.58008678937893e-06
205.95 2.94000261120368e-05
209.131 4.21344697365076e-05
212.311 3.48481081868844e-05
215.491 2.25505813748134e-05
218.672 2.61069291466996e-05
221.852 3.1300861306966e-05
225.032 3.0087368178234e-05
228.213 2.80678372930887e-05
231.393 3.53225701157168e-05
234.573 5.05539522354293e-05
237.753 5.72105240477351e-05
240.934 5.18652888496307e-05
244.114 4.35669407168979e-05
247.294 2.56889862163511e-05
250.475 9.33063350824257e-06
253.655 3.26962184317637e-05
256.835 3.58623448416939e-05
260.016 3.19283457476781e-05
263.196 4.08981633590365e-05
264.196 2.75586008553169e-06
272.598 2.59320670146955e-06
281.001 2.28231273731104e-06
289.403 2.02370115022194e-06
297.806 2.3460475311907e-06
306.208 2.47158875527806e-06
314.611 2.29368707623505e-06
323.013 2.06041098948481e-06
331.415 1.93992449744528e-06
339.818 1.97470315616113e-06
348.22 1.92898852833389e-06
356.623 1.81032674053767e-06
365.025 1.83629601762244e-06
373.428 1.81752254970023e-06
381.83 1.57733827924177e-06
390.232 1.52200738270311e-06
398.635 1.32292904302525e-06
407.037 1.33268774983368e-06
415.44 1.39020762968261e-06
423.842 1.54998336485267e-06
432.245 1.51836372621976e-06
440.647 1.36687014979367e-06
449.049 1.23735045105732e-06
457.452 1.10851645902132e-06
465.854 1.21350134636197e-06
474.257 1.30703466836025e-06
482.659 1.27140155628623e-06
491.062 8.46424342338599e-07
499.464 8.00833445321379e-07
507.867 8.69458747111391e-07
516.269 7.72186548629695e-07
524.671 7.80458594637742e-07
533.074 1.10439259459275e-06
541.476 1.32424023694247e-06
549.879 1.36368348756438e-06
558.281 1.30181500854252e-06
566.684 1.3363016514318e-06
575.086 1.11443774263134e-06
583.488 1.02281948035365e-06
591.891 1.14675500665303e-06
600.293 1.57795110887829e-06
608.696 1.63631485199976e-06
617.098 1.4819160490011e-06
625.501 1.39254786094144e-06
633.903 1.3641733842176e-06
642.305 1.50096831325916e-06
650.708 1.56952985295782e-06
659.11 1.57410278736801e-06
667.513 1.564508585276e-06
675.915 1.51872905665231e-06
684.318 1.28858337199973e-06
692.72 1.22109874143443e-06
693.72 1.22618164172809e-06
715.867 1.24019211525563e-06
738.014 1.26011748187079e-06
760.161 1.14355487996895e-06
782.307 1.05440671052434e-06
804.454 1.15072107755459e-06
826.601 1.26838085821606e-06
848.748 1.0913432106675e-06
870.895 1.34513515394894e-06
893.042 1.40287552304395e-06
915.189 1.20944033550668e-06
937.335 1.21458660258936e-06
959.482 1.12904323099191e-06
981.629 9.05315417170143e-07
1003.776 7.83057801573262e-07
1025.923 9.04929192422672e-07
1048.07 1.07860687848437e-06
1070.217 1.06847675334371e-06
1092.364 7.70419390053184e-07
1114.51 8.05474259339378e-07
1136.657 7.72254545439365e-07
1158.804 6.25007692194808e-07
1180.951 1.11992692792555e-06
1203.098 1.20264656244262e-06
1225.245 9.65900264166855e-07
1247.392 9.42121960456113e-07
1269.538 9.92870867309395e-07
1291.685 8.7890482395595e-07
1313.832 8.90551237635943e-07
1335.979 9.20009936638301e-07
1358.126 7.64581893941879e-07
1380.273 6.51327853317383e-07
1402.42 8.20117461145993e-07
1424.566 7.73951864591746e-07
1446.713 6.10384091720951e-07
1468.86 7.68084098178839e-07
1491.007 7.46061717447055e-07
1513.154 8.05332526017738e-07
1535.301 7.92055685815915e-07
1557.448 6.90274954063958e-07
1579.595 7.15611517010654e-07
1601.741 7.00517581787238e-07
1623.888 6.27608764764921e-07
1646.035 7.17893880922835e-07
1668.182 8.20683905532453e-07
1690.329 8.25070029241355e-07
1712.476 8.05540069901529e-07
1734.623 9.90544931506022e-07
1756.769 8.70671672433415e-07
1778.916 7.21565895732296e-07
1801.063 5.92658778514593e-07
1823.21 9.60919386267631e-07
1824.21 8.91487696533065e-07
1882.531 6.96081945945842e-07
1940.853 8.05885568689346e-07
1999.174 6.4981906711357e-07
2057.495 8.12172647891764e-07
2115.817 6.99413339115083e-07
2174.138 6.28392677526585e-07
2232.46 6.26131743788669e-07
2290.781 7.61799968946869e-07
2349.102 6.85073496242838e-07
2407.424 6.18178190931215e-07
2465.745 6.88712913603096e-07
2524.066 6.23367204394296e-07
2582.388 4.75143320380929e-07
2640.709 5.06528862405071e-07
2699.031 5.34163102875098e-07
2757.352 6.26738550154857e-07
2815.673 6.5363980874723e-07
2873.995 6.10291023927044e-07
2932.316 6.31433409413698e-07
2990.637 6.33837344669739e-07
3048.959 5.53941221131802e-07
3107.28 4.99202731559383e-07
3165.602 6.91575028259345e-07
3223.923 7.61044866928759e-07
3282.244 5.37006269125146e-07
3340.566 5.46254507058737e-07
3398.887 6.97349281267542e-07
3457.208 6.0257650293745e-07
3515.53 4.75255096602622e-07
3573.851 4.5796858541299e-07
3632.173 6.6182009544672e-07
3690.494 6.45900369287649e-07
3748.815 4.69761376327745e-07
3807.137 4.22176920576912e-07
3865.458 3.5720001045085e-07
3923.779 5.5720762638963e-07
3982.101 5.41572519183412e-07
4040.422 3.69432557441585e-07
4098.744 4.03547678170984e-07
4157.065 3.62206466899161e-07
4215.386 4.30906450523774e-07
4273.708 3.85501456083322e-07
4332.029 5.0429423147371e-07
4390.35 5.40627328531516e-07
4448.672 5.59500879367316e-07
4506.993 5.29574455439632e-07
4565.315 5.02914025501316e-07
4623.636 4.22987799402408e-07
4681.957 3.75620009688086e-07
4740.279 3.56800850663883e-07
4798.6 3.43345384128588e-07
4799.6 3.48686276555527e-07
4953.131 4.02268555683299e-07
5106.663 4.41906893518345e-07
5260.194 4.780677671527e-07
5413.725 4.87154902962063e-07
5567.257 3.75296217492689e-07
5720.788 3.59004806021016e-07
5874.32 3.84837934872275e-07
6027.851 3.93384260459589e-07
6181.382 4.28780401749223e-07
6334.914 5.08334585181549e-07
6488.445 4.74075932876683e-07
6641.976 4.03319656531727e-07
6795.508 3.94848123541902e-07
6949.039 4.58819440616962e-07
7102.571 4.68810769900151e-07
7256.102 5.09790177251325e-07
7409.633 5.20632743897225e-07
7563.165 4.37902930271429e-07
7716.696 4.07758978220096e-07
7870.227 4.44729255247287e-07
8023.759 4.60380080313495e-07
8177.29 2.92159889367464e-07
8330.822 3.23527709910863e-07
8484.353 3.2090786872065e-07
8637.884 2.74442864960445e-07
8791.416 2.6593354716891e-07
8944.947 2.52960453689966e-07
9098.478 2.88683372700579e-07
9252.01 2.95753624861301e-07
9405.541 3.34551576685814e-07
9559.073 3.25016655444775e-07
9712.604 2.80662682377678e-07
9866.135 3.45103372106717e-07
10019.667 4.38689307029866e-07
10173.198 4.73252458359341e-07
10326.729 4.07113677576417e-07
10480.261 3.32566856836354e-07
10633.792 2.64537632088091e-07
10787.324 2.27915921213661e-07
10940.855 2.50677593733717e-07
11094.386 3.39349618996537e-07
11247.918 3.04819841385197e-07
11401.449 2.93579683056866e-07
11554.98 2.68727743529823e-07
11708.512 2.99629721107182e-07
11862.043 3.59437068988548e-07
12015.575 3.06381493365447e-07
12169.106 2.88637476557407e-07
12322.637 2.14743654078376e-07
12476.169 2.65634436263768e-07
12629.7 2.84728663678522e-07
12630.7 3.12365635965732e-07
13034.822 2.86175107152264e-07
13438.943 2.78426285496179e-07
13843.065 2.40126099314719e-07
14247.186 2.41786047114608e-07
14651.308 2.71124038103702e-07
15055.429 3.16119364648533e-07
15459.551 3.53033098067122e-07
15863.673 3.90372210167011e-07
16267.794 3.36767765842607e-07
16671.916 2.71929953920121e-07
17076.037 2.71407710926804e-07
17480.159 2.40167339582567e-07
17884.28 2.46664625576574e-07
18288.402 2.43368249055775e-07
18692.524 2.54738679794299e-07
19096.645 2.57561776267038e-07
19500.767 2.70905937943781e-07
19904.888 3.29713153094155e-07
20309.01 3.0878966570557e-07
20713.131 2.68288341444738e-07
21117.253 2.34322221652322e-07
21521.375 2.88219122484499e-07
21925.496 2.961676284955e-07
22329.618 2.77995975312385e-07
22733.739 2.6199580931305e-07
23137.861 2.3347739964829e-07
23541.982 2.10000673606551e-07
23946.104 2.48810267372524e-07
24350.225 2.05485584010683e-07
24754.347 2.09414287324411e-07
25158.469 2.73849501336018e-07
25562.59 2.69786288967555e-07
25966.712 2.58546711708905e-07
26370.833 2.30451933971056e-07
26774.955 1.67556326651804e-07
27179.076 1.98061454013724e-07
27583.198 2.23418510309004e-07
27987.32 2.49822035235785e-07
28391.441 2.75587424487162e-07
28795.563 2.48668627787055e-07
29199.684 2.27860098259668e-07
29603.806 2.33800901766056e-07
30007.927 2.03484596597703e-07
30412.049 1.78646299290889e-07
30816.171 1.90183155427604e-07
31220.292 1.97296764234794e-07
31624.414 1.64483486964144e-07
32028.535 1.65636415877065e-07
32432.657 1.70945804576042e-07
32836.778 1.81263396276041e-07
33240.9 1.7794604820827e-07
33241.9 2.44778100857315e-07
34305.559 2.50975103974401e-07
35369.218 2.43403533112893e-07
36432.876 2.1894773318311e-07
37496.535 2.30356811134765e-07
38560.194 2.17462526357237e-07
39623.853 1.82369843825092e-07
40687.512 1.81016230848158e-07
41751.171 1.9875569081879e-07
42814.829 1.98295287656765e-07
43878.488 1.86480249963437e-07
44942.147 1.76237615997267e-07
46005.806 1.55116103939127e-07
47069.465 1.07063895579075e-07
48133.124 1.32991451611512e-07
49196.782 1.68566426690174e-07
50260.441 1.94815848672962e-07
51324.1 2.28979774917909e-07
52387.759 2.49171592971944e-07
53451.418 2.13894485772569e-07
54515.076 1.23558320716345e-07
55578.735 1.2472868642192e-07
56642.394 1.87289930050181e-07
57706.053 2.39498810112317e-07
58769.712 2.70007902774419e-07
59833.371 2.24051930560848e-07
60897.029 2.04733280955558e-07
61960.688 1.90316105085265e-07
63024.347 1.67404778654809e-07
64088.006 1.53822118226003e-07
65151.665 1.37116528731016e-07
66215.324 1.12146578470115e-07
67278.982 1.07194064618789e-07
68342.641 1.48888033582614e-07
69406.3 1.73303505075015e-07
70469.959 1.8360402383204e-07
71533.618 1.48340581299348e-07
72597.276 1.6388921426887e-07
73660.935 1.86270756446623e-07
74724.594 2.02964545141627e-07
75788.253 1.60506027244822e-07
76851.912 9.71146646758145e-08
77915.571 7.66776798300464e-08
78979.229 9.89567800381338e-08
80042.888 1.34056183470915e-07
81106.547 1.61371725437225e-07
82170.206 1.92077311733843e-07
83233.865 2.40336526157027e-07
84297.524 2.52728074665303e-07
85361.182 2.5945977540933e-07
86424.841 2.78274370038061e-07
87488.5 2.40936770968981e-07
87489.5 1.53466874021119e-07
90289.039 1.39974099994191e-07
93088.578 1.08250249485348e-07
95888.118 7.75530515985645e-08
98687.657 7.44405948796724e-08
101487.196 9.1221351399549e-08
104286.735 1.05878712956312e-07
107086.275 1.05150021086702e-07
109885.814 7.71868447052475e-08
112685.353 5.87449726147515e-08
115484.892 7.12508813835752e-08
118284.431 7.80424863269642e-08
121083.971 3.35854142235882e-08
123883.51 2.56635464236726e-08
126683.049 -0
129482.588 -0
132282.127 -0
135081.667 -0
137881.206 -0
140680.745 9.08961613710918e-09
143480.284 4.06058511975798e-08
146279.824 4.26575431894524e-08
149079.363 1.09301037537399e-07
151878.902 9.97176377434298e-08
154678.441 8.43405942388931e-08
157477.98 8.72283838304476e-08
160277.52 7.96436455927772e-08
163077.059 6.45778125273255e-08
165876.598 5.84416276967018e-08
168676.137 -0
171475.676 -0
174275.216 5.53676964536904e-08
177074.755 5.47795307164711e-08
179874.294 6.95080977689988e-08
182673.833 7.97665545735523e-08
185473.373 7.66715158278536e-08
188272.912 7.20506215167579e-08
191072.451 6.16957388219146e-08
193871.99 3.71531892615533e-08
196671.529 5.96975270081433e-08
199471.069 6.72711669388892e-08
202270.608 6.45909127685157e-08
205070.147 6.21010035296315e-08
207869.686 6.69296809304362e-08
210669.225 7.02535232985941e-08
213468.765 6.60873955780737e-08
216268.304 6.76869495746846e-08
219067.843 7.94636481944493e-08
221867.382 1.01082213799758e-07
224666.922 1.10277306581876e-07
227466.461 1.13933678974217e-07
230266 1.08527010647005e-07
230267 6.61648005024424e-08
237635.294 7.79469603527219e-08
245003.588 1.06764085708245e-07
252371.882 1.12463627973901e-07
259740.176 6.79150588977415e-08
267108.471 6.95578635768976e-08
274476.765 1.03306330445856e-07
281845.059 7.54208468219822e-08
289213.353 9.74380936242284e-08
296581.647 8.8423589370599e-08
303949.941 6.167252376602e-08
311318.235 1.00126670689085e-07
318686.529 6.99215355902193e-08
326054.824 8.11479479404877e-08
333423.118 9.60700742618886e-08
340791.412 6.05213930891152e-08
348159.706 7.42550479478621e-08
355528 6.17969584202977e-08
362896.294 5.2891749070493e-08
370264.588 4.94845018296992e-08
377632.882 6.31200060009479e-08
385001.176 4.88535400062595e-08
392369.471 6.04284538031117e-08
399737.765 5.36445337774735e-08
407106.059 6.44065171979731e-08
414474.353 7.01948976760882e-08
421842.647 7.77656338093891e-08
429210.941 6.10874328144832e-08
436579.235 5.84672669987618e-08
443947.529 2.04704400903278e-08
451315.824 6.84513217633319e-08
458684.118 6.72767840688859e-08
466052.412 4.43032829651348e-08
473420.706 6.19324317342699e-08
480789 6.30914104858332e-08
488157.294 7.06375995453696e-08
495525.588 3.09312935417111e-08
502893.882 5.69439285549048e-08
510262.176 7.44268005174581e-08
517630.471 4.83319385281906e-08
524998.765 5.42292851785085e-08
532367.059 5.71689286838996e-08
539735.353 4.32077888733131e-08
547103.647 4.82825626437703e-08
554471.941 4.20482439598326e-08
561840.235 4.40471184708932e-08
569208.529 5.12892684036729e-08
576576.824 5.20423719223942e-08
583945.118 -0
591313.412 6.25704368087997e-08
598681.706 6.90090191840465e-08
606050 4.94730598081976e-08
606051 6.0487973997746e-08
625444.118 5.45987868126765e-08
644837.235 2.58617631076363e-08
664230.353 6.70796820561189e-08
683623.471 6.82468104828533e-08
703016.588 4.72176973655313e-08
722409.706 5.10560997358895e-08
741802.824 5.17877007824985e-08
761195.941 7.1543664588512e-08
780589.059 6.01065747272501e-08
799982.176 3.89569386645922e-08
819375.294 6.14052053428966e-08
838768.412 6.72327477191071e-08
858161.529 4.07531231695155e-08
877554.647 4.1234225632347e-08
896947.765 4.69291053866926e-08
916340.882 5.83027733206715e-08
935734 4.47480726208124e-08
955127.118 5.64906789654054e-08
974520.235 5.76034608694972e-08
993913.353 5.30476829206583e-08
1013306.471 5.1451757828288e-08
1032699.588 4.5421365962495e-08
1052092.706 4.65033827801e-08
1071485.824 3.90934708827229e-08
1090878.941 4.27990116030534e-08
1110272.059 4.44868311079436e-08
1129665.176 4.59108250323461e-08
1149058.294 3.28009027472111e-08
1168451.412 4.17307394099841e-08
1187844.529 2.53497579671286e-08
1207237.647 4.81649500336334e-08
1226630.765 6.60610148192979e-08
1246023.882 3.66013465478854e-08
1265417 1.33663080027059e-08
1284810.118 4.75696100316578e-08
1304203.235 3.80713148836759e-08
1323596.353 3.10609169872929e-08
1342989.471 6.0504595630656e-08
1362382.588 3.72671800215645e-08
1381775.706 4.26181107915403e-08
1401168.824 4.8169600468176e-08
1420561.941 4.26113080251334e-08
1439955.059 3.64081291569891e-08
1459348.176 4.89942171673433e-08
1478741.294 3.49592891232373e-08
1498134.412 4.68132068388356e-08
1517527.529 3.99180362616399e-08
1536920.647 4.0202694381168e-08
1556313.765 2.51618903583018e-08
1575706.882 3.36894934297193e-08
1595100 3.29584326972385e-08
1595100 4.11364374287419e-08
1646141.765 3.34739093863758e-08
1697183.529 4.34336114593295e-08
1748225.294 3.53608044571005e-08
1799267.059 4.66612657535391e-08
1850308.824 4.35769806641339e-08
1901350.588 4.27942339620935e-08
1952392.353 2.75086935709423e-08
2003434.118 3.89490524069932e-08
2054475.882 4.42337387113502e-08
2105517.647 5.60449176951407e-08
2156559.412 3.63079282016408e-08
2207601.176 3.80822205319215e-08
2258642.941 2.42343967564183e-08
2309684.706 2.86256926578904e-08
2360726.471 3.63182520084805e-08
2411768.235 3.77602382868395e-08
2462810 4.25050649586517e-08
2513851.765 3.530538390118e-08
2564893.529 4.31744321635618e-08
2615935.294 3.4648594512495e-08
2666977.059 3.44719875125427e-08
2718018.824 4.40575239095401e-08
2769060.588 4.38062875928102e-08
2820102.353 3.89050958084413e-08
2871144.118 4.33241904441237e-08
2922185.882 3.01878385029386e-08
2973227.647 3.41519693556667e-08
3024269.412 3.84063149731382e-08
3075311.176 2.77726767615655e-08
3126352.941 3.89506000594124e-08
3177394.706 2.68104823167208e-08
3228436.471 3.4274240602966e-08
3279478.235 3.93860731534942e-08
3330520 4.43662073535264e-08
3381561.765 3.02258619425534e-08
3432603.529 3.02215385589467e-08
3483645.294 3.22497152129116e-08
3534687.059 3.47286735254084e-08
3585728.824 1.27255180588768e-08
3636770.588 3.55782741361017e-08
3687812.353 2.94148994205318e-08
3738854.118 3.99496858803959e-08
3789895.882 3.27076125991351e-08
3840937.647 3.68875533457669e-08
3891979.412 3.07506164496259e-08
3943021.176 6.68141345623626e-08
3994062.941 1.10641183131532e-07
4045104.706 6.90259360077333e-08
4096146.471 3.96040979166853e-08
4147188.235 4.91588561646587e-08
4198230 7.82682404676297e-08
4198230 3.68195703291891e-08
4332570.588 2.38476970864463e-08
4466911.176 3.23261746486574e-08
4601251.765 2.17781128295015e-08
4735592.353 1.72343367561244e-08
4869932.941 4.27643435397528e-08
5004273.529 2.57935863035387e-08
5138614.118 3.38046714674274e-08
5272954.706 3.71131548761662e-08
5407295.294 3.58933156461297e-08
5541635.882 3.20615040160626e-08
5675976.471 4.33157449694034e-08
5810317.059 2.52192911170021e-08
5944657.647 3.35994170321927e-08
6078998.235 3.53358321596082e-08
6213338.824 2.71833789687577e-08
6347679.412 3.13400015384301e-08
6482020 3.2633149271241e-08
6616360.588 3.05877989972685e-08
6750701.176 3.24009373782735e-08
6885041.765 3.11139090051138e-08
7019382.353 1.48213640496379e-08
7153722.941 2.66176613841261e-08
7288063.529 2.32464041172823e-08
7422404.118 3.08298908578347e-08
7556744.706 2.58854934685588e-08
7691085.294 3.09140712935889e-08
7825425.882 2.22851739315986e-08
7959766.471 3.79528552992262e-08
8094107.059 2.78521623040349e-08
8228447.647 1.9111812440687e-08
8362788.235 3.6440259961795e-08
8497128.824 2.69111775472423e-08
8631469.412 3.47681581759287e-08
8765810 1.9774392635186e-08
8900150.588 2.56128625758934e-08
9034491.176 1.15776169817238e-08
9168831.765 1.70713846084025e-08
9303172.353 2.55026045880318e-08
9437512.941 2.36887751063346e-08
9571853.529 3.62657444378576e-08
9706194.118 1.80369827562151e-08
9840534.706 3.2632366645887e-08
9974875.294 3.14403707077191e-08
10109215.882 2.45094102173838e-08
10243556.471 3.45060301203703e-08
10377897.059 1.62421836364603e-08
10512237.647 3.35506499625387e-08
10646578.235 2.88771809204015e-08
10780918.824 2.14169540161807e-08
10915259.412 3.08973497301306e-08
11049600 3.30052372479399e-08
11049600 1.88782042696889e-08
11403174.51 2.4126657338612e-08
11756749.02 2.0254441715446e-08
12110323.529 2.49951268864933e-08
12463898.039 2.37200947678229e-08
12817472.549 3.73678181440019e-08
13171047.059 2.67704783275626e-08
13524621.569 3.31068427983098e-08
13878196.078 3.83670439779142e-08
14231770.588 3.60575827675678e-08
14585345.098 3.05316488573071e-08
14938919.608 4.44484051157564e-08
15292494.118 2.55646352518533e-08
15646068.627 1.40477431114717e-08
15999643.137 1.37363530409239e-08
16353217.647 2.77364124606482e-08
16706792.157 3.37571819689159e-08
17060366.667 1.12631435520684e-08
17413941.176 2.33310764739971e-08
17767515.686 2.35015680037163e-08
18121090.196 3.23682722631901e-08
18474664.706 2.64988440105526e-08
18828239.216 3.97941576975767e-08
19181813.725 2.78577673401872e-08
19535388.235 3.29091470039684e-08
19888962.745 1.98330884662576e-08
20242537.255 3.48374369757822e-08
20596111.765 1.61683552962075e-08
20949686.275 2.2547769135593e-08
21303260.784 1.61389663809087e-08
21656835.294 1.58304089607407e-08
22010409.804 2.63126809287518e-08
22363984.314 2.51148307998043e-08
22717558.824 3.59510509454174e-08
23071133.333 3.36632681903347e-08
23424707.843 1.76709780170312e-08
23778282.353 2.61745706320486e-08
24131856.863 2.84208923392563e-08
24485431.373 2.29307742812143e-08
24839005.882 2.45084097971859e-08
25192580.392 2.94437956792802e-08
25546154.902 2.52382641893633e-08
25899729.412 3.66377948637592e-08
26253303.922 2.09905663638621e-08
26606878.431 2.92754637273058e-08
26960452.941 3.41845786653573e-08
27314027.451 2.01077713250972e-08
27667601.961 -0
28021176.471 3.08498968959817e-08
28374750.98 4.340799874331e-08
28728325.49 3.81433923397644e-08
29081900 2.27416086973635e-08
29081900 2.5040909418855e-08
30012498.039 2.96912783009759e-08
30943096.078 2.04618499636763e-08
31873694.118 3.28985795631438e-08
32804292.157 3.48734241538668e-08
33734890.196 3.34975011698485e-08
34665488.235 3.37389917826363e-08
35596086.275 3.59944657969694e-08
36526684.314 5.13789106087352e-08
37457282.353 2.52818338727791e-08
38387880.392 2.49295511613607e-08
39318478.431 3.59156225057523e-08
40249076.471 2.35728095394249e-08
41179674.51 4.44229084540128e-08
42110272.549 2.98425134152688e-08
43040870.588 3.11779035700687e-08
43971468.627 4.39830151141279e-08
44902066.667 3.27174579385135e-08
45832664.706 4.08402248921379e-08
46763262.745 3.23549320787743e-08
47693860.784 4.48447735412556e-08
48624458.824 2.60840541929356e-08
49555056.863 1.29356271266877e-08
50485654.902 3.81066577225122e-08
51416252.941 2.3521604348813e-08
52346850.98 3.5093508494535e-08
53277449.02 -0
54208047.059 2.91110645384826e-08
55138645.098 2.21661367040831e-08
56069243.137 -0
56999841.176 1.60501842442758e-08
57930439.216 2.68188479714994e-08
58861037.255 1.32091648628556e-08
59791635.294 -0
60722233.333 -0
61652831.373 -0
62583429.412 2.5995750862816e-08
63514027.451 2.0186076432789e-08
64444625.49 -0
65375223.529 1.77521743359145e-08
66305821.569 1.50804668031729e-08
67236419.608 1.50640720813066e-08
68167017.647 1.03627663444806e-08
69097615.686 -0
70028213.725 -0
70958811.765 9.90402714050703e-09
71889409.804 -0
72820007.843 1.86117197738629e-08
73750605.882 -0
74681203.922 -0
75611801.961 1.32679576822697e-08
76542400 8.93120584221414e-09
76542400 1.04396786192823e-08
78991686.275 1.01974777899685e-08
81440972.549 3.95191863530868e-09
83890258.824 6.00983064094156e-09
86339545.098 1.97063902529102e-09
88788831.373 -0
91238117.647 -0
93687403.922 2.27574455426263e-08
96136690.196 -0
98585976.471 -0
101035262.745 1.54551474154082e-08
103484549.02 -0
105933835.294 -0
108383121.569 1.25768809758382e-08
110832407.843 -0
113281694.118 -0
115730980.392 -0
118180266.667 1.13493950605308e-09
120629552.941 -0
123078839.216 7.11040867641235e-09
125528125.49 -0
127977411.765 -0
130426698.039 -0
132875984.314 2.59856997973885e-09
135325270.588 -0
137774556.863 -0
140223843.137 2.7806970938957e-09
142673129.412 6.98336842857829e-09
145122415.686 -0
147571701.961 -0
150020988.235 -0
152470274.51 6.18806912453303e-09
154919560.784 -0
157368847.059 4.13850860966496e-09
159818133.333 3.263083388343e-09
162267419.608 -0
164716705.882 1.87148227597806e-09
167165992.157 3.19818220351702e-09
169615278.431 1.32127707504179e-09
172064564.706 -0
174513850.98 -0
176963137.255 -0
179412423.529 7.8921431683473e-09
181861709.804 6.1329065750798e-09
184310996.078 3.94040867091321e-09
186760282.353 1.21384492223677e-09
189209568.627 5.03566464833609e-10
191658854.902 8.75178585856761e-09
194108141.176 9.64892109302817e-09
196557427.451 -0
199006713.725 6.2259102862453e-09
201456000 -0
