101 366.081298345956
104.18 442.217022868436
107.361 557.398599554378
110.541 561.748954743792
113.721 572.536485675076
116.902 596.215198216612
120.082 648.184662732474
123.262 627.793220674683
126.443 652.794536016004
129.623 575.580060394693
132.803 463.610998832809
135.983 372.057936836184
139.164 329.774987060442
142.344 389.93020959498
145.524 504.507928933721
148.705 544.651482516838
151.885 447.12787673104
155.065 412.271934335008
158.246 489.544009690261
161.426 501.031564488455
164.606 456.053420690961
167.787 452.842730482971
170.967 451.166520300273
174.147 461.136557262045
177.328 533.626236003836
180.508 502.695701754578
183.688 496.615712000339
186.868 464.886151301504
190.049 449.806517683337
193.229 445.917222237602
196.409 432.610373742465
199.59 406.552942014327
202.77 358.409400646421
205.95 425.520506122024
209.131 444.174355249613
212.311 451.169923716824
215.491 427.797756001747
218.672 407.221182380737
221.852 278.419020299328
225.032 289.7397641316
228.213 362.969386385387
231.393 382.178676226088
234.573 356.89074894531
237.753 353.916709410454
240.934 302.226980341036
244.114 287.982740124471
247.294 266.167743806406
250.475 276.08901646558
253.655 258.736836846239
256.835 244.139544829983
260.016 303.695737740855
263.196 313.25374769089
264.196 269.779836909284
272.598 270.298014652369
281.001 271.780301176933
289.403 347.960793932561
297.806 389.864023494924
306.208 405.813143081092
314.611 370.368232710222
323.013 326.923075774223
331.415 317.60235919513
339.818 337.629765636718
348.22 355.969645327587
356.623 338.192329092538
365.025 317.603471528183
373.428 287.386891979873
381.83 218.037043051777
390.232 222.795696530082
398.635 255.711864821789
407.037 270.312315767912
415.44 285.058641446532
423.842 299.556155196949
432.245 309.217347031554
440.647 265.665819439239
449.049 234.560511968785
457.452 223.630351217003
465.854 278.09187133757
474.257 286.667759806828
482.659 272.312477506955
491.062 263.771456492936
499.464 248.38677458165
507.867 259.750576335427
516.269 290.60016659556
524.671 292.386012649972
533.074 245.172966408392
541.476 233.712782698171
549.879 230.34047947155
558.281 247.697210743901
566.684 259.983435740331
575.086 234.250800389103
583.488 227.207845978653
591.891 247.02747882351
600.293 307.086821637948
608.696 320.48016905727
617.098 308.28734920355
625.501 302.254345536327
633.903 283.193134534813
642.305 253.209300068734
650.708 265.867645522809
659.11 266.364873587661
667.513 247.24810018337
675.915 241.34626651233
684.318 239.57376404561
692.72 246.86015769036
693.72 262.725776617864
715.867 201.081391818069
738.014 219.643312941349
760.161 218.371941649918
782.307 181.150866894818
804.454 168.891482336608
826.601 175.804621699496
848.748 211.498917955452
870.895 259.096628419383
893.042 265.624935708715
915.189 156.602306741984
937.335 182.291789230433
959.482 195.420964764197
981.629 184.879238541973
1003.776 181.838407777185
1025.923 177.006966576741
1048.07 191.236054848559
1070.217 128.152016913219
1092.364 168.321193238795
1114.51 195.266374342007
1136.657 174.520229515288
1158.804 156.373447337947
1180.951 166.255276428273
1203.098 164.795102033909
1225.245 180.934617418112
1247.392 132.232514707747
1269.538 182.746655722699
1291.685 100.069136248161
1313.832 148.485764035346
1335.979 150.502987292041
1358.126 144.286001423451
1380.273 136.445466049573
1402.42 167.385820461736
1424.566 168.510296160987
1446.713 143.126398240681
1468.86 166.059849891443
1491.007 139.086882206699
1513.154 139.019906476067
1535.301 125.805033181849
1557.448 109.153997252104
1579.595 118.080713280188
1601.741 115.118275053151
1623.888 181.902692710378
1646.035 158.675816985749
1668.182 144.987583205502
1690.329 128.99668444635
1712.476 147.563587808506
1734.623 123.877284246199
1756.769 104.529853677143
1778.916 86.0536870821077
1801.063 157.687702564066
1823.21 143.377431105286
1824.21 84.0093049826451
1882.531 120.200483162239
1940.853 151.868782904756
1999.174 141.934052561713
2057.495 144.003562838604
2115.817 183.958648544889
2174.138 146.848786071867
2232.46 124.017817072727
2290.781 131.112061012474
2349.102 122.308050242568
2407.424 137.010778944412
2465.745 132.771888313592
2524.066 126.578308297694
2582.388 77.7013716716357
2640.709 91.6131050896208
2699.031 103.694087890041
2757.352 135.35858996113
2815.673 157.331210573748
2873.995 121.311105824135
2932.316 114.469999253577
2990.637 111.156771837269
3048.959 118.685448398808
3107.28 105.941982350024
3165.602 91.5974798348517
3223.923 104.7758935133
3282.244 113.06532272993
3340.566 109.525985483707
3398.887 119.543634697864
3457.208 105.773785813845
3515.53 104.357300979148
3573.851 85.3549822138383
3632.173 98.3468883243915
3690.494 105.393306629325
3748.815 94.1846765476376
3807.137 92.4267080946777
3865.458 103.411703048792
3923.779 90.6079647544254
3982.101 101.64150360345
4040.422 89.9071717842408
4098.744 72.8936248931192
4157.065 81.3477770120155
4215.386 82.5256905601537
4273.708 108.226924003944
4332.029 82.1621924964429
4390.35 87.5220792727398
4448.672 100.424529922983
4506.993 124.53721280127
4565.315 87.5352981171309
4623.636 82.0432744349133
4681.957 90.400452709841
4740.279 84.8528831321201
4798.6 99.6967744299736
4799.6 91.4946981924339
4953.131 95.3900919218744
5106.663 85.3192295862982
5260.194 99.4399175356977
5413.725 90.3211995875835
5567.257 91.1774411064943
5720.788 84.8860894218105
5874.32 91.3562900751088
6027.851 82.9078659723526
6181.382 70.9183321049506
6334.914 65.5980547679956
6488.445 61.7447678388992
6641.976 80.3629175223021
6795.508 103.449258492737
6949.039 106.938365040933
7102.571 99.9201256248265
7256.102 97.3159859863905
7409.633 86.2422916129396
7563.165 68.7128130960269
7716.696 90.1331296388468
7870.227 78.5753226666517
8023.759 88.4410395871632
8177.29 82.4969189083892
8330.822 58.2425931508261
8484.353 67.003152124683
8637.884 75.6568062340382
8791.416 65.9353450619266
8944.947 52.4998991254774
9098.478 66.5285939996487
9252.01 70.7020172433237
9405.541 47.2217514319479
9559.073 55.5782825481439
9712.604 67.3615835127585
9866.135 66.5386592444934
10019.667 78.7519344786616
10173.198 70.9637076839971
10326.729 68.5515700455559
10480.261 66.5380419762177
10633.792 81.4447409026628
10787.324 68.3824566934308
10940.855 56.38908215657
11094.386 52.8695545101479
11247.918 73.6767296238649
11401.449 71.5741633903701
11554.98 66.7989334339215
11708.512 78.5609412485493
11862.043 63.8244857914588
12015.575 66.7486498654287
12169.106 54.6786792810078
12322.637 51.3121719656173
12476.169 74.9539860332812
12629.7 62.915471453233
12630.7 48.5995264743659
13034.822 57.9679426023949
13438.943 62.5054480742633
13843.065 55.6438406297676
14247.186 54.2916422820997
14651.308 52.4140159913817
15055.429 55.3635556097686
15459.551 44.7550566181152
15863.673 39.7924039743434
16267.794 45.0666847066537
16671.916 52.4977514329869
17076.037 55.9094100097412
17480.159 53.0246491825308
17884.28 53.6432754783956
18288.402 52.8312921168082
18692.524 53.2283068704208
19096.645 52.4796761184106
19500.767 53.5955366308759
19904.888 54.1875725052183
20309.01 58.9660871358572
20713.131 53.9489101782468
21117.253 51.1025385359102
21521.375 52.1524097135932
21925.496 48.5754269055007
22329.618 42.8260859401778
22733.739 50.2141281203139
23137.861 63.9899100785113
23541.982 55.6934773735387
23946.104 49.0159979297201
24350.225 52.7860649396087
24754.347 55.1041615853919
25158.469 51.7396563700831
25562.59 40.1879090097342
25966.712 39.6332325463707
26370.833 46.7619181324775
26774.955 46.5221748335635
27179.076 38.2746177943718
27583.198 47.7294246028181
27987.32 48.326954534508
28391.441 35.6735481718633
28795.563 31.2971958454439
29199.684 40.3845790615759
29603.806 49.0872216615827
30007.927 39.3824512021034
30412.049 34.1537519243112
30816.171 40.5670720140454
31220.292 46.3539461009067
31624.414 50.2206406699653
32028.535 55.3652376481888
32432.657 49.3867777245918
32836.778 40.8777345362634
33240.9 36.919613846243
33241.9 49.4107313592901
34305.559 52.2614467509853
35369.218 49.6669712523568
36432.876 43.2905146703136
37496.535 39.8292464010105
38560.194 39.8864391089662
39623.853 39.0548697821858
40687.512 38.4524150796521
41751.171 39.346133449223
42814.829 36.5586536054586
43878.488 34.5978228057222
44942.147 33.5428120192406
46005.806 35.2884265058812
47069.465 37.680826497566
48133.124 27.2121396768187
49196.782 22.3263701458009
50260.441 22.4861874719508
51324.1 24.1494950634389
52387.759 24.129040281992
53451.418 26.4413432088167
54515.076 30.0116144475346
55578.735 31.0513434961551
56642.394 31.2655258756882
57706.053 31.561194333656
58769.712 33.2907434457929
59833.371 38.8742659531423
60897.029 38.2600113508186
61960.688 36.6460452852415
63024.347 29.5545643603748
64088.006 26.6050401509427
65151.665 23.9945536485637
66215.324 26.3285813139325
67278.982 29.0865117368461
68342.641 28.8108349963511
69406.3 27.3931260245018
70469.959 27.0312995700593
71533.618 24.6763443301709
72597.276 25.805844071324
73660.935 26.8454477723473
74724.594 25.1230424493692
75788.253 22.0335165867697
76851.912 26.0939984289108
77915.571 26.2953035199758
78979.229 24.5408323812323
80042.888 26.1909299342397
81106.547 26.0860789754819
82170.206 23.3563604431852
83233.865 23.9313403842323
84297.524 24.1699032633016
85361.182 22.4590118853435
86424.841 19.7269680126705
87488.5 18.0802673524216
87489.5 27.6526605154077
90289.039 26.1454493592293
93088.578 25.4237767661505
95888.118 24.3879333734796
98687.657 22.6885114583716
101487.196 21.4014340311355
104286.735 22.3554345865084
107086.275 23.1764654758457
109885.814 22.8768977643929
112685.353 28.6590975259447
115484.892 29.6054808493758
118284.431 31.3237629698672
121083.971 32.6606489687506
123883.51 32.5950389563375
126683.049 29.0675557472191
129482.588 26.1282620955895
132282.127 18.9374324115658
135081.667 20.6333284841809
137881.206 25.5737163977129
140680.745 28.4330883597533
143480.284 30.1390503826366
146279.824 28.2360510396047
149079.363 25.7707603536299
151878.902 23.0370846527745
154678.441 23.0226060816213
157477.98 23.4068536837523
160277.52 21.3930341976282
163077.059 24.5661242783043
165876.598 24.878470490761
168676.137 23.6742347178592
171475.676 21.2925069327639
174275.216 17.4554923886475
177074.755 18.3539279525099
179874.294 23.5767892724039
182673.833 21.9528849715007
185473.373 19.9893349030372
188272.912 17.1392514869255
191072.451 21.4236479531454
193871.99 25.0624530844613
196671.529 24.2969792672449
199471.069 22.0297076541161
202270.608 16.9362646992287
205070.147 16.3213862432872
207869.686 18.3514070361291
210669.225 19.6232414840252
213468.765 18.6592384457936
216268.304 18.2641987199288
219067.843 19.8528987887118
221867.382 19.7569367095425
224666.922 20.7186268336946
227466.461 20.8306581934988
230266 20.578359243413
230267 24.5929223062248
237635.294 19.7452152746866
245003.588 18.0239160806379
252371.882 20.7907888799548
259740.176 25.1808017772762
267108.471 18.1999503405088
274476.765 15.1528881752173
281845.059 22.7749271049056
289213.353 17.6388460806004
296581.647 18.0803108850102
303949.941 20.0615567099206
311318.235 16.4819586856802
318686.529 16.4129925323728
326054.824 17.8029561679918
333423.118 21.2564067310351
340791.412 16.8388112579823
348159.706 18.4353825632803
355528 17.7938956304142
362896.294 15.9735306129415
370264.588 15.2093224578255
377632.882 19.1119450473658
385001.176 15.8019509368904
392369.471 18.0656634892805
399737.765 17.3283034506562
407106.059 20.7081248737664
414474.353 15.7218725216763
421842.647 14.455161270901
429210.941 19.153940349304
436579.235 16.9833129170415
443947.529 17.6036491596028
451315.824 10.1286015760154
458684.118 13.5903107699948
466052.412 18.2990166928741
473420.706 20.235144323438
480789 14.3289967595245
488157.294 13.0497889801787
495525.588 13.3052847429915
502893.882 9.63985817426471
510262.176 13.2499704374206
517630.471 18.0766061078196
524998.765 18.3658526005121
532367.059 13.5437172626836
539735.353 9.01433429965246
547103.647 15.0797396729922
554471.941 16.7513588357595
561840.235 16.2925289180236
569208.529 12.8935252323045
576576.824 17.3109962765679
583945.118 13.4781082407087
591313.412 15.3891266975103
598681.706 15.3065180045052
606050 12.7698429812655
606051 13.2819688728204
625444.118 16.5547446759969
644837.235 13.8232597482032
664230.353 16.5753727735885
683623.471 14.2029408557678
703016.588 12.8698667223346
722409.706 16.6744495144647
741802.824 16.399275512415
761195.941 13.7837523266822
780589.059 14.2396152205946
799982.176 13.0309617104986
819375.294 15.4017021816118
838768.412 13.6990099675221
858161.529 13.7226998957139
877554.647 15.5483757249625
896947.765 9.59358184370381
916340.882 15.5567676996094
935734 12.4435036373245
955127.118 15.6613298384499
974520.235 11.315469491292
993913.353 12.076436086933
1013306.471 13.7141427330138
1032699.588 12.8246740671376
1052092.706 9.2497508153585
1071485.824 8.40376724041522
1090878.941 14.2276376430083
1110272.059 10.4986876094979
1129665.176 8.59509201557239
1149058.294 10.3046174394194
1168451.412 12.1042847150748
1187844.529 11.4662171569933
1207237.647 10.7204359759388
1226630.765 11.0459561609249
1246023.882 13.2031831800977
1265417 12.3865156337627
1284810.118 11.7651875031631
1304203.235 13.5836567737945
1323596.353 10.0510246885753
1342989.471 7.67050356681864
1362382.588 10.747364489745
1381775.706 11.3676971093294
1401168.824 10.8614182625806
1420561.941 11.4064718373594
1439955.059 11.1003749342094
1459348.176 6.00465968280894
1478741.294 12.7211049590413
1498134.412 11.0922364290302
1517527.529 8.78959554667841
1536920.647 12.5037331034005
1556313.765 12.2586274637019
1575706.882 13.4456901814876
1595100 10.8412765727309
1595100 6.22882718918166
1646141.765 8.95189649610281
1697183.529 8.45515911833836
1748225.294 12.3587398334475
1799267.059 8.34206256028893
1850308.824 9.32270360220494
1901350.588 10.885755600117
1952392.353 9.7833403923935
2003434.118 8.91566373766921
2054475.882 8.33698945714919
2105517.647 6.2389708583942
2156559.412 8.23387058890189
2207601.176 9.74826029389566
2258642.941 7.31119383327486
2309684.706 9.64271895115336
2360726.471 7.24161848638268
2411768.235 10.4262025898728
2462810 9.09375538316538
2513851.765 7.50284640630761
2564893.529 8.83867520418391
2615935.294 8.78326847502199
2666977.059 7.10892644737847
2718018.824 5.92399847375339
2769060.588 6.15683767622937
2820102.353 8.52317927026187
2871144.118 8.39468296121973
2922185.882 8.43152797893103
2973227.647 6.38801722628638
3024269.412 7.85366089013581
3075311.176 8.87320556420769
3126352.941 8.34603886792714
3177394.706 8.67310028168577
3228436.471 5.69391303299524
3279478.235 5.98409554701612
3330520 8.73718064262047
3381561.765 6.16585706948928
3432603.529 8.60281221520898
3483645.294 8.22365446512179
3534687.059 10.0973155512447
3585728.824 7.6456895805145
3636770.588 7.08420163461733
3687812.353 5.54471203429943
3738854.118 9.06364726588755
3789895.882 7.56123548282245
3840937.647 8.72642813934311
3891979.412 8.99567162316713
3943021.176 5.87494412060009
3994062.941 6.41017595100386
4045104.706 8.69988992313383
4096146.471 6.60245862088756
4147188.235 7.94277350221805
4198230 5.69854191604176
4198230 5.08336231734467
4332570.588 6.75132856936917
4466911.176 5.21738934058789
4601251.765 4.6059585162257
4735592.353 6.48870495241342
4869932.941 5.97838524544663
5004273.529 6.93037800726264
5138614.118 5.48216602697237
5272954.706 6.08773842096692
5407295.294 6.31164896873142
5541635.882 5.96914412474649
5675976.471 6.82506513189114
5810317.059 4.87463095253777
5944657.647 6.60354235512584
6078998.235 8.23011080162613
6213338.824 7.87528672128177
6347679.412 7.86941247815215
6482020 5.59958513410233
6616360.588 6.04334749419924
6750701.176 5.32037102148333
6885041.765 4.69826132363666
7019382.353 4.30550165493036
7153722.941 4.96665698961821
7288063.529 6.6452928249795
7422404.118 7.54688180789712
7556744.706 4.07883386666289
7691085.294 6.77654269570383
7825425.882 5.48286729221503
7959766.471 7.98830009812903
8094107.059 4.95895028825392
8228447.647 5.09864367353695
8362788.235 5.06067656460686
8497128.824 5.86156233375977
8631469.412 3.98589072762231
8765810 4.11393836783491
8900150.588 4.79110008693959
9034491.176 5.7489264959433
9168831.765 5.86394033529556
9303172.353 4.59670712813667
9437512.941 4.32948265583194
9571853.529 4.11051060530625
9706194.118 5.06819884000368
9840534.706 6.01690039945893
9974875.294 6.81153004508777
10109215.882 4.67724213179822
10243556.471 4.04069038187069
10377897.059 4.2803468841977
10512237.647 4.89122443970383
10646578.235 5.39922177923615
10780918.824 3.72802523608741
10915259.412 6.02718222433695
11049600 4.45353879293902
11049600 3.73754328705577
11403174.51 3.93143298291945
11756749.02 4.86351503774167
12110323.529 5.27382922372471
12463898.039 4.72600000706387
12817472.549 5.83861990310753
13171047.059 4.62999661043244
13524621.569 3.93388365150135
13878196.078 4.75957403291152
14231770.588 4.36144509403641
14585345.098 3.9365012188566
14938919.608 2.93559546457234
15292494.118 4.91788289195592
15646068.627 4.31772123467336
15999643.137 2.65367669057127
16353217.647 4.55415030962117
16706792.157 5.77563567086136
17060366.667 4.07468907302901
17413941.176 3.09207073067295
17767515.686 3.46020029140202
18121090.196 3.63078073436267
18474664.706 4.19364472059077
18828239.216 3.77334040279962
19181813.725 3.40089106443327
19535388.235 3.98891524461308
19888962.745 3.66876637331294
20242537.255 3.86111843232196
20596111.765 4.39516626059119
20949686.275 3.64571568378122
21303260.784 3.40409389945902
21656835.294 3.84277447856008
22010409.804 4.8124003499986
22363984.314 2.89701466157965
22717558.824 3.36371402865932
23071133.333 3.33330712945786
23424707.843 3.48859334692096
23778282.353 2.55450899764978
24131856.863 4.55645202762579
24485431.373 3.49665930792554
24839005.882 5.00166318095313
25192580.392 3.764358659383
25546154.902 4.53519478818902
25899729.412 2.99183938092186
26253303.922 5.01373161527958
26606878.431 3.8344658881732
26960452.941 3.87566516870461
27314027.451 3.15619342343804
27667601.961 3.12589323745945
28021176.471 3.26504975065203
28374750.98 3.99316810476948
28728325.49 3.3396892633418
29081900 4.88428050751713
29081900 2.77617938790088
30012498.039 3.64671445173915
30943096.078 2.51794705924232
31873694.118 4.34967078243615
32804292.157 3.56090455308953
33734890.196 3.06580460737891
34665488.235 3.51062521318616
35596086.275 4.0326702791646
36526684.314 2.61450835255766
37457282.353 3.35970003436185
38387880.392 3.00232579643562
39318478.431 4.7103170817868
40249076.471 2.65213863746825
41179674.51 3.33444748165786
42110272.549 3.15126884253385
43040870.588 3.3455632890329
43971468.627 3.53088450374345
44902066.667 2.4608367514656
45832664.706 3.10695077673634
46763262.745 1.97478514241414
47693860.784 3.02022931504167
48624458.824 3.85900033042767
49555056.863 3.23505352677301
50485654.902 2.64521378482264
51416252.941 3.68796966557043
52346850.98 1.75595545957127
53277449.02 3.01170160072875
54208047.059 5.06631843241831
55138645.098 3.8574472878626
56069243.137 1.35928935503233
56999841.176 3.15119115218772
57930439.216 3.79109051579558
58861037.255 2.32986566962629
59791635.294 1.97416264762119
60722233.333 2.89109299632427
61652831.373 3.54538866351055
62583429.412 1.45512242230035
63514027.451 1.3044957866213
64444625.49 3.54573657934381
65375223.529 3.59732690689833
66305821.569 1.98478916030082
67236419.608 2.24782040447394
68167017.647 2.59360452007488
69097615.686 1.6920335438303
70028213.725 NaN
70958811.765 2.26783595497127
71889409.804 2.90416432406489
72820007.843 3.06873025916313
73750605.882 0.636902507519922
74681203.922 0.370251369592375
75611801.961 3.71753563873347
76542400 NaN
76542400 2.28726373563689
78991686.275 1.69512702318713
81440972.549 2.50541694384519
83890258.824 2.79163843747022
86339545.098 2.99569428639063
88788831.373 4.23868307923786
91238117.647 3.94929674462062
93687403.922 NaN
96136690.196 NaN
98585976.471 3.87323235257566
101035262.745 NaN
103484549.02 12.3775724141211
105933835.294 1.65063183973039
108383121.569 NaN
110832407.843 NaN
113281694.118 NaN
115730980.392 1.1167545110669
118180266.667 NaN
120629552.941 3.7319958074114
123078839.216 3.76643175494142
125528125.49 6.94646364276019
127977411.765 4.4893956546897
130426698.039 5.10101460811553
132875984.314 NaN
135325270.588 NaN
137774556.863 NaN
140223843.137 6.64889350864768
142673129.412 4.53363316937555
145122415.686 7.66464894024938
147571701.961 NaN
150020988.235 NaN
152470274.51 4.69442778583644
154919560.784 6.27363681542297
157368847.059 4.65878323863948
159818133.333 NaN
162267419.608 2.55315940665775
164716705.882 8.31082970607486
167165992.157 NaN
169615278.431 7.51128595531766
172064564.706 NaN
174513850.98 4.45536065674013
176963137.255 NaN
179412423.529 5.30593255793399
181861709.804 NaN
184310996.078 NaN
186760282.353 6.51457101547691
189209568.627 11.9356250058827
191658854.902 10.6496923865711
194108141.176 1.87298862740344
196557427.451 NaN
199006713.725 NaN
201456000 9.99253650300285
