vd	id_vg = 0V	ig_vg = 0V	is_vg = 0V	iavdd_vg = 0V	ignd_vg = 0V	id_vg = 0.15V	ig_vg = 0.15V	is_vg = 0.15V	iavdd_vg = 0.15V	ignd_vg = 0.15V	id_vg = 0.3V	ig_vg = 0.3V	is_vg = 0.3V	iavdd_vg = 0.3V	ignd_vg = 0.3V	id_vg = 0.45V	ig_vg = 0.45V	is_vg = 0.45V	iavdd_vg = 0.45V	ignd_vg = 0.45V	id_vg = 0.6V	ig_vg = 0.6V	is_vg = 0.6V	iavdd_vg = 0.6V	ignd_vg = 0.6V	id_vg = 0.75V	ig_vg = 0.75V	is_vg = 0.75V	iavdd_vg = 0.75V	ignd_vg = 0.75V	id_vg = 0.9V	ig_vg = 0.9V	is_vg = 0.9V	iavdd_vg = 0.9V	ignd_vg = 0.9V
0	5.6882e-09	-7.549e-11	-6.4495e-09	2.359e-06	-2.3471e-06	6.65524e-08	6.0714e-10	-6.67748e-08	2.3325e-06	-2.329e-06	1.9027e-06	3.3031e-09	-1.8894e-06	2.3321e-06	-2.3288e-06	-1.2972e-05	1.5821e-08	1.7926e-05	2.334e-06	-2.3306e-06	-1.825e-05	5.67352e-08	3.4502e-05	2.3402e-06	-2.3392e-06	-1.9606e-05	2.6094e-07	4.7006e-05	2.2916e-06	-2.3613e-06	-2.0288e-05	2.3135e-06	5.2986e-05	9.4316e-07	-2.5069e-06
0.005	4.5264e-08	-8.13e-11	-4.69202e-08	2.3496e-06	-2.3451e-06	1.8884e-07	5.8848e-10	-1.925e-07	2.3293e-06	-2.3283e-06	9.231e-06	3.2119e-09	-9.125e-06	2.3324e-06	-2.3291e-06	7.1038e-05	1.5498e-08	-0.00016682	2.3331e-06	-2.3298e-06	5.2074e-05	5.55226e-08	-0.00052302	2.3357e-06	-2.3312e-06	0.00074964	2.5574e-07	-0.00074846	2.2861e-06	-2.3533e-06	0.00086688	2.2803e-06	-0.0008676	9.4736e-07	-2.4975e-06
0.01	8.36992e-08	-8.646e-11	-8.46196e-08	2.3494e-06	-2.3453e-06	3.0078e-07	5.7418e-10	-3.041e-07	2.3327e-06	-2.3291e-06	1.5474e-05	3.1463e-09	-1.5344e-05	2.3321e-06	-2.3291e-06	0.00033796	1.51826e-08	-0.0003379	2.3312e-06	-2.328e-06	0.00108666	5.43396e-08	-0.00108668	2.3336e-06	-2.334e-06	0.0015754	2.5012e-07	-0.0015764	2.2826e-06	-2.3485e-06	0.001828	2.2483e-06	-0.0018274	9.506e-07	-2.4921e-06
0.015	1.2126e-07	-9.217e-11	-1.2176e-07	2.3423e-06	-2.339e-06	4.0172e-07	5.5862e-10	-4.0568e-07	2.3322e-06	-2.3308e-06	2.0702e-05	3.0771e-09	-2.0838e-05	2.3349e-06	-2.3296e-06	0.0004977	1.48722e-08	-0.00049796	2.3293e-06	-2.3274e-06	0.001649	5.31428e-08	-0.0016476	2.3345e-06	-2.3313e-06	0.002402	2.4532e-07	-0.0024038	2.2816e-06	-2.3483e-06	0.0027936	2.2261e-06	-0.002799	9.489e-07	-2.4892e-06
0.02	1.5664e-07	-9.704e-11	-1.5758e-07	2.345e-06	-2.3409e-06	4.9306e-07	5.4641e-10	-4.9194e-07	2.3314e-06	-2.3275e-06	2.5294e-05	3.0211e-09	-2.531e-05	2.3325e-06	-2.3283e-06	0.00064288	1.45496e-08	-0.00064264	2.3285e-06	-2.328e-06	0.0021846	5.20262e-08	-0.002184	2.3324e-06	-2.3301e-06	0.0032114	2.4096e-07	-0.0032108	2.2817e-06	-2.3488e-06	0.003749	2.2051e-06	-0.0037468	9.505e-07	-2.4883e-06
0.025	1.9164e-07	-1.0385e-10	-1.9312e-07	2.3431e-06	-2.3411e-06	5.7406e-07	5.3451e-10	-5.7482e-07	2.3264e-06	-2.3244e-06	2.9254e-05	2.9606e-09	-2.9178e-05	2.3306e-06	-2.3273e-06	0.00077736	1.42642e-08	-0.00077764	2.3284e-06	-2.3272e-06	0.0027132	5.09526e-08	-0.002712	2.3312e-06	-2.3304e-06	0.004022	2.3666e-07	-0.0040228	2.2794e-06	-2.3463e-06	0.0047058	2.1855e-06	-0.0047052	9.4806e-07	-2.4895e-06
0.03	2.259e-07	-1.0943e-10	-2.2656e-07	2.3422e-06	-2.3408e-06	6.4924e-07	5.2113e-10	-6.5016e-07	2.3285e-06	-2.3232e-06	3.2438e-05	2.9028e-09	-3.2596e-05	2.3296e-06	-2.3275e-06	0.00089898	1.40158e-08	-0.0008983	2.3305e-06	-2.327e-06	0.0032192	4.99202e-08	-0.003218	2.334e-06	-2.3338e-06	0.0048122	2.3254e-07	-0.0048102	2.2816e-06	-2.3487e-06	0.0056484	2.1672e-06	-0.0056476	9.5026e-07	-2.4906e-06
0.035	2.5846e-07	-1.1514e-10	-2.5934e-07	2.3398e-06	-2.337e-06	7.1986e-07	5.114e-10	-7.2446e-07	2.3296e-06	-2.3272e-06	3.5418e-05	2.852e-09	-3.5376e-05	2.3277e-06	-2.327e-06	0.00101134	1.378e-08	-0.0010116	2.3311e-06	-2.3266e-06	0.003718	4.8927e-08	-0.003716	2.3346e-06	-2.3309e-06	0.0056066	2.284e-07	-0.0056078	2.2809e-06	-2.3492e-06	0.0065962	2.1483e-06	-0.0065986	9.4862e-07	-2.4873e-06
0.04	2.9004e-07	-1.2178e-10	-2.905e-07	2.3399e-06	-2.3369e-06	7.8044e-07	5.0105e-10	-7.796e-07	2.3266e-06	-2.3247e-06	3.7694e-05	2.8071e-09	-3.778e-05	2.3309e-06	-2.3293e-06	0.00111218	1.35418e-08	-0.0011121	2.3297e-06	-2.3276e-06	0.004194	4.79932e-08	-0.0041916	2.3311e-06	-2.3325e-06	0.006379	2.2456e-07	-0.0063798	2.2784e-06	-2.3452e-06	0.0075296	2.1311e-06	-0.0075302	9.4932e-07	-2.4873e-06
0.045	3.2028e-07	-1.2764e-10	-3.2122e-07	2.3413e-06	-2.3344e-06	8.3946e-07	4.9328e-10	-8.432e-07	2.3269e-06	-2.3221e-06	3.9778e-05	2.7605e-09	-3.9928e-05	2.3274e-06	-2.3254e-06	0.0012054	1.33154e-08	-0.0012042	2.3273e-06	-2.3263e-06	0.0046618	4.7017e-08	-0.00466	2.3321e-06	-2.3317e-06	0.0071548	2.208e-07	-0.0071546	2.2792e-06	-2.3452e-06	0.0084674	2.1134e-06	-0.0084688	9.4904e-07	-2.4845e-06
0.05	3.5062e-07	-1.3432e-10	-3.511e-07	2.337e-06	-2.3346e-06	8.93e-07	4.843e-10	-8.9126e-07	2.326e-06	-2.3241e-06	4.1516e-05	2.7211e-09	-4.1654e-05	2.3299e-06	-2.3277e-06	0.0012892	1.31014e-08	-0.0012872	2.327e-06	-2.3236e-06	0.005105	4.6155e-08	-0.0051056	2.3304e-06	-2.3321e-06	0.00791	2.1686e-07	-0.0079076	2.2752e-06	-2.3438e-06	0.0093892	2.0966e-06	-0.0093906	9.4968e-07	-2.4845e-06
0.055	3.799e-07	-1.4231e-10	-3.7904e-07	2.3391e-06	-2.336e-06	9.4234e-07	4.7605e-10	-9.459e-07	2.3287e-06	-2.3265e-06	4.3102e-05	2.6842e-09	-4.3156e-05	2.328e-06	-2.3261e-06	0.001364	1.2906e-08	-0.0013634	2.3293e-06	-2.3278e-06	0.0055414	4.52516e-08	-0.0055406	2.3303e-06	-2.333e-06	0.0086666	2.1352e-07	-0.0086634	2.2799e-06	-2.3454e-06	0.01032	2.0828e-06	-0.0103192	9.4824e-07	-2.4845e-06
0.06	4.0726e-07	-1.4913e-10	-4.079e-07	2.3386e-06	-2.3352e-06	9.9072e-07	4.6923e-10	-9.9458e-07	2.3265e-06	-2.3247e-06	4.4438e-05	2.6537e-09	-4.427e-05	2.3281e-06	-2.3259e-06	0.0014322	1.27266e-08	-0.0014318	2.3293e-06	-2.3246e-06	0.0059558	4.44306e-08	-0.005956	2.3357e-06	-2.334e-06	0.0093968	2.101e-07	-0.0093972	2.2807e-06	-2.3454e-06	0.0112292	2.065e-06	-0.011226	9.4872e-07	-2.4852e-06
0.065	4.3558e-07	-1.5641e-10	-4.3542e-07	2.3374e-06	-2.3341e-06	1.0391e-06	4.6057e-10	-1.03844e-06	2.3281e-06	-2.3244e-06	4.5366e-05	2.6164e-09	-4.5572e-05	2.3264e-06	-2.3256e-06	0.0014934	1.2561e-08	-0.001492	2.3261e-06	-2.3251e-06	0.0063548	4.36488e-08	-0.006353	2.3348e-06	-2.3331e-06	0.0101226	2.0712e-07	-0.0101222	2.2784e-06	-2.3464e-06	0.012152	2.0501e-06	-0.012138	9.4944e-07	-2.4822e-06
0.07	4.6286e-07	-1.6578e-10	-4.6298e-07	2.3334e-06	-2.3335e-06	1.07942e-06	4.5419e-10	-1.08566e-06	2.3269e-06	-2.3246e-06	4.6412e-05	2.5892e-09	-4.6448e-05	2.327e-06	-2.3255e-06	0.001549	1.2432e-08	-0.0015486	2.3284e-06	-2.3251e-06	0.006743	4.28628e-08	-0.0067426	2.3321e-06	-2.3335e-06	0.0108454	2.0324e-07	-0.0108462	2.2783e-06	-2.344e-06	0.013066	2.0363e-06	-0.01305	9.489e-07	-2.4836e-06
0.075	4.887e-07	-1.7362e-10	-4.8852e-07	2.3345e-06	-2.3303e-06	1.12162e-06	4.4847e-10	-1.12422e-06	2.3261e-06	-2.324e-06	4.7158e-05	2.5617e-09	-4.7164e-05	2.3301e-06	-2.3256e-06	0.0015988	1.22944e-08	-0.0015976	2.3257e-06	-2.3243e-06	0.0071114	4.21168e-08	-0.0071126	2.3336e-06	-2.3333e-06	0.011572	2.0002e-07	-0.011555	2.2773e-06	-2.346e-06	0.013956	2.02e-06	-0.013946	9.501e-07	-2.4835e-06
0.08	5.1424e-07	-1.8216e-10	-5.1468e-07	2.3337e-06	-2.3315e-06	1.1661e-06	4.4145e-10	-1.1607e-06	2.3277e-06	-2.3284e-06	4.7882e-05	2.5292e-09	-4.7904e-05	2.3304e-06	-2.3251e-06	0.0016438	1.2145e-08	-0.0016428	2.3241e-06	-2.3229e-06	0.0074704	4.13886e-08	-0.0074698	2.333e-06	-2.332e-06	0.012272	1.973e-07	-0.012258	2.2782e-06	-2.3463e-06	0.014852	2.0077e-06	-0.014846	9.4902e-07	-2.4832e-06
0.085	5.3794e-07	-1.9185e-10	-5.3844e-07	2.335e-06	-2.3322e-06	1.1992e-06	4.3526e-10	-1.1979e-06	2.329e-06	-2.3252e-06	4.8538e-05	2.5068e-09	-4.8428e-05	2.3281e-06	-2.3284e-06	0.001683	1.20122e-08	-0.0016828	2.3276e-06	-2.3264e-06	0.0078086	4.06982e-08	-0.0078076	2.3342e-06	-2.3343e-06	0.012962	1.9404e-07	-0.012944	2.2775e-06	-2.3471e-06	0.015738	1.9986e-06	-0.015728	9.479e-07	-2.4827e-06
0.09	5.6412e-07	-2.0132e-10	-5.6458e-07	2.3314e-06	-2.3321e-06	1.2346e-06	4.2837e-10	-1.2331e-06	2.3262e-06	-2.3239e-06	4.9036e-05	2.4862e-09	-4.9064e-05	2.331e-06	-2.3278e-06	0.0017198	1.18872e-08	-0.0017186	2.3322e-06	-2.3292e-06	0.0081368	4.00908e-08	-0.0081366	2.336e-06	-2.3367e-06	0.013642	1.9124e-07	-0.013628	2.2787e-06	-2.3476e-06	0.016626	1.9795e-06	-0.016618	9.525e-07	-2.4824e-06
0.095	5.8742e-07	-2.1194e-10	-5.8688e-07	2.3325e-06	-2.3324e-06	1.2709e-06	4.2278e-10	-1.2734e-06	2.325e-06	-2.3229e-06	4.9434e-05	2.4601e-09	-4.9548e-05	2.3298e-06	-2.3282e-06	0.0017508	1.17662e-08	-0.0017494	2.332e-06	-2.3276e-06	0.0084452	3.94324e-08	-0.0084458	2.3325e-06	-2.3332e-06	0.0143	1.8858e-07	-0.01429	2.2785e-06	-2.3454e-06	0.017498	1.97e-06	-0.017486	9.4908e-07	-2.4866e-06
0.1	6.097e-07	-2.2276e-10	-6.09e-07	2.3317e-06	-2.329e-06	1.3027e-06	4.1902e-10	-1.3086e-06	2.3255e-06	-2.3242e-06	4.9882e-05	2.4428e-09	-4.9948e-05	2.3311e-06	-2.3269e-06	0.0017792	1.16898e-08	-0.00178	2.3332e-06	-2.3288e-06	0.0087458	3.88044e-08	-0.0087444	2.3339e-06	-2.3337e-06	0.01496	1.8604e-07	-0.01495	2.2759e-06	-2.3441e-06	0.018372	1.96e-06	-0.018358	9.5136e-07	-2.4828e-06
0.105	6.3164e-07	-2.3368e-10	-6.3328e-07	2.3335e-06	-2.3277e-06	1.3385e-06	4.1423e-10	-1.3339e-06	2.3243e-06	-2.3228e-06	5.0252e-05	2.4249e-09	-5.026e-05	2.3292e-06	-2.3264e-06	0.0018048	1.1589e-08	-0.0018044	2.3349e-06	-2.3319e-06	0.0090264	3.82304e-08	-0.0090254	2.3359e-06	-2.3374e-06	0.015602	1.8342e-07	-0.015586	2.2754e-06	-2.3438e-06	0.019228	1.9505e-06	-0.019212	9.5082e-07	-2.4855e-06
0.11	6.547e-07	-2.4591e-10	-6.5274e-07	2.3289e-06	-2.325e-06	1.3742e-06	4.094e-10	-1.3709e-06	2.3234e-06	-2.3213e-06	5.0786e-05	2.407e-09	-5.0614e-05	2.3318e-06	-2.3287e-06	0.0018276	1.14634e-08	-0.0018268	2.3305e-06	-2.3273e-06	0.0092946	3.76758e-08	-0.0092952	2.3342e-06	-2.3346e-06	0.016236	1.806e-07	-0.016222	2.2776e-06	-2.345e-06	0.020088	1.9373e-06	-0.020078	9.524e-07	-2.4856e-06
0.115	6.7582e-07	-2.5888e-10	-6.7504e-07	2.3333e-06	-2.3281e-06	1.4013e-06	4.0482e-10	-1.3988e-06	2.322e-06	-2.3217e-06	5.0818e-05	2.3892e-09	-5.0912e-05	2.3275e-06	-2.3245e-06	0.0018482	1.13774e-08	-0.0018466	2.329e-06	-2.3284e-06	0.0095494	3.71824e-08	-0.0095504	2.3324e-06	-2.3335e-06	0.016856	1.7836e-07	-0.016838	2.2772e-06	-2.3458e-06	0.02093	1.9237e-06	-0.020918	9.5424e-07	-2.4862e-06
0.12	6.9728e-07	-2.7238e-10	-6.9628e-07	2.3273e-06	-2.3244e-06	1.4302e-06	4.019e-10	-1.4282e-06	2.3245e-06	-2.3216e-06	5.1112e-05	2.3745e-09	-5.119e-05	2.3271e-06	-2.3271e-06	0.001866	1.12968e-08	-0.0018652	2.3299e-06	-2.3292e-06	0.0097922	3.66638e-08	-0.0097922	2.3353e-06	-2.3346e-06	0.017464	1.7608e-07	-0.017452	2.2822e-06	-2.3467e-06	0.021782	1.9151e-06	-0.021768	9.5538e-07	-2.4857e-06
0.125	7.1792e-07	-2.8529e-10	-7.1616e-07	2.3255e-06	-2.322e-06	1.462e-06	3.9546e-10	-1.4611e-06	2.3253e-06	-2.3221e-06	5.1438e-05	2.3638e-09	-5.143e-05	2.3297e-06	-2.3281e-06	0.001882	1.12146e-08	-0.001882	2.3292e-06	-2.3281e-06	0.0100208	3.61788e-08	-0.0100198	2.3334e-06	-2.3343e-06	0.018056	1.7404e-07	-0.018042	2.2774e-06	-2.3472e-06	0.02261	1.9055e-06	-0.022594	9.5386e-07	-2.4836e-06
0.13	7.3638e-07	-2.9842e-10	-7.3696e-07	2.3285e-06	-2.3269e-06	1.491e-06	3.9168e-10	-1.4903e-06	2.3246e-06	-2.3225e-06	5.1622e-05	2.3477e-09	-5.1754e-05	2.3296e-06	-2.326e-06	0.0018966	1.1148e-08	-0.001896	2.3303e-06	-2.3279e-06	0.0102338	3.57052e-08	-0.0102336	2.332e-06	-2.3344e-06	0.018632	1.72e-07	-0.01862	2.2797e-06	-2.3483e-06	0.023426	1.8934e-06	-0.023418	9.5414e-07	-2.4835e-06
0.135	7.577e-07	-3.1422e-10	-7.5698e-07	2.3309e-06	-2.3284e-06	1.5172e-06	3.8717e-10	-1.5135e-06	2.323e-06	-2.3212e-06	5.1854e-05	2.333e-09	-5.1834e-05	2.3273e-06	-2.3292e-06	0.0019106	1.10892e-08	-0.0019086	2.3293e-06	-2.3264e-06	0.0104408	3.52582e-08	-0.010441	2.333e-06	-2.3337e-06	0.019212	1.695e-07	-0.019198	2.2792e-06	-2.3489e-06	0.024256	1.8835e-06	-0.024248	9.5408e-07	-2.4811e-06
0.14	7.7738e-07	-3.2954e-10	-7.7742e-07	2.3296e-06	-2.3255e-06	1.5406e-06	3.8284e-10	-1.5418e-06	2.3199e-06	-2.3187e-06	5.197e-05	2.3236e-09	-5.2114e-05	2.3296e-06	-2.3275e-06	0.0019208	1.10264e-08	-0.0019202	2.3301e-06	-2.3302e-06	0.0106326	3.48362e-08	-0.0106312	2.3302e-06	-2.3314e-06	0.019764	1.6778e-07	-0.01975	2.2822e-06	-2.3508e-06	0.025066	1.8742e-06	-0.025052	9.5436e-07	-2.4833e-06
0.145	7.9656e-07	-3.4638e-10	-7.9694e-07	2.3263e-06	-2.3278e-06	1.5665e-06	3.7936e-10	-1.5681e-06	2.3223e-06	-2.3203e-06	5.2268e-05	2.3114e-09	-5.2358e-05	2.3272e-06	-2.3239e-06	0.0019318	1.09624e-08	-0.0019312	2.3293e-06	-2.3268e-06	0.0108134	3.4436e-08	-0.0108144	2.3345e-06	-2.3351e-06	0.020316	1.657e-07	-0.020302	2.2828e-06	-2.3513e-06	0.025876	1.8669e-06	-0.025862	9.5502e-07	-2.4839e-06
0.15	8.1634e-07	-3.6188e-10	-8.1358e-07	2.3284e-06	-2.3272e-06	1.5965e-06	3.7494e-10	-1.5944e-06	2.3238e-06	-2.3204e-06	5.2436e-05	2.3048e-09	-5.239e-05	2.3285e-06	-2.3256e-06	0.0019412	1.09068e-08	-0.0019404	2.3275e-06	-2.3275e-06	0.0109828	3.40852e-08	-0.0109812	2.3364e-06	-2.3372e-06	0.020848	1.6386e-07	-0.02083	2.2809e-06	-2.3498e-06	0.02667	1.8584e-06	-0.026654	9.5762e-07	-2.4896e-06
0.155	8.3588e-07	-3.7912e-10	-8.3268e-07	2.3314e-06	-2.3263e-06	1.6227e-06	3.7021e-10	-1.6209e-06	2.3215e-06	-2.3215e-06	5.272e-05	2.291e-09	-5.2612e-05	2.3275e-06	-2.3283e-06	0.0019494	1.0858e-08	-0.0019488	2.3283e-06	-2.3261e-06	0.0111448	3.3711e-08	-0.0111436	2.3318e-06	-2.3343e-06	0.021372	1.6216e-07	-0.021358	2.2826e-06	-2.3503e-06	0.02746	1.8481e-06	-0.02745	9.5736e-07	-2.4861e-06
0.16	8.5266e-07	-3.9722e-10	-8.522e-07	2.331e-06	-2.33e-06	1.6438e-06	3.642e-10	-1.6424e-06	2.3235e-06	-2.3229e-06	5.2814e-05	2.2811e-09	-5.2794e-05	2.3279e-06	-2.3258e-06	0.0019578	1.08186e-08	-0.001957	2.3277e-06	-2.3252e-06	0.01129	3.33858e-08	-0.0112934	2.3337e-06	-2.3339e-06	0.021872	1.599e-07	-0.02186	2.2819e-06	-2.3497e-06	0.028236	1.843e-06	-0.028224	9.5806e-07	-2.4897e-06
0.165	8.7108e-07	-4.1618e-10	-8.7102e-07	2.3294e-06	-2.3273e-06	1.6687e-06	3.6075e-10	-1.673e-06	2.3255e-06	-2.3223e-06	5.2806e-05	2.2678e-09	-5.3098e-05	2.328e-06	-2.3275e-06	0.0019644	1.0773e-08	-0.0019634	2.3277e-06	-2.3264e-06	0.011433	3.3051e-08	-0.0114318	2.3317e-06	-2.3322e-06	0.022372	1.5836e-07	-0.02236	2.2809e-06	-2.3484e-06	0.029012	1.8354e-06	-0.029002	9.5874e-07	-2.4866e-06
0.17	8.8826e-07	-4.3421e-10	-8.887e-07	2.3278e-06	-2.327e-06	1.6926e-06	3.5553e-10	-1.6913e-06	2.3267e-06	-2.3221e-06	5.3016e-05	2.2651e-09	-5.3154e-05	2.3283e-06	-2.3279e-06	0.0019712	1.07312e-08	-0.0019702	2.3261e-06	-2.3254e-06	0.011586	3.27342e-08	-0.011568	2.333e-06	-2.3358e-06	0.022854	1.5674e-07	-0.022838	2.2823e-06	-2.351e-06	0.02977	1.829e-06	-0.029762	9.5976e-07	-2.4878e-06
0.175	9.0714e-07	-4.5571e-10	-9.0674e-07	2.328e-06	-2.3268e-06	1.7189e-06	3.4875e-10	-1.7161e-06	2.3248e-06	-2.3236e-06	5.3164e-05	2.2568e-09	-5.3222e-05	2.3289e-06	-2.3271e-06	0.001977	1.06946e-08	-0.0019766	2.3263e-06	-2.3266e-06	0.011706	3.24444e-08	-0.011688	2.3365e-06	-2.3359e-06	0.023328	1.5526e-07	-0.023312	2.2832e-06	-2.351e-06	0.030536	1.8214e-06	-0.030524	9.5928e-07	-2.4912e-06
0.18	9.2532e-07	-4.7539e-10	-9.2234e-07	2.3252e-06	-2.325e-06	1.7407e-06	3.437e-10	-1.7442e-06	2.3266e-06	-2.323e-06	5.3358e-05	2.2467e-09	-5.3202e-05	2.325e-06	-2.3241e-06	0.0019824	1.06568e-08	-0.0019816	2.3268e-06	-2.3253e-06	0.011822	3.21622e-08	-0.011804	2.3364e-06	-2.3365e-06	0.023778	1.539e-07	-0.023768	2.2808e-06	-2.3522e-06	0.031282	1.813e-06	-0.03127	9.5862e-07	-2.4889e-06
0.185	9.4014e-07	-4.9692e-10	-9.4044e-07	2.3287e-06	-2.3269e-06	1.7643e-06	3.4071e-10	-1.7665e-06	2.3231e-06	-2.3226e-06	5.35e-05	2.2365e-09	-5.3474e-05	2.3275e-06	-2.327e-06	0.0019868	1.06282e-08	-0.001986	2.3287e-06	-2.3278e-06	0.011924	3.19212e-08	-0.011908	2.3352e-06	-2.3348e-06	0.02422	1.5238e-07	-0.024206	2.2843e-06	-2.3562e-06	0.032016	1.8066e-06	-0.032002	9.6062e-07	-2.493e-06
0.19	9.5624e-07	-5.1899e-10	-9.568e-07	2.3282e-06	-2.3248e-06	1.789e-06	3.3408e-10	-1.7864e-06	2.3259e-06	-2.3237e-06	5.356e-05	2.235e-09	-5.3468e-05	2.3278e-06	-2.3273e-06	0.0019926	1.05926e-08	-0.0019914	2.3304e-06	-2.3303e-06	0.012022	3.17014e-08	-0.012006	2.3336e-06	-2.334e-06	0.024654	1.5078e-07	-0.024642	2.2885e-06	-2.3575e-06	0.032752	1.8028e-06	-0.032736	9.6154e-07	-2.496e-06
0.195	9.7462e-07	-5.4259e-10	-9.7336e-07	2.3263e-06	-2.3262e-06	1.8156e-06	3.2715e-10	-1.8122e-06	2.3243e-06	-2.3226e-06	5.3714e-05	2.2283e-09	-5.3764e-05	2.3271e-06	-2.3268e-06	0.0019962	1.05456e-08	-0.0019956	2.3309e-06	-2.3307e-06	0.012118	3.14236e-08	-0.012102	2.3351e-06	-2.3372e-06	0.025066	1.496e-07	-0.025058	2.2919e-06	-2.3586e-06	0.033464	1.7984e-06	-0.033452	9.6596e-07	-2.4974e-06
0.2	9.9036e-07	-5.6688e-10	-9.8964e-07	2.33e-06	-2.3272e-06	1.8296e-06	3.1961e-10	-1.8344e-06	2.3231e-06	-2.321e-06	5.386e-05	2.2209e-09	-5.381e-05	2.3303e-06	-2.3267e-06	0.0020004	1.05298e-08	-0.0019992	2.3321e-06	-2.3313e-06	0.0122	3.12054e-08	-0.012188	2.3385e-06	-2.3395e-06	0.025474	1.4856e-07	-0.025462	2.2861e-06	-2.3566e-06	0.034184	1.7886e-06	-0.034172	9.6858e-07	-2.4989e-06
0.205	1.00878e-06	-5.9277e-10	-1.00686e-06	2.3287e-06	-2.3276e-06	1.8571e-06	3.1431e-10	-1.8538e-06	2.3241e-06	-2.3232e-06	5.3976e-05	2.2149e-09	-5.3834e-05	2.3309e-06	-2.33e-06	0.0020046	1.0508e-08	-0.0020042	2.332e-06	-2.331e-06	0.012278	3.1026e-08	-0.012266	2.3399e-06	-2.3388e-06	0.02587	1.4722e-07	-0.025852	2.2888e-06	-2.3576e-06	0.034882	1.7824e-06	-0.034868	9.67e-07	-2.4998e-06
0.21	1.02268e-06	-6.1872e-10	-1.02014e-06	2.3272e-06	-2.326e-06	1.8817e-06	3.0662e-10	-1.8778e-06	2.3224e-06	-2.3213e-06	5.4104e-05	2.2141e-09	-5.4162e-05	2.3261e-06	-2.3268e-06	0.002008	1.049e-08	-0.0020064	2.3283e-06	-2.3294e-06	0.012354	3.08216e-08	-0.012344	2.3365e-06	-2.3405e-06	0.02625	1.4588e-07	-0.026238	2.2873e-06	-2.3572e-06	0.035582	1.7782e-06	-0.035572	9.6444e-07	-2.4996e-06
0.215	1.03672e-06	-6.4494e-10	-1.03752e-06	2.3271e-06	-2.3287e-06	1.9005e-06	3.0146e-10	-1.8945e-06	2.3219e-06	-2.3213e-06	5.4344e-05	2.2092e-09	-5.4132e-05	2.3276e-06	-2.3288e-06	0.0020122	1.04688e-08	-0.002011	2.3284e-06	-2.3282e-06	0.012422	3.06388e-08	-0.012408	2.3397e-06	-2.3404e-06	0.026614	1.4478e-07	-0.026602	2.2885e-06	-2.3555e-06	0.036258	1.7768e-06	-0.03625	9.6646e-07	-2.4981e-06
0.22	1.0502e-06	-6.7404e-10	-1.05154e-06	2.3308e-06	-2.3282e-06	1.9174e-06	2.9312e-10	-1.911e-06	2.3222e-06	-2.323e-06	5.4198e-05	2.2008e-09	-5.4288e-05	2.3284e-06	-2.3287e-06	0.0020152	1.04456e-08	-0.0020142	2.3292e-06	-2.3272e-06	0.012482	3.04832e-08	-0.012472	2.337e-06	-2.338e-06	0.026972	1.4374e-07	-0.026954	2.2864e-06	-2.3543e-06	0.036942	1.7718e-06	-0.036928	9.6316e-07	-2.4991e-06
0.225	1.0671e-06	-7.0147e-10	-1.06606e-06	2.3277e-06	-2.3264e-06	1.9383e-06	2.8303e-10	-1.9378e-06	2.3226e-06	-2.322e-06	5.4296e-05	2.191e-09	-5.4346e-05	2.3234e-06	-2.3251e-06	0.0020184	1.04274e-08	-0.002018	2.3283e-06	-2.3284e-06	0.012544	3.03214e-08	-0.01253	2.3395e-06	-2.3376e-06	0.027308	1.4296e-07	-0.027298	2.287e-06	-2.3596e-06	0.0376	1.7664e-06	-0.037588	9.6318e-07	-2.5004e-06
0.23	1.08326e-06	-7.3e-10	-1.07924e-06	2.3258e-06	-2.3247e-06	1.955e-06	2.7559e-10	-1.9568e-06	2.3238e-06	-2.3225e-06	5.454e-05	2.1855e-09	-5.445e-05	2.3266e-06	-2.3265e-06	0.002021	1.0407e-08	-0.00202	2.3274e-06	-2.3263e-06	0.012596	3.0158e-08	-0.012586	2.3371e-06	-2.3413e-06	0.027638	1.4156e-07	-0.027626	2.291e-06	-2.3619e-06	0.038258	1.758e-06	-0.038248	9.6642e-07	-2.502e-06
0.235	1.0998e-06	-7.6055e-10	-1.09514e-06	2.3288e-06	-2.3269e-06	1.9834e-06	2.6649e-10	-1.985e-06	2.3244e-06	-2.3217e-06	5.4462e-05	2.1823e-09	-5.4582e-05	2.3292e-06	-2.3283e-06	0.002024	1.03894e-08	-0.0020236	2.3261e-06	-2.3248e-06	0.01265	3.00476e-08	-0.012636	2.3366e-06	-2.3411e-06	0.027954	1.4064e-07	-0.027942	2.2907e-06	-2.362e-06	0.038906	1.7557e-06	-0.03889	9.6888e-07	-2.5022e-06
0.24	1.11566e-06	-7.9223e-10	-1.10948e-06	2.3265e-06	-2.3258e-06	1.9985e-06	2.5911e-10	-1.993e-06	2.3227e-06	-2.322e-06	5.4656e-05	2.173e-09	-5.4628e-05	2.3286e-06	-2.3312e-06	0.0020276	1.03702e-08	-0.0020268	2.3274e-06	-2.3261e-06	0.012696	2.9882e-08	-0.012684	2.3382e-06	-2.3403e-06	0.028254	1.4002e-07	-0.028244	2.2965e-06	-2.3636e-06	0.039532	1.7483e-06	-0.03952	9.6792e-07	-2.5037e-06
0.245	1.12624e-06	-8.2289e-10	-1.12538e-06	2.3263e-06	-2.3288e-06	2.022e-06	2.4767e-10	-2.0191e-06	2.3231e-06	-2.3223e-06	5.4656e-05	2.1743e-09	-5.4652e-05	2.3303e-06	-2.3306e-06	0.00203	1.0346e-08	-0.00203	2.3265e-06	-2.3255e-06	0.01274	2.97612e-08	-0.012728	2.3389e-06	-2.3414e-06	0.02855	1.3894e-07	-0.028536	2.2931e-06	-2.3622e-06	0.040162	1.7447e-06	-0.040152	9.6834e-07	-2.5025e-06
0.25	1.14444e-06	-8.5578e-10	-1.13946e-06	2.328e-06	-2.3271e-06	2.039e-06	2.3649e-10	-2.0406e-06	2.3234e-06	-2.3233e-06	5.4832e-05	2.1673e-09	-5.4714e-05	2.3268e-06	-2.3251e-06	0.0020334	1.0328e-08	-0.002032	2.325e-06	-2.3263e-06	0.012778	2.96388e-08	-0.012766	2.3417e-06	-2.3448e-06	0.028828	1.3802e-07	-0.028814	2.2923e-06	-2.363e-06	0.040776	1.7427e-06	-0.04076	9.6752e-07	-2.5061e-06
0.255	1.1608e-06	-8.9157e-10	-1.1554e-06	2.3246e-06	-2.3239e-06	2.0603e-06	2.2506e-10	-2.0579e-06	2.3243e-06	-2.3225e-06	5.49e-05	2.1666e-09	-5.5018e-05	2.3242e-06	-2.3252e-06	0.0020348	1.0321e-08	-0.002035	2.3244e-06	-2.3254e-06	0.012818	2.95166e-08	-0.012804	2.3425e-06	-2.3462e-06	0.029098	1.3706e-07	-0.029088	2.2942e-06	-2.3632e-06	0.04138	1.7382e-06	-0.041372	9.7068e-07	-2.5076e-06
0.26	1.1741e-06	-9.2665e-10	-1.1718e-06	2.3253e-06	-2.3261e-06	2.0783e-06	2.1498e-10	-2.0764e-06	2.3236e-06	-2.3245e-06	5.5062e-05	2.1606e-09	-5.4834e-05	2.3257e-06	-2.3237e-06	0.0020376	1.03052e-08	-0.002038	2.3256e-06	-2.3235e-06	0.01285	2.9432e-08	-0.012838	2.3428e-06	-2.3453e-06	0.029354	1.3644e-07	-0.029342	2.2938e-06	-2.3649e-06	0.04197	1.7344e-06	-0.041956	9.7342e-07	-2.5091e-06
0.265	1.1901e-06	-9.6267e-10	-1.1869e-06	2.3214e-06	-2.3215e-06	2.0948e-06	2.0201e-10	-2.0919e-06	2.3241e-06	-2.3238e-06	5.5104e-05	2.1547e-09	-5.5098e-05	2.3259e-06	-2.3271e-06	0.0020404	1.02898e-08	-0.00204	2.3259e-06	-2.3265e-06	0.012886	2.93296e-08	-0.01287	2.3447e-06	-2.3458e-06	0.029604	1.355e-07	-0.02959	2.297e-06	-2.3681e-06	0.042556	1.7316e-06	-0.042544	9.7278e-07	-2.5085e-06
0.27	1.2026e-06	-9.9968e-10	-1.1989e-06	2.3256e-06	-2.325e-06	2.1184e-06	1.8916e-10	-2.1149e-06	2.3236e-06	-2.3213e-06	5.5254e-05	2.1489e-09	-5.5262e-05	2.328e-06	-2.328e-06	0.0020432	1.02696e-08	-0.0020424	2.3201e-06	-2.3236e-06	0.012916	2.92504e-08	-0.012904	2.3432e-06	-2.3444e-06	0.02984	1.3484e-07	-0.029822	2.2984e-06	-2.3681e-06	0.04312	1.7295e-06	-0.043114	9.7316e-07	-2.5114e-06
0.275	1.2175e-06	-1.03753e-09	-1.2114e-06	2.3257e-06	-2.3273e-06	2.1372e-06	1.7674e-10	-2.1376e-06	2.3221e-06	-2.3224e-06	5.531e-05	2.1429e-09	-5.5292e-05	2.3237e-06	-2.3248e-06	0.0020464	1.02638e-08	-0.0020454	2.3264e-06	-2.3232e-06	0.012948	2.91626e-08	-0.012932	2.3412e-06	-2.3448e-06	0.030062	1.3432e-07	-0.030048	2.2967e-06	-2.3665e-06	0.043692	1.7249e-06	-0.043674	9.7362e-07	-2.5131e-06
0.28	1.2304e-06	-1.07399e-09	-1.2241e-06	2.327e-06	-2.3259e-06	2.1593e-06	1.6263e-10	-2.154e-06	2.3251e-06	-2.3229e-06	5.5382e-05	2.14e-09	-5.5404e-05	2.3268e-06	-2.3258e-06	0.0020478	1.02484e-08	-0.0020474	2.3253e-06	-2.3242e-06	0.01297	2.90842e-08	-0.012958	2.3419e-06	-2.3428e-06	0.03028	1.3338e-07	-0.03027	2.2994e-06	-2.371e-06	0.044236	1.7227e-06	-0.044224	9.7378e-07	-2.5118e-06
0.285	1.2442e-06	-1.1168e-09	-1.2398e-06	2.3289e-06	-2.3286e-06	2.1805e-06	1.4879e-10	-2.1732e-06	2.324e-06	-2.3235e-06	5.5662e-05	2.1361e-09	-5.5478e-05	2.3225e-06	-2.3215e-06	0.0020504	1.0228e-08	-0.00205	2.3243e-06	-2.3252e-06	0.012994	2.9002e-08	-0.012984	2.3408e-06	-2.3439e-06	0.030484	1.3316e-07	-0.030472	2.299e-06	-2.3702e-06	0.044778	1.7168e-06	-0.044768	9.7762e-07	-2.5143e-06
0.29	1.2568e-06	-1.1562e-09	-1.2497e-06	2.3249e-06	-2.3247e-06	2.1988e-06	1.3211e-10	-2.1895e-06	2.3254e-06	-2.3256e-06	5.566e-05	2.129e-09	-5.5622e-05	2.3188e-06	-2.3207e-06	0.0020532	1.02234e-08	-0.0020518	2.3254e-06	-2.3262e-06	0.013018	2.89312e-08	-0.01301	2.3419e-06	-2.3445e-06	0.030682	1.3256e-07	-0.030666	2.2979e-06	-2.3704e-06	0.045302	1.7134e-06	-0.045294	9.7724e-07	-2.5149e-06
0.295	1.2688e-06	-1.1976e-09	-1.2647e-06	2.3259e-06	-2.3244e-06	2.212e-06	1.1698e-10	-2.2109e-06	2.3226e-06	-2.3255e-06	5.5782e-05	2.1241e-09	-5.577e-05	2.3227e-06	-2.3204e-06	0.0020554	1.02154e-08	-0.0020536	2.3278e-06	-2.3281e-06	0.01304	2.88672e-08	-0.013026	2.3399e-06	-2.3432e-06	0.030862	1.3212e-07	-0.03085	2.2985e-06	-2.3707e-06	0.045816	1.7126e-06	-0.045804	9.7836e-07	-2.5175e-06
0.3	1.2819e-06	-1.2421e-09	-1.2767e-06	2.3266e-06	-2.3247e-06	2.2314e-06	1.004e-10	-2.2322e-06	2.3242e-06	-2.3232e-06	5.5902e-05	2.1186e-09	-5.585e-05	2.3226e-06	-2.3237e-06	0.0020574	1.01968e-08	-0.0020566	2.3276e-06	-2.328e-06	0.013064	2.87976e-08	-0.013052	2.3417e-06	-2.344e-06	0.031042	1.3152e-07	-0.03103	2.3021e-06	-2.3722e-06	0.04633	1.7087e-06	-0.046312	9.8036e-07	-2.5182e-06
0.305	1.2967e-06	-1.2851e-09	-1.2927e-06	2.3254e-06	-2.3242e-06	2.2486e-06	8.311e-11	-2.2488e-06	2.3247e-06	-2.3241e-06	5.572e-05	2.1153e-09	-5.588e-05	2.3217e-06	-2.3227e-06	0.00206	1.019e-08	-0.0020586	2.3276e-06	-2.3254e-06	0.013084	2.87386e-08	-0.013074	2.3417e-06	-2.3435e-06	0.031206	1.3112e-07	-0.031194	2.2994e-06	-2.3703e-06	0.046818	1.7037e-06	-0.046806	9.8048e-07	-2.519e-06
0.31	1.3131e-06	-1.3319e-09	-1.3033e-06	2.3264e-06	-2.326e-06	2.2669e-06	6.76e-11	-2.2683e-06	2.3208e-06	-2.3227e-06	5.6026e-05	2.1071e-09	-5.5982e-05	2.3232e-06	-2.3249e-06	0.0020622	1.01768e-08	-0.0020612	2.3258e-06	-2.3256e-06	0.013104	2.86742e-08	-0.013094	2.3456e-06	-2.3464e-06	0.031362	1.3062e-07	-0.031352	2.2993e-06	-2.3698e-06	0.0473	1.7049e-06	-0.047294	9.8148e-07	-2.5207e-06
0.315	1.324e-06	-1.3767e-09	-1.3205e-06	2.3271e-06	-2.3248e-06	2.287e-06	4.883e-11	-2.2857e-06	2.3272e-06	-2.3261e-06	5.6188e-05	2.1052e-09	-5.6134e-05	2.3256e-06	-2.3258e-06	0.002064	1.01644e-08	-0.0020644	2.3253e-06	-2.3234e-06	0.013126	2.86202e-08	-0.013108	2.3475e-06	-2.3485e-06	0.031514	1.3032e-07	-0.0315	2.3045e-06	-2.377e-06	0.047772	1.7051e-06	-0.047764	9.8188e-07	-2.5222e-06
0.32	1.3388e-06	-1.4252e-09	-1.3326e-06	2.3236e-06	-2.3251e-06	2.3053e-06	2.9e-11	-2.2984e-06	2.3235e-06	-2.3267e-06	5.6174e-05	2.103e-09	-5.6246e-05	2.325e-06	-2.325e-06	0.0020666	1.01606e-08	-0.0020658	2.3234e-06	-2.3235e-06	0.013138	2.85666e-08	-0.013124	2.3455e-06	-2.3475e-06	0.031662	1.2974e-07	-0.031644	2.3027e-06	-2.3743e-06	0.048238	1.7019e-06	-0.048226	9.812e-07	-2.5261e-06
0.325	1.3547e-06	-1.4741e-09	-1.3483e-06	2.3229e-06	-2.3261e-06	2.3219e-06	1.051e-11	-2.3128e-06	2.325e-06	-2.326e-06	5.6388e-05	2.0912e-09	-5.6468e-05	2.3239e-06	-2.3257e-06	0.0020682	1.0146e-08	-0.0020672	2.322e-06	-2.323e-06	0.013158	2.8522e-08	-0.013144	2.3474e-06	-2.347e-06	0.031794	1.2928e-07	-0.03178	2.3066e-06	-2.3804e-06	0.048682	1.6997e-06	-0.04867	9.833e-07	-2.5281e-06
0.33	1.3661e-06	-1.5246e-09	-1.3605e-06	2.3249e-06	-2.323e-06	2.3391e-06	-1.196e-11	-2.3336e-06	2.3247e-06	-2.3245e-06	5.6524e-05	2.0865e-09	-5.6448e-05	2.3213e-06	-2.3216e-06	0.0020706	1.01328e-08	-0.0020698	2.3221e-06	-2.3217e-06	0.01317	2.8479e-08	-0.013158	2.3435e-06	-2.3461e-06	0.031924	1.29e-07	-0.031908	2.3077e-06	-2.3807e-06	0.04912	1.6991e-06	-0.049108	9.8106e-07	-2.528e-06
0.335	1.3756e-06	-1.5748e-09	-1.3691e-06	2.3217e-06	-2.3251e-06	2.3565e-06	-3.241e-11	-2.3489e-06	2.3236e-06	-2.325e-06	5.6718e-05	2.0801e-09	-5.647e-05	2.3246e-06	-2.3247e-06	0.0020734	1.01208e-08	-0.0020716	2.3236e-06	-2.327e-06	0.013188	2.8439e-08	-0.013172	2.3451e-06	-2.3474e-06	0.032044	1.2888e-07	-0.03203	2.3105e-06	-2.3826e-06	0.049542	1.6975e-06	-0.04953	9.8506e-07	-2.5287e-06
0.34	1.3904e-06	-1.6295e-09	-1.3826e-06	2.3251e-06	-2.3245e-06	2.3762e-06	-5.251e-11	-2.3707e-06	2.3271e-06	-2.3271e-06	5.6842e-05	2.0795e-09	-5.6656e-05	2.323e-06	-2.3245e-06	0.002074	1.01144e-08	-0.0020744	2.3232e-06	-2.3247e-06	0.013204	2.8385e-08	-0.01319	2.3453e-06	-2.3494e-06	0.032162	1.2846e-07	-0.032148	2.3119e-06	-2.3832e-06	0.049962	1.6967e-06	-0.04995	9.838e-07	-2.5291e-06
0.345	1.4031e-06	-1.6816e-09	-1.3996e-06	2.3218e-06	-2.3219e-06	2.3981e-06	-7.693e-11	-2.3872e-06	2.3232e-06	-2.3223e-06	5.693e-05	2.0706e-09	-5.6754e-05	2.3273e-06	-2.3259e-06	0.0020774	1.01072e-08	-0.0020764	2.3228e-06	-2.3258e-06	0.013218	2.83376e-08	-0.013204	2.345e-06	-2.3491e-06	0.03227	1.282e-07	-0.032254	2.3101e-06	-2.3839e-06	0.05036	1.6926e-06	-0.050348	9.8728e-07	-2.5322e-06
0.35	1.4179e-06	-1.7357e-09	-1.4111e-06	2.3233e-06	-2.3229e-06	2.4103e-06	-1.0134e-10	-2.4018e-06	2.3225e-06	-2.3253e-06	5.697e-05	2.066e-09	-5.6962e-05	2.3263e-06	-2.3283e-06	0.0020796	1.00924e-08	-0.0020784	2.3241e-06	-2.3243e-06	0.013232	2.8302e-08	-0.013218	2.3426e-06	-2.3465e-06	0.03237	1.2786e-07	-0.032358	2.3095e-06	-2.3829e-06	0.050754	1.6947e-06	-0.050746	9.844e-07	-2.537e-06
0.355	1.4312e-06	-1.7925e-09	-1.423e-06	2.3265e-06	-2.3255e-06	2.4311e-06	-1.2345e-10	-2.423e-06	2.3247e-06	-2.3254e-06	5.6982e-05	2.0566e-09	-5.697e-05	2.3225e-06	-2.3238e-06	0.0020804	1.00816e-08	-0.00208	2.3263e-06	-2.3268e-06	0.013248	2.82566e-08	-0.013232	2.3466e-06	-2.3486e-06	0.032468	1.2788e-07	-0.032456	2.3121e-06	-2.3861e-06	0.051134	1.6946e-06	-0.051124	9.8478e-07	-2.5374e-06
0.36	1.4412e-06	-1.854e-09	-1.4357e-06	2.3256e-06	-2.3273e-06	2.4514e-06	-1.4867e-10	-2.4493e-06	2.323e-06	-2.324e-06	5.7004e-05	2.0475e-09	-5.7246e-05	2.3228e-06	-2.3263e-06	0.0020836	1.00722e-08	-0.0020828	2.3247e-06	-2.3247e-06	0.013256	2.82306e-08	-0.013246	2.3487e-06	-2.35e-06	0.032562	1.2764e-07	-0.032546	2.3148e-06	-2.3873e-06	0.05151	1.6931e-06	-0.051496	9.861e-07	-2.5379e-06
0.365	1.4532e-06	-1.9105e-09	-1.4488e-06	2.3246e-06	-2.3261e-06	2.4678e-06	-1.7487e-10	-2.4567e-06	2.323e-06	-2.3241e-06	5.7174e-05	2.0402e-09	-5.733e-05	2.3248e-06	-2.3257e-06	0.0020854	1.00668e-08	-0.0020838	2.3231e-06	-2.3263e-06	0.01327	2.81998e-08	-0.013252	2.349e-06	-2.351e-06	0.032644	1.2698e-07	-0.032632	2.3125e-06	-2.3841e-06	0.05186	1.6908e-06	-0.051848	9.8718e-07	-2.5426e-06
0.37	1.4637e-06	-1.9723e-09	-1.4575e-06	2.3253e-06	-2.3277e-06	2.484e-06	-2.0219e-10	-2.4762e-06	2.3244e-06	-2.3281e-06	5.7256e-05	2.0311e-09	-5.719e-05	2.3228e-06	-2.3224e-06	0.0020874	1.00518e-08	-0.0020868	2.3263e-06	-2.3283e-06	0.013282	2.81702e-08	-0.013268	2.3459e-06	-2.3479e-06	0.03273	1.2712e-07	-0.032718	2.3141e-06	-2.3835e-06	0.05221	1.6913e-06	-0.052196	9.893e-07	-2.544e-06
0.375	1.4795e-06	-2.03e-09	-1.4746e-06	2.3255e-06	-2.3251e-06	2.4939e-06	-2.286e-10	-2.4933e-06	2.3244e-06	-2.3242e-06	5.7426e-05	2.0188e-09	-5.733e-05	2.3244e-06	-2.3251e-06	0.0020892	1.00418e-08	-0.0020882	2.3241e-06	-2.3255e-06	0.013292	2.81332e-08	-0.013276	2.3463e-06	-2.35e-06	0.032806	1.2682e-07	-0.03279	2.3128e-06	-2.3863e-06	0.052544	1.6891e-06	-0.052532	9.8934e-07	-2.5444e-06
0.38	1.4945e-06	-2.0954e-09	-1.485e-06	2.3261e-06	-2.3263e-06	2.5145e-06	-2.5728e-10	-2.5103e-06	2.3212e-06	-2.3226e-06	5.7494e-05	2.0058e-09	-5.7472e-05	2.3247e-06	-2.3246e-06	0.002092	1.00278e-08	-0.002091	2.3246e-06	-2.3304e-06	0.013304	2.81156e-08	-0.013292	2.3487e-06	-2.3512e-06	0.032878	1.264e-07	-0.032862	2.3141e-06	-2.3856e-06	0.052876	1.6869e-06	-0.052862	9.9092e-07	-2.5473e-06
0.385	1.5079e-06	-2.1589e-09	-1.4991e-06	2.3253e-06	-2.3252e-06	2.5342e-06	-2.8735e-10	-2.526e-06	2.3185e-06	-2.322e-06	5.7684e-05	1.9963e-09	-5.752e-05	2.3244e-06	-2.3269e-06	0.0020938	1.00188e-08	-0.0020924	2.3246e-06	-2.3255e-06	0.013314	2.80762e-08	-0.013304	2.3484e-06	-2.354e-06	0.03295	1.2624e-07	-0.03293	2.3141e-06	-2.3845e-06	0.053184	1.6858e-06	-0.053172	9.9352e-07	-2.5488e-06
0.39	1.5185e-06	-2.225e-09	-1.5121e-06	2.3251e-06	-2.3247e-06	2.5491e-06	-3.1814e-10	-2.5465e-06	2.3193e-06	-2.3201e-06	5.7754e-05	1.9826e-09	-5.7624e-05	2.3248e-06	-2.3258e-06	0.0020962	1.00182e-08	-0.0020956	2.3257e-06	-2.3268e-06	0.01333	2.80558e-08	-0.013314	2.349e-06	-2.3524e-06	0.03301	1.2616e-07	-0.032998	2.3165e-06	-2.3909e-06	0.05349	1.6835e-06	-0.053478	9.955e-07	-2.5503e-06
0.395	1.5303e-06	-2.2926e-09	-1.5248e-06	2.324e-06	-2.3258e-06	2.5659e-06	-3.4937e-10	-2.5623e-06	2.3225e-06	-2.3257e-06	5.7796e-05	1.9753e-09	-5.7746e-05	2.3253e-06	-2.3262e-06	0.002097	1.00016e-08	-0.0020966	2.3262e-06	-2.3275e-06	0.01334	2.80046e-08	-0.013328	2.3509e-06	-2.3546e-06	0.033074	1.2618e-07	-0.033058	2.3175e-06	-2.3921e-06	0.05378	1.6867e-06	-0.053776	9.963e-07	-2.5533e-06
0.4	1.5445e-06	-2.3599e-09	-1.5367e-06	2.3213e-06	-2.3199e-06	2.5854e-06	-3.8192e-10	-2.5804e-06	2.3193e-06	-2.3241e-06	5.7956e-05	1.9669e-09	-5.785e-05	2.3247e-06	-2.3287e-06	0.0021004	1.0002e-08	-0.0020988	2.3263e-06	-2.3289e-06	0.013348	2.79842e-08	-0.013336	2.3508e-06	-2.3541e-06	0.03313	1.2596e-07	-0.033114	2.32e-06	-2.3901e-06	0.05407	1.6836e-06	-0.054062	9.9522e-07	-2.5545e-06
0.405	1.5529e-06	-2.4292e-09	-1.5455e-06	2.318e-06	-2.3211e-06	2.6021e-06	-4.1568e-10	-2.6003e-06	2.3242e-06	-2.3261e-06	5.7846e-05	1.9597e-09	-5.7884e-05	2.3236e-06	-2.3266e-06	0.0021026	9.9944e-09	-0.0021012	2.3254e-06	-2.3267e-06	0.013362	2.79444e-08	-0.013348	2.3507e-06	-2.357e-06	0.033186	1.2586e-07	-0.033176	2.3183e-06	-2.3929e-06	0.05434	1.684e-06	-0.054328	9.9762e-07	-2.5581e-06
0.41	1.5695e-06	-2.4992e-09	-1.5626e-06	2.322e-06	-2.3248e-06	2.6206e-06	-4.4971e-10	-2.6098e-06	2.3231e-06	-2.3268e-06	5.8004e-05	1.9397e-09	-5.8098e-05	2.3253e-06	-2.3279e-06	0.0021044	9.9826e-09	-0.0021032	2.3296e-06	-2.3282e-06	0.013372	2.79316e-08	-0.013356	2.3488e-06	-2.3555e-06	0.033242	1.2562e-07	-0.033226	2.3203e-06	-2.3949e-06	0.054604	1.6841e-06	-0.054594	9.9624e-07	-2.5586e-06
0.415	1.5824e-06	-2.5719e-09	-1.5725e-06	2.3219e-06	-2.3253e-06	2.6367e-06	-4.8531e-10	-2.6264e-06	2.3217e-06	-2.3233e-06	5.8032e-05	1.9291e-09	-5.822e-05	2.3275e-06	-2.3278e-06	0.002105	9.9776e-09	-0.0021052	2.3266e-06	-2.3292e-06	0.01338	2.78976e-08	-0.013368	2.3464e-06	-2.3513e-06	0.033288	1.2518e-07	-0.033276	2.3234e-06	-2.3971e-06	0.054856	1.6815e-06	-0.054848	1.00062e-06	-2.5601e-06
0.42	1.5948e-06	-2.6457e-09	-1.5844e-06	2.3238e-06	-2.327e-06	2.6552e-06	-5.2315e-10	-2.6483e-06	2.3206e-06	-2.3223e-06	5.8134e-05	1.9183e-09	-5.8354e-05	2.324e-06	-2.3269e-06	0.0021076	9.9688e-09	-0.0021072	2.3253e-06	-2.3273e-06	0.013394	2.78776e-08	-0.013376	2.35e-06	-2.3538e-06	0.033336	1.2498e-07	-0.033322	2.3234e-06	-2.397e-06	0.055104	1.6829e-06	-0.055092	9.9762e-07	-2.5574e-06
0.425	1.6076e-06	-2.7186e-09	-1.5983e-06	2.3216e-06	-2.3249e-06	2.6656e-06	-5.5857e-10	-2.6705e-06	2.3203e-06	-2.3215e-06	5.8392e-05	1.9051e-09	-5.8338e-05	2.325e-06	-2.3258e-06	0.0021086	9.9686e-09	-0.0021092	2.3255e-06	-2.3264e-06	0.013402	2.78644e-08	-0.013388	2.3471e-06	-2.3525e-06	0.03338	1.2524e-07	-0.033368	2.3244e-06	-2.3965e-06	0.055338	1.6826e-06	-0.055326	9.9778e-07	-2.5626e-06
0.43	1.6156e-06	-2.7943e-09	-1.6089e-06	2.3228e-06	-2.3261e-06	2.6908e-06	-5.9884e-10	-2.6831e-06	2.3226e-06	-2.3249e-06	5.8538e-05	1.8947e-09	-5.84e-05	2.325e-06	-2.327e-06	0.002112	9.968e-09	-0.0021112	2.3228e-06	-2.3276e-06	0.013414	2.78436e-08	-0.013398	2.3488e-06	-2.3552e-06	0.033426	1.249e-07	-0.03341	2.3251e-06	-2.3992e-06	0.055562	1.6827e-06	-0.055556	1.00012e-06	-2.5643e-06
0.435	1.6299e-06	-2.8755e-09	-1.6218e-06	2.3226e-06	-2.3211e-06	2.7106e-06	-6.3729e-10	-2.7052e-06	2.3195e-06	-2.323e-06	5.8532e-05	1.8811e-09	-5.8554e-05	2.325e-06	-2.3243e-06	0.002114	9.956e-09	-0.0021124	2.3199e-06	-2.3259e-06	0.013424	2.78336e-08	-0.01341	2.3509e-06	-2.3535e-06	0.033466	1.2508e-07	-0.033452	2.3259e-06	-2.4023e-06	0.055778	1.6829e-06	-0.055762	1.00332e-06	-2.5671e-06
0.44	1.6448e-06	-2.953e-09	-1.6313e-06	2.322e-06	-2.3252e-06	2.7236e-06	-6.7672e-10	-2.7174e-06	2.3172e-06	-2.3205e-06	5.8628e-05	1.8708e-09	-5.864e-05	2.3234e-06	-2.3262e-06	0.0021152	9.951e-09	-0.002114	2.3209e-06	-2.3245e-06	0.013432	2.77946e-08	-0.013418	2.3496e-06	-2.3546e-06	0.033506	1.2488e-07	-0.033492	2.3289e-06	-2.4011e-06	0.055984	1.6858e-06	-0.055974	1.00092e-06	-2.572e-06
0.445	1.6538e-06	-3.0339e-09	-1.6441e-06	2.3208e-06	-2.3238e-06	2.7421e-06	-7.1841e-10	-2.7342e-06	2.3206e-06	-2.3247e-06	5.8742e-05	1.8531e-09	-5.8718e-05	2.3254e-06	-2.3287e-06	0.0021176	9.9402e-09	-0.0021166	2.3235e-06	-2.3271e-06	0.01344	2.7766e-08	-0.013428	2.3453e-06	-2.3537e-06	0.03354	1.2452e-07	-0.03353	2.3273e-06	-2.3995e-06	0.056182	1.6853e-06	-0.056168	1.00216e-06	-2.5703e-06
0.45	1.6668e-06	-3.1152e-09	-1.6577e-06	2.321e-06	-2.3238e-06	2.7536e-06	-7.6253e-10	-2.7461e-06	2.3226e-06	-2.3247e-06	5.8862e-05	1.8356e-09	-5.8858e-05	2.3247e-06	-2.3261e-06	0.0021188	9.9332e-09	-0.0021184	2.326e-06	-2.331e-06	0.01345	2.77636e-08	-0.013436	2.3497e-06	-2.3575e-06	0.033572	1.244e-07	-0.033564	2.3272e-06	-2.3975e-06	0.056378	1.6832e-06	-0.05636	1.00162e-06	-2.5721e-06
0.455	1.6783e-06	-3.1988e-09	-1.6688e-06	2.3222e-06	-2.3253e-06	2.7682e-06	-8.0414e-10	-2.7644e-06	2.3234e-06	-2.3269e-06	5.9088e-05	1.8185e-09	-5.9036e-05	2.3233e-06	-2.3267e-06	0.0021206	9.9292e-09	-0.0021202	2.3249e-06	-2.3297e-06	0.013458	2.77494e-08	-0.013442	2.353e-06	-2.3595e-06	0.033614	1.2428e-07	-0.033592	2.3262e-06	-2.4018e-06	0.056554	1.6883e-06	-0.05654	1.00282e-06	-2.5775e-06
0.46	1.6953e-06	-3.2838e-09	-1.6829e-06	2.3224e-06	-2.3266e-06	2.7881e-06	-8.4928e-10	-2.7787e-06	2.3222e-06	-2.3268e-06	5.9092e-05	1.8042e-09	-5.9042e-05	2.3223e-06	-2.3266e-06	0.0021236	9.9174e-09	-0.0021224	2.326e-06	-2.3296e-06	0.01347	2.77152e-08	-0.013458	2.3512e-06	-2.3575e-06	0.033642	1.2442e-07	-0.03363	2.329e-06	-2.4042e-06	0.056736	1.6878e-06	-0.05672	1.00214e-06	-2.5802e-06
0.465	1.7009e-06	-3.3686e-09	-1.6919e-06	2.318e-06	-2.3219e-06	2.7989e-06	-8.9492e-10	-2.7994e-06	2.3212e-06	-2.3251e-06	5.9162e-05	1.7869e-09	-5.923e-05	2.3231e-06	-2.3278e-06	0.0021248	9.913e-09	-0.0021232	2.3289e-06	-2.3322e-06	0.013478	2.76988e-08	-0.013464	2.3517e-06	-2.3564e-06	0.033676	1.245e-07	-0.033662	2.3296e-06	-2.4057e-06	0.0569	1.6891e-06	-0.056888	1.0048e-06	-2.5818e-06
0.47	1.7143e-06	-3.4584e-09	-1.7021e-06	2.3196e-06	-2.3241e-06	2.8185e-06	-9.4226e-10	-2.8144e-06	2.318e-06	-2.3248e-06	5.9136e-05	1.766e-09	-5.934e-05	2.321e-06	-2.3264e-06	0.0021266	9.9028e-09	-0.0021264	2.325e-06	-2.3295e-06	0.013486	2.76768e-08	-0.013474	2.35e-06	-2.3558e-06	0.033706	1.2406e-07	-0.03369	2.3318e-06	-2.4045e-06	0.057058	1.6858e-06	-0.057044	1.00764e-06	-2.5844e-06
0.475	1.7251e-06	-3.5439e-09	-1.7148e-06	2.3177e-06	-2.3211e-06	2.84e-06	-9.9081e-10	-2.8328e-06	2.3207e-06	-2.3255e-06	5.9384e-05	1.7466e-09	-5.944e-05	2.3208e-06	-2.3264e-06	0.0021278	9.8998e-09	-0.0021276	2.3249e-06	-2.3291e-06	0.013502	2.766e-08	-0.01348	2.3503e-06	-2.3568e-06	0.03373	1.2398e-07	-0.03372	2.3309e-06	-2.406e-06	0.05721	1.6864e-06	-0.0572	1.00726e-06	-2.5848e-06
0.48	1.7405e-06	-3.6373e-09	-1.7262e-06	2.3161e-06	-2.3224e-06	2.8615e-06	-1.03958e-09	-2.8419e-06	2.3195e-06	-2.3242e-06	5.9516e-05	1.7257e-09	-5.9492e-05	2.3207e-06	-2.3282e-06	0.00213	9.8978e-09	-0.0021298	2.3204e-06	-2.3279e-06	0.013504	2.7622e-08	-0.013492	2.354e-06	-2.3583e-06	0.033766	1.2414e-07	-0.033754	2.3313e-06	-2.4054e-06	0.057352	1.6849e-06	-0.057344	1.00966e-06	-2.5828e-06
0.485	1.7552e-06	-3.7279e-09	-1.7398e-06	2.3179e-06	-2.3221e-06	2.8732e-06	-1.08829e-09	-2.8605e-06	2.3215e-06	-2.3245e-06	5.948e-05	1.7064e-09	-5.949e-05	2.3228e-06	-2.327e-06	0.0021328	9.8838e-09	-0.0021314	2.3231e-06	-2.3289e-06	0.013512	2.76268e-08	-0.013504	2.3545e-06	-2.362e-06	0.033788	1.2412e-07	-0.03378	2.335e-06	-2.41e-06	0.05749	1.6856e-06	-0.057482	1.0098e-06	-2.5859e-06
0.49	1.7682e-06	-3.8237e-09	-1.7527e-06	2.3188e-06	-2.3255e-06	2.886e-06	-1.14176e-09	-2.8734e-06	2.3198e-06	-2.3277e-06	5.9616e-05	1.6789e-09	-5.9616e-05	2.3226e-06	-2.3267e-06	0.0021348	9.8736e-09	-0.002134	2.3217e-06	-2.3305e-06	0.013524	2.76142e-08	-0.01351	2.354e-06	-2.3605e-06	0.033818	1.2412e-07	-0.033804	2.334e-06	-2.4088e-06	0.057624	1.6873e-06	-0.057614	1.01036e-06	-2.5875e-06
0.495	1.775e-06	-3.9193e-09	-1.764e-06	2.3176e-06	-2.3241e-06	2.9037e-06	-1.1935e-09	-2.8884e-06	2.3229e-06	-2.3263e-06	5.9772e-05	1.6579e-09	-5.9706e-05	2.3253e-06	-2.329e-06	0.0021364	9.8622e-09	-0.0021352	2.3253e-06	-2.3328e-06	0.013532	2.75966e-08	-0.013522	2.35e-06	-2.3598e-06	0.033846	1.2402e-07	-0.033832	2.3358e-06	-2.4124e-06	0.05775	1.6848e-06	-0.057736	1.0084e-06	-2.5893e-06
0.5	1.7947e-06	-4.0137e-09	-1.7809e-06	2.3172e-06	-2.3224e-06	2.9163e-06	-1.2473e-09	-2.9099e-06	2.32e-06	-2.3243e-06	5.984e-05	1.6379e-09	-5.9808e-05	2.3223e-06	-2.3306e-06	0.0021384	9.8544e-09	-0.0021376	2.3245e-06	-2.3337e-06	0.013544	2.75802e-08	-0.013524	2.349e-06	-2.358e-06	0.033864	1.2384e-07	-0.033852	2.336e-06	-2.4125e-06	0.057874	1.6834e-06	-0.05786	1.00984e-06	-2.5914e-06
0.505	1.8031e-06	-4.113e-09	-1.7874e-06	2.3163e-06	-2.3239e-06	2.9356e-06	-1.3017e-09	-2.924e-06	2.3197e-06	-2.3252e-06	5.9912e-05	1.6083e-09	-5.9888e-05	2.3229e-06	-2.3281e-06	0.00214	9.8382e-09	-0.002139	2.3251e-06	-2.3319e-06	0.01355	2.7545e-08	-0.013536	2.3485e-06	-2.3556e-06	0.033886	1.2378e-07	-0.033882	2.3358e-06	-2.4138e-06	0.057982	1.6826e-06	-0.057978	1.01256e-06	-2.5897e-06
0.51	1.8158e-06	-4.2116e-09	-1.8032e-06	2.3152e-06	-2.3237e-06	2.9442e-06	-1.3582e-09	-2.937e-06	2.3182e-06	-2.3268e-06	6.0038e-05	1.5825e-09	-6.006e-05	2.3207e-06	-2.3275e-06	0.0021416	9.836e-09	-0.0021408	2.3268e-06	-2.3315e-06	0.013558	2.75388e-08	-0.013548	2.3487e-06	-2.3581e-06	0.033916	1.2384e-07	-0.033898	2.3373e-06	-2.4148e-06	0.058092	1.6878e-06	-0.058084	1.0127e-06	-2.5962e-06
0.515	1.8314e-06	-4.3143e-09	-1.8142e-06	2.316e-06	-2.3242e-06	2.965e-06	-1.4173e-09	-2.9574e-06	2.3167e-06	-2.3217e-06	6.0224e-05	1.5579e-09	-6.007e-05	2.3235e-06	-2.3304e-06	0.002144	9.831e-09	-0.0021428	2.3263e-06	-2.3327e-06	0.013568	2.75268e-08	-0.013556	2.3502e-06	-2.3562e-06	0.033942	1.237e-07	-0.033924	2.3354e-06	-2.4116e-06	0.058204	1.689e-06	-0.058188	1.01466e-06	-2.5995e-06
0.52	1.8372e-06	-4.4178e-09	-1.8184e-06	2.3167e-06	-2.3264e-06	2.9849e-06	-1.477e-09	-2.9761e-06	2.3155e-06	-2.3235e-06	6.0336e-05	1.5304e-09	-6.035e-05	2.323e-06	-2.3309e-06	0.002145	9.8146e-09	-0.0021442	2.3211e-06	-2.3278e-06	0.013576	2.75064e-08	-0.013564	2.3542e-06	-2.3642e-06	0.033962	1.2356e-07	-0.033954	2.3351e-06	-2.4141e-06	0.0583	1.686e-06	-0.058284	1.0157e-06	-2.5945e-06
0.525	1.8496e-06	-4.5215e-09	-1.8327e-06	2.3163e-06	-2.3251e-06	3.0017e-06	-1.5389e-09	-2.9858e-06	2.3165e-06	-2.3238e-06	6.0306e-05	1.5037e-09	-6.0396e-05	2.3185e-06	-2.3305e-06	0.0021476	9.8048e-09	-0.0021462	2.3221e-06	-2.3319e-06	0.013588	2.74872e-08	-0.013574	2.3547e-06	-2.3641e-06	0.033988	1.236e-07	-0.033972	2.3364e-06	-2.4149e-06	0.058396	1.6834e-06	-0.058386	1.014e-06	-2.5973e-06
0.53	1.8634e-06	-4.6287e-09	-1.8467e-06	2.3185e-06	-2.3256e-06	3.0229e-06	-1.5944e-09	-2.9962e-06	2.3176e-06	-2.3273e-06	6.0366e-05	1.4748e-09	-6.0436e-05	2.3219e-06	-2.3313e-06	0.0021492	9.8022e-09	-0.0021478	2.3226e-06	-2.3303e-06	0.013594	2.74784e-08	-0.013576	2.3558e-06	-2.3649e-06	0.034008	1.233e-07	-0.03399	2.3386e-06	-2.417e-06	0.058486	1.6849e-06	-0.058476	1.01594e-06	-2.6013e-06
0.535	1.8758e-06	-4.7381e-09	-1.8538e-06	2.3147e-06	-2.3244e-06	3.0348e-06	-1.6599e-09	-3.024e-06	2.3166e-06	-2.3286e-06	6.0468e-05	1.4493e-09	-6.0484e-05	2.3184e-06	-2.3292e-06	0.0021512	9.784e-09	-0.002151	2.3214e-06	-2.3317e-06	0.013604	2.74614e-08	-0.01359	2.3525e-06	-2.366e-06	0.034032	1.236e-07	-0.034018	2.3402e-06	-2.4201e-06	0.058578	1.6879e-06	-0.058562	1.01864e-06	-2.6029e-06
0.54	1.8881e-06	-4.8481e-09	-1.8684e-06	2.3153e-06	-2.3255e-06	3.0561e-06	-1.724e-09	-3.0304e-06	2.3136e-06	-2.3257e-06	6.0664e-05	1.4155e-09	-6.0642e-05	2.3199e-06	-2.3289e-06	0.0021526	9.7517e-09	-0.0021516	2.324e-06	-2.3333e-06	0.01361	2.7456e-08	-0.013598	2.3563e-06	-2.3681e-06	0.034048	1.2366e-07	-0.034036	2.3406e-06	-2.4202e-06	0.05865	1.6872e-06	-0.058642	1.0176e-06	-2.6056e-06
0.545	1.9013e-06	-4.9567e-09	-1.8828e-06	2.3119e-06	-2.3248e-06	3.0735e-06	-1.7895e-09	-3.058e-06	2.3163e-06	-2.3281e-06	6.0804e-05	1.3831e-09	-6.0686e-05	2.3177e-06	-2.3285e-06	0.0021546	9.7447e-09	-0.0021538	2.3204e-06	-2.3318e-06	0.013618	2.74308e-08	-0.013608	2.3588e-06	-2.3718e-06	0.034068	1.2342e-07	-0.034056	2.3412e-06	-2.4211e-06	0.058736	1.6876e-06	-0.058724	1.02096e-06	-2.6079e-06
0.55	1.9184e-06	-5.07e-09	-1.8939e-06	2.3135e-06	-2.3251e-06	3.0834e-06	-1.858e-09	-3.0681e-06	2.3112e-06	-2.3255e-06	6.099e-05	1.3529e-09	-6.0812e-05	2.3185e-06	-2.3291e-06	0.0021564	9.7179e-09	-0.0021552	2.3198e-06	-2.3309e-06	0.013626	2.74116e-08	-0.013614	2.3582e-06	-2.37e-06	0.03409	1.2324e-07	-0.034078	2.3407e-06	-2.4219e-06	0.058812	1.6886e-06	-0.058796	1.0202e-06	-2.6104e-06
0.555	1.9246e-06	-5.1875e-09	-1.9024e-06	2.3105e-06	-2.3258e-06	3.1028e-06	-1.9244e-09	-3.0845e-06	2.3103e-06	-2.3247e-06	6.0928e-05	1.3206e-09	-6.0936e-05	2.3166e-06	-2.331e-06	0.0021586	9.7131e-09	-0.0021576	2.3189e-06	-2.3345e-06	0.013636	2.74048e-08	-0.013622	2.3565e-06	-2.3704e-06	0.03411	1.2326e-07	-0.034096	2.3408e-06	-2.4227e-06	0.05888	1.6896e-06	-0.05887	1.0233e-06	-2.6137e-06
0.56	1.9376e-06	-5.3056e-09	-1.913e-06	2.3099e-06	-2.3245e-06	3.1199e-06	-1.9922e-09	-3.096e-06	2.3116e-06	-2.3248e-06	6.1044e-05	1.2831e-09	-6.102e-05	2.3165e-06	-2.3325e-06	0.0021592	9.689e-09	-0.0021596	2.317e-06	-2.3338e-06	0.013642	2.73856e-08	-0.01363	2.353e-06	-2.3685e-06	0.034132	1.233e-07	-0.034116	2.3414e-06	-2.4241e-06	0.058948	1.6869e-06	-0.058934	1.02424e-06	-2.6149e-06
0.565	1.9508e-06	-5.4205e-09	-1.9226e-06	2.3087e-06	-2.3251e-06	3.1381e-06	-2.0632e-09	-3.1176e-06	2.3078e-06	-2.3264e-06	6.12e-05	1.2492e-09	-6.1072e-05	2.313e-06	-2.3297e-06	0.0021612	9.6841e-09	-0.0021608	2.3175e-06	-2.3316e-06	0.013648	2.73758e-08	-0.013642	2.3527e-06	-2.3691e-06	0.034146	1.2322e-07	-0.034136	2.3416e-06	-2.4258e-06	0.059016	1.6917e-06	-0.059	1.0258e-06	-2.62e-06
0.57	1.9582e-06	-5.5432e-09	-1.9339e-06	2.3091e-06	-2.3261e-06	3.1549e-06	-2.1336e-09	-3.1289e-06	2.3083e-06	-2.3284e-06	6.1208e-05	1.2131e-09	-6.1236e-05	2.3127e-06	-2.3301e-06	0.0021624	9.6671e-09	-0.0021626	2.318e-06	-2.3334e-06	0.013656	2.73626e-08	-0.013646	2.3527e-06	-2.3686e-06	0.034164	1.2308e-07	-0.034158	2.3422e-06	-2.4282e-06	0.059072	1.6934e-06	-0.059068	1.0262e-06	-2.6219e-06
0.575	1.9744e-06	-5.6616e-09	-1.9463e-06	2.3075e-06	-2.3258e-06	3.1744e-06	-2.2085e-09	-3.1514e-06	2.31e-06	-2.3281e-06	6.1352e-05	1.1785e-09	-6.121e-05	2.3098e-06	-2.3298e-06	0.002166	9.6461e-09	-0.0021636	2.3102e-06	-2.3296e-06	0.013668	2.73258e-08	-0.013654	2.3488e-06	-2.366e-06	0.034184	1.2318e-07	-0.034172	2.344e-06	-2.4277e-06	0.059134	1.6955e-06	-0.059124	1.02714e-06	-2.6258e-06
0.58	1.9923e-06	-5.7841e-09	-1.9659e-06	2.3049e-06	-2.3252e-06	3.1847e-06	-2.2866e-09	-3.1647e-06	2.3106e-06	-2.3309e-06	6.1388e-05	1.1424e-09	-6.1394e-05	2.312e-06	-2.3306e-06	0.0021662	9.6281e-09	-0.0021666	2.3133e-06	-2.334e-06	0.013676	2.73138e-08	-0.013664	2.3504e-06	-2.3688e-06	0.034206	1.2314e-07	-0.034192	2.3447e-06	-2.4297e-06	0.059192	1.6943e-06	-0.059176	1.0276e-06	-2.6271e-06
0.585	2.0068e-06	-5.9098e-09	-1.9733e-06	2.3021e-06	-2.3232e-06	3.2124e-06	-2.3621e-09	-3.181e-06	2.3068e-06	-2.3321e-06	6.151e-05	1.1e-09	-6.1462e-05	2.3063e-06	-2.3295e-06	0.0021686	9.6141e-09	-0.002168	2.3108e-06	-2.3327e-06	0.01368	2.7294e-08	-0.013672	2.3492e-06	-2.3683e-06	0.034218	1.2306e-07	-0.034214	2.3457e-06	-2.4321e-06	0.059246	1.6947e-06	-0.059238	1.02682e-06	-2.6247e-06
0.59	2.02e-06	-6.0408e-09	-1.985e-06	2.3016e-06	-2.3256e-06	3.2316e-06	-2.4393e-09	-3.2001e-06	2.305e-06	-2.3284e-06	6.1528e-05	1.0628e-09	-6.1602e-05	2.3079e-06	-2.3323e-06	0.0021708	9.5992e-09	-0.0021696	2.313e-06	-2.3359e-06	0.01369	2.72796e-08	-0.013678	2.3497e-06	-2.3719e-06	0.03424	1.2296e-07	-0.034224	2.3432e-06	-2.43e-06	0.059298	1.6933e-06	-0.059284	1.02804e-06	-2.6275e-06
0.595	2.0337e-06	-6.1704e-09	-1.9976e-06	2.3014e-06	-2.3263e-06	3.2374e-06	-2.5172e-09	-3.2143e-06	2.303e-06	-2.3298e-06	6.1578e-05	1.0199e-09	-6.1736e-05	2.3059e-06	-2.3308e-06	0.0021718	9.5814e-09	-0.0021708	2.3109e-06	-2.3377e-06	0.013698	2.72736e-08	-0.013686	2.3488e-06	-2.3709e-06	0.034254	1.2294e-07	-0.034242	2.346e-06	-2.4341e-06	0.05935	1.6952e-06	-0.059342	1.02748e-06	-2.6314e-06
0.6	2.0469e-06	-6.3007e-09	-2.0051e-06	2.2984e-06	-2.3252e-06	3.2564e-06	-2.5971e-09	-3.2228e-06	2.3006e-06	-2.3269e-06	6.1828e-05	9.7889e-10	-6.1926e-05	2.3052e-06	-2.3341e-06	0.002174	9.5676e-09	-0.0021742	2.3089e-06	-2.3374e-06	0.013706	2.72842e-08	-0.013694	2.3469e-06	-2.3739e-06	0.034274	1.2314e-07	-0.034262	2.343e-06	-2.4322e-06	0.059396	1.6934e-06	-0.059392	1.02862e-06	-2.6299e-06
0.605	2.062e-06	-6.432e-09	-2.0188e-06	2.2973e-06	-2.3282e-06	3.2775e-06	-2.6789e-09	-3.2384e-06	2.2987e-06	-2.3293e-06	6.185e-05	9.3638e-10	-6.2038e-05	2.3004e-06	-2.3309e-06	0.0021768	9.5436e-09	-0.0021744	2.3074e-06	-2.3333e-06	0.013718	2.72524e-08	-0.013702	2.3457e-06	-2.3703e-06	0.034292	1.2306e-07	-0.034278	2.3437e-06	-2.4365e-06	0.059442	1.6953e-06	-0.059434	1.02876e-06	-2.6332e-06
0.61	2.0749e-06	-6.5659e-09	-2.031e-06	2.2949e-06	-2.3254e-06	3.2967e-06	-2.7621e-09	-3.2552e-06	2.2938e-06	-2.3269e-06	6.2e-05	8.8872e-10	-6.2114e-05	2.2964e-06	-2.3293e-06	0.002178	9.5195e-09	-0.0021762	2.3069e-06	-2.3395e-06	0.013722	2.72414e-08	-0.013706	2.3444e-06	-2.3759e-06	0.03431	1.2318e-07	-0.034302	2.343e-06	-2.4346e-06	0.059492	1.6955e-06	-0.059478	1.02956e-06	-2.6316e-06
0.615	2.087e-06	-6.7118e-09	-2.048e-06	2.2932e-06	-2.3278e-06	3.3135e-06	-2.8509e-09	-3.2768e-06	2.2932e-06	-2.3313e-06	6.2198e-05	8.4462e-10	-6.2166e-05	2.2947e-06	-2.331e-06	0.0021796	9.511e-09	-0.0021792	2.3016e-06	-2.3387e-06	0.01373	2.72382e-08	-0.013718	2.3438e-06	-2.3774e-06	0.034328	1.2302e-07	-0.034318	2.3402e-06	-2.4353e-06	0.059532	1.6929e-06	-0.05952	1.02956e-06	-2.6331e-06
0.62	2.1021e-06	-6.8474e-09	-2.0523e-06	2.2856e-06	-2.327e-06	3.3391e-06	-2.9357e-09	-3.2907e-06	2.2928e-06	-2.3314e-06	6.2418e-05	8.03e-10	-6.241e-05	2.2919e-06	-2.3311e-06	0.0021816	9.4925e-09	-0.0021806	2.3003e-06	-2.3363e-06	0.013738	2.7212e-08	-0.013728	2.3413e-06	-2.3765e-06	0.034346	1.2274e-07	-0.034332	2.3405e-06	-2.4379e-06	0.059572	1.692e-06	-0.059566	1.029e-06	-2.6327e-06
0.625	2.1179e-06	-6.9832e-09	-2.0671e-06	2.2865e-06	-2.3272e-06	3.3497e-06	-3.0235e-09	-3.3088e-06	2.2888e-06	-2.3307e-06	6.2538e-05	7.5071e-10	-6.2414e-05	2.2885e-06	-2.3316e-06	0.0021832	9.4671e-09	-0.0021822	2.2947e-06	-2.3373e-06	0.013748	2.72062e-08	-0.013738	2.3371e-06	-2.3724e-06	0.03436	1.2302e-07	-0.034352	2.3433e-06	-2.4399e-06	0.05961	1.6938e-06	-0.0596	1.0315e-06	-2.6359e-06
0.63	2.1323e-06	-7.1287e-09	-2.0779e-06	2.2859e-06	-2.3303e-06	3.3836e-06	-3.1138e-09	-3.3166e-06	2.2833e-06	-2.3322e-06	6.2646e-05	7.0473e-10	-6.2544e-05	2.288e-06	-2.3343e-06	0.002185	9.4434e-09	-0.0021842	2.2956e-06	-2.3357e-06	0.013754	2.71756e-08	-0.013744	2.3354e-06	-2.3751e-06	0.034376	1.2276e-07	-0.034368	2.3404e-06	-2.4411e-06	0.059656	1.6976e-06	-0.059642	1.03134e-06	-2.6423e-06
0.635	2.1509e-06	-7.2752e-09	-2.0918e-06	2.2818e-06	-2.3306e-06	3.3917e-06	-3.204e-09	-3.3445e-06	2.2846e-06	-2.3313e-06	6.2782e-05	6.5522e-10	-6.2746e-05	2.2837e-06	-2.3308e-06	0.0021864	9.4257e-09	-0.0021854	2.2908e-06	-2.3374e-06	0.013762	2.7148e-08	-0.01375	2.3308e-06	-2.3746e-06	0.034394	1.225e-07	-0.034382	2.3378e-06	-2.4404e-06	0.059694	1.6982e-06	-0.059678	1.0328e-06	-2.643e-06
0.64	2.1708e-06	-7.4219e-09	-2.1062e-06	2.2769e-06	-2.3297e-06	3.4214e-06	-3.2966e-09	-3.3526e-06	2.28e-06	-2.33e-06	6.2858e-05	6.006e-10	-6.2732e-05	2.2793e-06	-2.3327e-06	0.0021886	9.3988e-09	-0.0021872	2.2895e-06	-2.3369e-06	0.013772	2.71496e-08	-0.013752	2.3339e-06	-2.3793e-06	0.034408	1.2258e-07	-0.034402	2.3329e-06	-2.4391e-06	0.05973	1.6977e-06	-0.05972	1.03336e-06	-2.6459e-06
0.645	2.181e-06	-7.5699e-09	-2.1137e-06	2.275e-06	-2.329e-06	3.4371e-06	-3.3897e-09	-3.37e-06	2.274e-06	-2.3307e-06	6.3014e-05	5.5183e-10	-6.2874e-05	2.2771e-06	-2.3334e-06	0.0021902	9.3674e-09	-0.0021892	2.2817e-06	-2.3365e-06	0.013778	2.71236e-08	-0.013758	2.3278e-06	-2.3796e-06	0.034428	1.2244e-07	-0.034414	2.3351e-06	-2.4439e-06	0.059768	1.7003e-06	-0.059756	1.03278e-06	-2.6478e-06
0.65	2.2012e-06	-7.7198e-09	-2.125e-06	2.271e-06	-2.3321e-06	3.4514e-06	-3.4848e-09	-3.3805e-06	2.2713e-06	-2.3327e-06	6.2976e-05	5.0323e-10	-6.3048e-05	2.2741e-06	-2.3352e-06	0.0021918	9.3441e-09	-0.002192	2.2782e-06	-2.3395e-06	0.013786	2.7101e-08	-0.01377	2.3261e-06	-2.3798e-06	0.03444	1.2264e-07	-0.034434	2.3339e-06	-2.4432e-06	0.0598	1.6986e-06	-0.059786	1.03376e-06	-2.6528e-06
0.655	2.2187e-06	-7.8761e-09	-2.1398e-06	2.2676e-06	-2.333e-06	3.476e-06	-3.5837e-09	-3.4032e-06	2.2658e-06	-2.33e-06	6.3104e-05	4.3934e-10	-6.3106e-05	2.2679e-06	-2.3335e-06	0.0021938	9.3226e-09	-0.002192	2.2746e-06	-2.3394e-06	0.013794	2.70916e-08	-0.013784	2.3249e-06	-2.385e-06	0.034456	1.2228e-07	-0.034448	2.3308e-06	-2.4452e-06	0.059838	1.6974e-06	-0.059824	1.03548e-06	-2.6524e-06
0.66	2.234e-06	-8.0279e-09	-2.149e-06	2.2629e-06	-2.3324e-06	3.4983e-06	-3.6835e-09	-3.4241e-06	2.2575e-06	-2.329e-06	6.3166e-05	3.9029e-10	-6.3184e-05	2.2644e-06	-2.3356e-06	0.0021952	9.2981e-09	-0.0021942	2.2721e-06	-2.3427e-06	0.0138	2.70674e-08	-0.013786	2.3197e-06	-2.3805e-06	0.034472	1.2212e-07	-0.034464	2.3294e-06	-2.4428e-06	0.05987	1.6993e-06	-0.059856	1.03354e-06	-2.6563e-06
0.665	2.2502e-06	-8.1865e-09	-2.1573e-06	2.2563e-06	-2.3325e-06	3.5254e-06	-3.782e-09	-3.4386e-06	2.2555e-06	-2.3309e-06	6.3352e-05	3.3185e-10	-6.3276e-05	2.2611e-06	-2.3377e-06	0.0021976	9.2711e-09	-0.0021964	2.2697e-06	-2.343e-06	0.01381	2.70572e-08	-0.013796	2.321e-06	-2.3869e-06	0.034496	1.221e-07	-0.03448	2.3258e-06	-2.4444e-06	0.0599	1.7013e-06	-0.059886	1.03364e-06	-2.6574e-06
0.67	2.2683e-06	-8.3478e-09	-2.1701e-06	2.2512e-06	-2.3324e-06	3.5446e-06	-3.8822e-09	-3.4594e-06	2.2516e-06	-2.3338e-06	6.3454e-05	2.7526e-10	-6.331e-05	2.2551e-06	-2.3387e-06	0.0021994	9.2477e-09	-0.002198	2.2635e-06	-2.3433e-06	0.013818	2.70432e-08	-0.013804	2.3142e-06	-2.3849e-06	0.034508	1.2194e-07	-0.034496	2.3211e-06	-2.4466e-06	0.059932	1.7011e-06	-0.059918	1.0334e-06	-2.6584e-06
0.675	2.2848e-06	-8.511e-09	-2.1844e-06	2.243e-06	-2.3319e-06	3.5664e-06	-3.9868e-09	-3.4736e-06	2.2411e-06	-2.3288e-06	6.3518e-05	2.1565e-10	-6.3518e-05	2.2513e-06	-2.3372e-06	0.0022004	9.216e-09	-0.0021998	2.2537e-06	-2.3402e-06	0.013824	2.70082e-08	-0.01381	2.3089e-06	-2.3846e-06	0.03452	1.2192e-07	-0.03451	2.3166e-06	-2.4456e-06	0.059962	1.7015e-06	-0.05995	1.03414e-06	-2.6608e-06
0.68	2.3081e-06	-8.6729e-09	-2.2015e-06	2.2371e-06	-2.3319e-06	3.595e-06	-4.093e-09	-3.4846e-06	2.2368e-06	-2.3312e-06	6.3744e-05	1.5613e-10	-6.3588e-05	2.2428e-06	-2.337e-06	0.0022026	9.1836e-09	-0.0022012	2.2515e-06	-2.3439e-06	0.013832	2.69898e-08	-0.013816	2.3024e-06	-2.3835e-06	0.034542	1.2162e-07	-0.034524	2.3172e-06	-2.4489e-06	0.059994	1.7029e-06	-0.05998	1.03516e-06	-2.6645e-06
0.685	2.3252e-06	-8.8414e-09	-2.2109e-06	2.2296e-06	-2.3326e-06	3.6008e-06	-4.2013e-09	-3.5031e-06	2.2319e-06	-2.3314e-06	6.3862e-05	9.213e-11	-6.3776e-05	2.2384e-06	-2.339e-06	0.0022046	9.153e-09	-0.0022036	2.242e-06	-2.3439e-06	0.01384	2.69788e-08	-0.013824	2.2973e-06	-2.3877e-06	0.034556	1.2152e-07	-0.034542	2.3133e-06	-2.4518e-06	0.06002	1.703e-06	-0.060008	1.03702e-06	-2.6703e-06
0.69	2.3453e-06	-9.008e-09	-2.223e-06	2.2233e-06	-2.3337e-06	3.6284e-06	-4.3107e-09	-3.517e-06	2.2237e-06	-2.3328e-06	6.401e-05	3.272e-11	-6.3964e-05	2.23e-06	-2.3407e-06	0.0022064	9.1382e-09	-0.0022036	2.2374e-06	-2.3473e-06	0.013846	2.69554e-08	-0.013828	2.2938e-06	-2.3904e-06	0.03457	1.2164e-07	-0.03456	2.3083e-06	-2.4502e-06	0.060052	1.7025e-06	-0.06004	1.0329e-06	-2.6678e-06
0.695	2.3629e-06	-9.1742e-09	-2.2363e-06	2.2164e-06	-2.3342e-06	3.6544e-06	-4.417e-09	-3.5224e-06	2.2157e-06	-2.3327e-06	6.4244e-05	-3.525e-11	-6.405e-05	2.2235e-06	-2.3421e-06	0.0022076	9.0958e-09	-0.0022068	2.2309e-06	-2.3431e-06	0.013856	2.69384e-08	-0.013842	2.2883e-06	-2.3884e-06	0.034584	1.2152e-07	-0.034574	2.3057e-06	-2.4525e-06	0.06008	1.7008e-06	-0.060068	1.03532e-06	-2.6719e-06
0.7	2.3841e-06	-9.3498e-09	-2.2434e-06	2.2081e-06	-2.3367e-06	3.6777e-06	-4.5291e-09	-3.5453e-06	2.2059e-06	-2.3327e-06	6.4234e-05	-9.295e-11	-6.4126e-05	2.2146e-06	-2.3401e-06	0.0022094	9.0588e-09	-0.002209	2.2201e-06	-2.3455e-06	0.01386	2.69198e-08	-0.013848	2.2779e-06	-2.3868e-06	0.034602	1.2108e-07	-0.034588	2.2998e-06	-2.4553e-06	0.060104	1.6992e-06	-0.060092	1.03524e-06	-2.6702e-06
0.705	2.3999e-06	-9.5205e-09	-2.2577e-06	2.2022e-06	-2.3335e-06	3.7105e-06	-4.6422e-09	-3.5675e-06	2.2016e-06	-2.3331e-06	6.4312e-05	-1.6322e-10	-6.4336e-05	2.2078e-06	-2.3421e-06	0.002211	9.0179e-09	-0.0022106	2.215e-06	-2.3467e-06	0.01387	2.69172e-08	-0.013854	2.275e-06	-2.3907e-06	0.034616	1.2104e-07	-0.034604	2.2971e-06	-2.4573e-06	0.060132	1.699e-06	-0.06012	1.03496e-06	-2.6764e-06
0.71	2.4234e-06	-9.6975e-09	-2.2654e-06	2.1914e-06	-2.3354e-06	3.7313e-06	-4.7557e-09	-3.5754e-06	2.1915e-06	-2.3377e-06	6.4522e-05	-2.3154e-10	-6.4268e-05	2.1992e-06	-2.3424e-06	0.002213	8.9843e-09	-0.002213	2.2056e-06	-2.3484e-06	0.013876	2.6882e-08	-0.013862	2.2664e-06	-2.393e-06	0.034634	1.2078e-07	-0.034618	2.2921e-06	-2.4588e-06	0.060158	1.7002e-06	-0.06015	1.03184e-06	-2.6778e-06
0.715	2.4459e-06	-9.873e-09	-2.2789e-06	2.1824e-06	-2.3366e-06	3.7578e-06	-4.8742e-09	-3.5995e-06	2.1838e-06	-2.3372e-06	6.4464e-05	-3.0282e-10	-6.4392e-05	2.1904e-06	-2.3432e-06	0.0022144	8.9452e-09	-0.002213	2.1975e-06	-2.3484e-06	0.013884	2.6851e-08	-0.013868	2.2559e-06	-2.3916e-06	0.034642	1.2054e-07	-0.034634	2.2851e-06	-2.4634e-06	0.060188	1.702e-06	-0.060174	1.035e-06	-2.6789e-06
0.72	2.4656e-06	-1.00598e-08	-2.2893e-06	2.1721e-06	-2.3381e-06	3.7894e-06	-4.9909e-09	-3.6099e-06	2.1714e-06	-2.3383e-06	6.4668e-05	-3.6768e-10	-6.443e-05	2.1813e-06	-2.3438e-06	0.0022162	8.9014e-09	-0.0022156	2.1864e-06	-2.3475e-06	0.01389	2.68218e-08	-0.01388	2.2484e-06	-2.3923e-06	0.03466	1.2042e-07	-0.034648	2.2822e-06	-2.4633e-06	0.060214	1.6981e-06	-0.0602	1.03332e-06	-2.6848e-06
0.725	2.4874e-06	-1.02391e-08	-2.3004e-06	2.1618e-06	-2.3378e-06	3.8113e-06	-5.1114e-09	-3.6291e-06	2.1657e-06	-2.3407e-06	6.4856e-05	-4.383e-10	-6.4524e-05	2.1691e-06	-2.3442e-06	0.0022176	8.8704e-09	-0.002217	2.1777e-06	-2.3515e-06	0.013898	2.68056e-08	-0.013888	2.2411e-06	-2.3953e-06	0.034676	1.2014e-07	-0.034662	2.2795e-06	-2.4691e-06	0.060238	1.6984e-06	-0.060218	1.03648e-06	-2.6863e-06
0.73	2.512e-06	-1.04229e-08	-2.3096e-06	2.15e-06	-2.338e-06	3.8408e-06	-5.232e-09	-3.6446e-06	2.1539e-06	-2.3407e-06	6.4878e-05	-5.0601e-10	-6.4718e-05	2.1585e-06	-2.3461e-06	0.0022192	8.83e-09	-0.0022192	2.163e-06	-2.3518e-06	0.013904	2.6764e-08	-0.013894	2.2331e-06	-2.3988e-06	0.03469	1.2014e-07	-0.034674	2.2682e-06	-2.4662e-06	0.060262	1.6943e-06	-0.060248	1.03402e-06	-2.6848e-06
0.735	2.5398e-06	-1.06121e-08	-2.3219e-06	2.1389e-06	-2.3392e-06	3.8745e-06	-5.3554e-09	-3.6638e-06	2.1415e-06	-2.3436e-06	6.4988e-05	-5.8391e-10	-6.4862e-05	2.1464e-06	-2.3482e-06	0.0022218	8.7964e-09	-0.0022208	2.1547e-06	-2.3507e-06	0.01391	2.67442e-08	-0.013896	2.2222e-06	-2.4005e-06	0.034704	1.195e-07	-0.034688	2.2606e-06	-2.4699e-06	0.060282	1.6916e-06	-0.060276	1.03128e-06	-2.6848e-06
0.74	2.5638e-06	-1.08011e-08	-2.3363e-06	2.1285e-06	-2.3404e-06	3.9039e-06	-5.4847e-09	-3.6749e-06	2.1273e-06	-2.3424e-06	6.5142e-05	-6.6296e-10	-6.4882e-05	2.1329e-06	-2.3481e-06	0.0022232	8.7575e-09	-0.0022222	2.1435e-06	-2.3523e-06	0.01392	2.67102e-08	-0.013906	2.2116e-06	-2.4029e-06	0.034718	1.194e-07	-0.034706	2.258e-06	-2.4729e-06	0.060306	1.6919e-06	-0.060296	1.0303e-06	-2.6899e-06
0.745	2.5944e-06	-1.09915e-08	-2.3501e-06	2.1163e-06	-2.3431e-06	3.9295e-06	-5.6084e-09	-3.6969e-06	2.1154e-06	-2.3454e-06	6.5316e-05	-7.3967e-10	-6.5096e-05	2.1235e-06	-2.3525e-06	0.0022248	8.7188e-09	-0.0022242	2.1282e-06	-2.3555e-06	0.013928	2.66796e-08	-0.013912	2.2006e-06	-2.4028e-06	0.034732	1.1948e-07	-0.03472	2.2448e-06	-2.4747e-06	0.060332	1.6882e-06	-0.060324	1.02798e-06	-2.6939e-06
0.75	2.6134e-06	-1.1183e-08	-2.3551e-06	2.1039e-06	-2.3456e-06	3.9592e-06	-5.7369e-09	-3.7144e-06	2.1038e-06	-2.3458e-06	6.5408e-05	-8.2e-10	-6.5028e-05	2.1065e-06	-2.349e-06	0.002227	8.6721e-09	-0.0022254	2.1156e-06	-2.3558e-06	0.013934	2.66538e-08	-0.013922	2.1862e-06	-2.4025e-06	0.034746	1.1916e-07	-0.034738	2.2364e-06	-2.4784e-06	0.060352	1.6858e-06	-0.060344	1.03038e-06	-2.6994e-06
0.755	2.6445e-06	-1.13803e-08	-2.3701e-06	2.0883e-06	-2.347e-06	3.9906e-06	-5.8746e-09	-3.723e-06	2.089e-06	-2.3475e-06	6.542e-05	-9.0052e-10	-6.5264e-05	2.0892e-06	-2.3479e-06	0.0022288	8.6377e-09	-0.0022274	2.0988e-06	-2.3536e-06	0.01394	2.66178e-08	-0.013926	2.1715e-06	-2.4053e-06	0.03476	1.1896e-07	-0.034752	2.2255e-06	-2.4795e-06	0.060382	1.6817e-06	-0.060368	1.02858e-06	-2.6996e-06
0.76	2.6774e-06	-1.15736e-08	-2.3874e-06	2.0723e-06	-2.3467e-06	4.0256e-06	-6.0065e-09	-3.7405e-06	2.0745e-06	-2.3511e-06	6.552e-05	-9.8626e-10	-6.5392e-05	2.0732e-06	-2.3501e-06	0.0022302	8.5937e-09	-0.0022282	2.0829e-06	-2.3547e-06	0.013948	2.65876e-08	-0.013936	2.1612e-06	-2.4075e-06	0.034778	1.1838e-07	-0.034762	2.2146e-06	-2.4823e-06	0.060402	1.6789e-06	-0.060386	1.02934e-06	-2.7019e-06
0.765	2.7079e-06	-1.17796e-08	-2.3946e-06	2.0538e-06	-2.3491e-06	4.0656e-06	-6.1388e-09	-3.7596e-06	2.056e-06	-2.3528e-06	6.5748e-05	-1.06269e-09	-6.5378e-05	2.0553e-06	-2.3512e-06	0.0022314	8.5451e-09	-0.0022304	2.0673e-06	-2.3566e-06	0.013958	2.6557e-08	-0.01394	2.1452e-06	-2.4099e-06	0.034788	1.1832e-07	-0.034776	2.2047e-06	-2.4847e-06	0.060428	1.6794e-06	-0.060414	1.0265e-06	-2.7073e-06
0.77	2.7424e-06	-1.1979e-08	-2.4029e-06	2.0333e-06	-2.3504e-06	4.1042e-06	-6.2746e-09	-3.7754e-06	2.0351e-06	-2.3532e-06	6.5796e-05	-1.14813e-09	-6.5412e-05	2.0359e-06	-2.3538e-06	0.0022332	8.5066e-09	-0.002233	2.0474e-06	-2.3585e-06	0.013966	2.65178e-08	-0.01395	2.1272e-06	-2.4091e-06	0.034804	1.1796e-07	-0.03479	2.1946e-06	-2.4882e-06	0.06045	1.6718e-06	-0.060438	1.0238e-06	-2.7083e-06
0.775	2.7709e-06	-1.21828e-08	-2.4166e-06	2.0135e-06	-2.3505e-06	4.1416e-06	-6.4116e-09	-3.7875e-06	2.0194e-06	-2.3544e-06	6.6148e-05	-1.2328e-09	-6.5544e-05	2.0171e-06	-2.355e-06	0.0022356	8.4509e-09	-0.002235	2.0273e-06	-2.3581e-06	0.013966	2.64836e-08	-0.013954	2.1079e-06	-2.4117e-06	0.03482	1.1734e-07	-0.034802	2.1759e-06	-2.4853e-06	0.060466	1.6696e-06	-0.060458	1.023e-06	-2.7124e-06
0.78	2.8086e-06	-1.2391e-08	-2.4283e-06	1.9936e-06	-2.3544e-06	4.1803e-06	-6.5526e-09	-3.8159e-06	1.9943e-06	-2.354e-06	6.6164e-05	-1.3197e-09	-6.5614e-05	1.9942e-06	-2.356e-06	0.002238	8.4019e-09	-0.0022356	2.0041e-06	-2.3599e-06	0.013976	2.64566e-08	-0.013964	2.09e-06	-2.4125e-06	0.034832	1.1666e-07	-0.03482	2.1621e-06	-2.4882e-06	0.060496	1.6663e-06	-0.060482	1.02114e-06	-2.7155e-06
0.785	2.8409e-06	-1.26022e-08	-2.4377e-06	1.9714e-06	-2.3556e-06	4.2153e-06	-6.6959e-09	-3.8209e-06	1.9702e-06	-2.3564e-06	6.623e-05	-1.4095e-09	-6.5772e-05	1.9736e-06	-2.3578e-06	0.0022388	8.3491e-09	-0.0022368	1.9821e-06	-2.3647e-06	0.013982	2.64036e-08	-0.013972	2.068e-06	-2.4149e-06	0.034846	1.1628e-07	-0.034832	2.1448e-06	-2.4927e-06	0.060516	1.6617e-06	-0.060498	1.01818e-06	-2.7177e-06
0.79	2.8832e-06	-1.28126e-08	-2.4531e-06	1.9452e-06	-2.3587e-06	4.2645e-06	-6.8415e-09	-3.8362e-06	1.9439e-06	-2.3552e-06	6.6252e-05	-1.4974e-09	-6.579e-05	1.9462e-06	-2.3623e-06	0.0022394	8.2948e-09	-0.0022392	1.9615e-06	-2.3679e-06	0.01399	2.63568e-08	-0.013972	2.0458e-06	-2.4175e-06	0.03486	1.1558e-07	-0.034848	2.1288e-06	-2.495e-06	0.060542	1.6583e-06	-0.060522	1.01644e-06	-2.7197e-06
0.795	2.9239e-06	-1.30266e-08	-2.4634e-06	1.9216e-06	-2.3604e-06	4.3083e-06	-6.9859e-09	-3.8536e-06	1.9167e-06	-2.3596e-06	6.6358e-05	-1.5972e-09	-6.594e-05	1.9214e-06	-2.3599e-06	0.0022416	8.2519e-09	-0.0022402	1.9329e-06	-2.3678e-06	0.013994	2.63198e-08	-0.013984	2.0211e-06	-2.4192e-06	0.034874	1.1504e-07	-0.034868	2.1102e-06	-2.4976e-06	0.060558	1.652e-06	-0.060546	1.01278e-06	-2.7205e-06
0.8	2.9616e-06	-1.32516e-08	-2.4781e-06	1.8905e-06	-2.3642e-06	4.3463e-06	-7.1365e-09	-3.8699e-06	1.889e-06	-2.3599e-06	6.6542e-05	-1.6897e-09	-6.5958e-05	1.8893e-06	-2.3622e-06	0.0022436	8.2042e-09	-0.002243	1.905e-06	-2.3713e-06	0.014008	2.62646e-08	-0.013988	1.9962e-06	-2.4244e-06	0.034888	1.1452e-07	-0.034874	2.0864e-06	-2.498e-06	0.060578	1.6448e-06	-0.060568	1.0083e-06	-2.7258e-06
0.805	3.0023e-06	-1.34708e-08	-2.4893e-06	1.8646e-06	-2.3657e-06	4.4076e-06	-7.2886e-09	-3.8834e-06	1.8594e-06	-2.364e-06	6.6454e-05	-1.7813e-09	-6.615e-05	1.8579e-06	-2.363e-06	0.0022454	8.1477e-09	-0.002244	1.8761e-06	-2.3768e-06	0.014008	2.6228e-08	-0.014	1.9674e-06	-2.4236e-06	0.0349	1.1374e-07	-0.034888	2.0644e-06	-2.501e-06	0.060604	1.6359e-06	-0.060594	1.0056e-06	-2.7287e-06
0.81	3.0528e-06	-1.37004e-08	-2.4924e-06	1.8273e-06	-2.3687e-06	4.4483e-06	-7.4426e-09	-3.9005e-06	1.8286e-06	-2.369e-06	6.676e-05	-1.8755e-09	-6.609e-05	1.8226e-06	-2.3658e-06	0.0022464	8.0926e-09	-0.002246	1.8456e-06	-2.3798e-06	0.014018	2.61794e-08	-0.014008	1.9375e-06	-2.427e-06	0.034914	1.1298e-07	-0.034898	2.0435e-06	-2.5042e-06	0.060626	1.6326e-06	-0.060608	1.00254e-06	-2.7303e-06
0.815	3.109e-06	-1.39266e-08	-2.5122e-06	1.7929e-06	-2.3706e-06	4.5056e-06	-7.5963e-09	-3.9178e-06	1.7914e-06	-2.3709e-06	6.694e-05	-1.9746e-09	-6.6392e-05	1.7889e-06	-2.371e-06	0.0022482	8.0416e-09	-0.0022476	1.8077e-06	-2.3798e-06	0.014026	2.61324e-08	-0.014014	1.9088e-06	-2.4329e-06	0.034932	1.123e-07	-0.034914	2.0159e-06	-2.5055e-06	0.06064	1.6239e-06	-0.06063	9.9886e-07	-2.7362e-06
0.82	3.1646e-06	-1.41564e-08	-2.5211e-06	1.7531e-06	-2.3745e-06	4.5652e-06	-7.7518e-09	-3.93e-06	1.7524e-06	-2.3764e-06	6.6976e-05	-2.069e-09	-6.6502e-05	1.752e-06	-2.3752e-06	0.00225	7.9802e-09	-0.0022482	1.7675e-06	-2.3847e-06	0.014034	2.60714e-08	-0.014022	1.8729e-06	-2.4347e-06	0.034942	1.1124e-07	-0.034928	1.9883e-06	-2.5105e-06	0.060662	1.6177e-06	-0.060648	9.9382e-07	-2.7394e-06
0.825	3.2174e-06	-1.43782e-08	-2.5334e-06	1.7148e-06	-2.3768e-06	4.6302e-06	-7.9127e-09	-3.9541e-06	1.7113e-06	-2.3784e-06	6.7268e-05	-2.171e-09	-6.6478e-05	1.7074e-06	-2.3774e-06	0.0022526	7.9185e-09	-0.0022508	1.7287e-06	-2.3873e-06	0.014042	2.60306e-08	-0.014028	1.835e-06	-2.4378e-06	0.034956	1.1066e-07	-0.034942	1.9601e-06	-2.5162e-06	0.060682	1.608e-06	-0.060674	9.8596e-07	-2.7392e-06
0.83	3.2768e-06	-1.4612e-08	-2.541e-06	1.6669e-06	-2.3796e-06	4.689e-06	-8.0753e-09	-3.9667e-06	1.6672e-06	-2.3814e-06	6.74e-05	-2.2764e-09	-6.662e-05	1.6663e-06	-2.3848e-06	0.0022548	7.8518e-09	-0.0022524	1.6834e-06	-2.389e-06	0.014048	2.5964e-08	-0.014038	1.7983e-06	-2.442e-06	0.03497	1.0998e-07	-0.03496	1.9289e-06	-2.5226e-06	0.060706	1.5979e-06	-0.060692	9.793e-07	-2.7441e-06
0.835	3.3427e-06	-1.48444e-08	-2.5584e-06	1.6215e-06	-2.381e-06	4.7516e-06	-8.2482e-09	-3.9766e-06	1.6209e-06	-2.3884e-06	6.769e-05	-2.3792e-09	-6.6646e-05	1.6222e-06	-2.3891e-06	0.0022554	7.802e-09	-0.0022546	1.6389e-06	-2.397e-06	0.014054	2.58914e-08	-0.014038	1.754e-06	-2.4451e-06	0.03498	1.0882e-07	-0.034968	1.8909e-06	-2.5223e-06	0.060726	1.5872e-06	-0.060712	9.7346e-07	-2.7457e-06
0.84	3.4123e-06	-1.50816e-08	-2.5729e-06	1.57e-06	-2.3884e-06	4.8265e-06	-8.4126e-09	-4.0059e-06	1.5701e-06	-2.3942e-06	6.772e-05	-2.4871e-09	-6.6746e-05	1.5657e-06	-2.3906e-06	0.0022576	7.7334e-09	-0.0022566	1.5885e-06	-2.4017e-06	0.014066	2.58126e-08	-0.014052	1.7078e-06	-2.4508e-06	0.034996	1.075e-07	-0.034986	1.8511e-06	-2.5269e-06	0.060744	1.5763e-06	-0.060738	9.6632e-07	-2.7526e-06
0.845	3.4797e-06	-1.53204e-08	-2.5881e-06	1.5179e-06	-2.3922e-06	4.9115e-06	-8.5743e-09	-4.0089e-06	1.5166e-06	-2.3937e-06	6.797e-05	-2.5931e-09	-6.6884e-05	1.5179e-06	-2.3977e-06	0.00226	7.6665e-09	-0.002258	1.535e-06	-2.4024e-06	0.014068	2.5758e-08	-0.014052	1.655e-06	-2.4547e-06	0.035008	1.066e-07	-0.034994	1.8156e-06	-2.5327e-06	0.060762	1.5629e-06	-0.060752	9.5914e-07	-2.7528e-06
0.85	3.5537e-06	-1.55706e-08	-2.6006e-06	1.4611e-06	-2.3974e-06	4.9771e-06	-8.7473e-09	-4.0198e-06	1.4607e-06	-2.3988e-06	6.7996e-05	-2.7046e-09	-6.7016e-05	1.4629e-06	-2.4044e-06	0.0022618	7.5996e-09	-0.0022586	1.4785e-06	-2.4074e-06	0.014078	2.56916e-08	-0.01406	1.6032e-06	-2.461e-06	0.035024	1.053e-07	-0.03501	1.7707e-06	-2.5422e-06	0.060784	1.5465e-06	-0.060774	9.5344e-07	-2.7568e-06
0.855	3.6244e-06	-1.58158e-08	-2.6075e-06	1.4074e-06	-2.4051e-06	5.0514e-06	-8.9239e-09	-4.0422e-06	1.4035e-06	-2.4048e-06	6.824e-05	-2.8201e-09	-6.7116e-05	1.4054e-06	-2.4107e-06	0.0022626	7.5292e-09	-0.0022618	1.4242e-06	-2.4196e-06	0.014084	2.56234e-08	-0.01407	1.55e-06	-2.4703e-06	0.035038	1.0382e-07	-0.035022	1.7247e-06	-2.5465e-06	0.0608	1.5304e-06	-0.060792	9.461e-07	-2.7585e-06
0.86	3.707e-06	-1.60592e-08	-2.6201e-06	1.3457e-06	-2.4103e-06	5.1374e-06	-9.0953e-09	-4.0623e-06	1.3431e-06	-2.411e-06	6.8344e-05	-2.9234e-09	-6.715e-05	1.347e-06	-2.4158e-06	0.0022648	7.4662e-09	-0.0022624	1.3646e-06	-2.4258e-06	0.014092	2.55486e-08	-0.014076	1.4946e-06	-2.473e-06	0.035048	1.026e-07	-0.035036	1.6754e-06	-2.5528e-06	0.060822	1.516e-06	-0.060806	9.3632e-07	-2.7667e-06
0.865	3.784e-06	-1.63118e-08	-2.6294e-06	1.2849e-06	-2.4227e-06	5.2321e-06	-9.273e-09	-4.073e-06	1.2815e-06	-2.4188e-06	6.851e-05	-3.0358e-09	-6.731e-05	1.2852e-06	-2.4238e-06	0.0022666	7.3847e-09	-0.0022634	1.301e-06	-2.4307e-06	0.0141	2.5458e-08	-0.014086	1.4334e-06	-2.4811e-06	0.035064	1.0082e-07	-0.035046	1.6198e-06	-2.5561e-06	0.060842	1.4993e-06	-0.060826	9.2538e-07	-2.7705e-06
0.87	3.8659e-06	-1.6579e-08	-2.644e-06	1.2235e-06	-2.4288e-06	5.3211e-06	-9.4464e-09	-4.0915e-06	1.219e-06	-2.4287e-06	6.8554e-05	-3.1594e-09	-6.7366e-05	1.2184e-06	-2.4303e-06	0.0022674	7.3247e-09	-0.0022654	1.24e-06	-2.4385e-06	0.014104	2.53664e-08	-0.01409	1.3703e-06	-2.4893e-06	0.035072	9.93026e-08	-0.035058	1.5635e-06	-2.5651e-06	0.060862	1.4789e-06	-0.060852	9.1264e-07	-2.7767e-06
0.875	3.952e-06	-1.68238e-08	-2.6516e-06	1.1584e-06	-2.4374e-06	5.4105e-06	-9.6308e-09	-4.111e-06	1.1521e-06	-2.4371e-06	6.8684e-05	-3.2754e-09	-6.7578e-05	1.1568e-06	-2.4438e-06	0.00227	7.2513e-09	-0.0022676	1.1754e-06	-2.4502e-06	0.014112	2.5282e-08	-0.014098	1.3073e-06	-2.4987e-06	0.03509	9.76506e-08	-0.035072	1.5046e-06	-2.5699e-06	0.06088	1.4623e-06	-0.060862	8.9874e-07	-2.7799e-06
0.88	4.0367e-06	-1.70694e-08	-2.6579e-06	1.0933e-06	-2.4408e-06	5.4969e-06	-9.8089e-09	-4.1203e-06	1.0898e-06	-2.4467e-06	6.8766e-05	-3.3971e-09	-6.7648e-05	1.0917e-06	-2.45e-06	0.002271	7.1795e-09	-0.002269	1.1078e-06	-2.4569e-06	0.014118	2.5148e-08	-0.014102	1.2408e-06	-2.5078e-06	0.035096	9.5732e-08	-0.035088	1.4474e-06	-2.5797e-06	0.0609	1.4395e-06	-0.060888	8.8624e-07	-2.7835e-06
0.885	4.1258e-06	-1.73412e-08	-2.6714e-06	1.0262e-06	-2.4539e-06	5.5891e-06	-9.9949e-09	-4.1492e-06	1.0248e-06	-2.4575e-06	6.9218e-05	-3.5218e-09	-6.779e-05	1.0227e-06	-2.4585e-06	0.0022732	7.1028e-09	-0.002271	1.0421e-06	-2.4675e-06	0.014122	2.50512e-08	-0.01411	1.1739e-06	-2.5172e-06	0.035116	9.38016e-08	-0.035102	1.3864e-06	-2.59e-06	0.060918	1.4116e-06	-0.0609	8.7336e-07	-2.7891e-06
0.89	4.2117e-06	-1.76142e-08	-2.6895e-06	9.6252e-07	-2.4642e-06	5.6827e-06	-1.01793e-08	-4.1624e-06	9.6122e-07	-2.4653e-06	6.9442e-05	-3.6453e-09	-6.7814e-05	9.6016e-07	-2.471e-06	0.0022742	7.0226e-09	-0.0022728	9.7808e-07	-2.4818e-06	0.014128	2.49596e-08	-0.01412	1.1072e-06	-2.5253e-06	0.03512	9.19416e-08	-0.035114	1.3222e-06	-2.6027e-06	0.060934	1.3886e-06	-0.060928	8.5812e-07	-2.7998e-06
0.895	4.2882e-06	-1.78866e-08	-2.6988e-06	8.981e-07	-2.4756e-06	5.7765e-06	-1.03726e-08	-4.1829e-06	8.9584e-07	-2.4783e-06	6.9632e-05	-3.7653e-09	-6.7944e-05	8.9274e-07	-2.4787e-06	0.0022776	6.944e-09	-0.002275	9.1138e-07	-2.49e-06	0.014136	2.48568e-08	-0.014126	1.0366e-06	-2.5364e-06	0.03514	8.99328e-08	-0.035128	1.252e-06	-2.6103e-06	0.060954	1.3579e-06	-0.060946	8.4332e-07	-2.8018e-06
0.9	4.3887e-06	-1.81474e-08	-2.7082e-06	8.3664e-07	-2.4897e-06	5.869e-06	-1.05699e-08	-4.1975e-06	8.3452e-07	-2.4889e-06	6.9728e-05	-3.8954e-09	-6.793e-05	8.337e-07	-2.4952e-06	0.002278	6.8781e-09	-0.0022764	8.4824e-07	-2.5012e-06	0.014144	2.4767e-08	-0.014128	9.7246e-07	-2.5473e-06	0.035156	8.79382e-08	-0.035138	1.1853e-06	-2.6184e-06	0.060974	1.3268e-06	-0.060966	8.2494e-07	-2.8111e-06
