vg	id_vd = 0V	ig_vd = 0V	is_vd = 0V	iavdd_vd = 0V	ignd_vd = 0V	id_vd = 0.15V	ig_vd = 0.15V	is_vd = 0.15V	iavdd_vd = 0.15V	ignd_vd = 0.15V	id_vd = 0.3V	ig_vd = 0.3V	is_vd = 0.3V	iavdd_vd = 0.3V	ignd_vd = 0.3V	id_vd = 0.45V	ig_vd = 0.45V	is_vd = 0.45V	iavdd_vd = 0.45V	ignd_vd = 0.45V	id_vd = 0.6V	ig_vd = 0.6V	is_vd = 0.6V	iavdd_vd = 0.6V	ignd_vd = 0.6V	id_vd = 0.75V	ig_vd = 0.75V	is_vd = 0.75V	iavdd_vd = 0.75V	ignd_vd = 0.75V	id_vd = 0.9V	ig_vd = 0.9V	is_vd = 0.9V	iavdd_vd = 0.9V	ignd_vd = 0.9V
-0.3	-3.7302e-09	-4.74138e-08	-3.251e-10	9.487e-07	-8.992e-07	1.99328e-08	-4.6894e-08	-2.05742e-08	9.845e-07	-9.375e-07	3.81438e-08	-4.72322e-08	-3.55434e-08	9.946e-07	-9.501e-07	5.77216e-08	-4.85692e-08	-5.13758e-08	1.00588e-06	-9.64e-07	8.18324e-08	-5.07012e-08	-7.027e-08	1.02008e-06	-9.8062e-07	1.1192e-07	-5.3702e-08	-9.24916e-08	1.03472e-06	-9.9934e-07	1.4812e-07	-5.68794e-08	-1.1788e-07	1.03946e-06	-1.01118e-06
-0.295	-3.8106e-09	-4.23866e-08	-3.3095e-10	9.5088e-07	-9.0422e-07	2.02984e-08	-4.23104e-08	-2.07398e-08	9.847e-07	-9.4196e-07	3.83908e-08	-4.28e-08	-3.57482e-08	9.9448e-07	-9.5406e-07	5.79368e-08	-4.39806e-08	-5.15042e-08	1.0058e-06	-9.6788e-07	8.17162e-08	-4.59606e-08	-7.04082e-08	1.01912e-06	-9.839e-07	1.1062e-07	-4.889e-08	-9.2995e-08	1.0336e-06	-1.00234e-06	1.475e-07	-5.22876e-08	-1.1912e-07	1.03812e-06	-1.01454e-06
-0.29	-3.8125e-09	-3.82704e-08	-3.3014e-10	9.5148e-07	-9.0894e-07	2.03368e-08	-3.82698e-08	-2.0828e-08	9.8464e-07	-9.459e-07	3.86212e-08	-3.87622e-08	-3.59884e-08	9.9418e-07	-9.5786e-07	5.81602e-08	-3.9868e-08	-5.18616e-08	1.00504e-06	-9.712e-07	8.2007e-08	-4.18658e-08	-7.07348e-08	1.01766e-06	-9.8682e-07	1.112e-07	-4.46942e-08	-9.337e-08	1.03188e-06	-1.00498e-06	1.481e-07	-4.80826e-08	-1.196e-07	1.03758e-06	-1.01768e-06
-0.285	-3.8323e-09	-3.46364e-08	-3.2338e-10	9.5206e-07	-9.1332e-07	2.04238e-08	-3.4687e-08	-2.09386e-08	9.8472e-07	-9.4922e-07	3.87554e-08	-3.51812e-08	-3.61382e-08	9.9422e-07	-9.6168e-07	5.82832e-08	-3.62508e-08	-5.19736e-08	1.00488e-06	-9.7474e-07	8.21326e-08	-3.81862e-08	-7.11864e-08	1.0169e-06	-9.8958e-07	1.1154e-07	-4.09236e-08	-9.37006e-08	1.03066e-06	-1.0073e-06	1.4858e-07	-4.43372e-08	-1.2034e-07	1.0371e-06	-1.02084e-06
-0.28	-3.8512e-09	-3.13112e-08	-3.4166e-10	9.526e-07	-9.1668e-07	2.06264e-08	-3.1375e-08	-2.11282e-08	9.845e-07	-9.5222e-07	3.89458e-08	-3.18514e-08	-3.64224e-08	9.937e-07	-9.6442e-07	5.84158e-08	-3.29312e-08	-5.23252e-08	1.00422e-06	-9.7734e-07	8.24358e-08	-3.48122e-08	-7.13744e-08	1.01634e-06	-9.9232e-07	1.1178e-07	-3.75126e-08	-9.41124e-08	1.02996e-06	-1.00996e-06	1.482e-07	-4.08696e-08	-1.205e-07	1.03608e-06	-1.0228e-06
-0.275	-3.8525e-09	-2.83718e-08	-3.4233e-10	9.53e-07	-9.2042e-07	2.06628e-08	-2.84766e-08	-2.12252e-08	9.8464e-07	-9.5566e-07	3.90334e-08	-2.88928e-08	-3.65614e-08	9.939e-07	-9.674e-07	5.86136e-08	-2.99578e-08	-5.24518e-08	1.00382e-06	-9.797e-07	8.25258e-08	-3.17584e-08	-7.16538e-08	1.01594e-06	-9.9464e-07	1.121e-07	-3.44668e-08	-9.4528e-08	1.02928e-06	-1.01154e-06	1.4796e-07	-3.77644e-08	-1.205e-07	1.03542e-06	-1.0248e-06
-0.27	-3.8591e-09	-2.56176e-08	-3.64e-10	9.5368e-07	-9.2372e-07	2.07516e-08	-2.5767e-08	-2.13432e-08	9.8488e-07	-9.5842e-07	3.90808e-08	-2.61506e-08	-3.66206e-08	9.9362e-07	-9.6984e-07	5.88606e-08	-2.72546e-08	-5.2842e-08	1.0035e-06	-9.823e-07	8.2782e-08	-2.89882e-08	-7.19248e-08	1.0151e-06	-9.9672e-07	1.1212e-07	-3.16282e-08	-9.50812e-08	1.02816e-06	-1.01402e-06	1.487e-07	-3.49412e-08	-1.2152e-07	1.0347e-06	-1.0268e-06
-0.265	-3.885e-09	-2.3257e-08	-3.7444e-10	9.5372e-07	-9.26e-07	2.08312e-08	-2.33416e-08	-2.14628e-08	9.8476e-07	-9.6072e-07	3.93632e-08	-2.38106e-08	-3.68254e-08	9.941e-07	-9.7256e-07	5.9043e-08	-2.48562e-08	-5.28666e-08	1.0032e-06	-9.845e-07	8.3171e-08	-2.65212e-08	-7.26076e-08	1.01448e-06	-9.9868e-07	1.1244e-07	-2.91534e-08	-9.52928e-08	1.02724e-06	-1.01508e-06	1.4898e-07	-3.24234e-08	-1.2234e-07	1.03448e-06	-1.02924e-06
-0.26	-3.8988e-09	-2.10156e-08	-3.7428e-10	9.5418e-07	-9.2896e-07	2.09668e-08	-2.1089e-08	-2.1625e-08	9.8514e-07	-9.6308e-07	3.9489e-08	-2.15512e-08	-3.70068e-08	9.9362e-07	-9.7482e-07	5.93168e-08	-2.2611e-08	-5.33936e-08	1.00292e-06	-9.8622e-07	8.3525e-08	-2.4282e-08	-7.26858e-08	1.01392e-06	-1.00016e-06	1.1278e-07	-2.67662e-08	-9.56272e-08	1.02648e-06	-1.0164e-06	1.4922e-07	-3.00692e-08	-1.224e-07	1.03382e-06	-1.03018e-06
-0.255	-3.9058e-09	-1.9033e-08	-3.8875e-10	9.5474e-07	-9.3148e-07	2.10914e-08	-1.91246e-08	-2.16742e-08	9.8478e-07	-9.6532e-07	3.94848e-08	-1.9578e-08	-3.72132e-08	9.938e-07	-9.7662e-07	5.95902e-08	-2.0585e-08	-5.35612e-08	1.0026e-06	-9.878e-07	8.34596e-08	-2.2241e-08	-7.27024e-08	1.0134e-06	-1.00202e-06	1.1298e-07	-2.46892e-08	-9.62852e-08	1.02594e-06	-1.01772e-06	1.4896e-07	-2.79444e-08	-1.2282e-07	1.03344e-06	-1.03168e-06
-0.25	-3.9122e-09	-1.7191e-08	-3.8641e-10	9.5502e-07	-9.3342e-07	2.12162e-08	-1.72994e-08	-2.18406e-08	9.847e-07	-9.6678e-07	3.97128e-08	-1.77296e-08	-3.73524e-08	9.935e-07	-9.7804e-07	5.98688e-08	-1.87336e-08	-5.39646e-08	1.00264e-06	-9.8964e-07	8.35762e-08	-2.0357e-08	-7.31688e-08	1.013e-06	-1.00254e-06	1.1334e-07	-2.2782e-08	-9.6687e-08	1.02502e-06	-1.01888e-06	1.498e-07	-2.60278e-08	-1.2346e-07	1.0327e-06	-1.03286e-06
-0.245	-3.9205e-09	-1.55624e-08	-3.9863e-10	9.557e-07	-9.3578e-07	2.12506e-08	-1.56724e-08	-2.20018e-08	9.848e-07	-9.6852e-07	3.9933e-08	-1.61104e-08	-3.76562e-08	9.9308e-07	-9.7926e-07	5.96802e-08	-1.70834e-08	-5.41766e-08	1.0025e-06	-9.9104e-07	8.40526e-08	-1.87076e-08	-7.35952e-08	1.01252e-06	-1.00412e-06	1.1384e-07	-2.10562e-08	-9.71012e-08	1.02424e-06	-1.0194e-06	1.4998e-07	-2.4282e-08	-1.24e-07	1.03224e-06	-1.034e-06
-0.24	-3.9151e-09	-1.4082e-08	-4.0507e-10	9.559e-07	-9.372e-07	2.14602e-08	-1.41782e-08	-2.20852e-08	9.8492e-07	-9.7e-07	4.01894e-08	-1.4619e-08	-3.77866e-08	9.9338e-07	-9.812e-07	5.99436e-08	-1.55674e-08	-5.42402e-08	1.002e-06	-9.9258e-07	8.4018e-08	-1.71388e-08	-7.35586e-08	1.01246e-06	-1.00528e-06	1.1438e-07	-1.94948e-08	-9.73452e-08	1.02362e-06	-1.02054e-06	1.5034e-07	-2.2636e-08	-1.247e-07	1.03168e-06	-1.03478e-06
-0.235	-3.9358e-09	-1.2737e-08	-4.1311e-10	9.5616e-07	-9.3916e-07	2.1504e-08	-1.28754e-08	-2.2208e-08	9.8498e-07	-9.712e-07	4.03028e-08	-1.32888e-08	-3.80588e-08	9.9342e-07	-9.822e-07	6.03536e-08	-1.42288e-08	-5.44844e-08	1.00196e-06	-9.935e-07	8.4252e-08	-1.57538e-08	-7.41116e-08	1.01174e-06	-1.00616e-06	1.1418e-07	-1.80772e-08	-9.79002e-08	1.02318e-06	-1.02156e-06	1.5134e-07	-2.12014e-08	-1.256e-07	1.03114e-06	-1.03572e-06
-0.23	-3.9396e-09	-1.14848e-08	-4.1499e-10	9.5668e-07	-9.4076e-07	2.16286e-08	-1.1625e-08	-2.23114e-08	9.8462e-07	-9.7222e-07	4.04798e-08	-1.20568e-08	-3.82958e-08	9.9342e-07	-9.8352e-07	6.04802e-08	-1.2971e-08	-5.4842e-08	1.00194e-06	-9.9444e-07	8.4353e-08	-1.44838e-08	-7.419e-08	1.01168e-06	-1.0071e-06	1.148e-07	-1.67604e-08	-9.85172e-08	1.02282e-06	-1.02216e-06	1.516e-07	-1.98702e-08	-1.263e-07	1.03082e-06	-1.03612e-06
-0.225	-3.9509e-09	-1.0409e-08	-4.1646e-10	9.567e-07	-9.4208e-07	2.17052e-08	-1.05266e-08	-2.24578e-08	9.8512e-07	-9.7374e-07	4.07954e-08	-1.09456e-08	-3.85354e-08	9.936e-07	-9.8456e-07	6.08074e-08	-1.18562e-08	-5.51616e-08	1.00156e-06	-9.9514e-07	8.4827e-08	-1.33498e-08	-7.48154e-08	1.0115e-06	-1.00792e-06	1.1538e-07	-1.55986e-08	-9.89432e-08	1.02216e-06	-1.0226e-06	1.5192e-07	-1.86408e-08	-1.2616e-07	1.03054e-06	-1.03708e-06
-0.22	-3.9459e-09	-9.4295e-09	-4.3272e-10	9.576e-07	-9.438e-07	2.18588e-08	-9.5545e-09	-2.26908e-08	9.8506e-07	-9.7492e-07	4.08372e-08	-9.9648e-09	-3.86304e-08	9.9348e-07	-9.8588e-07	6.09796e-08	-1.085e-08	-5.54644e-08	1.00166e-06	-9.9632e-07	8.52474e-08	-1.22934e-08	-7.50944e-08	1.01132e-06	-1.0088e-06	1.1556e-07	-1.44846e-08	-9.9943e-08	1.02192e-06	-1.02352e-06	1.5322e-07	-1.75196e-08	-1.2756e-07	1.03028e-06	-1.0374e-06
-0.215	-3.9616e-09	-8.5196e-09	-4.3937e-10	9.579e-07	-9.4504e-07	2.19878e-08	-8.6681e-09	-2.28076e-08	9.8524e-07	-9.7588e-07	4.10544e-08	-9.0781e-09	-3.9004e-08	9.9366e-07	-9.863e-07	6.11966e-08	-9.9158e-09	-5.57514e-08	1.00158e-06	-9.9726e-07	8.53826e-08	-1.13648e-08	-7.52602e-08	1.01118e-06	-1.00964e-06	1.1632e-07	-1.3517e-08	-1.002248e-07	1.02158e-06	-1.02372e-06	1.5302e-07	-1.65224e-08	-1.2848e-07	1.02972e-06	-1.03792e-06
-0.21	-3.9642e-09	-7.7085e-09	-4.4498e-10	9.587e-07	-9.464e-07	2.21792e-08	-7.844e-09	-2.29346e-08	9.8498e-07	-9.7626e-07	4.12384e-08	-8.2344e-09	-3.9079e-08	9.9368e-07	-9.8744e-07	6.17168e-08	-9.0856e-09	-5.5915e-08	1.00136e-06	-9.9776e-07	8.56482e-08	-1.0466e-08	-7.5896e-08	1.01032e-06	-1.00956e-06	1.1654e-07	-1.26108e-08	-1.005442e-07	1.02104e-06	-1.02432e-06	1.5426e-07	-1.5587e-08	-1.2922e-07	1.02934e-06	-1.03826e-06
-0.205	-3.9656e-09	-6.969e-09	-4.4534e-10	9.598e-07	-9.4834e-07	2.2248e-08	-7.0964e-09	-2.30894e-08	9.8526e-07	-9.772e-07	4.12258e-08	-7.4975e-09	-3.92502e-08	9.933e-07	-9.8788e-07	6.1858e-08	-8.3232e-09	-5.65642e-08	1.00112e-06	-9.9828e-07	8.6008e-08	-9.7167e-09	-7.64512e-08	1.01034e-06	-1.01012e-06	1.168e-07	-1.18036e-08	-1.01164e-07	1.0208e-06	-1.02444e-06	1.5472e-07	-1.47502e-08	-1.2956e-07	1.02924e-06	-1.0389e-06
-0.2	-3.9615e-09	-6.279e-09	-4.704e-10	9.5972e-07	-9.492e-07	2.24442e-08	-6.4242e-09	-2.32722e-08	9.8552e-07	-9.7808e-07	4.1678e-08	-6.814e-09	-3.96638e-08	9.933e-07	-9.8836e-07	6.22856e-08	-7.6426e-09	-5.67826e-08	1.001e-06	-9.9842e-07	8.65908e-08	-9.0029e-09	-7.705e-08	1.00962e-06	-1.01012e-06	1.1708e-07	-1.10554e-08	-1.015908e-07	1.02014e-06	-1.02452e-06	1.5518e-07	-1.3966e-08	-1.3072e-07	1.0288e-06	-1.0391e-06
-0.195	-3.9797e-09	-5.678e-09	-4.7909e-10	9.603e-07	-9.5018e-07	2.25608e-08	-5.818e-09	-2.34118e-08	9.8522e-07	-9.7858e-07	4.19196e-08	-6.2091e-09	-3.9809e-08	9.9356e-07	-9.8966e-07	6.25468e-08	-7.0203e-09	-5.71044e-08	1.00042e-06	-9.989e-07	8.6963e-08	-8.375e-09	-7.72994e-08	1.00966e-06	-1.01112e-06	1.1748e-07	-1.03844e-08	-1.017146e-07	1.02002e-06	-1.02522e-06	1.56e-07	-1.32666e-08	-1.3118e-07	1.02844e-06	-1.03896e-06
-0.19	-3.9867e-09	-5.1398e-09	-4.7729e-10	9.6042e-07	-9.5098e-07	2.2748e-08	-5.2719e-09	-2.3672e-08	9.8544e-07	-9.7924e-07	4.20442e-08	-5.6464e-09	-4.00114e-08	9.9334e-07	-9.894e-07	6.28856e-08	-6.4564e-09	-5.76368e-08	1.00042e-06	-9.9928e-07	8.72142e-08	-7.7732e-09	-7.78938e-08	1.009e-06	-1.01086e-06	1.1788e-07	-9.7598e-09	-1.030276e-07	1.01962e-06	-1.0253e-06	1.5628e-07	-1.25984e-08	-1.3224e-07	1.02804e-06	-1.03944e-06
-0.185	-3.9894e-09	-4.6401e-09	-4.9758e-10	9.6124e-07	-9.521e-07	2.29206e-08	-4.7685e-09	-2.37916e-08	9.8532e-07	-9.7954e-07	4.23912e-08	-5.1605e-09	-4.0323e-08	9.9348e-07	-9.9042e-07	6.32434e-08	-5.9475e-09	-5.80424e-08	1.00062e-06	-9.998e-07	8.79128e-08	-7.2344e-09	-7.8562e-08	1.00878e-06	-1.01086e-06	1.186e-07	-9.2322e-09	-1.034554e-07	1.01988e-06	-1.0256e-06	1.5688e-07	-1.20136e-08	-1.3356e-07	1.0276e-06	-1.03928e-06
-0.18	-3.9763e-09	-4.1872e-09	-5.2028e-10	9.616e-07	-9.5276e-07	2.30654e-08	-4.3234e-09	-2.39618e-08	9.8544e-07	-9.802e-07	4.26024e-08	-4.6964e-09	-4.07776e-08	9.9338e-07	-9.907e-07	6.37168e-08	-5.4694e-09	-5.86358e-08	1.00058e-06	-1.00028e-06	8.86026e-08	-6.7337e-09	-7.92078e-08	1.00874e-06	-1.011e-06	1.1918e-07	-8.7051e-09	-1.039608e-07	1.01894e-06	-1.02528e-06	1.5798e-07	-1.14466e-08	-1.3392e-07	1.02702e-06	-1.03886e-06
-0.175	-3.9698e-09	-3.7825e-09	-5.2888e-10	9.6208e-07	-9.5358e-07	2.3193e-08	-3.9255e-09	-2.4112e-08	9.8574e-07	-9.8088e-07	4.2879e-08	-4.2861e-09	-4.09824e-08	9.9316e-07	-9.908e-07	6.41362e-08	-5.0284e-09	-5.90168e-08	1.00078e-06	-1.00046e-06	8.86678e-08	-6.2927e-09	-7.95378e-08	1.00846e-06	-1.0112e-06	1.197e-07	-8.2109e-09	-1.046334e-07	1.01812e-06	-1.0249e-06	1.5852e-07	-1.09446e-08	-1.35e-07	1.0272e-06	-1.03916e-06
-0.17	-3.9646e-09	-3.4261e-09	-5.2976e-10	9.621e-07	-9.5406e-07	2.35048e-08	-3.5606e-09	-2.4399e-08	9.8572e-07	-9.8108e-07	4.34078e-08	-3.9156e-09	-4.14566e-08	9.9342e-07	-9.9162e-07	6.43404e-08	-4.6424e-09	-5.93564e-08	1.00034e-06	-1.00094e-06	8.93874e-08	-5.8828e-09	-8.00014e-08	1.00852e-06	-1.01156e-06	1.2046e-07	-7.7887e-09	-1.054432e-07	1.0176e-06	-1.02474e-06	1.5982e-07	-1.04718e-08	-1.3618e-07	1.02646e-06	-1.03888e-06
-0.165	-3.9664e-09	-3.1032e-09	-5.456e-10	9.6256e-07	-9.5484e-07	2.36846e-08	-3.2213e-09	-2.4584e-08	9.8556e-07	-9.8166e-07	4.35356e-08	-3.582e-09	-4.17482e-08	9.9368e-07	-9.9158e-07	6.47936e-08	-4.2959e-09	-5.97856e-08	1.00048e-06	-1.00106e-06	8.99734e-08	-5.5184e-09	-8.08248e-08	1.0081e-06	-1.01156e-06	1.2152e-07	-7.3999e-09	-1.063404e-07	1.01712e-06	-1.02442e-06	1.6078e-07	-1.00336e-08	-1.3728e-07	1.02638e-06	-1.03926e-06
-0.16	-3.9756e-09	-2.7943e-09	-5.5687e-10	9.631e-07	-9.5578e-07	2.3865e-08	-2.9135e-09	-2.481e-08	9.8602e-07	-9.8188e-07	4.41294e-08	-3.2666e-09	-4.22662e-08	9.9342e-07	-9.92e-07	6.54688e-08	-3.9779e-09	-6.04704e-08	1.00002e-06	-1.00086e-06	9.08114e-08	-5.175e-09	-8.15964e-08	1.0078e-06	-1.01154e-06	1.22e-07	-7.0207e-09	-1.073942e-07	1.01696e-06	-1.02456e-06	1.613e-07	-9.6715e-09	-1.385e-07	1.02584e-06	-1.03872e-06
-0.155	-3.979e-09	-2.527e-09	-5.6269e-10	9.6348e-07	-9.5602e-07	2.41136e-08	-2.6576e-09	-2.50936e-08	9.8594e-07	-9.8232e-07	4.43732e-08	-2.9939e-09	-4.26146e-08	9.9362e-07	-9.925e-07	6.6168e-08	-3.6965e-09	-6.08726e-08	9.9978e-07	-1.00106e-06	9.15266e-08	-4.8642e-09	-8.20878e-08	1.0073e-06	-1.01162e-06	1.2258e-07	-6.6711e-09	-1.078662e-07	1.01664e-06	-1.02454e-06	1.627e-07	-9.2926e-09	-1.3924e-07	1.02478e-06	-1.0383e-06
-0.15	-3.9695e-09	-2.2905e-09	-5.4574e-10	9.6358e-07	-9.5676e-07	2.44566e-08	-2.4108e-09	-2.52668e-08	9.8586e-07	-9.8252e-07	4.48002e-08	-2.7428e-09	-4.29476e-08	9.9362e-07	-9.9266e-07	6.65154e-08	-3.4239e-09	-6.15074e-08	1.00024e-06	-1.00152e-06	9.1758e-08	-4.5762e-09	-8.28116e-08	1.00758e-06	-1.0119e-06	1.2324e-07	-6.3734e-09	-1.089986e-07	1.01646e-06	-1.02452e-06	1.6322e-07	-8.9503e-09	-1.4036e-07	1.02464e-06	-1.03864e-06
-0.145	-3.9779e-09	-2.0702e-09	-5.6463e-10	9.6416e-07	-9.5742e-07	2.46892e-08	-2.1957e-09	-2.56442e-08	9.8628e-07	-9.8318e-07	4.53154e-08	-2.5194e-09	-4.34928e-08	9.933e-07	-9.9278e-07	6.69978e-08	-3.1757e-09	-6.21176e-08	9.9964e-07	-1.0017e-06	9.25544e-08	-4.3152e-09	-8.38258e-08	1.0074e-06	-1.0117e-06	1.2458e-07	-6.0952e-09	-1.099004e-07	1.01594e-06	-1.02406e-06	1.6464e-07	-8.6403e-09	-1.4194e-07	1.02406e-06	-1.03784e-06
-0.14	-3.9827e-09	-1.8715e-09	-5.7562e-10	9.641e-07	-9.576e-07	2.50034e-08	-1.994e-09	-2.59652e-08	9.8584e-07	-9.828e-07	4.56396e-08	-2.3149e-09	-4.38184e-08	9.9368e-07	-9.9306e-07	6.75974e-08	-2.9526e-09	-6.2776e-08	1.00018e-06	-1.00172e-06	9.3296e-08	-4.0764e-09	-8.44714e-08	1.00684e-06	-1.01216e-06	1.2552e-07	-5.8214e-09	-1.112168e-07	1.0158e-06	-1.02408e-06	1.66e-07	-8.3422e-09	-1.4316e-07	1.02382e-06	-1.03784e-06
-0.135	-3.9868e-09	-1.7039e-09	-5.7518e-10	9.644e-07	-9.5816e-07	2.52948e-08	-1.8106e-09	-2.63498e-08	9.8638e-07	-9.8354e-07	4.62534e-08	-2.1282e-09	-4.4609e-08	9.9348e-07	-9.9322e-07	6.85936e-08	-2.7564e-09	-6.36112e-08	9.9994e-07	-1.00176e-06	9.43906e-08	-3.8665e-09	-8.5226e-08	1.0071e-06	-1.01196e-06	1.269e-07	-5.576e-09	-1.122862e-07	1.01546e-06	-1.02418e-06	1.6768e-07	-8.069e-09	-1.4502e-07	1.02366e-06	-1.03796e-06
-0.13	-3.9611e-09	-1.5408e-09	-5.6406e-10	9.6466e-07	-9.585e-07	2.57534e-08	-1.6442e-09	-2.67392e-08	9.8602e-07	-9.8342e-07	4.67434e-08	-1.9597e-09	-4.50576e-08	9.9342e-07	-9.9336e-07	6.91842e-08	-2.5739e-09	-6.43954e-08	9.9976e-07	-1.00194e-06	9.53998e-08	-3.6588e-09	-8.64552e-08	1.00678e-06	-1.01168e-06	1.278e-07	-5.3496e-09	-1.140104e-07	1.01486e-06	-1.0238e-06	1.6852e-07	-7.8117e-09	-1.4664e-07	1.02342e-06	-1.03772e-06
-0.125	-3.9781e-09	-1.3944e-09	-5.642e-10	9.648e-07	-9.5874e-07	2.616e-08	-1.5012e-09	-2.71624e-08	9.8598e-07	-9.835e-07	4.73862e-08	-1.8029e-09	-4.56184e-08	9.9364e-07	-9.9344e-07	6.999e-08	-2.4096e-09	-6.52722e-08	9.999e-07	-1.00158e-06	9.63846e-08	-3.4717e-09	-8.7786e-08	1.0063e-06	-1.0115e-06	1.2916e-07	-5.1411e-09	-1.148034e-07	1.0148e-06	-1.0235e-06	1.6996e-07	-7.5745e-09	-1.4796e-07	1.02286e-06	-1.03714e-06
-0.12	-3.9974e-09	-1.2681e-09	-5.82e-10	9.654e-07	-9.5936e-07	2.6737e-08	-1.3703e-09	-2.77246e-08	9.8634e-07	-9.8398e-07	4.81718e-08	-1.6645e-09	-4.64284e-08	9.9406e-07	-9.9386e-07	7.11904e-08	-2.26e-09	-6.6355e-08	9.9968e-07	-1.00204e-06	9.74664e-08	-3.2993e-09	-8.89238e-08	1.0064e-06	-1.01166e-06	1.3062e-07	-4.9405e-09	-1.168216e-07	1.01442e-06	-1.0239e-06	1.7148e-07	-7.3369e-09	-1.4956e-07	1.02264e-06	-1.0371e-06
-0.115	-3.9739e-09	-1.1484e-09	-6.062e-10	9.6576e-07	-9.605e-07	2.72536e-08	-1.2557e-09	-2.82922e-08	9.8618e-07	-9.8394e-07	4.8866e-08	-1.536e-09	-4.71826e-08	9.9384e-07	-9.9382e-07	7.23262e-08	-2.119e-09	-6.74366e-08	9.9978e-07	-1.00242e-06	9.8726e-08	-3.1488e-09	-9.02792e-08	1.00644e-06	-1.01154e-06	1.319e-07	-4.7596e-09	-1.182e-07	1.0144e-06	-1.02354e-06	1.7348e-07	-7.1308e-09	-1.5192e-07	1.02214e-06	-1.03668e-06
-0.11	-3.9626e-09	-1.0421e-09	-6.1832e-10	9.6582e-07	-9.6022e-07	2.79382e-08	-1.1439e-09	-2.89486e-08	9.8628e-07	-9.8396e-07	4.99972e-08	-1.4184e-09	-4.83892e-08	9.9368e-07	-9.9424e-07	7.34648e-08	-1.99e-09	-6.87886e-08	9.9988e-07	-1.00254e-06	1.003232e-07	-3.0072e-09	-9.17252e-08	1.00598e-06	-1.0116e-06	1.3398e-07	-4.5881e-09	-1.2e-07	1.0147e-06	-1.02356e-06	1.7642e-07	-6.9342e-09	-1.5482e-07	1.02198e-06	-1.03652e-06
-0.105	-3.9578e-09	-9.5048e-10	-6.3331e-10	9.6652e-07	-9.6098e-07	2.86254e-08	-1.0454e-09	-2.96692e-08	9.8624e-07	-9.843e-07	5.09924e-08	-1.3159e-09	-4.93782e-08	9.9356e-07	-9.9374e-07	7.47594e-08	-1.8712e-09	-7.00872e-08	9.9934e-07	-1.0026e-06	1.019314e-07	-2.8732e-09	-9.36224e-08	1.00606e-06	-1.0115e-06	1.3578e-07	-4.4387e-09	-1.2168e-07	1.01376e-06	-1.02342e-06	1.7958e-07	-6.7411e-09	-1.5806e-07	1.02148e-06	-1.03598e-06
-0.1	-3.9534e-09	-8.5895e-10	-6.314e-10	9.6656e-07	-9.6078e-07	2.9527e-08	-9.6133e-10	-3.05618e-08	9.8634e-07	-9.845e-07	5.22092e-08	-1.2219e-09	-5.06748e-08	9.9392e-07	-9.9414e-07	7.59916e-08	-1.7665e-09	-7.15806e-08	9.9928e-07	-1.0023e-06	1.03944e-07	-2.7441e-09	-9.53142e-08	1.00576e-06	-1.01184e-06	1.3812e-07	-4.282e-09	-1.243e-07	1.01398e-06	-1.0232e-06	1.8224e-07	-6.5625e-09	-1.615e-07	1.02132e-06	-1.03594e-06
-0.095	-3.9544e-09	-7.8423e-10	-6.4092e-10	9.669e-07	-9.6168e-07	3.04454e-08	-8.8257e-10	-3.15678e-08	9.8636e-07	-9.8452e-07	5.34444e-08	-1.1364e-09	-5.18788e-08	9.939e-07	-9.9436e-07	7.76018e-08	-1.668e-09	-7.32428e-08	9.9934e-07	-1.00248e-06	1.060786e-07	-2.6281e-09	-9.77244e-08	1.00594e-06	-1.01162e-06	1.4088e-07	-4.1443e-09	-1.274e-07	1.01334e-06	-1.023e-06	1.8578e-07	-6.3974e-09	-1.6454e-07	1.02086e-06	-1.03572e-06
-0.09	-3.9822e-09	-7.1715e-10	-6.2931e-10	9.672e-07	-9.6206e-07	3.15888e-08	-8.0733e-10	-3.26612e-08	9.868e-07	-9.8498e-07	5.4995e-08	-1.055e-09	-5.344e-08	9.942e-07	-9.9446e-07	7.97596e-08	-1.5774e-09	-7.5071e-08	9.9942e-07	-1.00256e-06	1.087024e-07	-2.5134e-09	-1.000708e-07	1.00576e-06	-1.01154e-06	1.4376e-07	-4.0203e-09	-1.3018e-07	1.01346e-06	-1.02278e-06	1.8868e-07	-6.235e-09	-1.6742e-07	1.02074e-06	-1.03542e-06
-0.085	-3.9839e-09	-6.5269e-10	-6.2733e-10	9.675e-07	-9.6206e-07	3.29e-08	-7.3688e-10	-3.40242e-08	9.8682e-07	-9.8538e-07	5.64232e-08	-9.8412e-10	-5.48988e-08	9.937e-07	-9.942e-07	8.1903e-08	-1.4956e-09	-7.71416e-08	9.9948e-07	-1.00232e-06	1.110096e-07	-2.4172e-09	-1.026016e-07	1.00552e-06	-1.01166e-06	1.4712e-07	-3.8921e-09	-1.333e-07	1.01318e-06	-1.02274e-06	1.9296e-07	-6.0853e-09	-1.7198e-07	1.0203e-06	-1.03504e-06
-0.08	-3.9598e-09	-5.9888e-10	-6.5933e-10	9.6778e-07	-9.6284e-07	3.43504e-08	-6.7872e-10	-3.544e-08	9.8668e-07	-9.8518e-07	5.8329e-08	-9.1894e-10	-5.68166e-08	9.937e-07	-9.9422e-07	8.4126e-08	-1.4169e-09	-7.962e-08	9.9936e-07	-1.00254e-06	1.14212e-07	-2.3266e-09	-1.057972e-07	1.0058e-06	-1.01172e-06	1.509e-07	-3.7756e-09	-1.3762e-07	1.01304e-06	-1.02286e-06	1.9708e-07	-5.9419e-09	-1.7688e-07	1.02074e-06	-1.03542e-06
-0.075	-3.973e-09	-5.4967e-10	-6.6177e-10	9.6758e-07	-9.624e-07	3.60304e-08	-6.2925e-10	-3.70716e-08	9.8698e-07	-9.8478e-07	6.05028e-08	-8.5822e-10	-5.89616e-08	9.9432e-07	-9.9458e-07	8.68078e-08	-1.3433e-09	-8.2379e-08	9.9948e-07	-1.00222e-06	1.176e-07	-2.2411e-09	-1.091064e-07	1.00574e-06	-1.01176e-06	1.5532e-07	-3.6666e-09	-1.4166e-07	1.01312e-06	-1.0226e-06	2.028e-07	-5.8009e-09	-1.821e-07	1.02068e-06	-1.03546e-06
-0.07	-3.9311e-09	-5.017e-10	-6.7322e-10	9.6804e-07	-9.6288e-07	3.79622e-08	-5.8029e-10	-3.90036e-08	9.8706e-07	-9.8526e-07	6.2883e-08	-7.9815e-10	-6.1378e-08	9.9368e-07	-9.9428e-07	9.0166e-08	-1.279e-09	-8.56562e-08	9.9902e-07	-1.00236e-06	1.2152e-07	-2.1537e-09	-1.130952e-07	1.0055e-06	-1.01156e-06	1.5966e-07	-3.5681e-09	-1.4676e-07	1.0128e-06	-1.0225e-06	2.0912e-07	-5.668e-09	-1.8826e-07	1.01978e-06	-1.03478e-06
-0.065	-3.8974e-09	-4.6094e-10	-7.1166e-10	9.682e-07	-9.632e-07	4.01644e-08	-5.3929e-10	-4.12136e-08	9.8702e-07	-9.8558e-07	6.5804e-08	-7.4775e-10	-6.4426e-08	9.9364e-07	-9.9458e-07	9.37078e-08	-1.2174e-09	-8.9368e-08	9.9986e-07	-1.00294e-06	1.2606e-07	-2.0683e-09	-1.1776e-07	1.00574e-06	-1.0118e-06	1.656e-07	-3.4645e-09	-1.5258e-07	1.0127e-06	-1.02236e-06	2.1628e-07	-5.5459e-09	-1.9486e-07	1.0195e-06	-1.03456e-06
-0.06	-3.8832e-09	-4.242e-10	-7.3904e-10	9.6848e-07	-9.6332e-07	4.25614e-08	-5.0007e-10	-4.37326e-08	9.869e-07	-9.8526e-07	6.9126e-08	-7.0412e-10	-6.75952e-08	9.9372e-07	-9.9436e-07	9.76924e-08	-1.1625e-09	-9.32294e-08	9.997e-07	-1.00276e-06	1.3134e-07	-2.0012e-09	-1.2324e-07	1.0056e-06	-1.01164e-06	1.7208e-07	-3.3645e-09	-1.589e-07	1.0127e-06	-1.02226e-06	2.237e-07	-5.4208e-09	-2.0292e-07	1.01952e-06	-1.03462e-06
-0.055	-3.8728e-09	-3.897e-10	-7.3741e-10	9.6866e-07	-9.6354e-07	4.54824e-08	-4.5865e-10	-4.65812e-08	9.8684e-07	-9.8562e-07	7.27396e-08	-6.645e-10	-7.13308e-08	9.938e-07	-9.944e-07	1.023338e-07	-1.1081e-09	-9.7809e-08	9.9946e-07	-1.00294e-06	1.3712e-07	-1.9374e-09	-1.2904e-07	1.00536e-06	-1.01142e-06	1.8014e-07	-3.28e-09	-1.6704e-07	1.01256e-06	-1.02242e-06	2.328e-07	-5.3048e-09	-2.1262e-07	1.0193e-06	-1.0341e-06
-0.05	-3.8606e-09	-3.5628e-10	-8.0047e-10	9.69e-07	-9.6382e-07	4.89008e-08	-4.2375e-10	-4.99284e-08	9.869e-07	-9.8526e-07	7.71118e-08	-6.2208e-10	-7.57124e-08	9.9372e-07	-9.9454e-07	1.081112e-07	-1.0544e-09	-1.037414e-07	9.9968e-07	-1.00248e-06	1.4376e-07	-1.8598e-09	-1.359e-07	1.0056e-06	-1.01172e-06	1.8822e-07	-3.1892e-09	-1.7526e-07	1.0121e-06	-1.02188e-06	2.4232e-07	-5.1891e-09	-2.2258e-07	1.01944e-06	-1.03416e-06
-0.045	-3.8011e-09	-3.3125e-10	-8.249e-10	9.6926e-07	-9.6422e-07	5.26666e-08	-3.9409e-10	-5.36296e-08	9.8714e-07	-9.8522e-07	8.20936e-08	-5.8673e-10	-8.06692e-08	9.9426e-07	-9.951e-07	1.14275e-07	-1.0062e-09	-1.099404e-07	9.997e-07	-1.00306e-06	1.516e-07	-1.8018e-09	-1.4338e-07	1.0053e-06	-1.0113e-06	1.9778e-07	-3.1145e-09	-1.8478e-07	1.01268e-06	-1.02232e-06	2.543e-07	-5.0806e-09	-2.3482e-07	1.01912e-06	-1.03404e-06
-0.04	-3.8058e-09	-3.0787e-10	-8.7691e-10	9.6926e-07	-9.6416e-07	5.70134e-08	-3.6811e-10	-5.82454e-08	9.869e-07	-9.8522e-07	8.79474e-08	-5.4836e-10	-8.65316e-08	9.9388e-07	-9.9494e-07	1.2174e-07	-9.6885e-10	-1.1722e-07	9.9952e-07	-1.00282e-06	1.6044e-07	-1.7527e-09	-1.526e-07	1.00502e-06	-1.0112e-06	2.0862e-07	-3.0332e-09	-1.959e-07	1.01194e-06	-1.02172e-06	2.682e-07	-4.9835e-09	-2.4826e-07	1.01868e-06	-1.0338e-06
-0.035	-3.738e-09	-2.8225e-10	-9.5465e-10	9.6948e-07	-9.6456e-07	6.21904e-08	-3.4669e-10	-6.32442e-08	9.8698e-07	-9.8592e-07	9.44418e-08	-5.1901e-10	-9.3033e-08	9.9426e-07	-9.9516e-07	1.2974e-07	-9.2193e-10	-1.256e-07	9.9906e-07	-1.0024e-06	1.7054e-07	-1.6833e-09	-1.6318e-07	1.00562e-06	-1.01154e-06	2.224e-07	-2.9523e-09	-2.0902e-07	1.01174e-06	-1.02146e-06	2.8302e-07	-4.8831e-09	-2.6324e-07	1.01852e-06	-1.0338e-06
-0.03	-3.6542e-09	-2.6156e-10	-1.01343e-09	9.6988e-07	-9.6504e-07	6.8218e-08	-3.2198e-10	-6.91938e-08	9.878e-07	-9.862e-07	1.022632e-07	-4.9216e-10	-1.009102e-07	9.9414e-07	-9.9482e-07	1.398e-07	-8.8513e-10	-1.356e-07	9.9936e-07	-1.00244e-06	1.8308e-07	-1.6347e-09	-1.7508e-07	1.005e-06	-1.0114e-06	2.3682e-07	-2.8793e-09	-2.2342e-07	1.0121e-06	-1.0222e-06	3.0162e-07	-4.7689e-09	-2.8244e-07	1.01852e-06	-1.03356e-06
-0.025	-3.5348e-09	-2.475e-10	-1.05926e-09	9.6974e-07	-9.6484e-07	7.50596e-08	-2.9763e-10	-7.61444e-08	9.8766e-07	-9.8616e-07	1.111228e-07	-4.6666e-10	-1.096314e-07	9.9404e-07	-9.951e-07	1.5064e-07	-8.504e-10	-1.4646e-07	9.9924e-07	-1.0026e-06	1.964e-07	-1.5881e-09	-1.8834e-07	1.00526e-06	-1.01124e-06	2.5376e-07	-2.8094e-09	-2.4044e-07	1.01204e-06	-1.0221e-06	3.2268e-07	-4.6733e-09	-3.0266e-07	1.0186e-06	-1.03388e-06
-0.02	-3.5383e-09	-2.2693e-10	-1.187e-09	9.7014e-07	-9.6522e-07	8.29268e-08	-2.805e-10	-8.40338e-08	9.8748e-07	-9.8572e-07	1.2168e-07	-4.3889e-10	-1.2022e-07	9.9406e-07	-9.9498e-07	1.6372e-07	-8.1447e-10	-1.5944e-07	9.9912e-07	-1.00224e-06	2.1282e-07	-1.5311e-09	-2.0494e-07	1.00538e-06	-1.01132e-06	2.729e-07	-2.7412e-09	-2.6004e-07	1.0117e-06	-1.02198e-06	3.466e-07	-4.5817e-09	-3.2684e-07	1.01852e-06	-1.03322e-06
-0.015	-3.3598e-09	-2.0905e-10	-1.2335e-09	9.7066e-07	-9.656e-07	9.23206e-08	-2.6044e-10	-9.33256e-08	9.8774e-07	-9.8632e-07	1.3326e-07	-4.1829e-10	-1.3198e-07	9.9418e-07	-9.95e-07	1.7848e-07	-7.8126e-10	-1.7394e-07	9.994e-07	-1.00272e-06	2.3086e-07	-1.4806e-09	-2.2294e-07	1.00492e-06	-1.01106e-06	2.9518e-07	-2.6703e-09	-2.8292e-07	1.0117e-06	-1.0216e-06	3.7332e-07	-4.4857e-09	-3.5354e-07	1.01852e-06	-1.03328e-06
-0.01	-3.3151e-09	-1.952e-10	-1.3609e-09	9.7084e-07	-9.6574e-07	1.030706e-07	-2.421e-10	-1.04223e-07	9.8772e-07	-9.861e-07	1.4714e-07	-3.9518e-10	-1.461e-07	9.9408e-07	-9.9484e-07	1.9572e-07	-7.5354e-10	-1.9148e-07	9.996e-07	-1.00304e-06	2.5194e-07	-1.4454e-09	-2.4404e-07	1.00496e-06	-1.01102e-06	3.2212e-07	-2.6057e-09	-3.0946e-07	1.01154e-06	-1.02152e-06	4.0512e-07	-4.4027e-09	-3.8572e-07	1.01842e-06	-1.03304e-06
-0.005	-3.2585e-09	-1.8376e-10	-1.5185e-09	9.7076e-07	-9.6592e-07	1.1556e-07	-2.3058e-10	-1.165628e-07	9.875e-07	-9.8604e-07	1.6284e-07	-3.7277e-10	-1.6192e-07	9.9398e-07	-9.95e-07	2.1578e-07	-7.1999e-10	-2.1206e-07	9.9918e-07	-1.00264e-06	2.7708e-07	-1.3983e-09	-2.6926e-07	1.0051e-06	-1.01132e-06	3.52e-07	-2.544e-09	-3.395e-07	1.01192e-06	-1.02164e-06	4.4168e-07	-4.3092e-09	-4.2204e-07	1.01814e-06	-1.03302e-06
0	-3.1031e-09	-1.6846e-10	-1.565e-09	9.7108e-07	-9.6616e-07	1.2984e-07	-2.1275e-10	-1.3124e-07	9.8736e-07	-9.8616e-07	1.8142e-07	-3.5213e-10	-1.8012e-07	9.9418e-07	-9.9534e-07	2.3904e-07	-6.913e-10	-2.3498e-07	9.9946e-07	-1.0029e-06	3.0548e-07	-1.3471e-09	-2.9796e-07	1.00486e-06	-1.01128e-06	3.8766e-07	-2.4845e-09	-3.7372e-07	1.01112e-06	-1.02124e-06	4.8452e-07	-4.2244e-09	-4.6488e-07	1.01788e-06	-1.03312e-06
0.005	-2.8848e-09	-1.5093e-10	-1.7942e-09	9.7108e-07	-9.6604e-07	1.4672e-07	-2.0021e-10	-1.476e-07	9.8732e-07	-9.863e-07	2.0316e-07	-3.3535e-10	-2.0138e-07	9.9428e-07	-9.9524e-07	2.6588e-07	-6.6464e-10	-2.6172e-07	9.995e-07	-1.003e-06	3.3824e-07	-1.3137e-09	-3.3052e-07	1.00468e-06	-1.01096e-06	4.2694e-07	-2.4223e-09	-4.152e-07	1.01144e-06	-1.02122e-06	5.3222e-07	-4.1353e-09	-5.1262e-07	1.01788e-06	-1.03252e-06
0.01	-2.6258e-09	-1.4549e-10	-2.0341e-09	9.7158e-07	-9.664e-07	1.6678e-07	-1.9128e-10	-1.6766e-07	9.8712e-07	-9.863e-07	2.2816e-07	-3.1615e-10	-2.2676e-07	9.943e-07	-9.951e-07	2.9704e-07	-6.362e-10	-2.9264e-07	9.9936e-07	-1.00258e-06	3.7674e-07	-1.2723e-09	-3.6896e-07	1.00484e-06	-1.01122e-06	4.7474e-07	-2.3628e-09	-4.6184e-07	1.01126e-06	-1.02112e-06	5.9044e-07	-4.0561e-09	-5.7128e-07	1.0176e-06	-1.03246e-06
0.015	-2.3545e-09	-1.4012e-10	-2.2329e-09	9.7158e-07	-9.6656e-07	1.8914e-07	-1.8028e-10	-1.904e-07	9.8758e-07	-9.8608e-07	2.5736e-07	-3.0087e-10	-2.5562e-07	9.9384e-07	-9.9516e-07	3.3334e-07	-6.1083e-10	-3.2872e-07	9.9928e-07	-1.00272e-06	4.2044e-07	-1.2304e-09	-4.1342e-07	1.00452e-06	-1.01116e-06	5.2752e-07	-2.3038e-09	-5.159e-07	1.01138e-06	-1.02144e-06	6.5566e-07	-3.983e-09	-6.373e-07	1.01774e-06	-1.0326e-06
0.02	-2.1568e-09	-1.2603e-10	-2.5493e-09	9.7152e-07	-9.6656e-07	2.157e-07	-1.6359e-10	-2.1676e-07	9.8746e-07	-9.8634e-07	2.9132e-07	-2.8584e-10	-2.8936e-07	9.9438e-07	-9.9502e-07	3.7566e-07	-5.928e-10	-3.7132e-07	9.997e-07	-1.003e-06	4.7318e-07	-1.2004e-09	-4.6632e-07	1.0049e-06	-1.0109e-06	5.9194e-07	-2.2479e-09	-5.787e-07	1.0113e-06	-1.02122e-06	7.3254e-07	-3.8924e-09	-7.1384e-07	1.0173e-06	-1.0321e-06
0.025	-1.7999e-09	-1.1191e-10	-2.8921e-09	9.72e-07	-9.6684e-07	2.4692e-07	-1.4955e-10	-2.4742e-07	9.8746e-07	-9.8642e-07	3.3018e-07	-2.6904e-10	-3.2892e-07	9.9404e-07	-9.9498e-07	4.244e-07	-5.6841e-10	-4.1946e-07	9.993e-07	-1.00276e-06	5.3244e-07	-1.1626e-09	-5.2582e-07	1.0048e-06	-1.0113e-06	6.6404e-07	-2.1951e-09	-6.5072e-07	1.0114e-06	-1.0213e-06	8.1956e-07	-3.8108e-09	-8.003e-07	1.01754e-06	-1.03234e-06
0.03	-1.2376e-09	-1.068e-10	-3.4483e-09	9.7222e-07	-9.674e-07	2.8212e-07	-1.4041e-10	-2.8328e-07	9.8756e-07	-9.862e-07	3.7526e-07	-2.5559e-10	-3.7354e-07	9.9402e-07	-9.9498e-07	4.8102e-07	-5.3091e-10	-4.765e-07	9.9916e-07	-1.00282e-06	6.0362e-07	-1.1183e-09	-5.9562e-07	1.00504e-06	-1.01114e-06	7.4962e-07	-2.1401e-09	-7.3774e-07	1.01124e-06	-1.02112e-06	9.2468e-07	-3.742e-09	-9.0458e-07	1.0172e-06	-1.03174e-06
0.035	-9.2683e-10	-9.481e-11	-3.686e-09	9.7254e-07	-9.677e-07	3.2372e-07	-1.3507e-10	-3.2474e-07	9.8746e-07	-9.8606e-07	4.2828e-07	-2.4194e-10	-4.2628e-07	9.9418e-07	-9.9504e-07	5.469e-07	-5.2281e-10	-5.4252e-07	9.9916e-07	-1.0025e-06	6.8388e-07	-1.0893e-09	-6.7636e-07	1.0047e-06	-1.01126e-06	8.4596e-07	-2.0913e-09	-8.3504e-07	1.0112e-06	-1.0211e-06	1.04074e-06	-3.6611e-09	-1.02262e-06	1.01734e-06	-1.03236e-06
0.04	-3.9654e-10	-9.179e-11	-4.159e-09	9.7244e-07	-9.6748e-07	3.7196e-07	-1.2234e-10	-3.7318e-07	9.8726e-07	-9.8634e-07	4.9008e-07	-2.2262e-10	-4.8806e-07	9.9402e-07	-9.9516e-07	6.2394e-07	-5.195e-10	-6.204e-07	9.9942e-07	-1.003e-06	7.7818e-07	-1.0556e-09	-7.7078e-07	1.00452e-06	-1.01084e-06	9.6126e-07	-2.0367e-09	-9.4954e-07	1.01122e-06	-1.021e-06	1.1825e-06	-3.5886e-09	-1.16118e-06	1.01746e-06	-1.03228e-06
0.045	2.1264e-10	-8.014e-11	-4.869e-09	9.7278e-07	-9.677e-07	4.2862e-07	-1.0865e-10	-4.2924e-07	9.8774e-07	-9.8612e-07	5.6096e-07	-2.1129e-10	-5.5984e-07	9.9436e-07	-9.9528e-07	7.125e-07	-4.4821e-10	-7.0716e-07	9.994e-07	-1.00278e-06	8.8574e-07	-1.0201e-09	-8.788e-07	1.00456e-06	-1.01094e-06	1.09104e-06	-1.9822e-09	-1.0814e-06	1.01102e-06	-1.02098e-06	1.3425e-06	-3.5099e-09	-1.3192e-06	1.017e-06	-1.03192e-06
0.05	8.1246e-10	-7.025e-11	-5.705e-09	9.7272e-07	-9.681e-07	4.9406e-07	-1.0815e-10	-4.9488e-07	9.8776e-07	-9.864e-07	6.4508e-07	-2.0208e-10	-6.442e-07	9.9424e-07	-9.957e-07	8.181e-07	-4.7799e-10	-8.1344e-07	9.9958e-07	-1.00314e-06	1.01408e-06	-9.8947e-10	-1.00618e-06	1.00432e-06	-1.0109e-06	1.2526e-06	-1.9348e-09	-1.236e-06	1.01086e-06	-1.02094e-06	1.5272e-06	-3.4363e-09	-1.5065e-06	1.01718e-06	-1.0322e-06
0.055	1.5183e-09	-6.077e-11	-5.1991e-09	9.7332e-07	-9.6836e-07	5.692e-07	-9.875e-11	-5.7116e-07	9.8772e-07	-9.863e-07	7.3924e-07	-1.8726e-10	-7.4018e-07	9.942e-07	-9.953e-07	9.3522e-07	-4.4568e-10	-9.3244e-07	9.9934e-07	-1.003e-06	1.1611e-06	-9.5863e-10	-1.15226e-06	1.00462e-06	-1.011e-06	1.4255e-06	-1.8858e-09	-1.4109e-06	1.01112e-06	-1.02114e-06	1.7419e-06	-3.3688e-09	-1.7205e-06	1.01674e-06	-1.03178e-06
0.06	2.411e-09	-5.093e-11	-7.1126e-09	9.7322e-07	-9.6842e-07	6.5882e-07	-8.469e-11	-6.6014e-07	9.874e-07	-9.8586e-07	8.5434e-07	-1.7348e-10	-8.535e-07	9.9468e-07	-9.9542e-07	1.07528e-06	-3.9865e-10	-1.07196e-06	9.9944e-07	-1.00334e-06	1.3366e-06	-9.205e-10	-1.325e-06	1.00448e-06	-1.01088e-06	1.6352e-06	-1.8363e-09	-1.6205e-06	1.01096e-06	-1.02118e-06	1.9926e-06	-3.2953e-09	-1.9719e-06	1.01678e-06	-1.0315e-06
0.065	3.1754e-09	-4.619e-11	-7.7169e-09	9.734e-07	-9.684e-07	7.6042e-07	-7.769e-11	-7.6222e-07	9.8748e-07	-9.8604e-07	9.8542e-07	-1.6503e-10	-9.8286e-07	9.9436e-07	-9.954e-07	1.2417e-06	-4.1306e-10	-1.2342e-06	9.9986e-07	-1.00324e-06	1.5342e-06	-8.9231e-10	-1.5237e-06	1.00438e-06	-1.01082e-06	1.8733e-06	-1.7891e-09	-1.8592e-06	1.01126e-06	-1.02088e-06	2.278e-06	-3.2347e-09	-2.2581e-06	1.01714e-06	-1.03192e-06
0.07	3.8549e-09	-4.236e-11	-8.635e-09	9.7358e-07	-9.686e-07	8.8094e-07	-7.14e-11	-8.8018e-07	9.8786e-07	-9.8664e-07	1.13642e-06	-1.4996e-10	-1.13632e-06	9.9442e-07	-9.954e-07	1.4314e-06	-3.8385e-10	-1.425e-06	9.9998e-07	-1.0034e-06	1.765e-06	-8.6326e-10	-1.7573e-06	1.00428e-06	-1.01078e-06	2.1542e-06	-1.7446e-09	-2.1367e-06	1.01108e-06	-1.02074e-06	2.6181e-06	-3.1636e-09	-2.5969e-06	1.01644e-06	-1.03138e-06
0.075	4.6947e-09	-3.303e-11	-9.6646e-09	9.7402e-07	-9.6894e-07	1.01816e-06	-6.07e-11	-1.02112e-06	9.8832e-07	-9.8682e-07	1.3168e-06	-1.3868e-10	-1.3131e-06	9.9422e-07	-9.9546e-07	1.6489e-06	-3.6591e-10	-1.6424e-06	9.9978e-07	-1.0032e-06	2.0321e-06	-8.3631e-10	-2.0221e-06	1.00456e-06	-1.01082e-06	2.4788e-06	-1.6996e-09	-2.4579e-06	1.01098e-06	-1.02112e-06	3.0067e-06	-3.0922e-09	-2.9826e-06	1.01708e-06	-1.0313e-06
0.08	6.1113e-09	-1.843e-11	-1.10369e-08	9.7378e-07	-9.6922e-07	1.1907e-06	-5.412e-11	-1.1848e-06	9.877e-07	-9.8662e-07	1.5247e-06	-1.2684e-10	-1.5197e-06	9.9432e-07	-9.9558e-07	1.9088e-06	-3.4605e-10	-1.9019e-06	9.9972e-07	-1.00326e-06	2.3484e-06	-8.0702e-10	-2.3369e-06	1.00458e-06	-1.011e-06	2.86e-06	-1.6519e-09	-2.8402e-06	1.0113e-06	-1.02086e-06	3.4639e-06	-3.0295e-09	-3.4407e-06	1.0165e-06	-1.03136e-06
0.085	2.3659e-09	-1.35e-11	-1.0866e-08	9.7394e-07	-9.693e-07	1.3773e-06	-4.201e-11	-1.3729e-06	9.8782e-07	-9.8664e-07	1.7596e-06	-1.1844e-10	-1.7576e-06	9.9442e-07	-9.9566e-07	2.2037e-06	-3.2432e-10	-2.1965e-06	9.9982e-07	-1.00316e-06	2.7119e-06	-7.7754e-10	-2.6978e-06	1.00464e-06	-1.0109e-06	3.2933e-06	-1.6108e-09	-3.2778e-06	1.01062e-06	-1.0205e-06	3.9792e-06	-2.9589e-09	-3.9573e-06	1.01622e-06	-1.0311e-06
0.09	9.1864e-09	-9.76e-12	-1.43658e-08	9.74e-07	-9.6952e-07	1.5948e-06	-3.759e-11	-1.5911e-06	9.8786e-07	-9.868e-07	2.0359e-06	-1.0855e-10	-2.0329e-06	9.9432e-07	-9.9542e-07	2.5426e-06	-2.9789e-10	-2.5378e-06	9.9948e-07	-1.00324e-06	3.1302e-06	-7.5007e-10	-3.1165e-06	1.00474e-06	-1.01076e-06	3.7918e-06	-1.5672e-09	-3.7792e-06	1.01054e-06	-1.02064e-06	4.5785e-06	-2.8948e-09	-4.5645e-06	1.01612e-06	-1.03086e-06
0.095	1.06332e-08	-1.22e-12	-1.5907e-08	9.7412e-07	-9.696e-07	1.8495e-06	-3.404e-11	-1.8464e-06	9.8814e-07	-9.871e-07	2.3619e-06	-9.291e-11	-2.3589e-06	9.9474e-07	-9.9556e-07	2.951e-06	-2.9822e-10	-2.9431e-06	9.9952e-07	-1.00284e-06	3.6199e-06	-7.1922e-10	-3.6079e-06	1.00464e-06	-1.01114e-06	4.3858e-06	-1.5225e-09	-4.3677e-06	1.0108e-06	-1.02018e-06	5.2893e-06	-2.8303e-09	-5.2668e-06	1.01636e-06	-1.0308e-06
0.1	1.86122e-08	8.88e-12	-2.40372e-08	9.744e-07	-9.6982e-07	2.143e-06	-1.811e-11	-2.1419e-06	9.883e-07	-9.869e-07	2.7415e-06	-8.345e-11	-2.7376e-06	9.9436e-07	-9.9558e-07	3.412e-06	-2.728e-10	-3.4018e-06	9.9994e-07	-1.00336e-06	4.1817e-06	-6.9274e-10	-4.1716e-06	1.0047e-06	-1.0116e-06	5.0639e-06	-1.4777e-09	-5.0468e-06	1.01078e-06	-1.0207e-06	6.0951e-06	-2.7695e-09	-6.0781e-06	1.01622e-06	-1.03132e-06
0.105	2.21132e-08	1.898e-11	-2.61904e-08	9.7454e-07	-9.697e-07	2.4813e-06	-1.191e-11	-2.4797e-06	9.8804e-07	-9.8708e-07	3.1759e-06	-7.765e-11	-3.1785e-06	9.9442e-07	-9.9572e-07	3.9617e-06	-2.494e-10	-3.9512e-06	9.9936e-07	-1.00268e-06	4.8447e-06	-6.6537e-10	-4.8351e-06	1.00478e-06	-1.01116e-06	5.8584e-06	-1.4353e-09	-5.8442e-06	1.01084e-06	-1.02076e-06	7.0593e-06	-2.7075e-09	-7.0296e-06	1.01646e-06	-1.03122e-06
0.11	2.55892e-08	2.749e-11	-3.13958e-08	9.7472e-07	-9.7002e-07	2.8765e-06	-1.297e-11	-2.8773e-06	9.882e-07	-9.8658e-07	3.6836e-06	-6.439e-11	-3.682e-06	9.9432e-07	-9.9544e-07	4.5862e-06	-2.4861e-10	-4.5857e-06	9.994e-07	-1.00304e-06	5.5955e-06	-6.4085e-10	-5.5937e-06	1.0054e-06	-1.01156e-06	6.7764e-06	-1.3971e-09	-6.7719e-06	1.01046e-06	-1.02044e-06	8.1449e-06	-2.6393e-09	-8.1227e-06	1.0161e-06	-1.03094e-06
0.115	3.08372e-08	3.639e-11	-3.43874e-08	9.7466e-07	-9.7002e-07	3.3443e-06	2.28e-12	-3.3402e-06	9.8764e-07	-9.8652e-07	4.2762e-06	-5.224e-11	-4.2781e-06	9.9468e-07	-9.9554e-07	5.3219e-06	-2.2378e-10	-5.3184e-06	9.9954e-07	-1.00316e-06	6.4956e-06	-6.1296e-10	-6.4819e-06	1.00484e-06	-1.01108e-06	7.8508e-06	-1.3513e-09	-7.8427e-06	1.01104e-06	-1.02078e-06	9.4378e-06	-2.5768e-09	-9.4039e-06	1.01586e-06	-1.03058e-06
0.12	3.48814e-08	5.102e-11	-3.9845e-08	9.7506e-07	-9.7036e-07	3.8817e-06	1.392e-11	-3.878e-06	9.8804e-07	-9.8674e-07	4.9594e-06	-4.489e-11	-4.9527e-06	9.9442e-07	-9.9554e-07	6.1671e-06	-2.0063e-10	-6.1636e-06	9.9966e-07	-1.0032e-06	7.5147e-06	-5.871e-10	-7.5061e-06	1.00474e-06	-1.0112e-06	9.0697e-06	-1.3071e-09	-9.0617e-06	1.01056e-06	-1.02058e-06	1.09015e-05	-2.5236e-09	-1.08681e-05	1.01608e-06	-1.03092e-06
0.125	4.09142e-08	6.473e-11	-4.48824e-08	9.7518e-07	-9.7032e-07	4.5148e-06	1.633e-11	-4.5088e-06	9.8832e-07	-9.871e-07	5.7645e-06	-3.359e-11	-5.7529e-06	9.9432e-07	-9.9564e-07	7.1634e-06	-1.9422e-10	-7.1486e-06	9.9934e-07	-1.00268e-06	8.7215e-06	-5.6442e-10	-8.711e-06	1.00508e-06	-1.0113e-06	1.05122e-05	-1.2735e-09	-1.04934e-05	1.01088e-06	-1.02056e-06	1.2632e-05	-2.4538e-09	-1.2578e-05	1.0156e-06	-1.03054e-06
0.13	4.37028e-08	7.049e-11	-5.30726e-08	9.7538e-07	-9.7066e-07	5.2398e-06	2.616e-11	-5.2491e-06	9.8808e-07	-9.871e-07	6.6879e-06	-1.967e-11	-6.6791e-06	9.9484e-07	-9.9554e-07	8.3045e-06	-1.8165e-10	-8.2886e-06	9.9924e-07	-1.00284e-06	1.00997e-05	-5.3655e-10	-1.0078e-05	1.00492e-06	-1.01118e-06	1.217e-05	-1.2267e-09	-1.2154e-05	1.01056e-06	-1.02062e-06	1.4568e-05	-2.3912e-09	-1.4562e-05	1.01576e-06	-1.03052e-06
0.135	5.2922e-08	7.591e-11	-5.5424e-08	9.7576e-07	-9.709e-07	6.1061e-06	3.982e-11	-6.1106e-06	9.8822e-07	-9.8716e-07	7.7701e-06	-1.021e-11	-7.76e-06	9.943e-07	-9.9558e-07	9.6237e-06	-1.5748e-10	-9.6304e-06	9.9952e-07	-1.00338e-06	1.1716e-05	-5.1595e-10	-1.16995e-05	1.00474e-06	-1.0093e-06	1.4126e-05	-1.1934e-09	-1.409e-05	1.01076e-06	-1.02066e-06	1.689e-05	-2.3408e-09	-1.686e-05	1.01574e-06	-1.03062e-06
0.14	5.73132e-08	8.517e-11	-5.569e-08	9.757e-07	-9.71e-07	7.0663e-06	4.131e-11	-7.0866e-06	9.881e-07	-9.8704e-07	9.0065e-06	-2.25e-12	-8.9977e-06	9.9436e-07	-9.957e-07	1.11583e-05	-1.3691e-10	-1.11508e-05	9.9978e-07	-1.00298e-06	1.3572e-05	-4.8429e-10	-1.355e-05	1.00484e-06	-1.0096e-06	1.6328e-05	-1.1526e-09	-1.6292e-05	1.01044e-06	-1.02052e-06	1.9508e-05	-2.2838e-09	-1.9492e-05	1.01588e-06	-1.0306e-06
0.145	6.59042e-08	9.717e-11	-6.49156e-08	9.7574e-07	-9.7096e-07	8.2215e-06	4.983e-11	-8.2316e-06	9.8802e-07	-9.8682e-07	1.04707e-05	1.08e-11	-1.04648e-05	9.9454e-07	-9.9588e-07	1.2966e-05	-1.3171e-10	-1.2954e-05	9.9964e-07	-1.0031e-06	1.5728e-05	-4.6219e-10	-1.572e-05	1.00452e-06	-1.0093e-06	1.894e-05	-1.1126e-09	-1.8914e-05	1.01064e-06	-1.02046e-06	2.2574e-05	-2.2166e-09	-2.2572e-05	1.01548e-06	-1.0304e-06
0.15	6.84706e-08	1.135e-10	-7.25358e-08	9.7594e-07	-9.7128e-07	9.5719e-06	6.596e-11	-9.5555e-06	9.8852e-07	-9.8712e-07	1.2138e-05	1.999e-11	-1.214e-05	9.9482e-07	-9.9606e-07	1.5034e-05	-1.1822e-10	-1.5024e-05	9.9964e-07	-1.00328e-06	1.822e-05	-4.3766e-10	-1.8202e-05	1.00504e-06	-1.0099e-06	2.19e-05	-1.076e-09	-2.1882e-05	1.01056e-06	-1.0205e-06	2.614e-05	-2.1634e-09	-2.6114e-05	1.01576e-06	-1.03072e-06
0.155	6.7229e-08	1.2617e-10	-6.98778e-08	9.759e-07	-9.7132e-07	1.11281e-05	7.355e-11	-1.11225e-05	9.8864e-07	-9.8716e-07	1.4116e-05	3.239e-11	-1.4068e-05	9.9462e-07	-9.9592e-07	1.7434e-05	-8.679e-11	-1.7454e-05	9.9984e-07	-1.00348e-06	2.1156e-05	-4.0926e-10	-2.1132e-05	1.00486e-06	-1.0094e-06	2.539e-05	-1.0356e-09	-2.5358e-05	1.01068e-06	-1.02092e-06	3.0252e-05	-2.1125e-09	-3.028e-05	1.01594e-06	-1.03088e-06
0.16	6.9252e-08	1.3629e-10	-7.6674e-08	9.7626e-07	-9.7166e-07	1.2912e-05	8.14e-11	-1.2868e-05	9.8834e-07	-9.871e-07	1.6386e-05	4.212e-11	-1.6322e-05	9.9526e-07	-9.9656e-07	2.0176e-05	-8.061e-11	-2.0176e-05	9.996e-07	-1.00306e-06	2.4498e-05	-3.9278e-10	-2.4464e-05	1.0052e-06	-1.0098e-06	2.9324e-05	-1.0013e-09	-2.934e-05	1.0108e-06	-1.02086e-06	3.4952e-05	-2.0484e-09	-3.4916e-05	1.01564e-06	-1.03044e-06
0.165	6.6885e-08	1.458e-10	-7.2311e-08	9.7638e-07	-9.7144e-07	1.4962e-05	8.943e-11	-1.4956e-05	9.8876e-07	-9.8752e-07	1.901e-05	5.924e-11	-1.897e-05	9.9512e-07	-9.9664e-07	2.3456e-05	-6.935e-11	-2.3408e-05	9.9972e-07	-1.00318e-06	2.8372e-05	-3.6393e-10	-2.8338e-05	1.00522e-06	-1.01154e-06	3.4016e-05	-9.6258e-10	-3.3998e-05	1.01048e-06	-1.02038e-06	4.0476e-05	-1.9956e-09	-4.0412e-05	1.0157e-06	-1.0307e-06
0.17	5.84276e-08	1.6046e-10	-5.82692e-08	9.7606e-07	-9.715e-07	1.7338e-05	1.0803e-10	-1.7324e-05	9.8842e-07	-9.8744e-07	2.2018e-05	6.795e-11	-2.1982e-05	9.9466e-07	-9.9614e-07	2.7158e-05	-4.514e-11	-2.7166e-05	9.9962e-07	-1.00308e-06	3.2834e-05	-3.3732e-10	-3.2828e-05	1.0048e-06	-1.01118e-06	3.9274e-05	-9.2462e-10	-3.9296e-05	1.011e-06	-1.02092e-06	4.6724e-05	-1.9458e-09	-4.6694e-05	1.01606e-06	-1.03066e-06
0.175	2.92424e-08	1.7477e-10	-3.45064e-08	9.7642e-07	-9.718e-07	2.0054e-05	1.0984e-10	-2.007e-05	9.885e-07	-9.8752e-07	2.5468e-05	7.776e-11	-2.5462e-05	9.9472e-07	-9.9576e-07	3.1418e-05	-3.321e-11	-3.1402e-05	9.992e-07	-1.00286e-06	3.7988e-05	-3.1314e-10	-3.7928e-05	1.00468e-06	-1.0113e-06	4.544e-05	-8.9098e-10	-4.5386e-05	1.01068e-06	-1.02062e-06	5.3946e-05	-1.8793e-09	-5.3962e-05	1.01572e-06	-1.03054e-06
0.18	7.289e-11	1.9214e-10	-4.5142e-09	9.7704e-07	-9.7202e-07	2.3278e-05	1.1999e-10	-2.3254e-05	9.888e-07	-9.8748e-07	2.955e-05	9.366e-11	-2.954e-05	9.9466e-07	-9.9634e-07	3.6396e-05	-1.88e-11	-3.64e-05	9.9944e-07	-1.003e-06	4.3966e-05	-2.9266e-10	-4.397e-05	1.00522e-06	-1.01146e-06	5.2576e-05	-8.4771e-10	-5.2572e-05	1.0108e-06	-1.02052e-06	6.2414e-05	-1.8305e-09	-6.2332e-05	1.01596e-06	-1.0307e-06
0.185	-4.1757e-10	2.0986e-10	-3.7187e-09	9.7726e-07	-9.7262e-07	2.696e-05	1.4202e-10	-2.6974e-05	9.889e-07	-9.877e-07	3.4224e-05	1.0529e-10	-3.4212e-05	9.9488e-07	-9.9636e-07	4.2112e-05	2.12e-12	-4.209e-05	9.9976e-07	-1.00314e-06	5.088e-05	-2.6583e-10	-5.0856e-05	1.00488e-06	-1.01136e-06	6.0722e-05	-8.1447e-10	-6.0712e-05	1.01072e-06	-1.02056e-06	7.2054e-05	-1.7842e-09	-7.2026e-05	1.01582e-06	-1.0307e-06
0.19	-6.49752e-08	2.2266e-10	5.64874e-08	9.7742e-07	-9.7302e-07	3.1284e-05	1.4665e-10	-3.1282e-05	9.8894e-07	-9.8764e-07	3.9676e-05	1.1222e-10	-3.9656e-05	9.9476e-07	-9.9594e-07	4.8834e-05	1.745e-11	-4.8812e-05	9.9922e-07	-1.00314e-06	5.8936e-05	-2.3889e-10	-5.8898e-05	1.00474e-06	-1.01104e-06	7.0272e-05	-7.7874e-10	-7.0288e-05	1.01084e-06	-1.02076e-06	8.3226e-05	-1.7224e-09	-8.3188e-05	1.0156e-06	-1.03064e-06
0.195	-1.17255e-07	2.4227e-10	1.123662e-07	9.7736e-07	-9.7244e-07	3.622e-05	1.5424e-10	-3.6202e-05	9.887e-07	-9.8744e-07	4.5922e-05	1.2855e-10	-4.589e-05	9.9474e-07	-9.9628e-07	5.6392e-05	2.597e-11	-5.6414e-05	9.9946e-07	-1.00314e-06	6.8046e-05	-2.2125e-10	-6.8086e-05	1.0049e-06	-1.01142e-06	8.114e-05	-7.4573e-10	-8.1136e-05	1.01114e-06	-1.02068e-06	9.6036e-05	-1.6703e-09	-9.5948e-05	1.01558e-06	-1.03036e-06
0.2	-6.657e-07	2.6198e-10	4.5996e-07	9.7732e-07	-9.7278e-07	4.1888e-05	1.7517e-10	-4.1936e-05	9.8874e-07	-9.8762e-07	5.3206e-05	1.4689e-10	-5.317e-05	9.9456e-07	-9.9588e-07	6.5332e-05	5.14e-11	-6.5316e-05	9.9922e-07	-1.00306e-06	7.8768e-05	-1.9667e-10	-7.8796e-05	1.00476e-06	-1.01112e-06	9.3892e-05	-7.0675e-10	-9.3872e-05	1.01112e-06	-1.02092e-06	0.00011093	-1.6251e-09	-0.000110888	1.01558e-06	-1.03004e-06
0.205	-2.894e-07	2.7916e-10	2.8792e-07	9.776e-07	-9.7272e-07	4.8508e-05	1.8715e-10	-4.847e-05	9.8876e-07	-9.874e-07	6.1488e-05	1.5577e-10	-6.1476e-05	9.9492e-07	-9.9624e-07	7.5438e-05	7.487e-11	-7.5464e-05	9.996e-07	-1.00332e-06	9.0974e-05	-1.642e-10	-9.0982e-05	1.00474e-06	-1.01114e-06	0.00010826	-6.6793e-10	-0.000108224	1.01104e-06	-1.0211e-06	0.00012834	-1.5669e-09	-0.00012784	1.01576e-06	-1.03024e-06
0.21	-3.8508e-07	2.9654e-10	3.8424e-07	9.7754e-07	-9.73e-07	5.6164e-05	1.9753e-10	-5.6168e-05	9.8856e-07	-9.8732e-07	7.1204e-05	1.6965e-10	-7.1202e-05	9.948e-07	-9.963e-07	8.7336e-05	7.851e-11	-8.7322e-05	9.9952e-07	-1.00372e-06	0.000105164	-1.522e-10	-0.000105192	1.00476e-06	-1.01136e-06	0.0001255	-6.3489e-10	-0.00012502	1.01072e-06	-1.0206e-06	0.00014796	-1.5155e-09	-0.00014762	1.01562e-06	-1.03012e-06
0.215	-5.2398e-07	3.2e-10	5.2712e-07	9.7796e-07	-9.7294e-07	6.4938e-05	2.1629e-10	-6.4938e-05	9.8888e-07	-9.8784e-07	8.2166e-05	1.8539e-10	-8.2286e-05	9.9468e-07	-9.9588e-07	0.00010081	1.0159e-10	-0.000100866	9.9982e-07	-1.00342e-06	0.00012162	-1.1955e-10	-0.00012132	1.00478e-06	-1.01138e-06	0.00014458	-5.9926e-10	-0.00014426	1.01074e-06	-1.02062e-06	0.0001702	-1.4633e-09	-0.00016984	1.0157e-06	-1.03048e-06
0.22	-6.9232e-07	3.4538e-10	6.9416e-07	9.7792e-07	-9.7334e-07	7.5116e-05	2.3016e-10	-7.5138e-05	9.8898e-07	-9.8788e-07	9.5232e-05	2.019e-10	-9.5156e-05	9.9484e-07	-9.9614e-07	0.0001169	1.1793e-10	-0.000116678	9.9994e-07	-1.00356e-06	0.00014048	-9.566e-11	-0.0001402	1.00512e-06	-1.01182e-06	0.00016676	-5.6336e-10	-0.00016656	1.01036e-06	-1.0204e-06	0.00019612	-1.4042e-09	-0.0001959	1.0153e-06	-1.03028e-06
0.225	-8.7094e-07	3.6856e-10	8.8634e-07	9.7814e-07	-9.7368e-07	8.6782e-05	2.4071e-10	-8.6738e-05	9.8902e-07	-9.8764e-07	0.000109914	2.1483e-10	-0.00010985	9.9492e-07	-9.9594e-07	0.00013484	1.4207e-10	-0.00013462	9.9966e-07	-1.00318e-06	0.00016194	-7.936e-11	-0.00016168	1.00504e-06	-1.01154e-06	0.00019196	-5.237e-10	-0.0001916	1.011e-06	-1.0208e-06	0.0002254	-1.3545e-09	-0.00022522	1.01566e-06	-1.03036e-06
0.23	-1.09152e-06	3.9559e-10	1.10714e-06	9.7798e-07	-9.7328e-07	0.00010032	2.6089e-10	-0.000100344	9.887e-07	-9.875e-07	0.0001274	2.3262e-10	-0.00012704	9.9512e-07	-9.9594e-07	0.00015576	1.5809e-10	-0.00015544	9.9964e-07	-1.0033e-06	0.00018672	-4.621e-11	-0.00018648	1.00522e-06	-1.01194e-06	0.0002211	-4.8872e-10	-0.00022074	1.01016e-06	-1.0204e-06	0.00025948	-1.3056e-09	-0.00025902	1.01586e-06	-1.03088e-06
0.235	-1.4314e-06	4.2159e-10	1.4954e-06	9.7814e-07	-9.7378e-07	0.00011604	2.754e-10	-0.00011574	9.8856e-07	-9.8748e-07	0.00014688	2.4872e-10	-0.00014656	9.951e-07	-9.963e-07	0.00017922	1.6881e-10	-0.00017888	9.9976e-07	-1.00376e-06	0.00021502	-1.382e-11	-0.00021442	1.00522e-06	-1.01124e-06	0.0002541	-4.5386e-10	-0.00025386	1.0105e-06	-1.0206e-06	0.00029772	-1.2503e-09	-0.0002973	1.0161e-06	-1.03048e-06
0.24	-1.8354e-06	4.4574e-10	1.8028e-06	9.7832e-07	-9.738e-07	0.00013404	2.9888e-10	-0.0001337	9.8876e-07	-9.8786e-07	0.00016946	2.6385e-10	-0.00016916	9.9514e-07	-9.9588e-07	0.00020686	2.0008e-10	-0.00020644	9.997e-07	-1.00378e-06	0.00024752	2.97e-12	-0.00024718	1.00538e-06	-1.01174e-06	0.00029224	-4.1676e-10	-0.00029216	1.01036e-06	-1.0204e-06	0.00034196	-1.1962e-09	-0.00034178	1.01612e-06	-1.03094e-06
0.245	-2.1784e-06	4.8089e-10	2.1878e-06	9.7822e-07	-9.7406e-07	0.00015436	3.1771e-10	-0.00015392	9.8922e-07	-9.8794e-07	0.00019522	2.8418e-10	-0.00019478	9.9496e-07	-9.962e-07	0.00023778	2.1918e-10	-0.0002373	9.9978e-07	-1.00366e-06	0.00028414	3.09e-11	-0.00028372	1.00514e-06	-1.01142e-06	0.00033534	-3.8302e-10	-0.00033454	1.0105e-06	-1.0202e-06	0.00039152	-1.1488e-09	-0.0003909	1.01604e-06	-1.03076e-06
0.25	-2.6386e-06	5.155e-10	2.634e-06	9.7854e-07	-9.7422e-07	0.00017806	3.3271e-10	-0.0001777	9.8896e-07	-9.8784e-07	0.00022486	3.0675e-10	-0.00022454	9.9492e-07	-9.9652e-07	0.00027378	2.3122e-10	-0.00027336	9.9986e-07	-1.00334e-06	0.00032674	6.64e-11	-0.0003263	1.00514e-06	-1.01134e-06	0.00038474	-3.4604e-10	-0.00038438	1.01096e-06	-1.02086e-06	0.00044846	-1.0956e-09	-0.00044766	1.01572e-06	-1.03066e-06
0.255	-3.1234e-06	5.4955e-10	3.0623e-06	9.7876e-07	-9.7428e-07	0.0002047	3.5564e-10	-0.00020456	9.8916e-07	-9.8794e-07	0.00025812	3.2651e-10	-0.000258	9.9538e-07	-9.964e-07	0.00031408	2.5828e-10	-0.00031368	9.999e-07	-1.00382e-06	0.00037426	8.514e-11	-0.00037374	1.00546e-06	-1.0117e-06	0.00043982	-3.0284e-10	-0.0004398	1.01086e-06	-1.02054e-06	0.0005114	-1.041e-09	-0.00051168	1.01656e-06	-1.03128e-06
0.26	-3.5775e-06	5.8614e-10	3.5803e-06	9.7886e-07	-9.7402e-07	0.0002357	3.8372e-10	-0.00023522	9.89e-07	-9.8796e-07	0.00029718	3.4869e-10	-0.00029682	9.9528e-07	-9.9678e-07	0.00036078	2.8604e-10	-0.00036028	9.9958e-07	-1.00342e-06	0.00042902	1.1008e-10	-0.00042886	1.0052e-06	-1.01148e-06	0.0005034	-2.665e-10	-0.0005029	1.01084e-06	-1.02082e-06	0.00058458	-9.845e-10	-0.00058424	1.01602e-06	-1.03094e-06
0.265	-4.2719e-06	6.1857e-10	4.1685e-06	9.7872e-07	-9.741e-07	0.0002704	4.0161e-10	-0.00027	9.8952e-07	-9.8818e-07	0.00034046	3.6718e-10	-0.00034016	9.9524e-07	-9.9666e-07	0.00041278	3.0051e-10	-0.0004124	1e-06	-1.00342e-06	0.00048986	1.412e-10	-0.00048978	1.00572e-06	-1.01216e-06	0.00057374	-2.3356e-10	-0.00057336	1.01062e-06	-1.0208e-06	0.00066458	-9.3523e-10	-0.00066438	1.01624e-06	-1.03122e-06
0.27	-4.8521e-06	6.6016e-10	4.87e-06	9.794e-07	-9.7444e-07	0.00031012	4.239e-10	-0.0003098	9.8922e-07	-9.8828e-07	0.00039002	3.9064e-10	-0.00038974	9.9556e-07	-9.9674e-07	0.00047166	3.2384e-10	-0.00047164	9.9962e-07	-1.00332e-06	0.00055896	1.6937e-10	-0.00055834	1.00552e-06	-1.01218e-06	0.00065284	-1.8813e-10	-0.000653	1.01118e-06	-1.02088e-06	0.00075498	-8.851e-10	-0.00075538	1.01628e-06	-1.0312e-06
0.275	-5.6759e-06	7.0628e-10	5.7957e-06	9.7908e-07	-9.7436e-07	0.00035562	4.5777e-10	-0.00035528	9.894e-07	-9.8868e-07	0.00044688	4.1773e-10	-0.00044648	9.9566e-07	-9.967e-07	0.00053906	3.6133e-10	-0.00053916	9.9964e-07	-1.00326e-06	0.00063788	2.0039e-10	-0.00063752	1.00552e-06	-1.01204e-06	0.00074338	-1.5141e-10	-0.00074318	1.0111e-06	-1.02106e-06	0.00085842	-8.3064e-10	-0.00085798	1.0166e-06	-1.0316e-06
0.28	-6.4334e-06	7.4912e-10	6.518e-06	9.7904e-07	-9.7428e-07	0.00040656	4.8167e-10	-0.00040646	9.897e-07	-9.882e-07	0.00051012	4.4234e-10	-0.00050968	9.949e-07	-9.9626e-07	0.00061466	3.7541e-10	-0.00061414	1.00002e-06	-1.0037e-06	0.0007252	2.3496e-10	-0.00072416	1.0057e-06	-1.01232e-06	0.00084274	-1.1907e-10	-0.00084276	1.01132e-06	-1.02134e-06	0.00097084	-7.797e-10	-0.00097044	1.01676e-06	-1.03142e-06
0.285	-7.5075e-06	7.9757e-10	7.4828e-06	9.7892e-07	-9.7418e-07	0.00046516	5.1059e-10	-0.00046506	9.8904e-07	-9.883e-07	0.00058228	4.6686e-10	-0.00058198	9.954e-07	-9.9646e-07	0.00069972	3.9824e-10	-0.00069962	1.00042e-06	-1.00408e-06	0.0008238	2.657e-10	-0.00082342	1.0056e-06	-1.01244e-06	0.0009556	-6.955e-11	-0.00095596	1.01108e-06	-1.02096e-06	0.00109784	-7.2335e-10	-0.00109766	1.01682e-06	-1.03142e-06
0.29	-8.4941e-06	8.4682e-10	8.4669e-06	9.7922e-07	-9.7478e-07	0.00053004	5.4124e-10	-0.00052956	9.895e-07	-9.8836e-07	0.00066238	4.9675e-10	-0.0006622	9.9518e-07	-9.966e-07	0.0007944	4.397e-10	-0.00079396	1.00052e-06	-1.00434e-06	0.00093278	2.9357e-10	-0.00093256	1.00562e-06	-1.01214e-06	0.00108006	-2.809e-11	-0.00107988	1.01174e-06	-1.02116e-06	0.0012368	-6.6842e-10	-0.0012368	1.01678e-06	-1.03188e-06
0.295	-9.6535e-06	8.9262e-10	9.6678e-06	9.7956e-07	-9.7488e-07	0.00060416	5.719e-10	-0.00060362	9.8936e-07	-9.8814e-07	0.00075326	5.3106e-10	-0.00075324	9.9528e-07	-9.9668e-07	0.00090134	4.5934e-10	-0.000901	1.0006e-06	-1.00446e-06	0.00105524	3.2622e-10	-0.00105552	1.00552e-06	-1.01214e-06	0.0012198	9.31e-12	-0.0012178	1.0118e-06	-1.02194e-06	0.001393	-6.1493e-10	-0.001393	1.01724e-06	-1.0322e-06
0.3	-1.09514e-05	9.4916e-10	1.08695e-05	9.7928e-07	-9.7504e-07	0.00068598	6.0646e-10	-0.00068566	9.8932e-07	-9.8828e-07	0.00085344	5.5787e-10	-0.00085326	9.9528e-07	-9.9672e-07	0.0010189	4.8631e-10	-0.0010179	1.00052e-06	-1.00414e-06	0.0011904	3.604e-10	-0.0011892	1.0059e-06	-1.01256e-06	0.0013704	5.103e-11	-0.0013696	1.01162e-06	-1.02134e-06	0.0015628	-5.6048e-10	-0.0015618	1.01712e-06	-1.0324e-06
0.305	-1.17178e-05	1.00511e-09	1.1718e-05	9.7962e-07	-9.7496e-07	0.00077872	6.4351e-10	-0.00077854	9.8946e-07	-9.8842e-07	0.00096738	5.8905e-10	-0.00096658	9.9576e-07	-9.9688e-07	0.0011506	5.2201e-10	-0.00115044	1.00056e-06	-1.0043e-06	0.0013406	4.0233e-10	-0.0013404	1.00602e-06	-1.01296e-06	0.0015402	8.653e-11	-0.0015394	1.01198e-06	-1.02194e-06	0.0017504	-5.0505e-10	-0.0017498	1.01726e-06	-1.03228e-06
0.31	-1.1374e-05	1.06209e-09	1.3712e-05	9.8006e-07	-9.7536e-07	0.00088052	6.8172e-10	-0.00088006	9.8934e-07	-9.882e-07	0.00109054	6.2784e-10	-0.00108976	9.9586e-07	-9.9702e-07	0.0012952	5.5251e-10	-0.0012938	1.00082e-06	-1.00424e-06	0.0015044	4.2672e-10	-0.0015028	1.00596e-06	-1.0129e-06	0.0017226	1.307e-10	-0.0017226	1.01216e-06	-1.02194e-06	0.0019538	-4.5021e-10	-0.001953	1.01788e-06	-1.03272e-06
0.315	-1.5262e-05	1.12413e-09	1.544e-05	9.8014e-07	-9.7522e-07	0.00099502	7.1581e-10	-0.0009949	9.8974e-07	-9.8852e-07	0.0012288	6.6318e-10	-0.0012286	9.9586e-07	-9.9702e-07	0.0014556	5.8244e-10	-0.001455	1.00052e-06	-1.00446e-06	0.0016854	4.5478e-10	-0.001685	1.00638e-06	-1.01288e-06	0.0019254	1.771e-10	-0.0019252	1.01216e-06	-1.02202e-06	0.0021778	-3.9531e-10	-0.0021766	1.018e-06	-1.03332e-06
0.32	-1.7146e-05	1.1857e-09	1.7106e-05	9.8034e-07	-9.7566e-07	0.00111966	7.5727e-10	-0.00111942	9.9022e-07	-9.8904e-07	0.0013804	6.9835e-10	-0.0013796	9.959e-07	-9.9692e-07	0.0016286	6.0812e-10	-0.0016284	1.00058e-06	-1.00436e-06	0.0018816	4.9912e-10	-0.0018804	1.0066e-06	-1.0128e-06	0.0021434	2.17e-10	-0.0021414	1.01256e-06	-1.02266e-06	0.0024186	-3.4474e-10	-0.0024174	1.0185e-06	-1.03328e-06
0.325	-1.8846e-05	1.2454e-09	1.9014e-05	9.8008e-07	-9.7556e-07	0.0012594	7.985e-10	-0.0012584	9.9e-07	-9.891e-07	0.0015474	7.357e-10	-0.001547	9.9584e-07	-9.9724e-07	0.0018218	6.5374e-10	-0.0018206	1.00084e-06	-1.00448e-06	0.0020976	5.4054e-10	-0.0020972	1.00652e-06	-1.01344e-06	0.0023828	2.6195e-10	-0.0023832	1.01278e-06	-1.02264e-06	0.0026812	-2.8049e-10	-0.0026812	1.0189e-06	-1.03406e-06
0.33	-2.0906e-05	1.306e-09	2.1066e-05	9.8046e-07	-9.7576e-07	0.0014104	8.4211e-10	-0.0014094	9.9018e-07	-9.8896e-07	0.0017294	7.7245e-10	-0.0017278	9.9594e-07	-9.9702e-07	0.0020276	6.8584e-10	-0.0020268	1.00086e-06	-1.00506e-06	0.0023292	5.7468e-10	-0.0023272	1.00734e-06	-1.01386e-06	0.002639	3.0732e-10	-0.0026376	1.01324e-06	-1.02306e-06	0.0029614	-2.3131e-10	-0.0029606	1.0193e-06	-1.03422e-06
0.335	-2.3164e-05	1.3769e-09	2.2892e-05	9.8022e-07	-9.756e-07	0.001578	8.9217e-10	-0.0015772	9.8962e-07	-9.8898e-07	0.0019304	8.1721e-10	-0.0019286	9.9602e-07	-9.9756e-07	0.0022556	7.1891e-10	-0.0022556	1.00134e-06	-1.00524e-06	0.0025836	6.1083e-10	-0.0025824	1.00702e-06	-1.01368e-06	0.0029172	3.5032e-10	-0.0029184	1.0134e-06	-1.02312e-06	0.0032662	-1.7118e-10	-0.0032662	1.01968e-06	-1.03484e-06
0.34	-2.5474e-05	1.4461e-09	2.5364e-05	9.8038e-07	-9.76e-07	0.0017576	9.3572e-10	-0.0017572	9.8982e-07	-9.8878e-07	0.0021442	8.5597e-10	-0.0021422	9.9616e-07	-9.9762e-07	0.002499	7.5942e-10	-0.0024974	1.00112e-06	-1.00518e-06	0.0028532	6.5005e-10	-0.0028526	1.00746e-06	-1.01404e-06	0.0032158	3.971e-10	-0.0032144	1.01376e-06	-1.02396e-06	0.0035882	-1.1118e-10	-0.0035888	1.02036e-06	-1.0355e-06
0.345	-2.7764e-05	1.5191e-09	2.7562e-05	9.8058e-07	-9.7614e-07	0.0019562	9.8675e-10	-0.0019558	9.8998e-07	-9.8912e-07	0.0023792	8.9636e-10	-0.0023788	9.9618e-07	-9.9766e-07	0.0027654	7.9225e-10	-0.0027648	1.00126e-06	-1.00526e-06	0.0031492	6.8367e-10	-0.0031482	1.00766e-06	-1.01424e-06	0.003538	4.4182e-10	-0.0035362	1.01388e-06	-1.02438e-06	0.0039378	-5.814e-11	-0.0039358	1.0206e-06	-1.03594e-06
0.35	-3.0146e-05	1.5964e-09	2.996e-05	9.805e-07	-9.7578e-07	0.0021688	1.03814e-09	-0.002167	9.9024e-07	-9.8918e-07	0.0026302	9.4548e-10	-0.0026294	9.9656e-07	-9.978e-07	0.0030474	8.3797e-10	-0.003046	1.00154e-06	-1.00572e-06	0.0034596	7.3618e-10	-0.0034596	1.00836e-06	-1.0147e-06	0.003875	4.8681e-10	-0.0038752	1.01446e-06	-1.02428e-06	0.0043038	-2.78e-12	-0.0043026	1.0211e-06	-1.03578e-06
0.355	-3.2718e-05	1.6761e-09	3.256e-05	9.8008e-07	-9.757e-07	0.0023992	1.05745e-09	-0.002398	9.901e-07	-9.893e-07	0.0029038	9.8608e-10	-0.0029034	9.9664e-07	-9.9818e-07	0.0033524	8.7308e-10	-0.0033514	1.0021e-06	-1.00578e-06	0.0037968	7.7538e-10	-0.0037966	1.0088e-06	-1.01512e-06	0.0042422	5.2979e-10	-0.0042412	1.01482e-06	-1.0248e-06	0.004698	5.747e-11	-0.0046978	1.02146e-06	-1.03642e-06
0.36	-3.5404e-05	1.7592e-09	3.5326e-05	9.805e-07	-9.7602e-07	0.0026454	1.1428e-09	-0.0026414	9.9054e-07	-9.8942e-07	0.0031918	1.03057e-09	-0.0031916	9.9658e-07	-9.9814e-07	0.0036766	9.1586e-10	-0.003676	1.00236e-06	-1.00602e-06	0.0041486	8.081e-10	-0.0041496	1.00862e-06	-1.01522e-06	0.004624	5.8294e-10	-0.0046234	1.01508e-06	-1.025e-06	0.0051074	1.1751e-10	-0.005106	1.0222e-06	-1.03724e-06
0.365	-3.7856e-05	1.8337e-09	3.7822e-05	9.8036e-07	-9.7594e-07	0.002911	1.1947e-09	-0.0029096	9.9012e-07	-9.8948e-07	0.003506	1.07996e-09	-0.003505	9.9666e-07	-9.9792e-07	0.0040258	9.5733e-10	-0.004024	1.00242e-06	-1.00608e-06	0.00453	8.585e-10	-0.0045304	1.00924e-06	-1.016e-06	0.0050364	6.3435e-10	-0.005035	1.0159e-06	-1.02596e-06	0.0055494	1.7561e-10	-0.005548	1.02318e-06	-1.03788e-06
0.37	-4.0694e-05	1.9241e-09	4.0804e-05	9.8074e-07	-9.7576e-07	0.0031918	1.218e-09	-0.0031904	9.907e-07	-9.894e-07	0.0038342	1.125e-09	-0.0038334	9.9734e-07	-9.9868e-07	0.0043876	9.9831e-10	-0.0043888	1.00292e-06	-1.00694e-06	0.0049272	8.9784e-10	-0.0049262	1.00954e-06	-1.01618e-06	0.0054616	6.7631e-10	-0.0054626	1.01604e-06	-1.0267e-06	0.006003	2.3275e-10	-0.0060054	1.02346e-06	-1.03874e-06
0.375	-4.363e-05	2.016e-09	4.3728e-05	9.8038e-07	-9.7588e-07	0.0034926	1.3139e-09	-0.0034928	9.908e-07	-9.898e-07	0.0041884	1.1775e-09	-0.004186	9.9728e-07	-9.989e-07	0.0047782	1.04027e-09	-0.0047776	1.00356e-06	-1.00726e-06	0.005351	9.3385e-10	-0.0053496	1.01006e-06	-1.017e-06	0.0059192	7.2897e-10	-0.0059172	1.01712e-06	-1.02694e-06	0.0064878	2.9094e-10	-0.0064858	1.024e-06	-1.0392e-06
0.38	-4.6628e-05	2.1076e-09	4.6404e-05	9.7982e-07	-9.7564e-07	0.0038104	1.3637e-09	-0.003809	9.9082e-07	-9.8984e-07	0.0045558	1.2252e-09	-0.0045558	9.9774e-07	-9.9918e-07	0.0051858	1.0872e-09	-0.0051858	1.00348e-06	-1.0074e-06	0.0057916	9.9308e-10	-0.0057896	1.01076e-06	-1.01732e-06	0.006388	7.7816e-10	-0.0063876	1.01766e-06	-1.02744e-06	0.006988	3.4741e-10	-0.006988	1.0251e-06	-1.04016e-06
0.385	-4.9624e-05	2.2081e-09	4.9828e-05	9.8016e-07	-9.7558e-07	0.0041462	1.3538e-09	-0.0041472	9.9116e-07	-9.9002e-07	0.0049502	1.2761e-09	-0.00495	9.9764e-07	-9.989e-07	0.0056206	1.1289e-09	-0.0056206	1.0041e-06	-1.00758e-06	0.0062582	1.02564e-09	-0.0062592	1.01088e-06	-1.01802e-06	0.0068876	8.2878e-10	-0.0068878	1.01796e-06	-1.02844e-06	0.0075214	4.1033e-10	-0.0075196	1.02594e-06	-1.0408e-06
0.39	-5.2662e-05	2.3047e-09	5.2716e-05	9.8082e-07	-9.762e-07	0.0044976	1.487e-09	-0.0044974	9.9116e-07	-9.9036e-07	0.0053602	1.3277e-09	-0.0053606	9.9788e-07	-9.9922e-07	0.0060688	1.1709e-09	-0.0060686	1.00426e-06	-1.0084e-06	0.0067416	1.06954e-09	-0.006738	1.01144e-06	-1.01786e-06	0.0074032	8.6964e-10	-0.0074034	1.01872e-06	-1.02854e-06	0.0080648	4.6598e-10	-0.0080614	1.0268e-06	-1.04202e-06
0.395	-5.59e-05	2.4108e-09	5.575e-05	9.8068e-07	-9.7622e-07	0.0048716	1.5491e-09	-0.0048722	9.9124e-07	-9.901e-07	0.0057978	1.3838e-09	-0.005797	9.9776e-07	-9.9952e-07	0.0065448	1.2154e-09	-0.0065442	1.00476e-06	-1.00856e-06	0.0072562	1.12084e-09	-0.0072514	1.0122e-06	-1.01838e-06	0.0079462	9.1813e-10	-0.0079456	1.01918e-06	-1.0295e-06	0.008637	5.1857e-10	-0.008639	1.02756e-06	-1.04274e-06
0.4	-5.8622e-05	2.521e-09	5.841e-05	9.81e-07	-9.7636e-07	0.0052574	1.588e-09	-0.0052592	9.914e-07	-9.906e-07	0.0062472	1.4327e-09	-0.0062454	9.983e-07	-9.9974e-07	0.0070348	1.2598e-09	-0.007035	1.00476e-06	-1.0086e-06	0.0077798	1.1659e-09	-0.0077766	1.01262e-06	-1.01918e-06	0.0085024	9.7512e-10	-0.0085038	1.0202e-06	-1.03006e-06	0.0092222	5.8344e-10	-0.009222	1.02868e-06	-1.04372e-06
0.405	-6.1268e-05	2.5161e-09	6.1348e-05	9.8116e-07	-9.7666e-07	0.0056674	1.675e-09	-0.0056664	9.9184e-07	-9.9066e-07	0.0067252	1.394e-09	-0.0067246	9.9892e-07	-1.0004e-06	0.0075544	1.312e-09	-0.0075552	1.00528e-06	-1.00938e-06	0.008334	1.2171e-09	-0.0083302	1.01286e-06	-1.01962e-06	0.009088	1.02109e-09	-0.0090888	1.02094e-06	-1.031e-06	0.009841	6.4079e-10	-0.0098376	1.02944e-06	-1.0446e-06
0.41	-6.4088e-05	2.7459e-09	6.4286e-05	9.8106e-07	-9.766e-07	0.0060872	1.6382e-09	-0.0060864	9.9194e-07	-9.9066e-07	0.0072154	1.4464e-09	-0.0072148	9.9872e-07	-1.00024e-06	0.0080834	1.3517e-09	-0.0080842	1.0057e-06	-1.00946e-06	0.008896	1.26e-09	-0.0088956	1.01344e-06	-1.02034e-06	0.0096842	1.06628e-09	-0.0096846	1.02214e-06	-1.03206e-06	0.0104674	6.9584e-10	-0.010466	1.03034e-06	-1.0456e-06
0.415	-6.6736e-05	2.7407e-09	6.6928e-05	9.8114e-07	-9.7672e-07	0.0065282	1.8113e-09	-0.0065278	9.923e-07	-9.9094e-07	0.0077304	1.6002e-09	-0.0077292	9.99e-07	-9.9994e-07	0.0086426	1.3977e-09	-0.0086422	1.00614e-06	-1.00984e-06	0.0094918	1.295e-09	-0.0094898	1.0138e-06	-1.0205e-06	0.0103132	1.12294e-09	-0.0103124	1.02258e-06	-1.03254e-06	0.0111242	7.5449e-10	-0.011125	1.03146e-06	-1.04674e-06
0.42	-7.0284e-05	2.8598e-09	7.0214e-05	9.8126e-07	-9.7674e-07	0.0069794	1.8644e-09	-0.006978	9.9174e-07	-9.9118e-07	0.0082584	1.5505e-09	-0.0082576	9.991e-07	-1.00052e-06	0.0092138	1.4538e-09	-0.0092134	1.0068e-06	-1.01048e-06	0.0100952	1.3589e-09	-0.010098	1.01464e-06	-1.02128e-06	0.010982	1.167e-09	-0.010956	1.02376e-06	-1.03398e-06	0.011828	8.1687e-10	-0.011796	1.03324e-06	-1.04836e-06
0.425	-7.2934e-05	3.1264e-09	7.318e-05	9.8104e-07	-9.7662e-07	0.007451	1.951e-09	-0.0074496	9.9208e-07	-9.9116e-07	0.008814	1.7108e-09	-0.008816	9.9942e-07	-1.00108e-06	0.0098112	1.4963e-09	-0.0098138	1.00706e-06	-1.01118e-06	0.010733	1.404e-09	-0.0107336	1.01538e-06	-1.02192e-06	0.01165	1.2198e-09	-0.011622	1.02458e-06	-1.03432e-06	0.012516	8.7144e-10	-0.012494	1.03408e-06	-1.04946e-06
0.43	-7.6048e-05	3.2644e-09	7.5958e-05	9.8104e-07	-9.765e-07	0.0079284	2.0253e-09	-0.0079278	9.9242e-07	-9.9154e-07	0.0093782	1.7701e-09	-0.0093784	9.9954e-07	-1.00096e-06	0.0104206	1.5407e-09	-0.0104204	1.0077e-06	-1.01158e-06	0.0113742	1.44e-09	-0.011374	1.01648e-06	-1.02288e-06	0.012324	1.2743e-09	-0.012298	1.02512e-06	-1.03524e-06	0.01322	9.3388e-10	-0.013194	1.03526e-06	-1.05046e-06
0.435	-7.848e-05	3.4038e-09	7.8318e-05	9.8122e-07	-9.7718e-07	0.0084274	2.0056e-09	-0.0084284	9.9262e-07	-9.9174e-07	0.00997	1.8303e-09	-0.0099688	1.00002e-06	-1.00142e-06	0.0110564	1.5988e-09	-0.011055	1.00822e-06	-1.01222e-06	0.012078	1.4895e-09	-0.012052	1.01654e-06	-1.02318e-06	0.013028	1.3213e-09	-0.013006	1.02604e-06	-1.03644e-06	0.013956	9.9432e-10	-0.01393	1.03584e-06	-1.05112e-06
0.44	-8.09e-05	3.3799e-09	8.1024e-05	9.8146e-07	-9.7694e-07	0.0089302	2.177e-09	-0.00893	9.9284e-07	-9.9182e-07	0.0105696	1.89e-09	-0.0105726	1.00022e-06	-1.0017e-06	0.011732	1.6398e-09	-0.0116986	1.00884e-06	-1.01256e-06	0.01276	1.5432e-09	-0.012736	1.01748e-06	-1.02436e-06	0.01374	1.3701e-09	-0.013712	1.02722e-06	-1.0372e-06	0.014694	1.0461e-09	-0.014668	1.03754e-06	-1.0528e-06
0.445	-8.3556e-05	3.701e-09	8.341e-05	9.8178e-07	-9.7706e-07	0.0094516	2.2629e-09	-0.009454	9.927e-07	-9.919e-07	0.0111972	1.9506e-09	-0.0111944	1.00092e-06	-1.00218e-06	0.012406	1.6843e-09	-0.012378	1.00926e-06	-1.0128e-06	0.013462	1.5883e-09	-0.013442	1.01856e-06	-1.02538e-06	0.014478	1.4273e-09	-0.014452	1.02826e-06	-1.0384e-06	0.015458	1.10588e-09	-0.015434	1.0388e-06	-1.05372e-06
0.45	-8.6826e-05	3.6731e-09	8.6766e-05	9.8166e-07	-9.7708e-07	0.0099794	2.1917e-09	-0.0099768	9.9292e-07	-9.9214e-07	0.011862	1.9169e-09	-0.011832	1.00088e-06	-1.0026e-06	0.01308	1.7457e-09	-0.013054	1.00958e-06	-1.01334e-06	0.014178	1.6374e-09	-0.014152	1.01908e-06	-1.02574e-06	0.015218	1.4729e-09	-0.01519	1.02898e-06	-1.03904e-06	0.016232	1.1654e-09	-0.016208	1.04038e-06	-1.05538e-06
0.455	-8.8962e-05	3.8249e-09	8.9012e-05	9.8172e-07	-9.7736e-07	0.010521	2.4162e-09	-0.01052	9.9348e-07	-9.9244e-07	0.012526	2.0714e-09	-0.0125	1.00142e-06	-1.00258e-06	0.013786	1.7994e-09	-0.013758	1.00972e-06	-1.0136e-06	0.01492	1.7003e-09	-0.014892	1.01952e-06	-1.02642e-06	0.015992	1.5275e-09	-0.015968	1.02968e-06	-1.04006e-06	0.01703	1.2267e-09	-0.017012	1.04154e-06	-1.05676e-06
0.46	-9.1274e-05	4.2015e-09	9.11e-05	9.819e-07	-9.775e-07	0.0110622	2.5067e-09	-0.0110626	9.9308e-07	-9.924e-07	0.013188	2.1372e-09	-0.01316	1.00186e-06	-1.00324e-06	0.014496	1.8431e-09	-0.01447	1.01054e-06	-1.01458e-06	0.015662	1.7422e-09	-0.015642	1.02022e-06	-1.02704e-06	0.016756	1.5841e-09	-0.01674	1.03074e-06	-1.04116e-06	0.017832	1.2822e-09	-0.017812	1.04264e-06	-1.05792e-06
0.465	-9.3814e-05	4.1609e-09	9.3876e-05	9.8192e-07	-9.7742e-07	0.011646	2.5953e-09	-0.011622	9.9306e-07	-9.9196e-07	0.013876	2.2073e-09	-0.013848	1.00226e-06	-1.00342e-06	0.015228	1.8987e-09	-0.015208	1.01106e-06	-1.0153e-06	0.016432	1.7883e-09	-0.016406	1.02068e-06	-1.02786e-06	0.017568	1.6338e-09	-0.017542	1.032e-06	-1.04212e-06	0.018666	1.3458e-09	-0.01864	1.04368e-06	-1.0592e-06
0.47	-9.5846e-05	4.5565e-09	9.5842e-05	9.8186e-07	-9.7754e-07	0.012202	2.6777e-09	-0.01218	9.9332e-07	-9.9222e-07	0.01457	2.2648e-09	-0.014546	1.00248e-06	-1.00352e-06	0.015972	1.9548e-09	-0.015946	1.01166e-06	-1.01582e-06	0.017212	1.851e-09	-0.017186	1.0221e-06	-1.0288e-06	0.018372	1.6788e-09	-0.018346	1.03278e-06	-1.04316e-06	0.019494	1.4017e-09	-0.019468	1.04506e-06	-1.0601e-06
0.475	-9.7894e-05	4.7514e-09	9.8084e-05	9.8168e-07	-9.774e-07	0.012776	2.6025e-09	-0.012752	9.9342e-07	-9.9258e-07	0.015288	2.3364e-09	-0.015264	1.00266e-06	-1.0042e-06	0.016736	2.0026e-09	-0.016716	1.01216e-06	-1.01594e-06	0.018014	1.9044e-09	-0.017986	1.0227e-06	-1.02968e-06	0.019206	1.749e-09	-0.019178	1.03438e-06	-1.04472e-06	0.020354	1.4626e-09	-0.020332	1.04642e-06	-1.06164e-06
0.48	-0.00010052	4.9007e-09	0.000100518	9.8194e-07	-9.773e-07	0.013336	2.753e-09	-0.013314	9.9338e-07	-9.924e-07	0.016012	2.4021e-09	-0.015984	1.00336e-06	-1.005e-06	0.017506	2.0616e-09	-0.017486	1.01282e-06	-1.01678e-06	0.018814	1.9467e-09	-0.018786	1.0236e-06	-1.03008e-06	0.02004	1.7904e-09	-0.020014	1.03552e-06	-1.04574e-06	0.021218	1.5217e-09	-0.02119	1.04798e-06	-1.06322e-06
0.485	-0.000102582	4.9097e-09	0.000102902	9.8186e-07	-9.7734e-07	0.013912	2.9728e-09	-0.013892	9.9374e-07	-9.9274e-07	0.016756	2.4678e-09	-0.016736	1.00374e-06	-1.00464e-06	0.018302	2.1247e-09	-0.018274	1.01326e-06	-1.0172e-06	0.019648	2.0069e-09	-0.01962	1.02446e-06	-1.03118e-06	0.020892	1.8389e-09	-0.020866	1.03634e-06	-1.0468e-06	0.022102	1.5812e-09	-0.022074	1.04924e-06	-1.06436e-06
0.49	-0.000104946	5.1169e-09	0.000104714	9.8174e-07	-9.778e-07	0.01448	2.9963e-09	-0.014458	9.9404e-07	-9.931e-07	0.017504	2.4425e-09	-0.017478	1.00374e-06	-1.00518e-06	0.0191	2.1669e-09	-0.019072	1.01444e-06	-1.0183e-06	0.020478	2.0608e-09	-0.020448	1.02552e-06	-1.0319e-06	0.021752	1.9084e-09	-0.021728	1.03756e-06	-1.04782e-06	0.022982	1.6473e-09	-0.022958	1.05096e-06	-1.0657e-06
0.495	-0.000106584	5.3344e-09	0.000106786	9.8216e-07	-9.7792e-07	0.015058	3.0161e-09	-0.015036	9.9396e-07	-9.9306e-07	0.018274	2.4458e-09	-0.018248	1.00368e-06	-1.00558e-06	0.019918	2.2293e-09	-0.019894	1.01486e-06	-1.01866e-06	0.021328	2.1088e-09	-0.021306	1.0263e-06	-1.03326e-06	0.022636	1.9565e-09	-0.022616	1.0389e-06	-1.049e-06	0.02389	1.7081e-09	-0.02387	1.05224e-06	-1.06774e-06
0.5	-0.000108408	5.8223e-09	0.000108224	9.8194e-07	-9.773e-07	0.015624	3.0876e-09	-0.015604	9.9382e-07	-9.9304e-07	0.019048	2.4992e-09	-0.019016	1.00422e-06	-1.00608e-06	0.02074	2.2972e-09	-0.020718	1.01504e-06	-1.01864e-06	0.022184	2.1654e-09	-0.022154	1.02726e-06	-1.03392e-06	0.023516	2.0099e-09	-0.0235	1.0402e-06	-1.05048e-06	0.024802	1.7655e-09	-0.02478	1.05408e-06	-1.06954e-06
0.505	-0.000109978	6.0757e-09	0.000110046	9.8246e-07	-9.7812e-07	0.0162	3.2122e-09	-0.016178	9.9418e-07	-9.933e-07	0.01984	2.5643e-09	-0.019812	1.005e-06	-1.0065e-06	0.021586	2.3511e-09	-0.021558	1.0157e-06	-1.01972e-06	0.023064	2.2347e-09	-0.023036	1.02834e-06	-1.03494e-06	0.024428	2.0736e-09	-0.024408	1.04146e-06	-1.0516e-06	0.025738	1.8235e-09	-0.025716	1.05532e-06	-1.07078e-06
0.51	-0.000111476	6.0264e-09	0.00011143	9.8206e-07	-9.7768e-07	0.016762	3.3129e-09	-0.016738	9.9444e-07	-9.9344e-07	0.020628	2.8349e-09	-0.020596	1.00564e-06	-1.00688e-06	0.02243	2.4072e-09	-0.022402	1.01648e-06	-1.02034e-06	0.02394	2.2736e-09	-0.023912	1.02898e-06	-1.03566e-06	0.025334	2.1272e-09	-0.025316	1.0423e-06	-1.05248e-06	0.026666	1.8866e-09	-0.026646	1.05678e-06	-1.07208e-06
0.515	-0.00011334	6.2737e-09	0.000113164	9.8206e-07	-9.7772e-07	0.017334	3.657e-09	-0.017308	9.946e-07	-9.9334e-07	0.02144	2.7135e-09	-0.021414	1.0055e-06	-1.00712e-06	0.023296	2.4754e-09	-0.02327	1.01712e-06	-1.02098e-06	0.024844	2.341e-09	-0.024816	1.0294e-06	-1.03614e-06	0.026268	2.1786e-09	-0.02624	1.04338e-06	-1.0539e-06	0.027622	1.9488e-09	-0.0276	1.05868e-06	-1.07352e-06
0.52	-0.000114788	6.52e-09	0.000114802	9.8254e-07	-9.7792e-07	0.017888	3.7851e-09	-0.017874	9.9486e-07	-9.9398e-07	0.022248	2.8391e-09	-0.022222	1.00604e-06	-1.00768e-06	0.02416	2.535e-09	-0.024132	1.01748e-06	-1.02186e-06	0.025738	2.4014e-09	-0.025718	1.03084e-06	-1.0376e-06	0.027196	2.248e-09	-0.027168	1.0448e-06	-1.05504e-06	0.028578	2.0072e-09	-0.028556	1.06012e-06	-1.07514e-06
0.525	-0.000115008	6.8091e-09	0.000115002	9.8224e-07	-9.7792e-07	0.018444	3.6815e-09	-0.018422	9.9484e-07	-9.937e-07	0.023078	3.0098e-09	-0.023062	1.00674e-06	-1.00806e-06	0.025046	2.5885e-09	-0.025028	1.01886e-06	-1.02252e-06	0.026662	2.449e-09	-0.026636	1.03178e-06	-1.0385e-06	0.028146	2.3052e-09	-0.02812	1.04596e-06	-1.05618e-06	0.029548	2.0736e-09	-0.029526	1.0613e-06	-1.07666e-06
0.53	-0.0001182	7.0797e-09	0.00012092	9.8244e-07	-9.7814e-07	0.018988	4.0503e-09	-0.018964	9.9494e-07	-9.9414e-07	0.023902	3.1513e-09	-0.02388	1.00712e-06	-1.00854e-06	0.02593	2.6593e-09	-0.025904	1.01938e-06	-1.02326e-06	0.027582	2.5166e-09	-0.027556	1.03308e-06	-1.0398e-06	0.029088	2.358e-09	-0.029066	1.04782e-06	-1.05772e-06	0.030522	2.1351e-09	-0.030496	1.06326e-06	-1.07842e-06
0.535	-0.0001216	7.3788e-09	0.0001219	9.8268e-07	-9.7822e-07	0.019548	3.9377e-09	-0.019508	9.9514e-07	-9.9408e-07	0.024752	3.0095e-09	-0.024722	1.00744e-06	-1.00886e-06	0.026838	2.735e-09	-0.02681	1.02e-06	-1.02402e-06	0.028526	2.586e-09	-0.028502	1.03376e-06	-1.04032e-06	0.030056	2.4211e-09	-0.030036	1.04884e-06	-1.05904e-06	0.031512	2.1963e-09	-0.03149	1.06494e-06	-1.08014e-06
0.54	-0.000125	7.6851e-09	0.00012322	9.8272e-07	-9.7838e-07	0.020064	4.0877e-09	-0.020036	9.9538e-07	-9.9424e-07	0.02559	3.0922e-09	-0.02556	1.00766e-06	-1.00904e-06	0.027742	2.7843e-09	-0.027718	1.02092e-06	-1.0248e-06	0.02946	2.6384e-09	-0.029436	1.03488e-06	-1.04182e-06	0.031022	2.482e-09	-0.031002	1.0501e-06	-1.06038e-06	0.032506	2.2606e-09	-0.032486	1.06644e-06	-1.08162e-06
0.545	-0.00012304	8.2521e-09	0.00012226	9.8276e-07	-9.7842e-07	0.020584	4.2329e-09	-0.020558	9.9534e-07	-9.9444e-07	0.026448	3.4089e-09	-0.026444	1.0084e-06	-1.00974e-06	0.028666	2.8615e-09	-0.028644	1.02144e-06	-1.02556e-06	0.03042	2.6983e-09	-0.030398	1.0356e-06	-1.0424e-06	0.03201	2.5389e-09	-0.031992	1.05156e-06	-1.06178e-06	0.033514	2.3298e-09	-0.03349	1.06802e-06	-1.0836e-06
0.55	-0.00012834	8.3139e-09	0.00012238	9.8258e-07	-9.7814e-07	0.021096	4.6577e-09	-0.021068	9.9544e-07	-9.9424e-07	0.027302	3.4993e-09	-0.027278	1.0086e-06	-1.0102e-06	0.02959	2.9293e-09	-0.029564	1.02214e-06	-1.02608e-06	0.03137	2.7694e-09	-0.03135	1.0365e-06	-1.04324e-06	0.032992	2.6038e-09	-0.03297	1.0526e-06	-1.06272e-06	0.034522	2.3917e-09	-0.034496	1.06996e-06	-1.08554e-06
0.555	-0.0001244	8.6561e-09	0.00012644	9.8288e-07	-9.7862e-07	0.021602	4.5535e-09	-0.02158	9.9566e-07	-9.9492e-07	0.02817	3.5894e-09	-0.028144	1.00924e-06	-1.01046e-06	0.030532	2.9976e-09	-0.030504	1.02274e-06	-1.0267e-06	0.032348	2.825e-09	-0.032326	1.03764e-06	-1.04448e-06	0.033998	2.6745e-09	-0.033972	1.05426e-06	-1.06438e-06	0.035548	2.4574e-09	-0.03552	1.07182e-06	-1.08726e-06
0.56	-0.00012546	9.232e-09	0.00012918	9.8296e-07	-9.7838e-07	0.02209	5.0015e-09	-0.022072	9.9576e-07	-9.951e-07	0.029044	3.4264e-09	-0.029006	1.00962e-06	-1.0108e-06	0.031462	3.0722e-09	-0.031444	1.02346e-06	-1.02746e-06	0.033324	2.8883e-09	-0.033302	1.03876e-06	-1.04562e-06	0.034998	2.7301e-09	-0.03497	1.0553e-06	-1.06574e-06	0.036568	2.5263e-09	-0.036544	1.07344e-06	-1.08922e-06
0.565	-0.0001296	9.4006e-09	0.00012952	9.8306e-07	-9.7868e-07	0.022574	4.9182e-09	-0.022552	9.9602e-07	-9.95e-07	0.0299	3.5233e-09	-0.029872	1.0097e-06	-1.01102e-06	0.032418	3.1446e-09	-0.032404	1.02428e-06	-1.02834e-06	0.03432	2.964e-09	-0.034296	1.03966e-06	-1.04656e-06	0.036016	2.7959e-09	-0.035992	1.0567e-06	-1.06742e-06	0.037608	2.5893e-09	-0.037586	1.07512e-06	-1.0904e-06
0.57	-0.00013054	9.8027e-09	0.0001318	9.8316e-07	-9.7868e-07	0.023044	5.0703e-09	-0.023024	9.963e-07	-9.9522e-07	0.030772	3.8753e-09	-0.030748	1.01e-06	-1.01156e-06	0.033376	3.215e-09	-0.03335	1.02456e-06	-1.02906e-06	0.035304	3.0254e-09	-0.03528	1.04058e-06	-1.04744e-06	0.037026	2.8575e-09	-0.037002	1.05828e-06	-1.06848e-06	0.038644	2.6588e-09	-0.038622	1.07708e-06	-1.09224e-06
0.575	-0.00012896	1.01986e-08	0.00013254	9.8324e-07	-9.785e-07	0.023512	5.4442e-09	-0.023484	9.958e-07	-9.9512e-07	0.031656	3.7137e-09	-0.03163	1.0108e-06	-1.0123e-06	0.034346	3.2901e-09	-0.034326	1.02534e-06	-1.02932e-06	0.036312	3.0965e-09	-0.03629	1.04166e-06	-1.04876e-06	0.038064	2.9226e-09	-0.038042	1.0597e-06	-1.07002e-06	0.0397	2.7286e-09	-0.039676	1.0788e-06	-1.09456e-06
0.58	-0.00013076	1.05975e-08	0.00013424	9.8324e-07	-9.7896e-07	0.02396	5.4517e-09	-0.023932	9.9646e-07	-9.9538e-07	0.032546	3.8103e-09	-0.032506	1.01066e-06	-1.01226e-06	0.035306	3.3715e-09	-0.035288	1.02602e-06	-1.03034e-06	0.037314	3.1703e-09	-0.037286	1.04254e-06	-1.0499e-06	0.039088	2.9911e-09	-0.039062	1.06094e-06	-1.07152e-06	0.040748	2.7961e-09	-0.040726	1.08076e-06	-1.09652e-06
0.585	-0.0001346	1.11093e-08	0.00013602	9.8336e-07	-9.7856e-07	0.0244	5.6564e-09	-0.024376	9.9638e-07	-9.9546e-07	0.033412	3.9087e-09	-0.033392	1.01124e-06	-1.01292e-06	0.036296	3.4484e-09	-0.036264	1.027e-06	-1.03086e-06	0.038336	3.2377e-09	-0.03831	1.04366e-06	-1.05058e-06	0.040138	3.0639e-09	-0.040112	1.06204e-06	-1.07268e-06	0.041816	2.8658e-09	-0.041788	1.083e-06	-1.09836e-06
0.59	-0.00013278	1.16034e-08	0.00013476	9.8332e-07	-9.7896e-07	0.024822	5.8687e-09	-0.024798	9.9636e-07	-9.9572e-07	0.034284	4.2994e-09	-0.034232	1.0118e-06	-1.0132e-06	0.037268	3.5256e-09	-0.037246	1.02778e-06	-1.03172e-06	0.039344	3.3099e-09	-0.039322	1.04444e-06	-1.05132e-06	0.041176	3.1271e-09	-0.041146	1.0639e-06	-1.07452e-06	0.042874	2.9356e-09	-0.04285	1.0842e-06	-1.09968e-06
0.595	-0.0001351	1.20102e-08	0.00013644	9.8378e-07	-9.7934e-07	0.025242	6.0836e-09	-0.025214	9.9644e-07	-9.955e-07	0.035172	4.1332e-09	-0.035148	1.01186e-06	-1.0132e-06	0.038264	3.6007e-09	-0.03824	1.02858e-06	-1.03266e-06	0.040374	3.3792e-09	-0.040348	1.04578e-06	-1.05282e-06	0.042238	3.2018e-09	-0.04221	1.0653e-06	-1.076e-06	0.043958	3.0068e-09	-0.043932	1.08668e-06	-1.10188e-06
0.6	-0.0001353	1.24978e-08	0.00013616	9.8312e-07	-9.7902e-07	0.02565	6.317e-09	-0.025616	9.97e-07	-9.9586e-07	0.03604	4.2423e-09	-0.036014	1.01246e-06	-1.01416e-06	0.039248	3.6971e-09	-0.039226	1.02906e-06	-1.03316e-06	0.041404	3.4555e-09	-0.041374	1.04698e-06	-1.05416e-06	0.043282	3.2711e-09	-0.043256	1.06694e-06	-1.0776e-06	0.045026	3.0819e-09	-0.045006	1.08814e-06	-1.10384e-06
0.605	-0.00013442	1.31536e-08	0.00013854	9.8368e-07	-9.7954e-07	0.02602	6.7784e-09	-0.026016	9.9688e-07	-9.9594e-07	0.036918	4.5979e-09	-0.036898	1.01308e-06	-1.01434e-06	0.040258	3.7793e-09	-0.040224	1.02972e-06	-1.03366e-06	0.042446	3.5305e-09	-0.042422	1.04848e-06	-1.055e-06	0.044358	3.3435e-09	-0.044332	1.06838e-06	-1.0789e-06	0.046118	3.1515e-09	-0.046094	1.09036e-06	-1.1055e-06
0.61	-0.0001412	1.35298e-08	0.00013828	9.8368e-07	-9.7946e-07	0.026412	6.7969e-09	-0.02639	9.972e-07	-9.9616e-07	0.037786	4.4758e-09	-0.037756	1.01332e-06	-1.01494e-06	0.041248	3.859e-09	-0.041224	1.03034e-06	-1.03432e-06	0.04348	3.6089e-09	-0.043456	1.04904e-06	-1.05604e-06	0.045418	3.4081e-09	-0.045396	1.06968e-06	-1.08072e-06	0.047204	3.2238e-09	-0.04718	1.09204e-06	-1.10728e-06
0.615	-0.00013892	1.42218e-08	0.00013902	9.838e-07	-9.7912e-07	0.026782	7.0663e-09	-0.026746	9.9728e-07	-9.9648e-07	0.03866	4.6017e-09	-0.03864	1.01388e-06	-1.01544e-06	0.042268	3.9437e-09	-0.04224	1.03104e-06	-1.03504e-06	0.044538	3.6851e-09	-0.044516	1.05008e-06	-1.05726e-06	0.046492	3.5032e-09	-0.046474	1.07128e-06	-1.08168e-06	0.048304	3.299e-09	-0.04828	1.09414e-06	-1.10948e-06
0.62	-0.00014112	1.48426e-08	0.00013914	9.8408e-07	-9.7968e-07	0.02714	7.3345e-09	-0.027116	9.975e-07	-9.964e-07	0.039522	5.0428e-09	-0.0395	1.01426e-06	-1.01554e-06	0.04327	4.0376e-09	-0.043248	1.03214e-06	-1.03578e-06	0.04558	3.7619e-09	-0.045562	1.0513e-06	-1.05836e-06	0.047568	3.5652e-09	-0.047546	1.07258e-06	-1.08328e-06	0.0494	3.3753e-09	-0.049374	1.09564e-06	-1.11116e-06
0.625	-0.00014082	1.52926e-08	0.0001399	9.8372e-07	-9.7916e-07	0.027476	7.8196e-09	-0.027464	9.9726e-07	-9.961e-07	0.040378	5.0701e-09	-0.040356	1.01422e-06	-1.01562e-06	0.044292	4.1332e-09	-0.044268	1.03292e-06	-1.0369e-06	0.046652	3.8514e-09	-0.046628	1.05256e-06	-1.05934e-06	0.04866	3.6422e-09	-0.048644	1.07434e-06	-1.08482e-06	0.050514	3.4572e-09	-0.050488	1.09734e-06	-1.11328e-06
0.63	-0.000139	1.58908e-08	0.00014224	9.8374e-07	-9.7942e-07	0.027828	7.9097e-09	-0.027802	9.977e-07	-9.9642e-07	0.041228	5.0052e-09	-0.041202	1.0151e-06	-1.0166e-06	0.0453	4.2216e-09	-0.045274	1.03376e-06	-1.03766e-06	0.047704	3.9364e-09	-0.047682	1.05336e-06	-1.06016e-06	0.049744	3.7313e-09	-0.04972	1.07582e-06	-1.08626e-06	0.05161	3.5358e-09	-0.051588	1.09898e-06	-1.11466e-06
0.635	-0.00014404	1.6581e-08	0.00014474	9.8388e-07	-9.7926e-07	0.028156	8.3073e-09	-0.028134	9.974e-07	-9.9678e-07	0.042074	5.4754e-09	-0.042054	1.01576e-06	-1.01714e-06	0.046332	4.3142e-09	-0.046306	1.0343e-06	-1.03828e-06	0.04878	4.0157e-09	-0.048752	1.05436e-06	-1.06146e-06	0.050848	3.8064e-09	-0.05082	1.07756e-06	-1.08804e-06	0.05273	3.6051e-09	-0.052706	1.1014e-06	-1.11688e-06
0.64	-0.00014328	1.7289e-08	0.00014292	9.8342e-07	-9.7928e-07	0.028468	8.5454e-09	-0.028446	9.9786e-07	-9.9684e-07	0.042904	5.3007e-09	-0.042884	1.01606e-06	-1.01708e-06	0.047346	4.4126e-09	-0.047328	1.03494e-06	-1.0394e-06	0.04984	4.1002e-09	-0.049816	1.0557e-06	-1.06258e-06	0.05194	3.8768e-09	-0.051912	1.07878e-06	-1.0896e-06	0.05384	3.688e-09	-0.053824	1.10378e-06	-1.11914e-06
0.645	-0.00014612	1.79674e-08	0.00014288	9.8358e-07	-9.7946e-07	0.028774	8.8599e-09	-0.02877	9.977e-07	-9.968e-07	0.043738	5.4593e-09	-0.043716	1.01602e-06	-1.01744e-06	0.048382	4.5168e-09	-0.048362	1.03548e-06	-1.0394e-06	0.050926	4.184e-09	-0.050906	1.05706e-06	-1.06394e-06	0.053046	3.9651e-09	-0.053014	1.08036e-06	-1.09088e-06	0.05497	3.775e-09	-0.05495	1.1052e-06	-1.12118e-06
0.65	-0.00014268	1.8705e-08	0.00014326	9.8374e-07	-9.7958e-07	0.029072	9.3321e-09	-0.02904	9.9736e-07	-9.964e-07	0.044556	5.6201e-09	-0.044528	1.01608e-06	-1.0175e-06	0.04941	4.6184e-09	-0.049384	1.03662e-06	-1.04052e-06	0.052002	4.2717e-09	-0.051976	1.05752e-06	-1.06498e-06	0.054138	4.0481e-09	-0.054116	1.0817e-06	-1.09218e-06	0.056088	3.8524e-09	-0.056066	1.10752e-06	-1.12288e-06
0.655	-0.00014734	1.94732e-08	0.00014684	9.8386e-07	-9.7952e-07	0.029356	9.6233e-09	-0.029338	9.98e-07	-9.9708e-07	0.045318	6.1213e-09	-0.045334	1.01618e-06	-1.0178e-06	0.050432	4.7246e-09	-0.050408	1.03672e-06	-1.04074e-06	0.053064	4.3645e-09	-0.053046	1.05856e-06	-1.06568e-06	0.055246	4.1275e-09	-0.05522	1.08338e-06	-1.09386e-06	0.05721	3.9302e-09	-0.057196	1.10984e-06	-1.12548e-06
0.66	-0.00014996	2.0314e-08	0.00014652	9.8414e-07	-9.7982e-07	0.029636	9.9317e-09	-0.029624	9.9816e-07	-9.973e-07	0.04616	6.099e-09	-0.046136	1.017e-06	-1.01846e-06	0.051468	4.8216e-09	-0.051446	1.0375e-06	-1.04162e-06	0.054166	4.4585e-09	-0.054136	1.06024e-06	-1.06698e-06	0.05636	4.2253e-09	-0.056346	1.08474e-06	-1.09548e-06	0.058358	4.0183e-09	-0.058324	1.11172e-06	-1.12728e-06
0.665	-0.00014602	2.1184e-08	0.00014704	9.8384e-07	-9.7952e-07	0.029906	1.07486e-08	-0.02988	9.9854e-07	-9.9736e-07	0.046942	6.1804e-09	-0.046908	1.01712e-06	-1.01842e-06	0.052492	4.9368e-09	-0.052472	1.03822e-06	-1.04204e-06	0.055242	4.5483e-09	-0.055226	1.06138e-06	-1.0681e-06	0.057464	4.3002e-09	-0.057444	1.08608e-06	-1.09686e-06	0.059482	4.1049e-09	-0.059458	1.11342e-06	-1.12894e-06
0.67	-0.00014708	2.20086e-08	0.0001471	9.8396e-07	-9.7966e-07	0.03017	1.09551e-08	-0.030146	9.9824e-07	-9.973e-07	0.047718	6.3308e-09	-0.047664	1.01712e-06	-1.01882e-06	0.053538	5.0582e-09	-0.05352	1.03904e-06	-1.04328e-06	0.056352	4.646e-09	-0.05632	1.06262e-06	-1.06924e-06	0.058602	4.3839e-09	-0.05858	1.08766e-06	-1.0986e-06	0.060618	4.1892e-09	-0.060602	1.1154e-06	-1.1312e-06
0.675	-0.00014972	2.29486e-08	0.00014558	9.8422e-07	-9.7976e-07	0.03042	1.117e-08	-0.030398	9.983e-07	-9.9742e-07	0.048482	6.5219e-09	-0.04845	1.01788e-06	-1.0191e-06	0.054558	5.1676e-09	-0.054542	1.0396e-06	-1.04366e-06	0.057438	4.7435e-09	-0.057414	1.06352e-06	-1.07038e-06	0.059714	4.486e-09	-0.059696	1.08986e-06	-1.10046e-06	0.061762	4.2775e-09	-0.06174	1.11746e-06	-1.1334e-06
0.68	-0.00014704	2.3942e-08	0.00015084	9.8418e-07	-9.799e-07	0.030662	1.16086e-08	-0.030642	9.9834e-07	-9.9748e-07	0.049228	6.7258e-09	-0.049206	1.0181e-06	-1.01972e-06	0.055602	5.2858e-09	-0.055588	1.04042e-06	-1.04426e-06	0.058538	4.846e-09	-0.058516	1.06468e-06	-1.07172e-06	0.060846	4.5756e-09	-0.060824	1.091e-06	-1.1018e-06	0.062914	4.3679e-09	-0.06289	1.11956e-06	-1.13566e-06
0.685	-0.00014424	2.49528e-08	0.00015038	9.8402e-07	-9.7982e-07	0.030896	1.21306e-08	-0.030872	9.9848e-07	-9.9736e-07	0.04997	6.94e-09	-0.049938	1.01852e-06	-1.01968e-06	0.056636	5.414e-09	-0.056614	1.04128e-06	-1.04536e-06	0.059632	4.9348e-09	-0.059606	1.06576e-06	-1.0729e-06	0.061966	4.6639e-09	-0.061938	1.09258e-06	-1.10298e-06	0.064058	4.4542e-09	-0.064034	1.12104e-06	-1.1371e-06
0.69	-0.00015056	2.60412e-08	0.00014938	9.8414e-07	-9.7986e-07	0.031128	1.26982e-08	-0.031108	9.983e-07	-9.9736e-07	0.050704	7.1748e-09	-0.050668	1.01884e-06	-1.02026e-06	0.05768	5.537e-09	-0.057654	1.0416e-06	-1.04568e-06	0.060746	5.0456e-09	-0.060722	1.06662e-06	-1.0738e-06	0.063112	4.7569e-09	-0.063088	1.09424e-06	-1.1049e-06	0.065214	4.5476e-09	-0.06519	1.12322e-06	-1.1392e-06
0.695	-0.00014886	2.70886e-08	0.00015146	9.8412e-07	-9.7982e-07	0.03135	1.30816e-08	-0.03133	9.9844e-07	-9.9744e-07	0.051388	7.4009e-09	-0.05137	1.01924e-06	-1.0204e-06	0.058704	5.6649e-09	-0.058678	1.04268e-06	-1.0469e-06	0.061848	5.1524e-09	-0.061818	1.06802e-06	-1.07494e-06	0.064236	4.8604e-09	-0.06421	1.09598e-06	-1.10644e-06	0.066366	4.643e-09	-0.06634	1.12538e-06	-1.14148e-06
0.7	-0.00015038	2.83394e-08	0.00015046	9.8404e-07	-9.799e-07	0.031566	1.37126e-08	-0.03154	9.9846e-07	-9.9774e-07	0.052092	7.6372e-09	-0.052046	1.0196e-06	-1.0207e-06	0.05974	5.801e-09	-0.059718	1.04332e-06	-1.04758e-06	0.062958	5.2578e-09	-0.062932	1.06908e-06	-1.076e-06	0.065384	4.9511e-09	-0.065356	1.09704e-06	-1.10788e-06	0.06752	4.737e-09	-0.067502	1.12734e-06	-1.14306e-06
0.705	-0.00014996	2.95154e-08	0.0001507	9.8414e-07	-9.798e-07	0.03177	1.40734e-08	-0.031746	9.986e-07	-9.9756e-07	0.052766	8.017e-09	-0.052742	1.02004e-06	-1.02124e-06	0.060764	5.929e-09	-0.060744	1.04444e-06	-1.0483e-06	0.064054	5.3584e-09	-0.064032	1.07042e-06	-1.07748e-06	0.066508	5.0481e-09	-0.066492	1.09892e-06	-1.10972e-06	0.068682	4.8379e-09	-0.068656	1.1293e-06	-1.14526e-06
0.71	-0.00015324	3.06884e-08	0.0001526	9.8448e-07	-9.8006e-07	0.031972	1.46562e-08	-0.031954	9.9836e-07	-9.9768e-07	0.053408	8.3623e-09	-0.053428	1.0201e-06	-1.02152e-06	0.061792	6.0733e-09	-0.061774	1.04504e-06	-1.04904e-06	0.065178	5.4704e-09	-0.065154	1.0716e-06	-1.07844e-06	0.067666	5.1619e-09	-0.067644	1.10068e-06	-1.1109e-06	0.069844	4.938e-09	-0.069824	1.13176e-06	-1.14702e-06
0.715	-0.0001514	3.19912e-08	0.00015276	9.8454e-07	-9.8006e-07	0.03217	1.52284e-08	-0.032148	9.9852e-07	-9.9756e-07	0.05408	8.4322e-09	-0.054058	1.02036e-06	-1.02158e-06	0.062806	6.2161e-09	-0.062788	1.0458e-06	-1.0494e-06	0.066282	5.594e-09	-0.066252	1.07222e-06	-1.07936e-06	0.068796	5.2608e-09	-0.068778	1.10176e-06	-1.1125e-06	0.071004	5.0325e-09	-0.070978	1.13312e-06	-1.14912e-06
0.72	-0.00015362	3.3514e-08	0.00015368	9.8442e-07	-9.8026e-07	0.032362	1.58594e-08	-0.032338	9.9854e-07	-9.9774e-07	0.054728	9.0113e-09	-0.054722	1.02084e-06	-1.02224e-06	0.063832	6.367e-09	-0.063812	1.04644e-06	-1.05016e-06	0.06741	5.6996e-09	-0.067378	1.07364e-06	-1.08076e-06	0.069948	5.3689e-09	-0.069922	1.10332e-06	-1.11414e-06	0.072168	5.143e-09	-0.072156	1.1358e-06	-1.15134e-06
0.725	-0.0001523	3.49712e-08	0.00015068	9.8436e-07	-9.8052e-07	0.032534	1.6598e-08	-0.032516	9.9886e-07	-9.9794e-07	0.055338	9.045e-09	-0.055314	1.0213e-06	-1.02222e-06	0.064842	6.5248e-09	-0.064818	1.04684e-06	-1.05058e-06	0.068514	5.8343e-09	-0.068488	1.07436e-06	-1.08128e-06	0.071088	5.4685e-09	-0.071072	1.1046e-06	-1.1155e-06	0.073332	5.2484e-09	-0.073308	1.13754e-06	-1.15374e-06
0.73	-0.00015348	3.63236e-08	0.00015456	9.8406e-07	-9.7986e-07	0.032716	1.71736e-08	-0.032696	9.9868e-07	-9.9768e-07	0.055948	9.322e-09	-0.05592	1.02162e-06	-1.02304e-06	0.065864	6.6738e-09	-0.06584	1.04726e-06	-1.05146e-06	0.06964	5.9351e-09	-0.069614	1.07574e-06	-1.08274e-06	0.072252	5.5807e-09	-0.072224	1.1063e-06	-1.11752e-06	0.074512	5.3474e-09	-0.074494	1.1398e-06	-1.15532e-06
0.735	-0.00015266	3.78428e-08	0.00015724	9.8418e-07	-9.8018e-07	0.032886	1.7837e-08	-0.032866	9.9874e-07	-9.977e-07	0.05653	9.6407e-09	-0.056502	1.02162e-06	-1.02302e-06	0.06686	6.8424e-09	-0.06684	1.04816e-06	-1.05232e-06	0.070748	6.0666e-09	-0.070724	1.07682e-06	-1.084e-06	0.073396	5.6884e-09	-0.073372	1.10776e-06	-1.11872e-06	0.075678	5.4529e-09	-0.075656	1.14114e-06	-1.15746e-06
0.74	-0.00015254	3.954e-08	0.00015448	9.8424e-07	-9.8004e-07	0.033052	1.8582e-08	-0.033034	9.9874e-07	-9.9794e-07	0.057112	1.02111e-08	-0.057088	1.02202e-06	-1.023e-06	0.067868	7.0212e-09	-0.067846	1.04864e-06	-1.05254e-06	0.071874	6.2019e-09	-0.071852	1.07802e-06	-1.08506e-06	0.074556	5.8039e-09	-0.07453	1.10934e-06	-1.12044e-06	0.07686	5.5566e-09	-0.076838	1.14374e-06	-1.15954e-06
0.745	-0.00015538	4.12554e-08	0.00015778	9.8442e-07	-9.7994e-07	0.03321	1.9445e-08	-0.033194	9.9868e-07	-9.9766e-07	0.057668	1.03212e-08	-0.057646	1.02166e-06	-1.02306e-06	0.068848	7.1816e-09	-0.068826	1.0501e-06	-1.05386e-06	0.072986	6.3259e-09	-0.07296	1.07904e-06	-1.0858e-06	0.075702	5.9244e-09	-0.075684	1.11078e-06	-1.12186e-06	0.078022	5.6836e-09	-0.078004	1.14572e-06	-1.16154e-06
0.75	-0.00015644	4.32668e-08	0.00015522	9.8476e-07	-9.806e-07	0.033372	2.00898e-08	-0.03335	9.9912e-07	-9.9812e-07	0.058218	1.0699e-08	-0.058194	1.02192e-06	-1.02328e-06	0.06984	7.3684e-09	-0.069814	1.05024e-06	-1.0542e-06	0.074114	6.4506e-09	-0.074096	1.08016e-06	-1.08722e-06	0.07687	6.0306e-09	-0.07685	1.11246e-06	-1.12334e-06	0.079212	5.801e-09	-0.079188	1.14754e-06	-1.1639e-06
0.755	-0.00015304	4.49504e-08	0.00015374	9.8408e-07	-9.8034e-07	0.03352	2.0972e-08	-0.033502	9.9918e-07	-9.981e-07	0.05875	1.1343e-08	-0.058724	1.02274e-06	-1.02398e-06	0.07081	7.553e-09	-0.070792	1.0508e-06	-1.05482e-06	0.07523	6.5938e-09	-0.075206	1.0809e-06	-1.08786e-06	0.07802	6.1561e-09	-0.077998	1.11384e-06	-1.1253e-06	0.080384	5.9161e-09	-0.080354	1.14994e-06	-1.1658e-06
0.76	-0.00015632	4.69866e-08	0.0001542	9.8456e-07	-9.801e-07	0.03367	2.19518e-08	-0.033642	9.9892e-07	-9.9812e-07	0.05927	1.16644e-08	-0.059248	1.02282e-06	-1.02436e-06	0.071794	7.7542e-09	-0.071762	1.05164e-06	-1.05552e-06	0.076358	6.7314e-09	-0.076332	1.08228e-06	-1.08906e-06	0.079186	6.2886e-09	-0.079162	1.11586e-06	-1.1267e-06	0.081576	6.0347e-09	-0.081546	1.1555e-06	-1.1691e-06
0.765	-0.00015372	4.90062e-08	0.00015724	9.8412e-07	-9.7996e-07	0.033812	2.2765e-08	-0.033788	9.9938e-07	-9.9824e-07	0.059774	1.19968e-08	-0.059748	1.02302e-06	-1.02416e-06	0.072736	7.9586e-09	-0.072714	1.05212e-06	-1.056e-06	0.077466	6.8687e-09	-0.077448	1.08282e-06	-1.09022e-06	0.080342	6.4034e-09	-0.080322	1.11742e-06	-1.12834e-06	0.08274	6.1488e-09	-0.08272	1.1571e-06	-1.1712e-06
0.77	-0.00015638	5.12186e-08	0.00015466	9.8426e-07	-9.8e-07	0.033946	2.36966e-08	-0.033926	9.9892e-07	-9.9804e-07	0.060252	1.24028e-08	-0.060236	1.02296e-06	-1.0241e-06	0.073684	8.1755e-09	-0.07366	1.05296e-06	-1.05676e-06	0.078582	6.9961e-09	-0.07856	1.08454e-06	-1.09118e-06	0.081488	6.5312e-09	-0.081468	1.119e-06	-1.1301e-06	0.083902	6.2631e-09	-0.083896	1.1595e-06	-1.173e-06
0.775	-0.00015722	5.34438e-08	0.00016022	9.8412e-07	-9.8026e-07	0.03408	2.45726e-08	-0.034056	9.9922e-07	-9.9818e-07	0.060728	1.28114e-08	-0.060708	1.02314e-06	-1.02448e-06	0.074636	8.3911e-09	-0.074602	1.05334e-06	-1.05758e-06	0.079704	7.1503e-09	-0.079678	1.08504e-06	-1.09242e-06	0.082662	6.66e-09	-0.08264	1.12068e-06	-1.13176e-06	0.08511	6.4055e-09	-0.085082	1.1615e-06	-1.1742e-06
0.78	-0.00015464	5.58642e-08	0.0001557	9.8428e-07	-9.8028e-07	0.034214	2.56718e-08	-0.034188	9.9892e-07	-9.9784e-07	0.061196	1.32496e-08	-0.061166	1.02298e-06	-1.02444e-06	0.075554	8.6174e-09	-0.075532	1.05398e-06	-1.05788e-06	0.080812	7.2912e-09	-0.080786	1.08638e-06	-1.0933e-06	0.083816	6.801e-09	-0.083792	1.12198e-06	-1.13336e-06	0.086278	6.5234e-09	-0.086262	1.163e-06	-1.1763e-06
0.785	-0.0001598	5.83342e-08	0.00015702	9.8436e-07	-9.8044e-07	0.034346	2.6728e-08	-0.034316	9.9922e-07	-9.9828e-07	0.061646	1.37478e-08	-0.06162	1.02334e-06	-1.02474e-06	0.076478	8.8479e-09	-0.076454	1.05434e-06	-1.05824e-06	0.08194	7.4516e-09	-0.081916	1.08744e-06	-1.09476e-06	0.084986	6.9188e-09	-0.084964	1.12356e-06	-1.13444e-06	0.087476	6.6422e-09	-0.087456	1.1643e-06	-1.1778e-06
0.79	-0.00015646	6.09178e-08	0.00015642	9.8454e-07	-9.8044e-07	0.034466	2.7813e-08	-0.034436	9.993e-07	-9.9824e-07	0.062078	1.42946e-08	-0.062052	1.02372e-06	-1.02494e-06	0.077376	9.1016e-09	-0.077352	1.05506e-06	-1.05896e-06	0.08305	7.6157e-09	-0.083024	1.08846e-06	-1.09582e-06	0.086148	7.0663e-09	-0.086124	1.12498e-06	-1.13574e-06	0.088644	6.7819e-09	-0.088624	1.167e-06	-1.1804e-06
0.795	-0.00015824	6.36266e-08	0.0001584	9.8406e-07	-9.8004e-07	0.034582	2.91442e-08	-0.034558	9.9914e-07	-9.983e-07	0.062508	1.49392e-08	-0.062478	1.02372e-06	-1.02506e-06	0.078278	9.3354e-09	-0.07825	1.05584e-06	-1.05982e-06	0.084162	7.7738e-09	-0.084142	1.0897e-06	-1.09664e-06	0.087312	7.2056e-09	-0.087296	1.12612e-06	-1.13728e-06	0.089848	6.9241e-09	-0.089822	1.1687e-06	-1.1819e-06
0.8	-0.00015816	6.65394e-08	0.00015588	9.8462e-07	-9.8018e-07	0.03469	3.02302e-08	-0.03467	9.9954e-07	-9.9862e-07	0.062918	1.53604e-08	-0.062888	1.02408e-06	-1.0249e-06	0.079152	9.6238e-09	-0.07913	1.05606e-06	-1.06036e-06	0.08527	7.9347e-09	-0.085242	1.09056e-06	-1.09754e-06	0.088468	7.342e-09	-0.088448	1.12806e-06	-1.1392e-06	0.091028	7.0513e-09	-0.091004	1.1708e-06	-1.1844e-06
0.805	-0.0001571	6.95892e-08	0.00015676	9.8466e-07	-9.8042e-07	0.034808	3.16502e-08	-0.034786	9.9918e-07	-9.9808e-07	0.063316	1.59706e-08	-0.063296	1.02386e-06	-1.02532e-06	0.080028	9.9027e-09	-0.080004	1.05656e-06	-1.0606e-06	0.086392	8.1257e-09	-0.086368	1.09188e-06	-1.09884e-06	0.08965	7.5133e-09	-0.089632	1.12954e-06	-1.1404e-06	0.092222	7.1919e-09	-0.092198	1.1724e-06	-1.1862e-06
0.81	-0.00015606	7.27904e-08	0.0001597	9.8484e-07	-9.8044e-07	0.03492	3.2792e-08	-0.034896	9.996e-07	-9.9836e-07	0.063704	1.66162e-08	-0.06368	1.02432e-06	-1.02542e-06	0.080878	1.01872e-08	-0.080852	1.0571e-06	-1.06126e-06	0.087492	8.2885e-09	-0.087466	1.0929e-06	-1.09982e-06	0.090802	7.6485e-09	-0.09078	1.13084e-06	-1.14202e-06	0.09341	7.3384e-09	-0.093376	1.1746e-06	-1.1885e-06
0.815	-0.00015606	7.59292e-08	0.00016206	9.8442e-07	-9.8044e-07	0.035022	3.4163e-08	-0.034998	9.9966e-07	-9.9872e-07	0.064084	1.71904e-08	-0.06406	1.02416e-06	-1.02536e-06	0.081724	1.04846e-08	-0.081702	1.05806e-06	-1.06152e-06	0.088606	8.4643e-09	-0.088576	1.09388e-06	-1.10116e-06	0.091988	7.8027e-09	-0.091962	1.1323e-06	-1.14314e-06	0.094608	7.4666e-09	-0.09458	1.1768e-06	-1.1908e-06
0.82	-0.00015606	7.9604e-08	0.0001598	9.8426e-07	-9.8046e-07	0.035124	3.56814e-08	-0.0351	9.9958e-07	-9.9874e-07	0.064444	1.80448e-08	-0.064426	1.02418e-06	-1.0255e-06	0.082542	1.08046e-08	-0.082522	1.05846e-06	-1.0624e-06	0.089692	8.66e-09	-0.089674	1.09464e-06	-1.10184e-06	0.09314	7.9602e-09	-0.093118	1.13416e-06	-1.14464e-06	0.095788	7.6101e-09	-0.09576	1.1794e-06	-1.1922e-06
0.825	-0.00015598	8.30074e-08	0.00015948	9.8474e-07	-9.8052e-07	0.035228	3.71454e-08	-0.035204	9.9948e-07	-9.9838e-07	0.06481	1.86238e-08	-0.064778	1.02458e-06	-1.02562e-06	0.083362	1.11403e-08	-0.083338	1.05884e-06	-1.06282e-06	0.0908	8.8539e-09	-0.090776	1.09574e-06	-1.10288e-06	0.094316	8.119e-09	-0.094296	1.13496e-06	-1.14596e-06	0.096994	7.7819e-09	-0.096962	1.181e-06	-1.1946e-06
0.83	-0.00015994	8.69276e-08	0.00015902	9.8472e-07	-9.8062e-07	0.03532	3.87036e-08	-0.035294	9.9968e-07	-9.9854e-07	0.065152	1.92938e-08	-0.06512	1.02442e-06	-1.02572e-06	0.084146	1.14632e-08	-0.08413	1.05952e-06	-1.0632e-06	0.091886	9.0443e-09	-0.091866	1.09666e-06	-1.1036e-06	0.095478	8.2788e-09	-0.095458	1.13708e-06	-1.14782e-06	0.098164	7.9192e-09	-0.098148	1.1822e-06	-1.1965e-06
0.835	-0.00015806	9.09764e-08	0.000157	9.8476e-07	-9.8086e-07	0.035416	4.04474e-08	-0.035396	1.0001e-06	-9.9886e-07	0.065488	2.00918e-08	-0.065464	1.0246e-06	-1.02584e-06	0.084936	1.18458e-08	-0.084918	1.06012e-06	-1.064e-06	0.092984	9.2502e-09	-0.092968	1.0974e-06	-1.10468e-06	0.096656	8.4457e-09	-0.096634	1.13856e-06	-1.14932e-06	0.09937	8.0716e-09	-0.099354	1.1851e-06	-1.1986e-06
0.84	-0.00016032	9.5099e-08	0.0001623	9.8446e-07	-9.8034e-07	0.035514	4.22556e-08	-0.035484	9.9982e-07	-9.9866e-07	0.065814	2.07504e-08	-0.065794	1.02476e-06	-1.02626e-06	0.085704	1.22148e-08	-0.085686	1.06028e-06	-1.0638e-06	0.094062	9.4611e-09	-0.094042	1.09882e-06	-1.10578e-06	0.097814	8.6139e-09	-0.097786	1.14034e-06	-1.15112e-06	0.100002	8.3081e-09	-0.09998	1.1832e-06	-1.1954e-06
0.845	-0.0001605	9.95296e-08	0.00016002	9.8454e-07	-9.8044e-07	0.035596	4.40294e-08	-0.035574	9.9946e-07	-9.985e-07	0.066138	2.15828e-08	-0.06611	1.02554e-06	-1.02662e-06	0.086464	1.26008e-08	-0.08644	1.06054e-06	-1.06444e-06	0.095154	9.6751e-09	-0.095126	1.10018e-06	-1.10714e-06	0.098988	8.7812e-09	-0.098968	1.14176e-06	-1.15268e-06	0.100002	8.6637e-09	-0.09998	1.1749e-06	-1.1854e-06
0.85	-0.00016126	1.040616e-07	0.00016086	9.8468e-07	-9.8036e-07	0.035688	4.6051e-08	-0.035664	1e-06	-9.9902e-07	0.066434	2.24318e-08	-0.066412	1.02476e-06	-1.02652e-06	0.0872	1.29976e-08	-0.087172	1.061e-06	-1.06492e-06	0.096218	9.8931e-09	-0.096192	1.10052e-06	-1.10752e-06	0.100002	8.9914e-09	-0.09998	1.14206e-06	-1.15266e-06	0.100002	9.0397e-09	-0.09998	1.1662e-06	-1.1746e-06
0.855	-0.00016364	1.088946e-07	0.0001628	9.8416e-07	-9.8022e-07	0.035772	4.7916e-08	-0.035752	9.9986e-07	-9.986e-07	0.06674	2.3281e-08	-0.066718	1.0252e-06	-1.02682e-06	0.08792	1.34216e-08	-0.087898	1.06108e-06	-1.06492e-06	0.097294	1.01196e-08	-0.09727	1.10184e-06	-1.10864e-06	0.100004	9.4408e-09	-0.099978	1.1369e-06	-1.14638e-06	0.100002	9.4773e-09	-0.09998	1.1581e-06	-1.1655e-06
0.86	-0.00016066	1.139734e-07	0.00016176	9.8446e-07	-9.8046e-07	0.035854	5.00464e-08	-0.035828	9.9966e-07	-9.9892e-07	0.067026	2.43004e-08	-0.067006	1.02524e-06	-1.02678e-06	0.088626	1.38588e-08	-0.088596	1.06176e-06	-1.06532e-06	0.09835	1.03468e-08	-0.098324	1.1028e-06	-1.10972e-06	0.100002	9.9053e-09	-0.09998	1.13176e-06	-1.13984e-06	0.100002	9.9563e-09	-0.09998	1.1508e-06	-1.1563e-06
0.865	-0.00016044	1.1928e-07	0.00015876	9.849e-07	-9.8062e-07	0.035934	5.21834e-08	-0.035914	9.997e-07	-9.988e-07	0.067314	2.52242e-08	-0.067288	1.02498e-06	-1.0267e-06	0.089322	1.43116e-08	-0.089298	1.06188e-06	-1.06546e-06	0.099416	1.0608e-08	-0.099394	1.10354e-06	-1.11054e-06	0.100002	1.04462e-08	-0.09998	1.12666e-06	-1.13394e-06	0.100002	1.04945e-08	-0.099984	1.1449e-06	-1.1491e-06
0.87	-0.00016108	1.2486e-07	0.00016154	9.8446e-07	-9.8008e-07	0.036012	5.45402e-08	-0.035992	9.9954e-07	-9.9882e-07	0.067588	2.63256e-08	-0.067556	1.02554e-06	-1.0272e-06	0.089982	1.47758e-08	-0.089966	1.06186e-06	-1.06582e-06	0.100002	1.10105e-08	-0.099984	1.10336e-06	-1.11e-06	0.100004	1.1027e-08	-0.099982	1.12214e-06	-1.12882e-06	0.100004	1.10668e-08	-0.099984	1.1392e-06	-1.1439e-06
0.875	-0.00016454	1.3116e-07	0.00016108	9.8484e-07	-9.8038e-07	0.036094	5.69852e-08	-0.036068	9.9958e-07	-9.9898e-07	0.06785	2.7509e-08	-0.067824	1.0257e-06	-1.02712e-06	0.09065	1.52814e-08	-0.090622	1.06262e-06	-1.06596e-06	0.1	1.16576e-08	-0.099982	1.10168e-06	-1.10782e-06	0.100002	1.16738e-08	-0.09998	1.11792e-06	-1.12476e-06	0.1	1.1726e-08	-0.099984	1.1346e-06	-1.1384e-06
0.88	-0.00016012	1.37e-07	0.0001632	9.8428e-07	-9.8032e-07	0.036166	5.9441e-08	-0.036144	9.9962e-07	-9.9848e-07	0.068108	2.85012e-08	-0.068088	1.02582e-06	-1.02718e-06	0.09129	1.58e-08	-0.091262	1.06218e-06	-1.06626e-06	0.1	1.23042e-08	-0.09998	1.09994e-06	-1.1057e-06	0.100002	1.23308e-08	-0.099978	1.1162e-06	-1.1217e-06	0.100004	1.2382e-08	-0.099982	1.1319e-06	-1.1353e-06
0.885	-0.00016036	1.4324e-07	0.00016088	9.85e-07	-9.8078e-07	0.036236	6.21248e-08	-0.036212	9.9984e-07	-9.9894e-07	0.068362	2.96658e-08	-0.068336	1.02606e-06	-1.02722e-06	0.09191	1.63484e-08	-0.091892	1.06248e-06	-1.06614e-06	0.100002	1.29806e-08	-0.09998	1.09812e-06	-1.10394e-06	0.1	1.30104e-08	-0.09998	1.11378e-06	-1.11932e-06	0.100004	1.3068e-08	-0.099982	1.1292e-06	-1.1326e-06
0.89	-0.0001653	1.5026e-07	0.00016084	9.8464e-07	-9.8052e-07	0.036308	6.49392e-08	-0.036284	1.00012e-06	-9.9916e-07	0.068602	3.07906e-08	-0.068578	1.02578e-06	-1.0272e-06	0.092534	1.68858e-08	-0.092508	1.06322e-06	-1.0672e-06	0.100002	1.37066e-08	-0.09998	1.09658e-06	-1.1019e-06	0.100004	1.37324e-08	-0.099982	1.11204e-06	-1.11706e-06	0.100002	1.37934e-08	-0.099982	1.127e-06	-1.1295e-06
0.895	-0.00016372	1.5728e-07	0.0001622	9.8472e-07	-9.8092e-07	0.036376	6.77138e-08	-0.036354	1.0003e-06	-9.9908e-07	0.06884	3.21294e-08	-0.068818	1.02586e-06	-1.02744e-06	0.093126	1.74714e-08	-0.093102	1.0631e-06	-1.06722e-06	0.100002	1.44526e-08	-0.09998	1.09562e-06	-1.1008e-06	0.100002	1.44792e-08	-0.099984	1.10964e-06	-1.11478e-06	0.100002	1.45316e-08	-0.099982	1.1248e-06	-1.127e-06
0.9	-0.0001631	1.649e-07	0.00016226	9.8464e-07	-9.8064e-07	0.03644	7.07868e-08	-0.036418	1.0001e-06	-9.9936e-07	0.069072	3.33184e-08	-0.06905	1.02586e-06	-1.02698e-06	0.093716	1.80826e-08	-0.093692	1.0634e-06	-1.06738e-06	0.1	1.52212e-08	-0.09998	1.09396e-06	-1.09862e-06	0.100006	1.5249e-08	-0.099982	1.1079e-06	-1.11262e-06	0.1	1.53462e-08	-0.09998	1.1228e-06	-1.1249e-06
