101 3.82318711116292e-06
104.18 4.09415154001412e-06
107.361 4.084411741695e-06
110.541 4.18300412607972e-06
113.721 3.69962403601082e-06
116.902 3.71024275266188e-06
120.082 4.17602525928635e-06
123.262 3.97057631705348e-06
126.443 3.17351883192108e-06
129.623 2.53981481574445e-06
132.803 2.84542946079537e-06
135.983 3.11429655904889e-06
139.164 3.19864075300606e-06
142.344 3.08682256714725e-06
145.524 2.6805363654642e-06
148.705 2.55577723075995e-06
151.885 1.90783177515078e-06
155.065 1.67300340493616e-06
158.246 3.59760344972414e-06
161.426 3.96059026917641e-06
164.606 3.95884435448563e-06
167.787 3.75510143686336e-06
170.967 3.12224353140384e-06
174.147 2.72714392357687e-06
177.328 2.84142375992018e-06
180.508 2.71118066120556e-06
183.688 2.75537049734875e-06
186.868 3.46299675147431e-06
190.049 3.57005926737302e-06
193.229 3.16011213004191e-06
196.409 3.23549510931158e-06
199.59 3.49187684713011e-06
202.77 2.87766203169511e-06
205.95 2.68332053881592e-06
209.131 3.14873141265487e-06
212.311 3.57915596694738e-06
215.491 3.31680076430358e-06
218.672 2.71373158142555e-06
221.852 2.94566408922729e-06
225.032 2.40691266721662e-06
228.213 1.94835669393705e-06
231.393 1.50633078491735e-06
234.573 2.17228791753255e-06
237.753 2.86794475361835e-06
240.934 2.75727612123424e-06
244.114 2.55322420487082e-06
247.294 2.92066709520753e-06
250.475 2.69500778488894e-06
253.655 2.82702092616238e-06
256.835 3.0294914607876e-06
260.016 2.46252398780271e-06
263.196 2.35711738792984e-06
264.196 2.36812405186677e-06
272.598 2.34686465210187e-06
281.001 2.16464028945313e-06
289.403 2.4650318412771e-06
297.806 2.87344599491123e-06
306.208 3.02342615909501e-06
314.611 2.64318099752106e-06
323.013 2.49330630762716e-06
331.415 2.52896066507963e-06
339.818 2.8046235439886e-06
348.22 2.99759501112525e-06
356.623 2.67898551540225e-06
365.025 2.42327279059453e-06
373.428 2.27088245031987e-06
381.83 2.33809669109542e-06
390.232 2.40941479132686e-06
398.635 2.12201457224991e-06
407.037 1.74324626572775e-06
415.44 1.47013263986164e-06
423.842 1.6675922490101e-06
432.245 1.93341100582769e-06
440.647 1.97134215034344e-06
449.049 1.93875595168448e-06
457.452 1.86155889926393e-06
465.854 1.52524939892982e-06
474.257 1.45179502637747e-06
482.659 1.40167439479245e-06
491.062 1.43986094599395e-06
499.464 1.57808197477824e-06
507.867 1.86420847397971e-06
516.269 2.03455629506206e-06
524.671 2.02469199657942e-06
533.074 1.70460515466e-06
541.476 1.56861599323791e-06
549.879 1.58163440596124e-06
558.281 1.62252724880262e-06
566.684 1.43469342097436e-06
575.086 1.05846947556708e-06
583.488 1.22529414261974e-06
591.891 1.41184780431026e-06
600.293 1.71139353383928e-06
608.696 1.84862652845732e-06
617.098 1.90303200297421e-06
625.501 1.86836479736438e-06
633.903 1.81587362445766e-06
642.305 1.46820117561968e-06
650.708 1.30724392775019e-06
659.11 1.18532389103976e-06
667.513 1.25372509842814e-06
675.915 1.31639333059705e-06
684.318 1.23707784297703e-06
692.72 1.32083233708135e-06
693.72 1.23936922782811e-06
715.867 1.444830962889e-06
738.014 1.64386290764665e-06
760.161 1.44533468622698e-06
782.307 1.11055218664977e-06
804.454 1.58347521843861e-06
826.601 1.49094490325196e-06
848.748 1.22192170663754e-06
870.895 1.46911147914697e-06
893.042 1.25815564336043e-06
915.189 1.19186249372069e-06
937.335 1.38642543941537e-06
959.482 1.12320403679399e-06
981.629 1.48915353436525e-06
1003.776 6.45267742282225e-07
1025.923 8.05204489046776e-07
1048.07 1.19563152987808e-06
1070.217 1.11649290488133e-06
1092.364 9.7794903261508e-07
1114.51 1.28704824104887e-06
1136.657 1.47013928147609e-06
1158.804 1.02226370596458e-06
1180.951 9.23805888177468e-07
1203.098 9.80063606053602e-07
1225.245 9.21726531861067e-07
1247.392 1.14873667560594e-06
1269.538 1.00555017661356e-06
1291.685 8.81209744611577e-07
1313.832 8.58627084578957e-07
1335.979 8.20545342856761e-07
1358.126 8.61679513101455e-07
1380.273 8.65427224046297e-07
1402.42 8.61394466525128e-07
1424.566 8.10502416614337e-07
1446.713 7.41955234163362e-07
1468.86 8.63011877980651e-07
1491.007 1.05212335296956e-06
1513.154 8.91118596429409e-07
1535.301 1.04792297776239e-06
1557.448 7.55108343824878e-07
1579.595 9.35633827264272e-07
1601.741 9.15656810865539e-07
1623.888 7.49669408296717e-07
1646.035 1.06704819646426e-06
1668.182 9.25303130740883e-07
1690.329 8.45698555109018e-07
1712.476 7.24146301377008e-07
1734.623 9.2180823561148e-07
1756.769 8.33347661820923e-07
1778.916 8.38563998835968e-07
1801.063 7.3399359299119e-07
1823.21 5.97632090482931e-07
1824.21 7.29162315237033e-07
1882.531 7.39010640496218e-07
1940.853 6.44040642768824e-07
1999.174 8.49034690857164e-07
2057.495 7.56135752035605e-07
2115.817 7.2634306704432e-07
2174.138 7.1981810831385e-07
2232.46 8.16789277840249e-07
2290.781 7.25542959933449e-07
2349.102 6.59071438292087e-07
2407.424 5.88673731076086e-07
2465.745 4.7268833176652e-07
2524.066 5.13350243701555e-07
2582.388 6.52722014960225e-07
2640.709 7.51297057646461e-07
2699.031 7.20688832332575e-07
2757.352 4.87666684973279e-07
2815.673 5.77526167277883e-07
2873.995 6.9235492863642e-07
2932.316 7.14901145215258e-07
2990.637 6.54695582840304e-07
3048.959 5.9054847143987e-07
3107.28 6.20513798227727e-07
3165.602 6.26895150449304e-07
3223.923 4.78541462609479e-07
3282.244 4.87212515790939e-07
3340.566 4.44350889489495e-07
3398.887 3.56464933908222e-07
3457.208 4.70877036576241e-07
3515.53 4.7320939349138e-07
3573.851 4.57548575713479e-07
3632.173 4.30397181950277e-07
3690.494 4.80266095529618e-07
3748.815 4.74904181227936e-07
3807.137 4.43356115900019e-07
3865.458 4.56193036079199e-07
3923.779 4.46044132265396e-07
3982.101 5.46335857632228e-07
4040.422 6.6466460568832e-07
4098.744 5.59415173799154e-07
4157.065 4.91147232459901e-07
4215.386 5.06062643008835e-07
4273.708 5.16212503261157e-07
4332.029 4.64189722436829e-07
4390.35 4.39652118374332e-07
4448.672 4.3973912520848e-07
4506.993 3.41701491646093e-07
4565.315 4.28446107190445e-07
4623.636 4.42794165343222e-07
4681.957 4.89428369099082e-07
4740.279 5.2966635875162e-07
4798.6 5.43474396858253e-07
4799.6 3.59083280407363e-07
4953.131 3.52030556719512e-07
5106.663 3.77600588744111e-07
5260.194 3.57841372565749e-07
5413.725 4.68394819547607e-07
5567.257 4.95379026045752e-07
5720.788 3.87316020429032e-07
5874.32 3.61109398454452e-07
6027.851 4.4473574086822e-07
6181.382 3.73842854228877e-07
6334.914 3.42490613329757e-07
6488.445 3.73114309739537e-07
6641.976 3.9923617709039e-07
6795.508 4.04129601036821e-07
6949.039 3.46634824595966e-07
7102.571 2.83032202187847e-07
7256.102 2.89209542623528e-07
7409.633 3.7221020711963e-07
7563.165 4.29148562289053e-07
7716.696 3.15126737494136e-07
7870.227 3.07012003715673e-07
8023.759 3.6795331709664e-07
8177.29 3.08638544406821e-07
8330.822 3.95628373080056e-07
8484.353 3.48397895897039e-07
8637.884 3.49512497103564e-07
8791.416 3.31730673806514e-07
8944.947 2.70059502964398e-07
9098.478 3.08795373018652e-07
9252.01 2.88944275865704e-07
9405.541 2.95593618168803e-07
9559.073 2.93134744429216e-07
9712.604 3.28584734390484e-07
9866.135 3.47996434594211e-07
10019.667 3.74742667596527e-07
10173.198 3.43198983093857e-07
10326.729 2.92000252403698e-07
10480.261 2.9787261784953e-07
10633.792 3.07248940632291e-07
10787.324 2.45888395732698e-07
10940.855 2.53313699420476e-07
11094.386 2.46191469960611e-07
11247.918 2.30916420032687e-07
11401.449 2.63531935190636e-07
11554.98 2.3998991642925e-07
11708.512 2.57702144342592e-07
11862.043 3.0860389113679e-07
12015.575 3.3750877586957e-07
12169.106 2.80317614888447e-07
12322.637 2.98236793774933e-07
12476.169 3.25574543457332e-07
12629.7 2.43185579152045e-07
12630.7 3.7647526793521e-07
13034.822 3.26570674996982e-07
13438.943 3.24343361610163e-07
13843.065 3.69097676298788e-07
14247.186 3.58571181689267e-07
14651.308 3.05785848310202e-07
15055.429 3.02546821953506e-07
15459.551 2.96505492761787e-07
15863.673 2.32144529557443e-07
16267.794 2.13875378984057e-07
16671.916 2.3016677827856e-07
17076.037 2.62221969732254e-07
17480.159 2.82403399095201e-07
17884.28 2.51641317954406e-07
18288.402 2.67021237999827e-07
18692.524 2.03320714478948e-07
19096.645 1.66675414374037e-07
19500.767 2.01785622261418e-07
19904.888 1.97601414644828e-07
20309.01 1.54464295586453e-07
20713.131 1.35684377771658e-07
21117.253 1.98122258807232e-07
21521.375 2.05614035513182e-07
21925.496 2.06320667746165e-07
22329.618 1.9861991662949e-07
22733.739 2.40760381125516e-07
23137.861 2.68886950782079e-07
23541.982 2.45791281771659e-07
23946.104 2.27147976256255e-07
24350.225 2.3935794577203e-07
24754.347 2.44419599739566e-07
25158.469 1.97474829303209e-07
25562.59 1.58048140414329e-07
25966.712 1.98933197874602e-07
26370.833 2.16901148491436e-07
26774.955 2.37028326056394e-07
27179.076 2.54286693344627e-07
27583.198 2.45403739706351e-07
27987.32 2.07226622817341e-07
28391.441 2.2918093885114e-07
28795.563 2.35752105347498e-07
29199.684 2.17244490460804e-07
29603.806 2.22747942054435e-07
30007.927 2.30985182807651e-07
30412.049 2.11357959832584e-07
30816.171 1.75417520703022e-07
31220.292 1.92575188107029e-07
31624.414 2.04696179894056e-07
32028.535 1.70717569955875e-07
32432.657 1.6473039688546e-07
32836.778 1.64947627338475e-07
33240.9 1.31018225794315e-07
33241.9 1.20007235885093e-07
34305.559 1.23297533719989e-07
35369.218 1.41149753049336e-07
36432.876 1.91900126019282e-07
37496.535 2.08675697664126e-07
38560.194 2.13247241191067e-07
39623.853 2.0236888713667e-07
40687.512 2.07942459927264e-07
41751.171 2.05620666599883e-07
42814.829 1.69035946502445e-07
43878.488 1.55240892623727e-07
44942.147 1.39890661377749e-07
46005.806 1.59783346468479e-07
47069.465 1.66807960410037e-07
48133.124 1.41967204836258e-07
49196.782 1.60636926199762e-07
50260.441 1.82072442678368e-07
51324.1 1.78549748512172e-07
52387.759 1.93427731516593e-07
53451.418 2.06842429031797e-07
54515.076 1.89943750603034e-07
55578.735 1.78253520844191e-07
56642.394 1.3294220434495e-07
57706.053 1.48271214142732e-07
58769.712 1.80395055117754e-07
59833.371 1.89563868132521e-07
60897.029 1.64247459163787e-07
61960.688 1.3606832143111e-07
63024.347 1.59094159330097e-07
64088.006 1.80872542347208e-07
65151.665 1.57144071266133e-07
66215.324 1.40459525764583e-07
67278.982 1.2831966499672e-07
68342.641 1.17802982813978e-07
69406.3 1.41706660498848e-07
70469.959 1.48341738068789e-07
71533.618 1.34423895795353e-07
72597.276 1.29191008471981e-07
73660.935 1.18899047595195e-07
74724.594 1.02095098998892e-07
75788.253 1.19557491297427e-07
76851.912 1.57856096615155e-07
77915.571 1.80277327363389e-07
78979.229 1.84296608476884e-07
80042.888 1.72719195334693e-07
81106.547 1.61478498529636e-07
82170.206 1.46652877787141e-07
83233.865 1.10483619515327e-07
84297.524 1.06853943295369e-07
85361.182 1.19274864199007e-07
86424.841 1.24181068365312e-07
87488.5 1.2663329138766e-07
87489.5 1.09168678646425e-07
90289.039 1.07725329095065e-07
93088.578 1.1309425083514e-07
95888.118 1.38846827762686e-07
98687.657 1.52959004855884e-07
101487.196 1.56096110482214e-07
104286.735 1.36600393112203e-07
107086.275 1.25240754398718e-07
109885.814 1.21185495422534e-07
112685.353 1.11804421154424e-07
115484.892 1.10318288061454e-07
118284.431 1.08575980270594e-07
121083.971 1.14784453754442e-07
123883.51 1.04163995555306e-07
126683.049 9.32515411332408e-08
129482.588 9.83289217574178e-08
132282.127 1.29960687665376e-07
135081.667 1.12360605641766e-07
137881.206 8.76272818292768e-08
140680.745 1.25744433124243e-07
143480.284 1.40744762899073e-07
146279.824 1.45533405259995e-07
149079.363 1.18024427572844e-07
151878.902 9.74682218674702e-08
154678.441 8.91874338888013e-08
157477.98 1.0209768705099e-07
160277.52 1.26541236036019e-07
163077.059 1.2292893505656e-07
165876.598 1.20762850740977e-07
168676.137 9.66516784376785e-08
171475.676 8.13931218116642e-08
174275.216 5.80985280570928e-08
177074.755 8.50145468891907e-08
179874.294 1.02692268967678e-07
182673.833 9.63857183280033e-08
185473.373 8.38918760223343e-08
188272.912 7.43259205623334e-08
191072.451 7.12596202983934e-08
193871.99 6.64560902808035e-08
196671.529 7.54169839327184e-08
199471.069 8.51485290613338e-08
202270.608 8.90657164140507e-08
205070.147 8.44293420039082e-08
207869.686 9.32243194595933e-08
210669.225 8.21031750130627e-08
213468.765 7.70995406368261e-08
216268.304 7.75294961910672e-08
219067.843 9.73292231818995e-08
221867.382 1.05135316143699e-07
224666.922 1.05671972497773e-07
227466.461 1.05369611381213e-07
230266 1.03888028217992e-07
230267 9.13857894731292e-08
237635.294 7.23210670141384e-08
245003.588 8.03318422570776e-08
252371.882 8.44667079786948e-08
259740.176 7.91382832762905e-08
267108.471 1.05078796331894e-07
274476.765 1.03175318836938e-07
281845.059 7.90556489715789e-08
289213.353 8.30579465346405e-08
296581.647 9.70819155142172e-08
303949.941 9.73315783069179e-08
311318.235 9.90702510248642e-08
318686.529 7.07950223453492e-08
326054.824 8.08743036176757e-08
333423.118 8.59368732611822e-08
340791.412 8.36024507073955e-08
348159.706 7.114238962465e-08
355528 8.56135646766703e-08
362896.294 8.55231048887592e-08
370264.588 8.18233051168131e-08
377632.882 7.43825303252047e-08
385001.176 7.46217423671982e-08
392369.471 6.44576528268141e-08
399737.765 7.30066189125212e-08
407106.059 8.65791788116236e-08
414474.353 8.00187691727041e-08
421842.647 7.54817119180991e-08
429210.941 8.68072937748384e-08
436579.235 6.97556565534237e-08
443947.529 7.56742338776627e-08
451315.824 7.04982499700773e-08
458684.118 8.00077897698562e-08
466052.412 4.18171485155552e-08
473420.706 8.27896867039271e-08
480789 7.06039038191629e-08
488157.294 6.13382679430386e-08
495525.588 6.79835171719263e-08
502893.882 7.33763095801908e-08
510262.176 8.96365485160267e-08
517630.471 6.57558855601725e-08
524998.765 6.34583002330538e-08
532367.059 6.17638222278382e-08
539735.353 4.51782757567572e-08
547103.647 6.14882509404642e-08
554471.941 7.73490712242694e-08
561840.235 8.13672945049152e-08
569208.529 6.31158493797517e-08
576576.824 4.00380584194027e-08
583945.118 5.6992153381792e-08
591313.412 5.18415459239238e-08
598681.706 6.80043603657714e-08
606050 6.9202653597904e-08
606051 5.50783209276753e-08
625444.118 5.96684620138646e-08
644837.235 5.59726851141233e-08
664230.353 5.48524030942127e-08
683623.471 5.81701805742624e-08
703016.588 5.83938656159403e-08
722409.706 5.92778462495417e-08
741802.824 5.95548358049957e-08
761195.941 5.06138462604849e-08
780589.059 4.60952890874371e-08
799982.176 4.83150721213215e-08
819375.294 4.82938377901777e-08
838768.412 5.71201705697952e-08
858161.529 5.24668042673031e-08
877554.647 4.78857778138395e-08
896947.765 3.51196495028638e-08
916340.882 7.34543477023491e-08
935734 3.58296071015243e-08
955127.118 4.83313148465961e-08
974520.235 5.87712385322753e-08
993913.353 5.31866920578823e-08
1013306.471 5.2624692927164e-08
1032699.588 5.21888112174909e-08
1052092.706 6.02241924247391e-08
1071485.824 4.52507965075533e-08
1090878.941 6.85277752468698e-08
1110272.059 4.96417371029812e-08
1129665.176 6.30943866014917e-08
1149058.294 3.88628499433263e-08
1168451.412 5.3817552401265e-08
1187844.529 5.40138130727382e-08
1207237.647 4.81906319819662e-08
1226630.765 5.52227436459653e-08
1246023.882 5.78899472884749e-08
1265417 4.93444493437266e-08
1284810.118 3.79586573300479e-08
1304203.235 3.61362540095345e-08
1323596.353 4.69321455683245e-08
1342989.471 4.34129023975454e-08
1362382.588 3.93213793564862e-08
1381775.706 5.15964034676837e-08
1401168.824 2.77661297333712e-08
1420561.941 6.40841790891824e-08
1439955.059 5.49873525087861e-08
1459348.176 3.19482978967159e-08
1478741.294 5.010002867889e-08
1498134.412 4.49996211627287e-08
1517527.529 5.59804643205869e-08
1536920.647 2.93281574840851e-08
1556313.765 5.2101604786847e-08
1575706.882 3.23700589498444e-08
1595100 4.10331693185891e-08
1595100 5.21543382709128e-08
1646141.765 4.64352604261374e-08
1697183.529 5.19964011567983e-08
1748225.294 3.91645265648022e-08
1799267.059 3.66112654049269e-08
1850308.824 4.61411466209705e-08
1901350.588 4.52864671941851e-08
1952392.353 4.57207578920385e-08
2003434.118 5.47187626042247e-08
2054475.882 3.96822413820402e-08
2105517.647 3.80218925896121e-08
2156559.412 4.50594588677672e-08
2207601.176 4.80912125482764e-08
2258642.941 4.91463174355933e-08
2309684.706 5.41232502707173e-08
2360726.471 3.18798759197648e-08
2411768.235 3.99003595996176e-08
2462810 6.11557072667008e-08
2513851.765 4.51688229156827e-08
2564893.529 3.33132478542471e-08
2615935.294 5.38069426646051e-08
2666977.059 3.96693359355951e-08
2718018.824 4.13626392609599e-08
2769060.588 2.97494937979035e-08
2820102.353 3.412997123973e-08
2871144.118 6.0103285482322e-08
2922185.882 3.46664321659051e-08
2973227.647 3.63417862574791e-08
3024269.412 3.71143365540865e-08
3075311.176 4.1602054326295e-08
3126352.941 3.5285261540024e-08
3177394.706 3.13595307774845e-08
3228436.471 3.29585115757387e-08
3279478.235 3.59842174945975e-08
3330520 4.43275814582039e-08
3381561.765 5.00234025729268e-08
3432603.529 4.41682492107973e-08
3483645.294 3.35026227542725e-08
3534687.059 3.28760772824983e-08
3585728.824 4.46028703341175e-08
3636770.588 3.51966825840845e-08
3687812.353 4.49606992229002e-08
3738854.118 4.13598148702228e-08
3789895.882 3.45271192032712e-08
3840937.647 6.0524009342641e-08
3891979.412 3.73225344135135e-08
3943021.176 3.79129309146207e-08
3994062.941 5.50155492237395e-08
4045104.706 4.94926335848892e-08
4096146.471 5.08308305259131e-08
4147188.235 4.22007311426248e-08
4198230 3.20480523405339e-08
4198230 4.41610532725025e-08
4332570.588 3.24934113424429e-08
4466911.176 3.75678118441572e-08
4601251.765 3.75923811986418e-08
4735592.353 3.01421879431603e-08
4869932.941 3.94711635641768e-08
5004273.529 3.00163417435486e-08
5138614.118 4.25030834942125e-08
5272954.706 3.14241834309899e-08
5407295.294 4.0470722665459e-08
5541635.882 3.33777826505821e-08
5675976.471 4.21891647277307e-08
5810317.059 2.57010889974413e-08
5944657.647 2.73258280682782e-08
6078998.235 2.82660816721667e-08
6213338.824 3.74771889981879e-08
6347679.412 3.53381554243667e-08
6482020 2.85546979837487e-08
6616360.588 3.9721456727561e-08
6750701.176 2.37066495587799e-08
6885041.765 2.62079339490067e-08
7019382.353 4.25629785343789e-08
7153722.941 3.30953839838655e-08
7288063.529 3.46128151039828e-08
7422404.118 3.85854577705539e-08
7556744.706 2.46242512409048e-08
7691085.294 3.19494415580116e-08
7825425.882 3.38327248565527e-08
7959766.471 3.92356135423941e-08
8094107.059 2.66060418179499e-08
8228447.647 3.72720648902365e-08
8362788.235 4.02907466596736e-08
8497128.824 2.68174168622315e-08
8631469.412 3.96618290337902e-08
8765810 3.26983293236336e-08
8900150.588 3.06509963018105e-08
9034491.176 3.67086379420866e-08
9168831.765 3.52398994872559e-08
9303172.353 3.09475389512236e-08
9437512.941 1.93636561493123e-08
9571853.529 3.16416055345111e-08
9706194.118 2.06742809718742e-08
9840534.706 4.20612774958916e-08
9974875.294 1.61942028673072e-08
10109215.882 3.57512784163909e-08
10243556.471 -0
10377897.059 4.46719908137168e-08
10512237.647 3.0375277119289e-08
10646578.235 3.78789483173966e-08
10780918.824 3.75888603331107e-08
10915259.412 -0
11049600 3.02237161824535e-08
11049600 2.85667928087211e-08
11403174.51 3.41465089261391e-08
11756749.02 3.08795817023466e-08
12110323.529 3.99388239682242e-08
12463898.039 3.49555765718261e-08
12817472.549 3.47034855968446e-08
13171047.059 4.16342773894888e-08
13524621.569 2.57760610257522e-08
13878196.078 2.69218526888474e-08
14231770.588 2.93741285661941e-08
14585345.098 3.29167333923265e-08
14938919.608 3.75909223261468e-08
15292494.118 3.24311069914164e-08
15646068.627 2.84982363889066e-08
15999643.137 3.3968956405006e-08
16353217.647 3.41650605964632e-08
16706792.157 2.4308091939994e-08
17060366.667 3.30126738246753e-08
17413941.176 2.50752825675505e-08
17767515.686 7.43787389532789e-09
18121090.196 2.25883506795715e-08
18474664.706 4.05598027005297e-08
18828239.216 3.65206182144511e-08
19181813.725 2.65569420604707e-08
19535388.235 4.31698663369821e-08
19888962.745 3.04134751931294e-08
20242537.255 5.19398348211313e-08
20596111.765 2.77614106261497e-08
20949686.275 3.63615498165232e-08
21303260.784 3.4158252416403e-08
21656835.294 2.55051006774586e-08
22010409.804 3.57035449277841e-08
22363984.314 2.7695788146693e-08
22717558.824 2.78501042567223e-08
23071133.333 3.19116916522769e-08
23424707.843 2.85561418294821e-08
23778282.353 3.15177267151551e-08
24131856.863 1.85397607393515e-08
24485431.373 4.15875178824067e-08
24839005.882 1.39203559172601e-08
25192580.392 2.56853518592855e-08
25546154.902 2.95921936682785e-08
25899729.412 2.86264688901024e-08
26253303.922 3.43296972567091e-08
26606878.431 4.96993537585158e-08
26960452.941 2.71822427596621e-08
27314027.451 2.79760651155501e-08
27667601.961 4.10677671695565e-08
28021176.471 3.14460781271433e-08
28374750.98 2.3736441243036e-08
28728325.49 3.12936407731539e-08
29081900 3.67318849253452e-08
29081900 2.7438259798524e-08
30012498.039 3.88007110933769e-08
30943096.078 3.2596355151604e-08
31873694.118 4.63320273672025e-08
32804292.157 2.88616344101906e-08
33734890.196 3.91070676060274e-08
34665488.235 4.02243325510381e-08
35596086.275 3.56174784798293e-08
36526684.314 3.69168811975457e-08
37457282.353 3.20792094199842e-08
38387880.392 3.68150332105011e-08
39318478.431 6.19668971545655e-08
40249076.471 2.25380425994561e-08
41179674.51 2.15252486525847e-08
42110272.549 3.02531959269512e-08
43040870.588 3.46658603763775e-08
43971468.627 2.12873144980009e-08
44902066.667 3.41233487875501e-08
45832664.706 3.59021108430354e-08
46763262.745 -0
47693860.784 1.79840190720317e-08
48624458.824 3.15446564568597e-08
49555056.863 1.89634243341623e-08
50485654.902 4.21134070806495e-08
51416252.941 1.18448954068704e-08
52346850.98 1.43602886012225e-08
53277449.02 -0
54208047.059 2.27660750103328e-08
55138645.098 1.07914716283739e-08
56069243.137 -0
56999841.176 1.11137339519848e-08
57930439.216 1.2004079634745e-08
58861037.255 -0
59791635.294 1.36400897080518e-08
60722233.333 2.05224870085645e-08
61652831.373 1.46686290498737e-08
62583429.412 -0
63514027.451 -0
64444625.49 1.55813703510314e-08
65375223.529 7.17184824513179e-09
66305821.569 1.23230139745113e-08
67236419.608 9.85054071449888e-09
68167017.647 2.23095389128619e-08
69097615.686 9.79879652965608e-09
70028213.725 1.01073035884701e-08
70958811.765 4.92697879780297e-09
71889409.804 8.97741050930055e-09
72820007.843 -0
73750605.882 7.82058211561646e-09
74681203.922 -0
75611801.961 -0
76542400 -0
76542400 -0
78991686.275 7.43267484576044e-09
81440972.549 9.7368131417831e-09
83890258.824 -0
86339545.098 -0
88788831.373 -0
91238117.647 2.61658192585289e-09
93687403.922 -0
96136690.196 -0
98585976.471 -0
101035262.745 8.82374472539295e-09
103484549.02 5.44938995912753e-08
105933835.294 -0
108383121.569 -0
110832407.843 -0
113281694.118 5.66126412923041e-09
115730980.392 -0
118180266.667 1.16088277272083e-09
120629552.941 -0
123078839.216 1.06913499580502e-08
125528125.49 5.14039430891289e-09
127977411.765 8.57586736332128e-09
130426698.039 -0
132875984.314 -0
135325270.588 4.24307695075166e-09
137774556.863 -0
140223843.137 -0
142673129.412 -0
145122415.686 -0
147571701.961 7.96086350321371e-09
150020988.235 -0
152470274.51 7.46006606951306e-09
154919560.784 -0
157368847.059 -0
159818133.333 8.31981969804635e-09
162267419.608 1.0896536728227e-09
164716705.882 -0
167165992.157 -0
169615278.431 -0
172064564.706 -0
174513850.98 -0
176963137.255 -0
179412423.529 7.54841316348171e-09
181861709.804 -0
184310996.078 -0
186760282.353 -0
189209568.627 2.44526478443317e-09
191658854.902 5.95777913698184e-09
194108141.176 6.77248328881659e-09
196557427.451 4.74933489056573e-09
199006713.725 -0
201456000 -0
