Vg	Id,Vd=0V	Ig,Vd=0V	Is,Vd=0V	Iavdd,Vd=0V	Ignd,Vd=0V	Id,Vd=0.15V	Ig,Vd=0.15V	Is,Vd=0.15V	Iavdd,Vd=0.15V	Ignd,Vd=0.15V	Id,Vd=0.3V	Ig,Vd=0.3V	Is,Vd=0.3V	Iavdd,Vd=0.3V	Ignd,Vd=0.3V	Id,Vd=0.45V	Ig,Vd=0.45V	Is,Vd=0.45V	Iavdd,Vd=0.45V	Ignd,Vd=0.45V	Id,Vd=0.6V	Ig,Vd=0.6V	Is,Vd=0.6V	Iavdd,Vd=0.6V	Ignd,Vd=0.6V	Id,Vd=0.75V	Ig,Vd=0.75V	Is,Vd=0.75V	Iavdd,Vd=0.75V	Ignd,Vd=0.75V	Id,Vd=0.9V	Ig,Vd=0.9V	Is,Vd=0.9V	Iavdd,Vd=0.9V	Ignd,Vd=0.9V
1.2	-7.5662e-08	3.1539e-09	1.3052e-10	3.8458e-07	-3.1198e-07	-4.35958e-08	2.7168e-09	6.374e-11	3.5482e-07	-3.1412e-07	-2.38018e-08	2.323e-09	3.415e-11	3.3522e-07	-3.1386e-07	-1.20346e-08	2.0195e-09	1.634e-11	3.2358e-07	-3.1354e-07	-5.3309e-09	1.7924e-09	-2.18e-12	3.1668e-07	-3.1312e-07	-1.6801e-09	1.6541e-09	-1.92e-11	3.1292e-07	-3.1276e-07	5.2037e-10	1.57e-09	-4.434e-11	3.103e-07	-3.1236e-07
1.195	-7.55522e-08	2.9884e-09	1.3173e-10	3.8446e-07	-3.1202e-07	-4.33988e-08	2.5325e-09	6.448e-11	3.5472e-07	-3.139e-07	-2.36446e-08	2.147e-09	3.373e-11	3.352e-07	-3.1372e-07	-1.1973e-08	1.8553e-09	1.723e-11	3.2354e-07	-3.1342e-07	-5.3204e-09	1.6375e-09	1.2e-13	3.168e-07	-3.13e-07	-1.6827e-09	1.4902e-09	-1.755e-11	3.1298e-07	-3.1282e-07	5.0406e-10	1.4169e-09	-4.485e-11	3.1044e-07	-3.1234e-07
1.19	-7.52958e-08	2.8349e-09	1.3082e-10	3.8446e-07	-3.12e-07	-4.32266e-08	2.3763e-09	6.653e-11	3.5468e-07	-3.1382e-07	-2.35892e-08	2.0007e-09	3.488e-11	3.352e-07	-3.136e-07	-1.19514e-08	1.6993e-09	1.813e-11	3.2354e-07	-3.133e-07	-5.3128e-09	1.4949e-09	3.21e-12	3.1678e-07	-3.1294e-07	-1.6876e-09	1.3612e-09	-1.57e-11	3.131e-07	-3.1268e-07	5.1806e-10	1.2731e-09	-4.214e-11	3.1062e-07	-3.123e-07
1.185	-7.5139e-08	2.7007e-09	1.3224e-10	3.8428e-07	-3.12e-07	-4.30998e-08	2.2386e-09	6.623e-11	3.546e-07	-3.1366e-07	-2.3568e-08	1.866e-09	3.866e-11	3.3522e-07	-3.1352e-07	-1.19538e-08	1.5784e-09	2.033e-11	3.2364e-07	-3.1324e-07	-5.3085e-09	1.3668e-09	5.6e-12	3.1688e-07	-3.1296e-07	-1.6795e-09	1.2338e-09	-1.378e-11	3.1328e-07	-3.1262e-07	5.0997e-10	1.1568e-09	-4.124e-11	3.1068e-07	-3.1228e-07
1.18	-7.46618e-08	2.5715e-09	1.3491e-10	3.8412e-07	-3.1198e-07	-4.31198e-08	2.1166e-09	6.883e-11	3.547e-07	-3.135e-07	-2.352e-08	1.7422e-09	4.154e-11	3.3514e-07	-3.1342e-07	-1.19298e-08	1.4544e-09	2.323e-11	3.236e-07	-3.1312e-07	-5.3007e-09	1.2551e-09	8.09e-12	3.1696e-07	-3.1294e-07	-1.6709e-09	1.1214e-09	-1.098e-11	3.1322e-07	-3.1266e-07	5.1273e-10	1.0435e-09	-4.041e-11	3.1086e-07	-3.1224e-07
1.175	-7.46548e-08	2.4598e-09	1.3686e-10	3.8362e-07	-3.1194e-07	-4.28412e-08	1.9987e-09	7.112e-11	3.5442e-07	-3.1342e-07	-2.34974e-08	1.6334e-09	4.342e-11	3.3486e-07	-3.1302e-07	-1.19316e-08	1.3469e-09	2.262e-11	3.2366e-07	-3.1306e-07	-5.2923e-09	1.1459e-09	9.98e-12	3.1706e-07	-3.1276e-07	-1.6911e-09	1.0186e-09	-1.016e-11	3.1338e-07	-3.1266e-07	5.0807e-10	9.4604e-10	-3.382e-11	3.109e-07	-3.1228e-07
1.17	-7.43616e-08	2.3466e-09	1.3455e-10	3.8412e-07	-3.1198e-07	-4.29352e-08	1.8967e-09	7.312e-11	3.5432e-07	-3.1326e-07	-2.34688e-08	1.528e-09	4.798e-11	3.3518e-07	-3.132e-07	-1.18966e-08	1.2503e-09	2.721e-11	3.2376e-07	-3.13e-07	-5.2963e-09	1.0529e-09	1.11e-11	3.1704e-07	-3.1278e-07	-1.6685e-09	9.2536e-10	-8.71e-12	3.134e-07	-3.1264e-07	5.09e-10	8.5469e-10	-3.202e-11	3.1098e-07	-3.1224e-07
1.165	-7.40486e-08	2.2581e-09	1.3699e-10	3.8378e-07	-3.1196e-07	-4.28924e-08	1.7926e-09	7.743e-11	3.5426e-07	-3.1328e-07	-2.3439e-08	1.4407e-09	5.132e-11	3.3516e-07	-3.1318e-07	-1.19092e-08	1.1611e-09	3.124e-11	3.2372e-07	-3.1298e-07	-5.2943e-09	9.7043e-10	1.52e-11	3.1704e-07	-3.1278e-07	-1.6749e-09	8.481e-10	-5.36e-12	3.1348e-07	-3.1258e-07	5.1314e-10	7.7592e-10	-3.181e-11	3.1102e-07	-3.124e-07
1.16	-7.40368e-08	2.1595e-09	1.4154e-10	3.838e-07	-3.1194e-07	-4.28138e-08	1.7139e-09	8.12e-11	3.543e-07	-3.1326e-07	-2.33916e-08	1.354e-09	5.258e-11	3.3516e-07	-3.1312e-07	-1.1863e-08	1.0855e-09	3.233e-11	3.2372e-07	-3.1292e-07	-5.2797e-09	8.8806e-10	1.712e-11	3.1718e-07	-3.1272e-07	-1.6742e-09	7.6892e-10	-4.02e-12	3.1358e-07	-3.1264e-07	5.1112e-10	7.0841e-10	-3.14e-11	3.1112e-07	-3.1224e-07
1.155	-7.38532e-08	2.087e-09	1.4246e-10	3.8362e-07	-3.1194e-07	-4.27246e-08	1.6312e-09	8.397e-11	3.5422e-07	-3.1318e-07	-2.33616e-08	1.2823e-09	5.439e-11	3.3524e-07	-3.1308e-07	-1.18542e-08	1.0034e-09	3.295e-11	3.2374e-07	-3.1288e-07	-5.2753e-09	8.1781e-10	1.994e-11	3.172e-07	-3.1276e-07	-1.6612e-09	7.0666e-10	-1.75e-12	3.1352e-07	-3.1252e-07	5.186e-10	6.3486e-10	-2.996e-11	3.112e-07	-3.1226e-07
1.15	-7.35856e-08	2.0045e-09	1.458e-10	3.8344e-07	-3.1198e-07	-4.26522e-08	1.5623e-09	8.663e-11	3.5394e-07	-3.1312e-07	-2.33496e-08	1.2137e-09	5.929e-11	3.3514e-07	-3.1312e-07	-1.18326e-08	9.4373e-10	3.551e-11	3.2376e-07	-3.1284e-07	-5.2758e-09	7.6205e-10	1.98e-11	3.1724e-07	-3.1266e-07	-1.6748e-09	6.4795e-10	-8.5e-13	3.1352e-07	-3.1254e-07	5.1464e-10	5.7938e-10	-2.771e-11	3.1122e-07	-3.1228e-07
1.145	-7.35996e-08	1.9388e-09	1.4901e-10	3.8352e-07	-3.1196e-07	-4.25974e-08	1.5022e-09	9.009e-11	3.5404e-07	-3.1302e-07	-2.33222e-08	1.1474e-09	6.121e-11	3.3516e-07	-3.1296e-07	-1.18314e-08	8.8361e-10	3.845e-11	3.2378e-07	-3.1284e-07	-5.2522e-09	6.9716e-10	2.387e-11	3.1724e-07	-3.1266e-07	-1.6517e-09	5.8444e-10	2.46e-12	3.1356e-07	-3.1248e-07	5.1015e-10	5.2847e-10	-2.89e-11	3.114e-07	-3.1224e-07
1.14	-7.34748e-08	1.8727e-09	1.5233e-10	3.831e-07	-3.119e-07	-4.25846e-08	1.4334e-09	9.262e-11	3.5402e-07	-3.13e-07	-2.3299e-08	1.0906e-09	6.334e-11	3.3516e-07	-3.1294e-07	-1.18184e-08	8.2863e-10	4.297e-11	3.2384e-07	-3.128e-07	-5.2591e-09	6.4615e-10	2.612e-11	3.1732e-07	-3.127e-07	-1.6673e-09	5.4419e-10	3.27e-12	3.1358e-07	-3.1246e-07	5.2065e-10	4.7814e-10	-2.845e-11	3.1136e-07	-3.1228e-07
1.135	-7.33246e-08	1.8144e-09	1.5221e-10	3.8326e-07	-3.1188e-07	-4.24508e-08	1.3821e-09	9.558e-11	3.5374e-07	-3.1298e-07	-2.32736e-08	1.0321e-09	6.893e-11	3.3516e-07	-3.1288e-07	-1.18528e-08	7.7778e-10	4.451e-11	3.2376e-07	-3.127e-07	-5.257e-09	6.0298e-10	2.611e-11	3.1726e-07	-3.1268e-07	-1.6576e-09	4.9386e-10	4.01e-12	3.1366e-07	-3.125e-07	5.1846e-10	4.3551e-10	-2.753e-11	3.1138e-07	-3.1234e-07
1.13	-7.3068e-08	1.7636e-09	1.5838e-10	3.8308e-07	-3.1194e-07	-4.24626e-08	1.3259e-09	9.943e-11	3.5392e-07	-3.1286e-07	-2.32708e-08	9.8164e-10	6.921e-11	3.3518e-07	-3.1284e-07	-1.18088e-08	7.3251e-10	4.633e-11	3.2376e-07	-3.1272e-07	-5.2497e-09	5.6297e-10	2.883e-11	3.174e-07	-3.1258e-07	-1.6616e-09	4.5775e-10	7.72e-12	3.1366e-07	-3.1248e-07	5.151e-10	3.9392e-10	-2.542e-11	3.1142e-07	-3.1232e-07
1.125	-7.29498e-08	1.7105e-09	1.6161e-10	3.8314e-07	-3.1194e-07	-4.24152e-08	1.28e-09	1.0294e-10	3.54e-07	-3.1298e-07	-2.3251e-08	9.4356e-10	7.217e-11	3.3512e-07	-3.1276e-07	-1.18062e-08	6.8776e-10	5.104e-11	3.2378e-07	-3.127e-07	-5.2586e-09	5.1702e-10	3.119e-11	3.1732e-07	-3.1264e-07	-1.6594e-09	4.1414e-10	8.67e-12	3.1372e-07	-3.124e-07	5.1772e-10	3.6248e-10	-2.597e-11	3.1144e-07	-3.1224e-07
1.12	-7.27194e-08	1.6625e-09	1.6584e-10	3.8288e-07	-3.1198e-07	-4.2357e-08	1.2295e-09	1.0544e-10	3.5392e-07	-3.1288e-07	-2.32304e-08	9.0534e-10	7.635e-11	3.3506e-07	-3.1278e-07	-1.17962e-08	6.5841e-10	5.487e-11	3.238e-07	-3.1272e-07	-5.2518e-09	4.863e-10	3.452e-11	3.1738e-07	-3.1258e-07	-1.6614e-09	3.8942e-10	1.14e-11	3.1372e-07	-3.1246e-07	5.1781e-10	3.3275e-10	-2.37e-11	3.1142e-07	-3.1222e-07
1.115	-7.26908e-08	1.6237e-09	1.7141e-10	3.8286e-07	-3.1198e-07	-4.23614e-08	1.1951e-09	1.1062e-10	3.5382e-07	-3.1282e-07	-2.31998e-08	8.5869e-10	8.048e-11	3.3498e-07	-3.1272e-07	-1.17958e-08	6.1684e-10	5.575e-11	3.238e-07	-3.1264e-07	-5.2499e-09	4.5768e-10	3.822e-11	3.174e-07	-3.126e-07	-1.6674e-09	3.5574e-10	1.282e-11	3.1374e-07	-3.1244e-07	5.2445e-10	2.954e-10	-2.118e-11	3.1148e-07	-3.1242e-07
1.11	-7.25862e-08	1.5777e-09	1.7828e-10	3.8274e-07	-3.1192e-07	-4.21238e-08	1.1544e-09	1.1749e-10	3.5374e-07	-3.1274e-07	-2.32078e-08	8.3041e-10	8.727e-11	3.3508e-07	-3.1296e-07	-1.17764e-08	5.9127e-10	6.088e-11	3.2382e-07	-3.1266e-07	-5.2348e-09	4.2267e-10	4.416e-11	3.1742e-07	-3.1252e-07	-1.6543e-09	3.2695e-10	1.8e-11	3.138e-07	-3.1248e-07	5.1298e-10	2.7874e-10	-2.158e-11	3.1146e-07	-3.1224e-07
1.105	-7.25114e-08	1.5321e-09	1.8397e-10	3.827e-07	-3.1188e-07	-4.22924e-08	1.1226e-09	1.2211e-10	3.5374e-07	-3.1266e-07	-2.31592e-08	7.9706e-10	9.369e-11	3.3506e-07	-3.1274e-07	-1.17664e-08	5.5197e-10	6.723e-11	3.2388e-07	-3.1264e-07	-5.2488e-09	4.028e-10	4.867e-11	3.174e-07	-3.1252e-07	-1.6674e-09	3.0633e-10	2.047e-11	3.1384e-07	-3.1246e-07	5.1947e-10	2.5358e-10	-1.998e-11	3.1144e-07	-3.1232e-07
1.1	-7.23802e-08	1.5044e-09	1.903e-10	3.8268e-07	-3.1194e-07	-4.22502e-08	1.0854e-09	1.3117e-10	3.5374e-07	-3.1268e-07	-2.31444e-08	7.6975e-10	9.73e-11	3.351e-07	-3.1272e-07	-1.1753e-08	5.3136e-10	7.23e-11	3.2382e-07	-3.1264e-07	-5.2334e-09	3.6994e-10	5.347e-11	3.1738e-07	-3.126e-07	-1.6552e-09	2.8082e-10	2.484e-11	3.1372e-07	-3.124e-07	5.2801e-10	2.2861e-10	-1.67e-11	3.1144e-07	-3.1228e-07
1.095	-7.22494e-08	1.4705e-09	1.9825e-10	3.825e-07	-3.119e-07	-4.215e-08	1.0531e-09	1.4109e-10	3.5362e-07	-3.1262e-07	-2.31792e-08	7.3735e-10	1.0266e-10	3.3504e-07	-3.1268e-07	-1.17682e-08	5.0102e-10	7.645e-11	3.2384e-07	-3.126e-07	-5.2388e-09	3.5916e-10	5.765e-11	3.1738e-07	-3.1248e-07	-1.6611e-09	2.6405e-10	2.95e-11	3.1378e-07	-3.1248e-07	5.1109e-10	2.1239e-10	-1.623e-11	3.1158e-07	-3.121e-07
1.09	-7.1947e-08	1.427e-09	2.1101e-10	3.8246e-07	-3.119e-07	-4.1977e-08	1.0241e-09	1.4967e-10	3.5362e-07	-3.1258e-07	-2.31418e-08	7.1908e-10	1.1084e-10	3.349e-07	-3.1262e-07	-1.1756e-08	4.8249e-10	8.341e-11	3.2384e-07	-3.1262e-07	-5.2421e-09	3.2778e-10	6.462e-11	3.1732e-07	-3.1252e-07	-1.6512e-09	2.3912e-10	3.438e-11	3.1388e-07	-3.1246e-07	5.3058e-10	1.9286e-10	-1.564e-11	3.1156e-07	-3.1218e-07
1.085	-7.19636e-08	1.4029e-09	2.2308e-10	3.8232e-07	-3.1194e-07	-4.21436e-08	9.977e-10	1.578e-10	3.5368e-07	-3.1262e-07	-2.31148e-08	6.8283e-10	1.1908e-10	3.35e-07	-3.1262e-07	-1.17462e-08	4.6409e-10	9.251e-11	3.2382e-07	-3.1262e-07	-5.2371e-09	3.1533e-10	7.11e-11	3.1744e-07	-3.1242e-07	-1.6575e-09	2.2949e-10	4.032e-11	3.1376e-07	-3.124e-07	5.2186e-10	1.8369e-10	-1.199e-11	3.1156e-07	-3.1224e-07
1.08	-7.19464e-08	1.3764e-09	2.3683e-10	3.824e-07	-3.1198e-07	-4.21076e-08	9.7138e-10	1.6765e-10	3.5352e-07	-3.1256e-07	-2.30914e-08	6.6831e-10	1.3017e-10	3.349e-07	-3.1258e-07	-1.1749e-08	4.4133e-10	9.703e-11	3.2378e-07	-3.1258e-07	-5.2443e-09	2.989e-10	7.717e-11	3.1734e-07	-3.1246e-07	-1.6595e-09	2.0746e-10	4.405e-11	3.1384e-07	-3.1248e-07	5.2873e-10	1.58e-10	-9.29e-12	3.116e-07	-3.122e-07
1.075	-7.18358e-08	1.3509e-09	2.5614e-10	3.823e-07	-3.1192e-07	-4.21302e-08	9.5515e-10	1.8159e-10	3.538e-07	-3.1248e-07	-2.30762e-08	6.4045e-10	1.4237e-10	3.349e-07	-3.1254e-07	-1.17514e-08	4.2494e-10	1.076e-10	3.2378e-07	-3.1262e-07	-5.235e-09	2.8126e-10	8.411e-11	3.1738e-07	-3.1248e-07	-1.6592e-09	1.9887e-10	5.176e-11	3.1366e-07	-3.124e-07	5.2075e-10	1.5741e-10	-8.75e-12	3.1158e-07	-3.1222e-07
1.07	-7.17854e-08	1.3115e-09	2.739e-10	3.8212e-07	-3.1204e-07	-4.20686e-08	9.2492e-10	1.999e-10	3.535e-07	-3.1248e-07	-2.30986e-08	6.2473e-10	1.5679e-10	3.3488e-07	-3.1256e-07	-1.17482e-08	4.0369e-10	1.2034e-10	3.238e-07	-3.126e-07	-5.2541e-09	2.6969e-10	9.381e-11	3.1742e-07	-3.1248e-07	-1.6676e-09	1.83e-10	5.894e-11	3.1384e-07	-3.1248e-07	5.2541e-10	1.4175e-10	-8.28e-12	3.1158e-07	-3.1214e-07
1.065	-7.16228e-08	1.2998e-09	2.9338e-10	3.8222e-07	-3.119e-07	-4.20108e-08	9.0223e-10	2.1788e-10	3.5344e-07	-3.1246e-07	-2.30944e-08	6.0324e-10	1.7213e-10	3.3484e-07	-3.1248e-07	-1.17544e-08	3.9061e-10	1.3273e-10	3.2384e-07	-3.1252e-07	-5.2446e-09	2.4825e-10	1.0307e-10	3.1744e-07	-3.124e-07	-1.6695e-09	1.715e-10	6.667e-11	3.1388e-07	-3.1244e-07	5.3668e-10	1.2579e-10	-5.1e-12	3.1156e-07	-3.1214e-07
1.06	-7.17052e-08	1.2708e-09	3.1921e-10	3.8198e-07	-3.1188e-07	-4.20132e-08	8.8159e-10	2.3784e-10	3.5342e-07	-3.1246e-07	-2.31012e-08	5.8759e-10	1.8723e-10	3.349e-07	-3.1252e-07	-1.1772e-08	3.7142e-10	1.4504e-10	3.238e-07	-3.1254e-07	-5.2679e-09	2.4626e-10	1.1487e-10	3.174e-07	-3.1246e-07	-1.688e-09	1.6561e-10	7.586e-11	3.1384e-07	-3.1234e-07	5.118e-10	1.2718e-10	-5.19e-12	3.116e-07	-3.1222e-07
1.055	-7.1589e-08	1.2514e-09	3.484e-10	3.8196e-07	-3.12e-07	-4.19942e-08	8.6512e-10	2.6441e-10	3.5328e-07	-3.1244e-07	-2.3112e-08	5.7737e-10	2.0909e-10	3.3488e-07	-3.1256e-07	-1.17792e-08	3.6448e-10	1.6367e-10	3.2378e-07	-3.1246e-07	-5.2694e-09	2.2744e-10	1.2627e-10	3.1734e-07	-3.1236e-07	-1.6787e-09	1.4919e-10	8.689e-11	3.1384e-07	-3.1236e-07	5.3284e-10	1.0818e-10	-3.55e-12	3.1164e-07	-3.1222e-07
1.05	-7.16448e-08	1.2224e-09	3.8267e-10	3.8198e-07	-3.1198e-07	-4.20048e-08	8.4132e-10	2.9219e-10	3.5332e-07	-3.1246e-07	-2.30454e-08	5.5258e-10	2.3226e-10	3.3476e-07	-3.1246e-07	-1.17846e-08	3.4954e-10	1.8144e-10	3.238e-07	-3.1252e-07	-5.2753e-09	2.2229e-10	1.4301e-10	3.1738e-07	-3.1244e-07	-1.7048e-09	1.4319e-10	9.864e-11	3.1384e-07	-3.123e-07	5.2353e-10	1.0745e-10	-1.64e-12	3.116e-07	-3.1226e-07
1.045	-7.16146e-08	1.2076e-09	4.2248e-10	3.8192e-07	-3.1194e-07	-4.20406e-08	8.3105e-10	3.2142e-10	3.5338e-07	-3.1236e-07	-2.31264e-08	5.4312e-10	2.5683e-10	3.3482e-07	-3.1246e-07	-1.17944e-08	3.3956e-10	2.0059e-10	3.2384e-07	-3.125e-07	-5.2965e-09	2.0487e-10	1.5869e-10	3.1734e-07	-3.124e-07	-1.7118e-09	1.3488e-10	1.1179e-10	3.1388e-07	-3.124e-07	5.2888e-10	9.265e-11	-4.2e-13	3.1166e-07	-3.1224e-07
1.04	-7.15814e-08	1.181e-09	4.6847e-10	3.8192e-07	-3.1188e-07	-4.2013e-08	8.0954e-10	3.6216e-10	3.5308e-07	-3.124e-07	-2.31114e-08	5.2363e-10	2.8892e-10	3.3484e-07	-3.1242e-07	-1.18104e-08	3.2562e-10	2.2635e-10	3.238e-07	-3.1254e-07	-5.3094e-09	2.0301e-10	1.7984e-10	3.1734e-07	-3.1244e-07	-1.7281e-09	1.2986e-10	1.2896e-10	3.1382e-07	-3.1234e-07	5.2348e-10	9.353e-11	7e-13	3.1158e-07	-3.1224e-07
1.035	-7.1544e-08	1.163e-09	5.1844e-10	3.8178e-07	-3.1188e-07	-4.20486e-08	7.9417e-10	4.0815e-10	3.5322e-07	-3.1256e-07	-2.31536e-08	5.1755e-10	3.2561e-10	3.3482e-07	-3.1254e-07	-1.18322e-08	3.1513e-10	2.5921e-10	3.2382e-07	-3.1248e-07	-5.3348e-09	1.928e-10	2.037e-10	3.1734e-07	-3.1246e-07	-1.7384e-09	1.163e-10	1.4836e-10	3.138e-07	-3.1244e-07	5.2029e-10	8.307e-11	2.43e-12	3.1164e-07	-3.1234e-07
1.03	-7.15922e-08	1.1489e-09	5.8186e-10	3.8206e-07	-3.1194e-07	-4.2081e-08	7.7745e-10	4.5738e-10	3.5322e-07	-3.1232e-07	-2.3175e-08	4.9312e-10	3.6527e-10	3.3478e-07	-3.125e-07	-1.1872e-08	3.0333e-10	2.9099e-10	3.237e-07	-3.1252e-07	-5.3464e-09	1.8012e-10	2.3252e-10	3.1736e-07	-3.124e-07	-1.765e-09	1.1559e-10	1.7235e-10	3.1382e-07	-3.123e-07	5.3109e-10	7.552e-11	4.83e-12	3.1156e-07	-3.1228e-07
1.025	-7.15156e-08	1.1236e-09	6.5329e-10	3.818e-07	-3.1194e-07	-4.20242e-08	7.6347e-10	5.1478e-10	3.5322e-07	-3.124e-07	-2.32088e-08	4.9021e-10	4.1137e-10	3.3476e-07	-3.1244e-07	-1.19038e-08	2.9378e-10	3.2947e-10	3.2376e-07	-3.1246e-07	-5.402e-09	1.8322e-10	2.6346e-10	3.1736e-07	-3.1242e-07	-1.7888e-09	1.1126e-10	1.9616e-10	3.1388e-07	-3.1234e-07	5.0596e-10	7.968e-11	6.81e-12	3.1164e-07	-3.1226e-07
1.02	-7.15978e-08	1.1127e-09	7.3958e-10	3.8132e-07	-3.1192e-07	-4.21262e-08	7.4505e-10	5.8539e-10	3.5294e-07	-3.1234e-07	-2.32284e-08	4.7301e-10	4.6931e-10	3.3472e-07	-3.1242e-07	-1.19356e-08	2.8368e-10	3.7671e-10	3.237e-07	-3.1246e-07	-5.414e-09	1.6486e-10	3.0122e-10	3.174e-07	-3.1238e-07	-1.8057e-09	1.0049e-10	2.2726e-10	3.1384e-07	-3.1232e-07	5.2274e-10	6.327e-11	9.19e-12	3.1164e-07	-3.1216e-07
1.015	-7.1598e-08	1.0882e-09	8.3211e-10	3.813e-07	-3.1192e-07	-4.21688e-08	7.372e-10	6.6069e-10	3.5312e-07	-3.1238e-07	-2.3307e-08	4.685e-10	5.3341e-10	3.347e-07	-3.124e-07	-1.19788e-08	2.8183e-10	4.2839e-10	3.237e-07	-3.1242e-07	-5.4629e-09	1.6531e-10	3.4422e-10	3.1734e-07	-3.124e-07	-1.8453e-09	9.797e-11	2.6342e-10	3.1386e-07	-3.1232e-07	5.0823e-10	6.908e-11	1.308e-11	3.1166e-07	-3.1218e-07
1.01	-7.15236e-08	1.0755e-09	9.4944e-10	3.8168e-07	-3.1198e-07	-4.21458e-08	7.2503e-10	7.5204e-10	3.5304e-07	-3.1234e-07	-2.3371e-08	4.5162e-10	6.0942e-10	3.348e-07	-3.124e-07	-1.2017e-08	2.7112e-10	4.8621e-10	3.2374e-07	-3.124e-07	-5.5073e-09	1.5504e-10	3.9572e-10	3.1734e-07	-3.1242e-07	-1.8861e-09	9.489e-11	3.0172e-10	3.139e-07	-3.1234e-07	5.1649e-10	5.927e-11	1.598e-11	3.1168e-07	-3.1222e-07
1.005	-7.16888e-08	1.0527e-09	1.0782e-09	3.8146e-07	-3.12e-07	-4.22568e-08	6.992e-10	8.6167e-10	3.5308e-07	-3.1234e-07	-2.34504e-08	4.3806e-10	6.9744e-10	3.347e-07	-3.1244e-07	-1.20838e-08	2.6279e-10	5.5884e-10	3.2376e-07	-3.1242e-07	-5.5635e-09	1.5358e-10	4.5039e-10	3.174e-07	-3.124e-07	-1.9251e-09	9.031e-11	3.4822e-10	3.139e-07	-3.124e-07	5.064e-10	5.821e-11	2.055e-11	3.1172e-07	-3.1224e-07
1	-7.18602e-08	1.0394e-09	1.232e-09	3.8146e-07	-3.1194e-07	-4.23528e-08	6.9539e-10	9.863e-10	3.5308e-07	-3.1234e-07	-2.35244e-08	4.3377e-10	8e-10	3.3466e-07	-3.1248e-07	-1.21714e-08	2.4879e-10	6.4424e-10	3.2372e-07	-3.1244e-07	-5.6248e-09	1.4299e-10	5.2e-10	3.1736e-07	-3.124e-07	-1.971e-09	8.549e-11	4.0301e-10	3.1392e-07	-3.1238e-07	4.9615e-10	5.592e-11	2.313e-11	3.1168e-07	-3.1228e-07
0.995	-7.19422e-08	1.0228e-09	1.4059e-09	3.8142e-07	-3.1192e-07	-4.2511e-08	6.7809e-10	1.12832e-09	3.5304e-07	-3.1238e-07	-2.35266e-08	4.1878e-10	9.1602e-10	3.3466e-07	-3.1242e-07	-1.2256e-08	2.4862e-10	7.4146e-10	3.237e-07	-3.124e-07	-5.7152e-09	1.429e-10	5.9619e-10	3.174e-07	-3.1236e-07	-2.0355e-09	7.838e-11	4.6613e-10	3.139e-07	-3.126e-07	5.0913e-10	5.364e-11	3.158e-11	3.1168e-07	-3.1226e-07
0.99	-7.21004e-08	1.0061e-09	1.6076e-09	3.8142e-07	-3.1188e-07	-4.26352e-08	6.7004e-10	1.3032e-09	3.5306e-07	-3.1234e-07	-2.36558e-08	4.1228e-10	1.05232e-09	3.3458e-07	-3.124e-07	-1.23612e-08	2.3748e-10	8.4803e-10	3.2372e-07	-3.124e-07	-5.807e-09	1.3575e-10	6.8392e-10	3.174e-07	-3.124e-07	-2.114e-09	7.915e-11	5.3742e-10	3.139e-07	-3.1236e-07	4.8101e-10	5.181e-11	3.566e-11	3.1168e-07	-3.1222e-07
0.985	-7.22496e-08	9.9146e-10	1.847e-09	3.8138e-07	-3.1186e-07	-4.27966e-08	6.5156e-10	1.4916e-09	3.5304e-07	-3.123e-07	-2.38024e-08	4.0084e-10	1.2128e-09	3.3452e-07	-3.124e-07	-1.24872e-08	2.3739e-10	9.7982e-10	3.2372e-07	-3.124e-07	-5.8841e-09	1.2917e-10	7.8759e-10	3.1734e-07	-3.124e-07	-2.1877e-09	7.536e-11	6.1757e-10	3.1384e-07	-3.1236e-07	4.9072e-10	4.321e-11	4.387e-11	3.1162e-07	-3.1218e-07
0.98	-7.24822e-08	9.7599e-10	2.1245e-09	3.8132e-07	-3.1194e-07	-4.30288e-08	6.4214e-10	1.718e-09	3.5298e-07	-3.1232e-07	-2.39462e-08	3.9661e-10	1.3994e-09	3.345e-07	-3.123e-07	-1.2607e-08	2.2817e-10	1.13254e-09	3.237e-07	-3.124e-07	-6.0119e-09	1.3373e-10	9.115e-10	3.1744e-07	-3.124e-07	-2.2778e-09	7.018e-11	7.1625e-10	3.1392e-07	-3.1234e-07	4.7788e-10	5.148e-11	5.101e-11	3.117e-07	-3.1224e-07
0.975	-7.27372e-08	9.6675e-10	2.4388e-09	3.813e-07	-3.1192e-07	-4.32556e-08	6.2895e-10	1.9809e-09	3.5294e-07	-3.1224e-07	-2.41848e-08	3.8132e-10	1.6158e-09	3.3458e-07	-3.1236e-07	-1.2774e-08	2.2282e-10	1.3035e-09	3.2366e-07	-3.1232e-07	-6.1323e-09	1.1924e-10	1.05092e-09	3.1736e-07	-3.1238e-07	-2.3985e-09	6.885e-11	8.2995e-10	3.1382e-07	-3.1242e-07	4.7379e-10	3.551e-11	6.035e-11	3.1166e-07	-3.1224e-07
0.97	-7.30882e-08	9.4747e-10	2.8214e-09	3.8134e-07	-3.1198e-07	-4.35724e-08	6.237e-10	2.2861e-09	3.5292e-07	-3.1228e-07	-2.44118e-08	3.8045e-10	1.8683e-09	3.345e-07	-3.1234e-07	-1.29876e-08	2.1803e-10	1.5117e-09	3.2366e-07	-3.1234e-07	-6.3247e-09	1.2185e-10	1.2206e-09	3.1734e-07	-3.1234e-07	-2.5246e-09	6.615e-11	9.6154e-10	3.1386e-07	-3.1236e-07	4.5845e-10	4.25e-11	7.203e-11	3.1176e-07	-3.1224e-07
0.965	-7.34352e-08	9.3579e-10	3.2506e-09	3.813e-07	-3.1194e-07	-4.38962e-08	6.1489e-10	2.6582e-09	3.5284e-07	-3.1228e-07	-2.46224e-08	3.6741e-10	2.1566e-09	3.3454e-07	-3.1228e-07	-1.32068e-08	2.0809e-10	1.7443e-09	3.236e-07	-3.1236e-07	-6.485e-09	1.1034e-10	1.4115e-09	3.1732e-07	-3.1234e-07	-2.686e-09	6.818e-11	1.10967e-09	3.1388e-07	-3.1232e-07	4.4393e-10	4.086e-11	8.327e-11	3.1172e-07	-3.123e-07
0.96	-7.39502e-08	9.2364e-10	3.7544e-09	3.8102e-07	-3.1194e-07	-4.42356e-08	5.9161e-10	3.0659e-09	3.5284e-07	-3.1224e-07	-2.50304e-08	3.5859e-10	2.5116e-09	3.3452e-07	-3.1226e-07	-1.3483e-08	2.1107e-10	2.0194e-09	3.2364e-07	-3.124e-07	-6.7082e-09	1.1715e-10	1.6339e-09	3.1734e-07	-3.1228e-07	-2.8499e-09	5.475e-11	1.2902e-09	3.1382e-07	-3.1242e-07	4.4821e-10	3.383e-11	1.0013e-10	3.1174e-07	-3.1228e-07
0.955	-7.44192e-08	9.0156e-10	4.3386e-09	3.8106e-07	-3.1188e-07	-4.46826e-08	5.9163e-10	3.5369e-09	3.528e-07	-3.1224e-07	-2.54258e-08	3.5377e-10	2.8898e-09	3.3456e-07	-3.123e-07	-1.38008e-08	1.9036e-10	2.3386e-09	3.2354e-07	-3.1236e-07	-6.9477e-09	1.0803e-10	1.8875e-09	3.1728e-07	-3.123e-07	-3.0508e-09	6.17e-11	1.5037e-09	3.139e-07	-3.1234e-07	4.1774e-10	4.052e-11	1.1731e-10	3.116e-07	-3.1224e-07
0.95	-7.51334e-08	8.8663e-10	5.039e-09	3.8112e-07	-3.1188e-07	-4.52228e-08	5.7445e-10	4.1241e-09	3.5282e-07	-3.1218e-07	-2.58436e-08	3.4463e-10	3.3527e-09	3.3448e-07	-3.1236e-07	-1.41448e-08	1.9873e-10	2.7163e-09	3.2362e-07	-3.1228e-07	-7.2727e-09	1.0436e-10	2.1931e-09	3.1732e-07	-3.1238e-07	-3.2933e-09	5.125e-11	1.735e-09	3.1388e-07	-3.1234e-07	4.0421e-10	3.263e-11	1.3412e-10	3.117e-07	-3.1222e-07
0.945	-7.58606e-08	8.8046e-10	5.8186e-09	3.8108e-07	-3.1182e-07	-4.58778e-08	5.6981e-10	4.7552e-09	3.5276e-07	-3.1246e-07	-2.63702e-08	3.3875e-10	3.8864e-09	3.3452e-07	-3.1252e-07	-1.4581e-08	1.8661e-10	3.1506e-09	3.236e-07	-3.1234e-07	-7.6109e-09	9.887e-11	2.5367e-09	3.1728e-07	-3.1234e-07	-3.5728e-09	5.951e-11	2.0185e-09	3.138e-07	-3.1228e-07	3.8136e-10	3.56e-11	1.5795e-10	3.1166e-07	-3.1222e-07
0.94	-7.65806e-08	8.6952e-10	6.7477e-09	3.81e-07	-3.1182e-07	-4.6601e-08	5.4905e-10	5.5227e-09	3.5256e-07	-3.1218e-07	-2.69412e-08	3.3147e-10	4.5e-09	3.3456e-07	-3.123e-07	-1.5104e-08	1.8645e-10	3.6363e-09	3.2364e-07	-3.1234e-07	-8.0078e-09	1.034e-10	2.9436e-09	3.1728e-07	-3.1228e-07	-3.8896e-09	4.984e-11	2.3491e-09	3.1394e-07	-3.1234e-07	3.6224e-10	2.789e-11	1.8305e-10	3.1168e-07	-3.1218e-07
0.935	-7.78242e-08	8.5508e-10	7.8224e-09	3.8106e-07	-3.1186e-07	-4.75014e-08	5.5326e-10	6.4139e-09	3.5282e-07	-3.1222e-07	-2.76722e-08	3.2661e-10	5.2297e-09	3.345e-07	-3.123e-07	-1.56434e-08	1.7703e-10	4.224e-09	3.2362e-07	-3.123e-07	-8.4773e-09	9.601e-11	3.4026e-09	3.1734e-07	-3.1228e-07	-4.2583e-09	5.078e-11	2.7226e-09	3.1386e-07	-3.1234e-07	3.262e-10	3.132e-11	2.0928e-10	3.1168e-07	-3.1222e-07
0.93	-7.90702e-08	8.3523e-10	9.0706e-09	3.81e-07	-3.118e-07	-4.84854e-08	5.3434e-10	7.4341e-09	3.5276e-07	-3.1218e-07	-2.8533e-08	3.1531e-10	6.0683e-09	3.3448e-07	-3.1228e-07	-1.63302e-08	1.7613e-10	4.8956e-09	3.2354e-07	-3.1232e-07	-9.0146e-09	8.79e-11	3.9676e-09	3.1736e-07	-3.1232e-07	-4.7287e-09	4.903e-11	3.1524e-09	3.139e-07	-3.1236e-07	2.9003e-10	2.85e-11	2.4557e-10	3.117e-07	-3.1224e-07
0.925	-8.0483e-08	8.3197e-10	1.05402e-08	3.8096e-07	-3.1182e-07	-4.96718e-08	5.2548e-10	8.611e-09	3.5274e-07	-3.1218e-07	-2.94802e-08	3.0995e-10	7.0464e-09	3.3448e-07	-3.1234e-07	-1.71122e-08	1.7398e-10	5.6781e-09	3.2358e-07	-3.1226e-07	-9.663e-09	9.377e-11	4.6013e-09	3.1714e-07	-3.1208e-07	-5.2085e-09	4.92e-11	3.6674e-09	3.1384e-07	-3.1236e-07	2.6031e-10	2.954e-11	2.8109e-10	3.117e-07	-3.1224e-07
0.92	-8.21022e-08	8.1186e-10	1.22408e-08	3.809e-07	-3.1182e-07	-5.10266e-08	5.1904e-10	1.00158e-08	3.528e-07	-3.1214e-07	-3.06178e-08	3.0263e-10	8.1627e-09	3.3448e-07	-3.123e-07	-1.8022e-08	1.6138e-10	6.6114e-09	3.2372e-07	-3.1252e-07	-1.03892e-08	9.106e-11	5.3396e-09	3.1708e-07	-3.1216e-07	-5.8139e-09	4.889e-11	4.2723e-09	3.1412e-07	-3.1234e-07	2.0169e-10	2.75e-11	3.3018e-10	3.1166e-07	-3.1224e-07
0.915	-8.3952e-08	7.9818e-10	1.41782e-08	3.8092e-07	-3.1188e-07	-5.26542e-08	5.0419e-10	1.1628e-08	3.527e-07	-3.1218e-07	-3.1925e-08	2.955e-10	9.4653e-09	3.3454e-07	-3.1228e-07	-1.90726e-08	1.6361e-10	7.6654e-09	3.2364e-07	-3.1232e-07	-1.1235e-08	8.182e-11	6.1977e-09	3.1714e-07	-3.1208e-07	-6.484e-09	3.858e-11	4.9284e-09	3.1388e-07	-3.1234e-07	1.5644e-10	2.246e-11	3.8472e-10	3.1168e-07	-3.1222e-07
0.91	-8.63108e-08	7.8933e-10	1.64784e-08	3.8108e-07	-3.1188e-07	-5.434e-08	4.9614e-10	1.35084e-08	3.527e-07	-3.122e-07	-3.34908e-08	2.8865e-10	1.10185e-08	3.3452e-07	-3.1236e-07	-2.03204e-08	1.5435e-10	8.8866e-09	3.2358e-07	-3.1238e-07	-1.22658e-08	8.399e-11	7.1906e-09	3.173e-07	-3.1238e-07	-7.3115e-09	4.959e-11	5.7339e-09	3.1386e-07	-3.1234e-07	8.556e-11	3.209e-11	4.4216e-10	3.1174e-07	-3.1224e-07
0.905	-8.8927e-08	7.7745e-10	1.91298e-08	3.8084e-07	-3.1184e-07	-5.66532e-08	4.9253e-10	1.56822e-08	3.5276e-07	-3.1218e-07	-3.52388e-08	2.8674e-10	1.28364e-08	3.3448e-07	-3.1226e-07	-2.17444e-08	1.5889e-10	1.03171e-08	3.2354e-07	-3.123e-07	-1.34062e-08	8.192e-11	8.3556e-09	3.1732e-07	-3.124e-07	-8.1991e-09	3.776e-11	6.6484e-09	3.1388e-07	-3.1234e-07	2.421e-11	2.093e-11	5.1881e-10	3.117e-07	-3.1226e-07
0.9	-9.19346e-08	7.6336e-10	2.22474e-08	3.8078e-07	-3.1188e-07	-5.91926e-08	4.7665e-10	1.8237e-08	3.527e-07	-3.1224e-07	-3.73006e-08	2.7662e-10	1.49048e-08	3.3446e-07	-3.1228e-07	-2.34252e-08	1.4301e-10	1.20366e-08	3.2358e-07	-3.1234e-07	-1.47552e-08	7.485e-11	9.771e-09	3.1728e-07	-3.1234e-07	-9.3142e-09	4.345e-11	7.7387e-09	3.1378e-07	-3.1226e-07	-5.422e-11	2.439e-11	6.0409e-10	3.117e-07	-3.1226e-07
0.895	-9.5533e-08	7.6264e-10	2.5881e-08	3.8076e-07	-3.1186e-07	-6.22e-08	4.7639e-10	2.11782e-08	3.5268e-07	-3.1224e-07	-3.96304e-08	2.7002e-10	1.73148e-08	3.3446e-07	-3.1232e-07	-2.5374e-08	1.405e-10	1.396e-08	3.2366e-07	-3.123e-07	-1.63178e-08	7.55e-11	1.12864e-08	3.1732e-07	-3.1232e-07	-1.05315e-08	3.329e-11	9.0014e-09	3.1376e-07	-3.1228e-07	-1.6417e-10	2.366e-11	7.137e-10	3.1168e-07	-3.1228e-07
0.89	-9.9754e-08	7.4651e-10	3.00878e-08	3.8082e-07	-3.1182e-07	-6.54432e-08	4.6529e-10	2.46744e-08	3.527e-07	-3.1218e-07	-4.25454e-08	2.6282e-10	2.01354e-08	3.3448e-07	-3.1228e-07	-2.76612e-08	1.4556e-10	1.62638e-08	3.2368e-07	-3.1232e-07	-1.82e-08	6.827e-11	1.31392e-08	3.1734e-07	-3.1242e-07	-1.20056e-08	3.805e-11	1.04785e-08	3.1384e-07	-3.1228e-07	-2.6335e-10	2.426e-11	8.0708e-10	3.1168e-07	-3.122e-07
0.885	-1.045596e-07	7.2709e-10	3.48992e-08	3.8076e-07	-3.1182e-07	-6.95944e-08	4.5046e-10	2.86906e-08	3.5288e-07	-3.1218e-07	-4.57816e-08	2.5812e-10	2.33934e-08	3.3448e-07	-3.1222e-07	-3.02654e-08	1.3954e-10	1.88738e-08	3.2364e-07	-3.1228e-07	-2.03224e-08	6.686e-11	1.52616e-08	3.1732e-07	-3.1236e-07	-1.37118e-08	3.718e-11	1.2176e-08	3.138e-07	-3.1228e-07	-4.0963e-10	1.93e-11	9.4079e-10	3.1164e-07	-3.1216e-07
0.88	-1.10233e-07	7.2619e-10	4.06024e-08	3.8072e-07	-3.1188e-07	-7.42626e-08	4.4292e-10	3.33266e-08	3.5252e-07	-3.1222e-07	-4.95714e-08	2.5019e-10	2.724e-08	3.345e-07	-3.1228e-07	-3.33518e-08	1.2934e-10	2.19428e-08	3.2362e-07	-3.1228e-07	-2.27998e-08	7.362e-11	1.77876e-08	3.1728e-07	-3.1234e-07	-1.56878e-08	3.415e-11	1.41452e-08	3.1382e-07	-3.1224e-07	-5.2686e-10	2.053e-11	1.10661e-09	3.1164e-07	-3.1218e-07
0.875	-1.168436e-07	7.103e-10	4.71736e-08	3.8076e-07	-3.1186e-07	-7.95064e-08	4.371e-10	3.8702e-08	3.5264e-07	-3.1222e-07	-5.40288e-08	2.4784e-10	3.16142e-08	3.3454e-07	-3.1234e-07	-3.6974e-08	1.3304e-10	2.55194e-08	3.2364e-07	-3.1228e-07	-2.56236e-08	6.413e-11	2.0653e-08	3.1732e-07	-3.123e-07	-1.79906e-08	3.025e-11	1.64356e-08	3.1378e-07	-3.1218e-07	-7.1862e-10	2.199e-11	1.2665e-09	3.1172e-07	-3.1224e-07
0.87	-1.2454e-07	6.9933e-10	5.49882e-08	3.8074e-07	-3.1178e-07	-8.58304e-08	4.2903e-10	4.50064e-08	3.5264e-07	-3.1222e-07	-5.9132e-08	2.4149e-10	3.6757e-08	3.3444e-07	-3.1224e-07	-4.11e-08	1.2871e-10	2.97372e-08	3.2356e-07	-3.1228e-07	-2.89998e-08	5.832e-11	2.3992e-08	3.1736e-07	-3.123e-07	-2.06024e-08	3.835e-11	1.91192e-08	3.1384e-07	-3.1226e-07	-9.4174e-10	1.766e-11	1.484e-09	3.117e-07	-3.1222e-07
0.865	-1.3338e-07	6.8507e-10	6.37664e-08	3.807e-07	-3.1182e-07	-9.3102e-08	4.2418e-10	5.21982e-08	3.5228e-07	-3.1212e-07	-6.50268e-08	2.3369e-10	4.2645e-08	3.3438e-07	-3.1222e-07	-4.58808e-08	1.2108e-10	3.44956e-08	3.2354e-07	-3.1228e-07	-3.2878e-08	6.459e-11	2.78446e-08	3.1732e-07	-3.123e-07	-2.37012e-08	2.996e-11	2.21946e-08	3.138e-07	-3.1228e-07	-1.15693e-09	2.245e-11	1.704e-09	3.1162e-07	-3.1222e-07
0.86	-1.4378e-07	6.7737e-10	7.42486e-08	3.807e-07	-3.1182e-07	-1.015054e-07	4.0677e-10	6.07374e-08	3.5256e-07	-3.1212e-07	-7.1982e-08	2.3535e-10	4.9701e-08	3.3444e-07	-3.123e-07	-5.15632e-08	1.2625e-10	4.0193e-08	3.236e-07	-3.1224e-07	-3.7442e-08	5.998e-11	3.24666e-08	3.1734e-07	-3.1234e-07	-2.7298e-08	2.702e-11	2.5782e-08	3.1376e-07	-3.1226e-07	-1.4587e-09	1.883e-11	1.97e-09	3.1174e-07	-3.1224e-07
0.855	-1.553e-07	6.6231e-10	8.6231e-08	3.807e-07	-3.1182e-07	-1.112392e-07	3.9636e-10	7.08724e-08	3.5256e-07	-3.1222e-07	-7.99782e-08	2.2501e-10	5.78608e-08	3.3442e-07	-3.1226e-07	-5.80296e-08	1.1367e-10	4.66764e-08	3.2352e-07	-3.123e-07	-4.26628e-08	5.332e-11	3.7664e-08	3.1732e-07	-3.1232e-07	-3.14692e-08	3.336e-11	3.00152e-08	3.1376e-07	-3.1228e-07	-1.7321e-09	1.724e-11	2.3097e-09	3.117e-07	-3.122e-07
0.85	-1.6934e-07	6.5161e-10	1.001616e-07	3.8032e-07	-3.1188e-07	-1.2312e-07	3.9899e-10	8.26144e-08	3.5252e-07	-3.1216e-07	-8.9556e-08	2.146e-10	6.71606e-08	3.3436e-07	-3.1222e-07	-6.56958e-08	1.1853e-10	5.43024e-08	3.2354e-07	-3.1234e-07	-4.88174e-08	6.353e-11	4.37286e-08	3.1738e-07	-3.1236e-07	-3.64098e-08	2.399e-11	3.48128e-08	3.1382e-07	-3.1224e-07	-2.1224e-09	1.171e-11	2.7106e-09	3.1166e-07	-3.1226e-07
0.845	-1.8574e-07	6.4005e-10	1.1654e-07	3.806e-07	-3.119e-07	-1.3602e-07	3.8461e-10	9.61e-08	3.5254e-07	-3.1208e-07	-1.003194e-07	2.1971e-10	7.80048e-08	3.344e-07	-3.1218e-07	-7.4495e-08	1.191e-10	6.31418e-08	3.2356e-07	-3.123e-07	-5.5854e-08	5.382e-11	5.09402e-08	3.1732e-07	-3.1236e-07	-4.21126e-08	2.718e-11	4.04658e-08	3.1382e-07	-3.1224e-07	-2.5515e-09	1.5e-11	3.1014e-09	3.1164e-07	-3.1222e-07
0.84	-2.0518e-07	6.3704e-10	1.3624e-07	3.8064e-07	-3.1176e-07	-1.5126e-07	3.815e-10	1.113588e-07	3.5246e-07	-3.1212e-07	-1.12966e-07	2.093e-10	9.07198e-08	3.3436e-07	-3.122e-07	-8.45908e-08	9.92e-11	7.32288e-08	3.2352e-07	-3.1234e-07	-6.39628e-08	4.882e-11	5.90872e-08	3.1734e-07	-3.1238e-07	-4.83856e-08	3.051e-11	4.70948e-08	3.1384e-07	-3.1224e-07	-3.0628e-09	1.506e-11	3.6165e-09	3.1178e-07	-3.1228e-07
0.835	-2.2674e-07	6.171e-10	1.5802e-07	3.8066e-07	-3.1186e-07	-1.691e-07	3.7456e-10	1.2978e-07	3.525e-07	-3.1218e-07	-1.2798e-07	2.1272e-10	1.055426e-07	3.343e-07	-3.1222e-07	-9.67318e-08	1.0617e-10	8.52582e-08	3.2354e-07	-3.1234e-07	-7.3703e-08	5.265e-11	6.87098e-08	3.1728e-07	-3.1232e-07	-5.61796e-08	1.809e-11	5.45856e-08	3.137e-07	-3.1222e-07	-3.6156e-09	1.262e-11	4.2777e-09	3.117e-07	-3.1222e-07
0.83	-2.5118e-07	6.1045e-10	1.82e-07	3.806e-07	-3.1184e-07	-1.9256e-07	3.6514e-10	1.5156e-07	3.5228e-07	-3.1212e-07	-1.4488e-07	1.9871e-10	1.2216e-07	3.3434e-07	-3.1224e-07	-1.10363e-07	9.348e-11	9.89584e-08	3.2352e-07	-3.1228e-07	-8.48828e-08	4.203e-11	7.9951e-08	3.1736e-07	-3.124e-07	-6.50788e-08	2.164e-11	6.34188e-08	3.1376e-07	-3.122e-07	-4.3565e-09	1.318e-11	4.7977e-09	3.1168e-07	-3.1222e-07
0.825	-2.818e-07	6.0472e-10	2.1218e-07	3.8054e-07	-3.118e-07	-2.1708e-07	3.5733e-10	1.7694e-07	3.5204e-07	-3.1212e-07	-1.6458e-07	1.9999e-10	1.4202e-07	3.3442e-07	-3.122e-07	-1.2638e-07	1.0915e-10	1.1506e-07	3.2354e-07	-3.1222e-07	-9.7991e-08	4.722e-11	9.28838e-08	3.1738e-07	-3.1236e-07	-7.53432e-08	2.496e-11	7.3912e-08	3.1376e-07	-3.1224e-07	-5.1329e-09	1.183e-11	5.6835e-09	3.1166e-07	-3.1216e-07
0.82	-3.1506e-07	5.8586e-10	2.4712e-07	3.8058e-07	-3.1176e-07	-2.4222e-07	3.4938e-10	2.0182e-07	3.5246e-07	-3.1212e-07	-1.8784e-07	1.9094e-10	1.655e-07	3.344e-07	-3.123e-07	-1.4506e-07	9.836e-11	1.3356e-07	3.238e-07	-3.1226e-07	-1.127978e-07	5.056e-11	1.078306e-07	3.174e-07	-3.1236e-07	-8.72012e-08	1.723e-11	8.57894e-08	3.1372e-07	-3.1222e-07	-6.0046e-09	9.83e-12	6.4976e-09	3.117e-07	-3.1222e-07
0.815	-3.5618e-07	5.8248e-10	2.8664e-07	3.8048e-07	-3.1182e-07	-2.7518e-07	3.4039e-10	2.3828e-07	3.525e-07	-3.1206e-07	-2.1446e-07	1.8231e-10	1.919e-07	3.3436e-07	-3.1226e-07	-1.672e-07	9.181e-11	1.5558e-07	3.2352e-07	-3.1226e-07	-1.304e-07	4.077e-11	1.2582e-07	3.1738e-07	-3.1236e-07	-1.012578e-07	2.206e-11	9.96592e-08	3.1376e-07	-3.1228e-07	-7.116e-09	1.356e-11	7.6793e-09	3.1168e-07	-3.122e-07
0.81	-4.0366e-07	5.7221e-10	3.3388e-07	3.8052e-07	-3.1184e-07	-3.1352e-07	3.3476e-10	2.7472e-07	3.5244e-07	-3.1206e-07	-2.46e-07	1.8537e-10	2.2372e-07	3.3428e-07	-3.1222e-07	-1.915e-07	9.506e-11	1.805e-07	3.2352e-07	-3.1224e-07	-1.5106e-07	4.651e-11	1.4546e-07	3.1728e-07	-3.1234e-07	-1.172e-07	2.372e-11	1.156e-07	3.1376e-07	-3.1224e-07	-8.3131e-09	2.85e-12	8.8699e-09	3.117e-07	-3.1218e-07
0.805	-4.5642e-07	5.5298e-10	3.8848e-07	3.8058e-07	-3.1188e-07	-3.5866e-07	3.2972e-10	3.179e-07	3.5238e-07	-3.121e-07	-2.8328e-07	1.7367e-10	2.6022e-07	3.3434e-07	-3.1218e-07	-2.2054e-07	9.048e-11	2.1004e-07	3.2352e-07	-3.1228e-07	-1.7442e-07	3.755e-11	1.7014e-07	3.1728e-07	-3.123e-07	-1.3642e-07	1.744e-11	1.3436e-07	3.1376e-07	-3.1222e-07	-9.7595e-09	9.68e-12	1.03624e-08	3.117e-07	-3.1222e-07
0.8	-5.2216e-07	5.521e-10	4.5018e-07	3.804e-07	-3.119e-07	-4.0858e-07	3.1872e-10	3.6898e-07	3.524e-07	-3.1212e-07	-3.2488e-07	1.6613e-10	3.024e-07	3.3422e-07	-3.1218e-07	-2.5502e-07	8.503e-11	2.4308e-07	3.2354e-07	-3.1226e-07	-2.0218e-07	3.499e-11	1.9686e-07	3.173e-07	-3.1228e-07	-1.5752e-07	1.731e-11	1.5582e-07	3.1374e-07	-3.1226e-07	-1.14908e-08	-1.7e-13	1.2017e-08	3.1168e-07	-3.1222e-07
0.795	-5.9292e-07	5.4102e-10	5.2462e-07	3.805e-07	-3.1186e-07	-4.6994e-07	3.1329e-10	4.2974e-07	3.5248e-07	-3.1214e-07	-3.7384e-07	1.7363e-10	3.522e-07	3.3428e-07	-3.1218e-07	-2.9384e-07	8.414e-11	2.8198e-07	3.2354e-07	-3.122e-07	-2.3446e-07	4.586e-11	2.2946e-07	3.173e-07	-3.1222e-07	-1.8264e-07	1.883e-11	1.8204e-07	3.1376e-07	-3.122e-07	-1.35408e-08	-1.25e-12	1.40598e-08	3.1172e-07	-3.1222e-07
0.79	-6.779e-07	5.2489e-10	6.0774e-07	3.806e-07	-3.1198e-07	-5.3842e-07	3.0912e-10	4.991e-07	3.5244e-07	-3.121e-07	-4.3148e-07	1.558e-10	4.091e-07	3.3434e-07	-3.122e-07	-3.3836e-07	7.892e-11	3.2782e-07	3.2346e-07	-3.1238e-07	-2.7082e-07	2.697e-11	2.6514e-07	3.1734e-07	-3.123e-07	-2.1236e-07	1.607e-11	2.1056e-07	3.1354e-07	-3.1204e-07	-1.58634e-08	6.48e-12	1.617e-08	3.1168e-07	-3.1218e-07
0.785	-7.7682e-07	5.2504e-10	7.0944e-07	3.805e-07	-3.1182e-07	-6.215e-07	2.9928e-10	5.777e-07	3.5244e-07	-3.121e-07	-4.978e-07	1.5975e-10	4.76e-07	3.3428e-07	-3.1222e-07	-3.9232e-07	7.73e-11	3.8078e-07	3.2354e-07	-3.1224e-07	-3.1482e-07	3.645e-11	3.0874e-07	3.1726e-07	-3.123e-07	-2.4774e-07	1.376e-11	2.446e-07	3.137e-07	-3.1218e-07	-1.83486e-08	-3.15e-12	1.90572e-08	3.1168e-07	-3.1224e-07
0.78	-8.8852e-07	5.0979e-10	8.2416e-07	3.8052e-07	-3.1184e-07	-7.1328e-07	2.9371e-10	6.7412e-07	3.5246e-07	-3.1206e-07	-5.7642e-07	1.6042e-10	5.5372e-07	3.3422e-07	-3.1222e-07	-4.5354e-07	7.274e-11	4.4136e-07	3.2358e-07	-3.1224e-07	-3.646e-07	3.461e-11	3.599e-07	3.1728e-07	-3.1234e-07	-2.8562e-07	1.464e-11	2.847e-07	3.1374e-07	-3.1228e-07	-2.14364e-08	-3.58e-12	2.18944e-08	3.1168e-07	-3.1222e-07
0.775	-1.02488e-06	4.9831e-10	9.5626e-07	3.8052e-07	-3.1198e-07	-8.2132e-07	2.8769e-10	7.8194e-07	3.5238e-07	-3.1218e-07	-6.6574e-07	1.4267e-10	6.4248e-07	3.3428e-07	-3.1216e-07	-5.2582e-07	7.102e-11	5.1424e-07	3.235e-07	-3.1228e-07	-4.2358e-07	2.466e-11	4.1938e-07	3.173e-07	-3.1234e-07	-3.3348e-07	1.359e-11	3.3122e-07	3.14e-07	-3.1226e-07	-2.46724e-08	5.37e-12	2.53908e-08	3.1164e-07	-3.1222e-07
0.77	-1.1742e-06	4.9598e-10	1.10636e-06	3.8042e-07	-3.1182e-07	-9.4768e-07	2.8238e-10	9.0832e-07	3.5246e-07	-3.1212e-07	-7.6946e-07	1.5358e-10	7.4652e-07	3.3428e-07	-3.1222e-07	-6.0876e-07	6.979e-11	5.97e-07	3.2352e-07	-3.1222e-07	-4.9088e-07	3.124e-11	4.8564e-07	3.1732e-07	-3.1228e-07	-3.8544e-07	9.84e-12	3.8462e-07	3.1378e-07	-3.122e-07	-2.84088e-08	-6.96e-12	2.92644e-08	3.117e-07	-3.1222e-07
0.765	-1.3555e-06	4.8125e-10	1.2918e-06	3.8044e-07	-3.1184e-07	-1.0964e-06	2.6613e-10	1.05638e-06	3.5232e-07	-3.1212e-07	-8.8918e-07	1.4111e-10	8.6564e-07	3.343e-07	-3.1222e-07	-7.0684e-07	6.401e-11	6.9438e-07	3.2352e-07	-3.1228e-07	-5.705e-07	2.886e-11	5.644e-07	3.1726e-07	-3.123e-07	-4.4814e-07	1.294e-11	4.4604e-07	3.1374e-07	-3.122e-07	-3.32888e-08	-5.07e-12	3.40262e-08	3.1166e-07	-3.1218e-07
0.76	-1.5644e-06	4.7466e-10	1.4954e-06	3.8028e-07	-3.1182e-07	-1.2663e-06	2.6538e-10	1.2292e-06	3.524e-07	-3.1216e-07	-1.02874e-06	1.3264e-10	1.00408e-06	3.343e-07	-3.1226e-07	-8.188e-07	6.528e-11	8.0782e-07	3.235e-07	-3.123e-07	-6.6296e-07	1.994e-11	6.5546e-07	3.1736e-07	-3.1234e-07	-5.21e-07	1.014e-11	5.19e-07	3.1378e-07	-3.1222e-07	-3.84292e-08	-2.24e-12	3.9216e-08	3.1164e-07	-3.1218e-07
0.755	-1.802e-06	4.602e-10	1.7414e-06	3.8002e-07	-3.1182e-07	-1.4659e-06	2.6886e-10	1.4263e-06	3.5246e-07	-3.1218e-07	-1.1922e-06	1.3555e-10	1.1691e-06	3.3426e-07	-3.1224e-07	-9.5118e-07	5.82e-11	9.4022e-07	3.2348e-07	-3.1218e-07	-7.694e-07	2.642e-11	7.6612e-07	3.1728e-07	-3.1224e-07	-6.047e-07	6.18e-12	6.0236e-07	3.1382e-07	-3.1216e-07	-4.5658e-08	-1.374e-11	4.47214e-08	3.1168e-07	-3.122e-07
0.75	-2.0805e-06	4.5398e-10	2.013e-06	3.8036e-07	-3.1186e-07	-1.7015e-06	2.522e-10	1.6609e-06	3.5232e-07	-3.1214e-07	-1.3768e-06	1.2863e-10	1.362e-06	3.3424e-07	-3.1216e-07	-1.10178e-06	6.412e-11	1.09294e-06	3.2356e-07	-3.1224e-07	-8.9254e-07	2.476e-11	8.8908e-07	3.1732e-07	-3.1224e-07	-7.0016e-07	1.175e-11	7.018e-07	3.137e-07	-3.1218e-07	-5.17988e-08	-8.89e-12	5.3113e-08	3.1168e-07	-3.1218e-07
0.745	-2.4088e-06	4.4648e-10	2.3389e-06	3.8034e-07	-3.118e-07	-1.9647e-06	2.4125e-10	1.9326e-06	3.5234e-07	-3.1214e-07	-1.5989e-06	1.2187e-10	1.58e-06	3.3404e-07	-3.1218e-07	-1.2832e-06	5.095e-11	1.2703e-06	3.2354e-07	-3.1226e-07	-1.03748e-06	1.501e-11	1.03686e-06	3.1728e-07	-3.1228e-07	-8.1502e-07	4.16e-12	8.1382e-07	3.1374e-07	-3.1224e-07	-6.0152e-08	-5.96e-12	6.06366e-08	3.1156e-07	-3.1218e-07
0.74	-2.7804e-06	4.3226e-10	2.715e-06	3.8004e-07	-3.1182e-07	-2.2834e-06	2.4985e-10	2.2336e-06	3.5226e-07	-3.1212e-07	-1.8486e-06	1.2546e-10	1.8288e-06	3.343e-07	-3.1218e-07	-1.4834e-06	4.503e-11	1.4767e-06	3.2352e-07	-3.1218e-07	-1.2034e-06	2.407e-11	1.2e-06	3.1722e-07	-3.1224e-07	-9.444e-07	3.55e-12	9.4378e-07	3.1374e-07	-3.1218e-07	-6.95374e-08	-1.703e-11	6.97314e-08	3.1168e-07	-3.1224e-07
0.735	-3.2194e-06	4.2818e-10	3.1499e-06	3.8042e-07	-3.1182e-07	-2.6345e-06	2.3403e-10	2.6076e-06	3.5238e-07	-3.1216e-07	-2.152e-06	1.1368e-10	2.1279e-06	3.3428e-07	-3.1216e-07	-1.7247e-06	4.751e-11	1.7156e-06	3.2358e-07	-3.1224e-07	-1.3988e-06	2.199e-11	1.3944e-06	3.1726e-07	-3.1228e-07	-1.10096e-06	6.56e-12	1.09886e-06	3.1372e-07	-3.1216e-07	-8.02952e-08	-1.527e-11	8.09316e-08	3.1162e-07	-3.1218e-07
0.73	-3.7199e-06	4.1721e-10	3.6603e-06	3.8042e-07	-3.1192e-07	-3.0546e-06	2.2636e-10	3.0225e-06	3.5226e-07	-3.1212e-07	-2.483e-06	1.124e-10	2.4691e-06	3.3428e-07	-3.122e-07	-2.0043e-06	5.792e-11	1.9855e-06	3.2346e-07	-3.123e-07	-1.6251e-06	9.3e-12	1.6177e-06	3.1732e-07	-3.123e-07	-1.269e-06	3.03e-12	1.2693e-06	3.1376e-07	-3.122e-07	-9.22556e-08	-1.38e-11	9.44778e-08	3.1168e-07	-3.1222e-07
0.725	-4.2971e-06	4.052e-10	4.2287e-06	3.8034e-07	-3.1182e-07	-3.5386e-06	2.2826e-10	3.5035e-06	3.524e-07	-3.1222e-07	-2.8891e-06	1.1309e-10	2.8588e-06	3.3426e-07	-3.1214e-07	-2.3219e-06	3.556e-11	2.3088e-06	3.2354e-07	-3.1224e-07	-1.8811e-06	1.705e-11	1.8775e-06	3.1728e-07	-3.1226e-07	-1.4769e-06	-1.52e-12	1.4803e-06	3.137e-07	-3.1218e-07	-1.06452e-07	-1.715e-11	1.073884e-07	3.117e-07	-3.1222e-07
0.72	-4.9715e-06	4.0319e-10	4.9099e-06	3.8032e-07	-3.1188e-07	-4.1103e-06	2.1715e-10	4.0528e-06	3.5238e-07	-3.1214e-07	-3.3529e-06	9.853e-11	3.3248e-06	3.3424e-07	-3.1222e-07	-2.695e-06	4.653e-11	2.6809e-06	3.235e-07	-3.1222e-07	-2.1873e-06	1.247e-11	2.184e-06	3.1728e-07	-3.123e-07	-1.7215e-06	-2.29e-12	1.7147e-06	3.1376e-07	-3.1224e-07	-1.2348e-07	-1.807e-11	1.2538e-07	3.1174e-07	-3.1218e-07
0.715	-5.7466e-06	3.9028e-10	5.6794e-06	3.803e-07	-3.1186e-07	-4.7575e-06	2.1063e-10	4.7102e-06	3.5238e-07	-3.1214e-07	-3.8642e-06	1.0434e-10	3.8482e-06	3.343e-07	-3.1222e-07	-3.1181e-06	4.26e-11	3.1145e-06	3.235e-07	-3.1226e-07	-2.527e-06	7.42e-12	2.5287e-06	3.173e-07	-3.1224e-07	-1.9892e-06	3.9e-13	1.9855e-06	3.1378e-07	-3.1222e-07	-1.4236e-07	-2.74e-11	1.4484e-07	3.1164e-07	-3.1224e-07
0.71	-6.6548e-06	3.805e-10	6.5712e-06	3.801e-07	-3.1194e-07	-5.493e-06	2.1056e-10	5.4658e-06	3.5232e-07	-3.1206e-07	-4.4998e-06	9.621e-11	4.4988e-06	3.3424e-07	-3.1216e-07	-3.6261e-06	3.198e-11	3.6121e-06	3.2376e-07	-3.124e-07	-2.9408e-06	1.123e-11	2.9405e-06	3.1726e-07	-3.1226e-07	-2.3048e-06	-8.01e-12	2.3067e-06	3.137e-07	-3.122e-07	-1.656e-07	-1.614e-11	1.6444e-07	3.1168e-07	-3.1224e-07
0.705	-7.6916e-06	3.7567e-10	7.6157e-06	3.803e-07	-3.1186e-07	-6.3623e-06	1.9648e-10	6.3099e-06	3.5226e-07	-3.1218e-07	-5.2273e-06	8.979e-11	5.2202e-06	3.3424e-07	-3.1218e-07	-4.1957e-06	3.959e-11	4.1856e-06	3.2358e-07	-3.1226e-07	-3.4067e-06	4.59e-12	3.4035e-06	3.1728e-07	-3.1226e-07	-2.6744e-06	-4.53e-12	2.6733e-06	3.137e-07	-3.1222e-07	-1.8784e-07	-2.847e-11	1.9076e-07	3.1168e-07	-3.1218e-07
0.7	-8.8964e-06	3.6507e-10	8.8429e-06	3.8022e-07	-3.1186e-07	-7.379e-06	1.9531e-10	7.3261e-06	3.5232e-07	-3.121e-07	-6.0656e-06	9.261e-11	6.0051e-06	3.3442e-07	-3.1218e-07	-4.8736e-06	2.962e-11	4.8665e-06	3.235e-07	-3.1224e-07	-3.9664e-06	3.01e-12	3.9571e-06	3.1734e-07	-3.1228e-07	-3.1123e-06	-7.51e-12	3.1105e-06	3.1384e-07	-3.1226e-07	-2.1396e-07	-2.947e-11	2.143e-07	3.1164e-07	-3.1216e-07
0.695	-1.02599e-05	3.5308e-10	1.02423e-05	3.8026e-07	-3.1182e-07	-8.511e-06	1.8793e-10	8.479e-06	3.522e-07	-3.1212e-07	-7.0171e-06	8.177e-11	6.9867e-06	3.3416e-07	-3.1216e-07	-5.6385e-06	3.149e-11	5.6333e-06	3.2348e-07	-3.1218e-07	-4.5886e-06	5.6e-13	4.5822e-06	3.1722e-07	-3.1222e-07	-3.6077e-06	-1.178e-11	3.5966e-06	3.1394e-07	-3.1222e-07	-2.4422e-07	-2.572e-11	2.4366e-07	3.117e-07	-3.1224e-07
0.69	-1.1902e-05	3.5005e-10	1.1838e-05	3.8016e-07	-3.1184e-07	-9.8534e-06	1.7722e-10	9.8356e-06	3.5232e-07	-3.121e-07	-8.1012e-06	8.273e-11	8.0894e-06	3.3424e-07	-3.1218e-07	-6.5419e-06	2.941e-11	6.5457e-06	3.2344e-07	-3.1222e-07	-5.322e-06	2.57e-12	5.3209e-06	3.1728e-07	-3.1226e-07	-4.1794e-06	-7.38e-12	4.1826e-06	3.1382e-07	-3.1222e-07	-2.7746e-07	-3.43e-11	2.7778e-07	3.1166e-07	-3.1218e-07
0.685	-1.3692e-05	3.3526e-10	1.3678e-05	3.7998e-07	-3.1182e-07	-1.13816e-05	1.8303e-10	1.13572e-05	3.522e-07	-3.121e-07	-9.395e-06	7.78e-11	9.3793e-06	3.3416e-07	-3.1212e-07	-7.5797e-06	2.082e-11	7.5644e-06	3.235e-07	-3.122e-07	-6.1679e-06	-4.72e-12	6.1474e-06	3.172e-07	-3.1218e-07	-4.8394e-06	-1.387e-11	4.8487e-06	3.1372e-07	-3.1212e-07	-3.253e-07	-3.579e-11	3.234e-07	3.1164e-07	-3.1232e-07
0.68	-1.5844e-05	3.3454e-10	1.5804e-05	3.8006e-07	-3.1188e-07	-1.3194e-05	1.7336e-10	1.3154e-05	3.5216e-07	-3.1208e-07	-1.08996e-05	7.121e-11	1.08172e-05	3.3424e-07	-3.1246e-07	-8.7884e-06	2.696e-11	8.7502e-06	3.2346e-07	-3.1222e-07	-7.1403e-06	-4.38e-12	7.1462e-06	3.1728e-07	-3.123e-07	-5.6175e-06	-1.475e-11	5.6166e-06	3.1372e-07	-3.1216e-07	-3.7406e-07	-3.42e-11	3.7104e-07	3.117e-07	-3.1222e-07
0.675	-1.8272e-05	3.2007e-10	1.8258e-05	3.8018e-07	-3.119e-07	-1.5182e-05	1.7221e-10	1.5134e-05	3.5208e-07	-3.121e-07	-1.254e-05	6.524e-11	1.2552e-05	3.3424e-07	-3.122e-07	-1.01466e-05	1.738e-11	1.01275e-05	3.2346e-07	-3.1234e-07	-8.2627e-06	-2.05e-12	8.2447e-06	3.1724e-07	-3.1234e-07	-6.4899e-06	-1.691e-11	6.4915e-06	3.1368e-07	-3.1222e-07	-4.21e-07	-4.098e-11	4.227e-07	3.1162e-07	-3.121e-07
0.67	-2.1094e-05	3.119e-10	2.1038e-05	3.8006e-07	-3.1196e-07	-1.757e-05	1.5523e-10	1.7536e-05	3.5224e-07	-3.121e-07	-1.4494e-05	6.496e-11	1.4534e-05	3.342e-07	-3.1222e-07	-1.1754e-05	2.047e-11	1.175e-05	3.2342e-07	-3.1222e-07	-9.5823e-06	-1.164e-11	9.5403e-06	3.1732e-07	-3.1232e-07	-7.5206e-06	-2.145e-11	7.5385e-06	3.1382e-07	-3.1224e-07	-4.7826e-07	-4.419e-11	4.8674e-07	3.1164e-07	-3.1216e-07
0.665	-2.4316e-05	3.0814e-10	2.4238e-05	3.8028e-07	-3.1188e-07	-2.026e-05	1.4882e-10	2.0276e-05	3.522e-07	-3.1208e-07	-1.6718e-05	6.33e-11	1.6686e-05	3.3424e-07	-3.1216e-07	-1.3584e-05	1.496e-11	1.3584e-05	3.2328e-07	-3.1198e-07	-1.10663e-05	-6.51e-12	1.10518e-05	3.1724e-07	-3.1228e-07	-8.7064e-06	-1.745e-11	8.7014e-06	3.1376e-07	-3.1226e-07	-5.4118e-07	-4.066e-11	5.3936e-07	3.1168e-07	-3.1222e-07
0.66	-2.8078e-05	2.9586e-10	2.7964e-05	3.8014e-07	-3.1182e-07	-2.3396e-05	1.5299e-10	2.3326e-05	3.5214e-07	-3.1206e-07	-1.9466e-05	5.556e-11	1.9336e-05	3.3412e-07	-3.1218e-07	-1.575e-05	7.48e-12	1.5738e-05	3.2324e-07	-3.1192e-07	-1.2824e-05	-1.462e-11	1.2794e-05	3.1728e-07	-3.1222e-07	-1.00872e-05	-2.673e-11	1.00731e-05	3.1378e-07	-3.1222e-07	-6.1218e-07	-4.86e-11	6.1814e-07	3.1162e-07	-3.1218e-07
0.655	-3.2312e-05	2.8843e-10	3.2266e-05	3.8004e-07	-3.1188e-07	-2.693e-05	1.3826e-10	2.6932e-05	3.5218e-07	-3.1212e-07	-2.2264e-05	5.541e-11	2.2254e-05	3.3422e-07	-3.1224e-07	-1.8178e-05	1.304e-11	1.8158e-05	3.2318e-07	-3.1194e-07	-1.4834e-05	-1.073e-11	1.482e-05	3.1722e-07	-3.122e-07	-1.1638e-05	-2.525e-11	1.1656e-05	3.1374e-07	-3.1218e-07	-6.8668e-07	-5.366e-11	6.8664e-07	3.1168e-07	-3.1214e-07
0.65	-3.729e-05	2.8219e-10	3.7142e-05	3.8008e-07	-3.1186e-07	-3.1146e-05	1.3462e-10	3.1086e-05	3.5214e-07	-3.1206e-07	-2.575e-05	4.932e-11	2.583e-05	3.3416e-07	-3.121e-07	-2.1012e-05	4.06e-12	2.102e-05	3.2322e-07	-3.1196e-07	-1.7104e-05	-1.506e-11	1.7124e-05	3.1728e-07	-3.1218e-07	-1.3468e-05	-2.787e-11	1.3472e-05	3.1382e-07	-3.1224e-07	-7.7746e-07	-4.95e-11	7.7362e-07	3.117e-07	-3.1216e-07
0.645	-4.2882e-05	2.7095e-10	4.2768e-05	3.801e-07	-3.1182e-07	-3.5842e-05	1.3465e-10	3.5782e-05	3.5216e-07	-3.121e-07	-2.9708e-05	4.748e-11	2.966e-05	3.342e-07	-3.1218e-07	-2.426e-05	-5.5e-13	2.427e-05	3.2346e-07	-3.1224e-07	-1.9716e-05	-2.145e-11	1.9732e-05	3.1698e-07	-3.12e-07	-1.5544e-05	-3.092e-11	1.5536e-05	3.1368e-07	-3.1222e-07	-8.5398e-07	-6.025e-11	8.6308e-07	3.1162e-07	-3.1214e-07
0.64	-4.942e-05	2.6285e-10	4.928e-05	3.7998e-07	-3.1182e-07	-4.1326e-05	1.2118e-10	4.125e-05	3.5214e-07	-3.1212e-07	-3.4244e-05	4.337e-11	3.419e-05	3.3412e-07	-3.1212e-07	-2.7996e-05	4.42e-12	2.8e-05	3.2346e-07	-3.1224e-07	-2.284e-05	-1.475e-11	2.285e-05	3.1696e-07	-3.1202e-07	-1.7966e-05	-2.874e-11	1.796e-05	3.1374e-07	-3.1224e-07	-9.5678e-07	-6.083e-11	9.6318e-07	3.116e-07	-3.1212e-07
0.635	-5.6746e-05	2.5924e-10	5.6698e-05	3.7998e-07	-3.118e-07	-4.7474e-05	1.1751e-10	4.7532e-05	3.521e-07	-3.1208e-07	-3.9396e-05	3.573e-11	3.9386e-05	3.3416e-07	-3.1222e-07	-3.2278e-05	-5.89e-12	3.2236e-05	3.2336e-07	-3.1224e-07	-2.6278e-05	-2.762e-11	2.626e-05	3.1704e-07	-3.1206e-07	-2.0726e-05	-3.636e-11	2.0676e-05	3.1378e-07	-3.1226e-07	-1.0561e-06	-5.913e-11	1.0506e-06	3.117e-07	-3.1218e-07
0.63	-6.5344e-05	2.4905e-10	6.529e-05	3.7994e-07	-3.118e-07	-5.474e-05	1.1811e-10	5.4766e-05	3.5182e-07	-3.1206e-07	-4.54e-05	3.889e-11	4.5376e-05	3.3416e-07	-3.1214e-07	-3.7246e-05	-6.78e-12	3.7154e-05	3.2336e-07	-3.1216e-07	-3.0352e-05	-2.427e-11	3.034e-05	3.17e-07	-3.1204e-07	-2.3894e-05	-3.959e-11	2.3896e-05	3.1376e-07	-3.1224e-07	-1.14944e-06	-7.024e-11	1.15006e-06	3.1166e-07	-3.1214e-07
0.625	-7.4978e-05	2.377e-10	7.497e-05	3.7994e-07	-3.1182e-07	-6.2944e-05	1.011e-10	6.284e-05	3.5204e-07	-3.1204e-07	-5.2204e-05	2.78e-11	5.246e-05	3.341e-07	-3.1216e-07	-4.2898e-05	-3.25e-12	4.28e-05	3.234e-07	-3.1214e-07	-3.4902e-05	-2e-11	3.4934e-05	3.173e-07	-3.1226e-07	-2.7532e-05	-3.431e-11	2.749e-05	3.138e-07	-3.1224e-07	-1.2625e-06	-6.968e-11	1.3167e-06	3.117e-07	-3.1216e-07
0.62	-8.607e-05	2.3735e-10	8.6084e-05	3.7992e-07	-3.1176e-07	-7.2214e-05	1.0325e-10	7.2222e-05	3.521e-07	-3.1204e-07	-6.0038e-05	2.475e-11	6e-05	3.3416e-07	-3.1216e-07	-4.9302e-05	-1.607e-11	4.9334e-05	3.2342e-07	-3.1222e-07	-4.0188e-05	-3.685e-11	4.0204e-05	3.1724e-07	-3.123e-07	-3.1672e-05	-4.394e-11	3.1658e-05	3.137e-07	-3.1228e-07	-1.4666e-06	-7.443e-11	1.4366e-06	3.1186e-07	-3.1208e-07
0.615	-9.9014e-05	2.24e-10	9.9e-05	3.7996e-07	-3.1182e-07	-8.319e-05	9.702e-11	8.31e-05	3.5232e-07	-3.1204e-07	-6.9104e-05	2.725e-11	6.911e-05	3.3412e-07	-3.1212e-07	-5.684e-05	-1.408e-11	5.6852e-05	3.235e-07	-3.1228e-07	-4.6288e-05	-2.633e-11	4.6408e-05	3.172e-07	-3.123e-07	-3.6556e-05	-4.606e-11	3.6506e-05	3.1376e-07	-3.1222e-07	-1.5671e-06	-7.898e-11	1.5629e-06	3.1162e-07	-3.1214e-07
0.61	-0.000113672	2.1324e-10	0.000113502	3.7962e-07	-3.1188e-07	-9.536e-05	8.614e-11	9.543e-05	3.5212e-07	-3.1204e-07	-7.946e-05	1.353e-11	7.9378e-05	3.3416e-07	-3.1224e-07	-6.5434e-05	-1.388e-11	6.5312e-05	3.2338e-07	-3.122e-07	-5.3198e-05	-3.388e-11	5.3342e-05	3.173e-07	-3.1226e-07	-4.199e-05	-4.216e-11	4.2016e-05	3.1382e-07	-3.1222e-07	-1.6496e-06	-7.824e-11	1.6558e-06	3.1164e-07	-3.1212e-07
0.605	-0.00013036	2.0898e-10	0.00013034	3.7988e-07	-3.118e-07	-0.000109682	8.854e-11	0.000109628	3.521e-07	-3.1198e-07	-9.1394e-05	1.604e-11	9.1336e-05	3.3406e-07	-3.1222e-07	-7.5262e-05	-2.673e-11	7.5242e-05	3.2346e-07	-3.1218e-07	-6.1378e-05	-4.136e-11	6.1352e-05	3.1726e-07	-3.1228e-07	-4.831e-05	-5.32e-11	4.8412e-05	3.1376e-07	-3.1228e-07	-1.7621e-06	-8.514e-11	1.7848e-06	3.1158e-07	-3.1212e-07
0.6	-0.00014916	2.0465e-10	0.0001493	3.7966e-07	-3.1184e-07	-0.00012554	7.675e-11	0.00012556	3.5204e-07	-3.1202e-07	-0.000104888	1.378e-11	0.00010483	3.3414e-07	-3.1216e-07	-8.6498e-05	-2.134e-11	8.6464e-05	3.2346e-07	-3.123e-07	-7.0476e-05	-3.382e-11	7.0404e-05	3.1722e-07	-3.1228e-07	-5.5586e-05	-5.508e-11	5.5554e-05	3.1374e-07	-3.1224e-07	-1.8908e-06	-9.11e-11	1.9248e-06	3.1164e-07	-3.1216e-07
0.595	-0.00017136	1.9141e-10	0.00017138	3.797e-07	-3.1176e-07	-0.00014416	7.314e-11	0.00014418	3.5202e-07	-3.1204e-07	-0.00012026	6.12e-12	0.00012054	3.3416e-07	-3.1216e-07	-9.946e-05	-2.535e-11	9.9534e-05	3.2344e-07	-3.1228e-07	-8.102e-05	-4.437e-11	8.1102e-05	3.1724e-07	-3.123e-07	-6.3946e-05	-5.106e-11	6.3948e-05	3.1374e-07	-3.1216e-07	-2.0398e-06	-8.968e-11	2.0229e-06	3.1162e-07	-3.1216e-07
0.59	-0.0001959	1.8586e-10	0.00019572	3.7992e-07	-3.1182e-07	-0.00016518	6.572e-11	0.00016516	3.5214e-07	-3.1206e-07	-0.00013794	-3.08e-12	0.0001383	3.341e-07	-3.1212e-07	-0.000114192	-3.255e-11	0.000114164	3.235e-07	-3.1228e-07	-9.3122e-05	-4.571e-11	9.3018e-05	3.172e-07	-3.1228e-07	-7.337e-05	-6.612e-11	7.337e-05	3.1378e-07	-3.1222e-07	-2.1633e-06	-9.881e-11	2.1534e-06	3.1166e-07	-3.1218e-07
0.585	-0.00022432	1.8038e-10	0.00022434	3.7996e-07	-3.1184e-07	-0.00018932	6.529e-11	0.00018932	3.5208e-07	-3.1206e-07	-0.0001587	4.6e-13	0.00015854	3.3418e-07	-3.1216e-07	-0.0001311	-3.084e-11	0.00013102	3.2346e-07	-3.1222e-07	-0.000106956	-4.285e-11	0.000106976	3.1726e-07	-3.1224e-07	-8.4348e-05	-6.131e-11	8.4278e-05	3.1374e-07	-3.1224e-07	-2.1528e-06	-1.0245e-10	2.1866e-06	3.1168e-07	-3.1218e-07
0.58	-0.00025592	1.6638e-10	0.00025588	3.7968e-07	-3.118e-07	-0.0002163	5.913e-11	0.0002164	3.521e-07	-3.121e-07	-0.0001814	-4.2e-12	0.00018138	3.3416e-07	-3.1222e-07	-0.0001502	-3.513e-11	0.00015018	3.2348e-07	-3.1224e-07	-0.00012252	-5.615e-11	0.00012262	3.172e-07	-3.1222e-07	-9.6752e-05	-6.354e-11	9.6758e-05	3.1382e-07	-3.1224e-07	-2.3146e-06	-1.0202e-10	2.3305e-06	3.1164e-07	-3.122e-07
0.575	-0.00029218	1.6332e-10	0.00029232	3.7994e-07	-3.1186e-07	-0.00024758	4.458e-11	0.00024754	3.521e-07	-3.121e-07	-0.0002078	-1.463e-11	0.00020788	3.3412e-07	-3.1212e-07	-0.00017218	-3.859e-11	0.00017242	3.2348e-07	-3.123e-07	-0.0001407	-6.132e-11	0.0001409	3.172e-07	-3.1216e-07	-0.00011102	-7.461e-11	0.000111066	3.1376e-07	-3.1228e-07	-2.3816e-06	-1.1432e-10	2.3521e-06	3.1168e-07	-3.1212e-07
0.57	-0.00033252	1.5861e-10	0.00033258	3.7984e-07	-3.1182e-07	-0.00028226	4.935e-11	0.00028226	3.5212e-07	-3.1204e-07	-0.00023728	-1.034e-11	0.00023722	3.3416e-07	-3.1224e-07	-0.0001971	-4.689e-11	0.00019714	3.2342e-07	-3.1228e-07	-0.00016116	-5.763e-11	0.0001611	3.1722e-07	-3.1224e-07	-0.00012718	-6.759e-11	0.00012718	3.1376e-07	-3.122e-07	-2.4938e-06	-1.1588e-10	2.5098e-06	3.1168e-07	-3.1222e-07
0.565	-0.00037888	1.4301e-10	0.00037864	3.7994e-07	-3.1186e-07	-0.00032192	3.955e-11	0.00032216	3.521e-07	-3.1204e-07	-0.0002715	-1.841e-11	0.00027134	3.341e-07	-3.1218e-07	-0.0002256	-4.104e-11	0.0002257	3.2352e-07	-3.1226e-07	-0.00018474	-5.692e-11	0.00018486	3.1722e-07	-3.124e-07	-0.00014574	-6.751e-11	0.00014592	3.1382e-07	-3.122e-07	-2.671e-06	-1.1782e-10	2.7472e-06	3.1168e-07	-3.1216e-07
0.56	-0.0004294	1.417e-10	0.00042958	3.7988e-07	-3.1194e-07	-0.00036572	3.221e-11	0.0003661	3.5208e-07	-3.1212e-07	-0.00030874	-2.699e-11	0.000309	3.3412e-07	-3.1216e-07	-0.0002573	-5.11e-11	0.00025752	3.2348e-07	-3.1218e-07	-0.00021104	-6.882e-11	0.00021108	3.172e-07	-3.123e-07	-0.00016678	-8.319e-11	0.00016682	3.1376e-07	-3.1214e-07	-2.8715e-06	-1.2879e-10	2.7836e-06	3.1164e-07	-3.1206e-07
0.555	-0.00048742	1.3263e-10	0.00048748	3.7962e-07	-3.1198e-07	-0.00041624	3.107e-11	0.00041674	3.5208e-07	-3.121e-07	-0.0003522	-2.243e-11	0.00035208	3.3416e-07	-3.1228e-07	-0.00029402	-5.507e-11	0.0002941	3.2346e-07	-3.1224e-07	-0.00024122	-6.46e-11	0.00024134	3.1722e-07	-3.122e-07	-0.00019088	-8.3e-11	0.00019092	3.1386e-07	-3.1232e-07	-3.0397e-06	-1.2909e-10	2.9755e-06	3.117e-07	-3.1218e-07
0.55	-0.00055076	1.1835e-10	0.00055098	3.8e-07	-3.1188e-07	-0.00047146	2.234e-11	0.00047158	3.5208e-07	-3.121e-07	-0.00039972	-3.379e-11	0.00039968	3.3416e-07	-3.122e-07	-0.00033448	-5.059e-11	0.0003344	3.2344e-07	-3.1222e-07	-0.00027484	-6.729e-11	0.00027512	3.1714e-07	-3.1222e-07	-0.00021762	-7.96e-11	0.00021786	3.1378e-07	-3.1226e-07	-3.1969e-06	-1.3531e-10	3.2564e-06	3.1174e-07	-3.121e-07
0.545	-0.00062274	1.2082e-10	0.00062282	3.7982e-07	-3.1196e-07	-0.00053482	1.701e-11	0.00053436	3.5204e-07	-3.121e-07	-0.0004537	-3.764e-11	0.00045412	3.3412e-07	-3.1216e-07	-0.00038062	-6.597e-11	0.00038094	3.235e-07	-3.1216e-07	-0.00031378	-7.829e-11	0.00031386	3.1716e-07	-3.1224e-07	-0.00024864	-9.744e-11	0.00024878	3.1374e-07	-3.1224e-07	-3.3667e-06	-1.4209e-10	3.4299e-06	3.116e-07	-3.122e-07
0.54	-0.00070232	1.069e-10	0.00070278	3.7986e-07	-3.1188e-07	-0.00060386	1.243e-11	0.00060394	3.5196e-07	-3.1208e-07	-0.00051454	-3.62e-11	0.00051456	3.3418e-07	-3.1222e-07	-0.0004322	-6.071e-11	0.00043254	3.2364e-07	-3.1242e-07	-0.00035712	-7.35e-11	0.00035708	3.1722e-07	-3.1226e-07	-0.00028354	-9.156e-11	0.00028366	3.1378e-07	-3.1222e-07	-3.5842e-06	-1.4434e-10	3.7469e-06	3.1164e-07	-3.121e-07
0.535	-0.0007892	9.612e-11	0.00078912	3.7984e-07	-3.1192e-07	-0.00068006	7.18e-12	0.00068036	3.5194e-07	-3.1214e-07	-0.00058084	-4.691e-11	0.00058132	3.3412e-07	-3.1228e-07	-0.00048948	-6.644e-11	0.00048978	3.2348e-07	-3.1226e-07	-0.00040494	-7.665e-11	0.0004053	3.172e-07	-3.1228e-07	-0.00032216	-9.813e-11	0.00032214	3.1378e-07	-3.1222e-07	-3.9496e-06	-1.5007e-10	3.8982e-06	3.1158e-07	-3.1216e-07
0.53	-0.0008856	9.821e-11	0.00088582	3.7986e-07	-3.1186e-07	-0.00076592	0	0.00076632	3.5198e-07	-3.1216e-07	-0.0006555	-5.198e-11	0.00065592	3.3416e-07	-3.1224e-07	-0.0005541	-7.674e-11	0.0005543	3.235e-07	-3.123e-07	-0.0004596	-9.12e-11	0.00045934	3.1726e-07	-3.1228e-07	-0.00036594	-1.054e-10	0.00036634	3.1378e-07	-3.122e-07	-4.2009e-06	-1.5688e-10	4.1974e-06	3.1164e-07	-3.1222e-07
0.525	-0.00099102	8.267e-11	0.00099152	3.7994e-07	-3.1194e-07	-0.00085872	-4.64e-12	0.00085916	3.5202e-07	-3.1218e-07	-0.00073714	-5.011e-11	0.00073744	3.3414e-07	-3.1218e-07	-0.00062436	-7.295e-11	0.00062458	3.235e-07	-3.123e-07	-0.0005193	-8.59e-11	0.00051926	3.1716e-07	-3.1224e-07	-0.00041456	-1.0474e-10	0.00041438	3.138e-07	-3.122e-07	-4.451e-06	-1.6402e-10	4.4798e-06	3.1166e-07	-3.1212e-07
0.52	-0.0011071	7.551e-11	0.00110734	3.7986e-07	-3.1192e-07	-0.00096236	-1.045e-11	0.00096284	3.5202e-07	-3.1216e-07	-0.00082808	-6.291e-11	0.0008285	3.3406e-07	-3.1222e-07	-0.00070338	-8.25e-11	0.00070394	3.2346e-07	-3.1222e-07	-0.00058654	-9.045e-11	0.00058678	3.1714e-07	-3.1228e-07	-0.00046902	-1.1011e-10	0.00046954	3.1376e-07	-3.1228e-07	-4.7638e-06	-1.6503e-10	4.7544e-06	3.1174e-07	-3.122e-07
0.515	-0.0012322	7.36e-11	0.0012328	3.7974e-07	-3.1194e-07	-0.00107438	-2.032e-11	0.00107512	3.5196e-07	-3.1218e-07	-0.00092664	-6.277e-11	0.00092716	3.3414e-07	-3.1224e-07	-0.00078948	-8.654e-11	0.0007898	3.2346e-07	-3.1226e-07	-0.00066008	-1.0503e-10	0.00066016	3.172e-07	-3.1222e-07	-0.00052878	-1.1743e-10	0.00052904	3.1378e-07	-3.122e-07	-5.162e-06	-1.7259e-10	5.1383e-06	3.116e-07	-3.1212e-07
0.51	-0.0013704	5.92e-11	0.0013718	3.7982e-07	-3.1198e-07	-0.0011976	-2.031e-11	0.0011982	3.5196e-07	-3.1222e-07	-0.00103664	-6.402e-11	0.0010363	3.3424e-07	-3.1222e-07	-0.00088574	-8.639e-11	0.00088618	3.234e-07	-3.1226e-07	-0.00074236	-9.794e-11	0.00074234	3.1716e-07	-3.123e-07	-0.00059622	-1.2003e-10	0.00059608	3.1376e-07	-3.1218e-07	-5.5604e-06	-1.8074e-10	5.6024e-06	3.1164e-07	-3.1212e-07
0.505	-0.001518	5.57e-11	0.0015176	3.798e-07	-3.1192e-07	-0.00133	-2.768e-11	0.0013302	3.5196e-07	-3.1226e-07	-0.0011536	-7.324e-11	0.0011556	3.341e-07	-3.1224e-07	-0.0009895	-9.335e-11	0.0009893	3.2354e-07	-3.123e-07	-0.0008316	-1.0676e-10	0.00083128	3.1722e-07	-3.1228e-07	-0.00066946	-1.2278e-10	0.0006697	3.1368e-07	-3.1218e-07	-5.9459e-06	-1.7903e-10	5.9361e-06	3.1164e-07	-3.1216e-07
0.5	-0.0016788	5.002e-11	0.0016794	3.7976e-07	-3.12e-07	-0.0014756	-3.497e-11	0.0014764	3.5196e-07	-3.1224e-07	-0.001285	-7.081e-11	0.0012854	3.3412e-07	-3.1224e-07	-0.00110436	-9.61e-11	0.00110428	3.2346e-07	-3.123e-07	-0.00093082	-1.1378e-10	0.00093136	3.1716e-07	-3.1224e-07	-0.00075152	-1.3165e-10	0.0007514	3.137e-07	-3.1224e-07	-6.5594e-06	-1.9193e-10	6.5596e-06	3.1164e-07	-3.1214e-07
0.495	-0.0018504	3.598e-11	0.0018502	3.7952e-07	-3.1204e-07	-0.0016312	-3.385e-11	0.001631	3.5196e-07	-3.1216e-07	-0.0014238	-8.306e-11	0.001424	3.3406e-07	-3.122e-07	-0.001228	-1.0206e-10	0.0012278	3.234e-07	-3.1232e-07	-0.00103726	-1.098e-10	0.00103764	3.1724e-07	-3.1224e-07	-0.00083958	-1.3318e-10	0.00083936	3.1368e-07	-3.1222e-07	-7.025e-06	-1.9661e-10	7.094e-06	3.1158e-07	-3.122e-07
0.49	-0.0020374	3.476e-11	0.002038	3.7982e-07	-3.1204e-07	-0.001801	-4.836e-11	0.0018012	3.5166e-07	-3.122e-07	-0.0015766	-8.991e-11	0.001576	3.3414e-07	-3.1226e-07	-0.0013634	-1.0378e-10	0.001363	3.2346e-07	-3.1232e-07	-0.0011556	-1.1616e-10	0.0011556	3.1724e-07	-3.123e-07	-0.00093716	-1.3976e-10	0.00093722	3.1374e-07	-3.1226e-07	-7.5265e-06	-1.9821e-10	7.5749e-06	3.117e-07	-3.1242e-07
0.485	-0.002234	2.772e-11	0.002233	3.7986e-07	-3.1212e-07	-0.0019796	-5.004e-11	0.00198	3.5202e-07	-3.1224e-07	-0.0017384	-8.448e-11	0.0017388	3.3416e-07	-3.1222e-07	-0.0015068	-1.0879e-10	0.0015072	3.2348e-07	-3.123e-07	-0.0012814	-1.1963e-10	0.0012822	3.1722e-07	-3.1234e-07	-0.00104208	-1.4779e-10	0.00104228	3.1382e-07	-3.1218e-07	-8.1418e-06	-2.096e-10	8.1033e-06	3.1162e-07	-3.1222e-07
0.48	-0.0024462	1.442e-11	0.0024474	3.7954e-07	-3.121e-07	-0.0021742	-5.139e-11	0.002174	3.5188e-07	-3.123e-07	-0.0019142	-9.928e-11	0.0019144	3.3414e-07	-3.1228e-07	-0.0016646	-1.15e-10	0.0016644	3.2364e-07	-3.1236e-07	-0.0014202	-1.2744e-10	0.0014202	3.1722e-07	-3.1232e-07	-0.0011572	-1.4952e-10	0.0011584	3.1376e-07	-3.1222e-07	-8.7387e-06	-2.1311e-10	8.6473e-06	3.1164e-07	-3.1216e-07
0.475	-0.0026688	1.42e-11	0.0026692	3.7948e-07	-3.1212e-07	-0.0023784	-6.507e-11	0.0023796	3.5186e-07	-3.123e-07	-0.002099	-9.921e-11	0.0021004	3.3412e-07	-3.1236e-07	-0.0018318	-1.1668e-10	0.0018308	3.235e-07	-3.1238e-07	-0.0015674	-1.3665e-10	0.0015676	3.1726e-07	-3.1228e-07	-0.0012804	-1.4889e-10	0.001281	3.1374e-07	-3.1226e-07	-9.5028e-06	-2.2132e-10	9.3748e-06	3.1146e-07	-3.1198e-07
0.47	-0.0029094	4.35e-12	0.0029078	3.7986e-07	-3.1214e-07	-0.0025994	-6.777e-11	0.0025992	3.5186e-07	-3.1234e-07	-0.0023008	-9.999e-11	0.0023012	3.3408e-07	-3.1248e-07	-0.002013	-1.1858e-10	0.0020138	3.2346e-07	-3.1238e-07	-0.0017282	-1.3483e-10	0.0017282	3.1742e-07	-3.1228e-07	-0.0014142	-1.6094e-10	0.0014146	3.1376e-07	-3.1226e-07	-1.03243e-05	-2.2927e-10	1.02695e-05	3.1166e-07	-3.1216e-07
0.465	-0.0031566	-5.41e-12	0.0031562	3.7978e-07	-3.1226e-07	-0.0028266	-6.959e-11	0.002828	3.5196e-07	-3.1234e-07	-0.0025112	-1.1434e-10	0.0025116	3.341e-07	-3.1236e-07	-0.0022034	-1.3086e-10	0.0022034	3.2358e-07	-3.124e-07	-0.0018964	-1.4125e-10	0.0018972	3.172e-07	-3.1234e-07	-0.0015562	-1.6676e-10	0.0015562	3.1372e-07	-3.1222e-07	-1.09334e-05	-2.2994e-10	1.10346e-05	3.1158e-07	-3.1218e-07
0.46	-0.0034216	-6.77e-12	0.0034236	3.7986e-07	-3.1228e-07	-0.0030742	-8.08e-11	0.0030746	3.5196e-07	-3.1236e-07	-0.0027386	-1.1136e-10	0.0027386	3.3404e-07	-3.123e-07	-0.0024088	-1.2919e-10	0.0024086	3.2354e-07	-3.124e-07	-0.0020792	-1.5002e-10	0.0020796	3.1722e-07	-3.1236e-07	-0.00171	-1.6301e-10	0.0017106	3.1382e-07	-3.1224e-07	-1.14986e-05	-2.4424e-10	1.15003e-05	3.1158e-07	-3.1218e-07
0.455	-0.0036974	-1.761e-11	0.0037	3.7962e-07	-3.1228e-07	-0.003331	-8.507e-11	0.0033318	3.519e-07	-3.124e-07	-0.0029744	-1.151e-10	0.002975	3.3406e-07	-3.1236e-07	-0.0026238	-1.3433e-10	0.0026238	3.2348e-07	-3.124e-07	-0.002272	-1.467e-10	0.0022722	3.1734e-07	-3.1238e-07	-0.0018716	-1.7976e-10	0.0018726	3.1376e-07	-3.1228e-07	9.386e-06	-2.5195e-10	1.2284e-05	3.1162e-07	-3.121e-07
0.45	-0.0039922	-2.564e-11	0.003993	3.7976e-07	-3.1234e-07	-0.0036036	-8.494e-11	0.0036038	3.515e-07	-3.1244e-07	-0.0032274	-1.268e-10	0.0032276	3.3406e-07	-3.1244e-07	-0.0028534	-1.4404e-10	0.0028544	3.2348e-07	-3.126e-07	-0.0024784	-1.5494e-10	0.0024796	3.1724e-07	-3.1234e-07	-0.0020476	-1.7978e-10	0.0020466	3.1388e-07	-3.123e-07	-1.3128e-05	-2.556e-10	1.3108e-05	3.1164e-07	-3.1212e-07
0.445	-0.0042954	-2.778e-11	0.0042944	3.7966e-07	-3.1236e-07	-0.003886	-9.774e-11	0.0038868	3.5188e-07	-3.1246e-07	-0.0034882	-1.245e-10	0.0034874	3.3416e-07	-3.1254e-07	-0.0030928	-1.3878e-10	0.0030942	3.235e-07	-3.1238e-07	-0.0026938	-1.6361e-10	0.0026958	3.1722e-07	-3.124e-07	-0.0022288	-1.821e-10	0.0022298	3.1372e-07	-3.1226e-07	-1.3718e-05	-2.6966e-10	1.3952e-05	3.1172e-07	-3.1222e-07
0.44	-0.0046152	-3.796e-11	0.0046162	3.7964e-07	-3.1242e-07	-0.0041864	-9.832e-11	0.0041868	3.519e-07	-3.124e-07	-0.0037654	-1.3254e-10	0.0037658	3.3402e-07	-3.1244e-07	-0.0033492	-1.4968e-10	0.0033498	3.2348e-07	-3.1246e-07	-0.0029258	-1.5938e-10	0.0029256	3.1724e-07	-3.1248e-07	-0.002425	-1.9232e-10	0.0024256	3.1382e-07	-3.1234e-07	-1.4672e-05	-2.7072e-10	1.4762e-05	3.1164e-07	-3.1208e-07
0.435	-0.0049432	-4.288e-11	0.0049444	3.7964e-07	-3.1246e-07	-0.0044946	-1.0123e-10	0.0044932	3.5184e-07	-3.1248e-07	-0.0040526	-1.4012e-10	0.0040534	3.3408e-07	-3.1248e-07	-0.0036146	-1.5571e-10	0.0036132	3.2352e-07	-3.124e-07	-0.0031642	-1.7248e-10	0.0031652	3.1728e-07	-3.1238e-07	-0.002627	-1.9768e-10	0.0026274	3.1384e-07	-3.123e-07	-1.561e-05	-2.8202e-10	1.5404e-05	3.1166e-07	-3.1222e-07
0.43	-0.0052906	-4.952e-11	0.0052902	3.797e-07	-3.1244e-07	-0.0048196	-1.169e-10	0.0048202	3.5188e-07	-3.1248e-07	-0.0043568	-1.3988e-10	0.004357	3.341e-07	-3.1276e-07	-0.0038948	-1.5275e-10	0.0038956	3.2348e-07	-3.1238e-07	-0.0034184	-1.7366e-10	0.0034194	3.1728e-07	-3.124e-07	-0.002843	-2.004e-10	0.0028432	3.1376e-07	-3.1224e-07	-1.6296e-05	-2.9663e-10	1.6188e-05	3.1168e-07	-3.1214e-07
0.425	-0.0056428	-5.861e-11	0.005644	3.797e-07	-3.1254e-07	-0.0051538	-1.1127e-10	0.005153	3.5186e-07	-3.1256e-07	-0.0046684	-1.4653e-10	0.0046692	3.3414e-07	-3.1254e-07	-0.0041844	-1.6261e-10	0.0041844	3.2352e-07	-3.1248e-07	-0.003682	-1.7685e-10	0.0036826	3.1728e-07	-3.1242e-07	-0.0030638	-2.0736e-10	0.0030646	3.1376e-07	-3.1226e-07	-1.7046e-05	-2.9317e-10	1.7008e-05	3.117e-07	-3.122e-07
0.42	-0.006016	-6.213e-11	0.0060168	3.7962e-07	-3.1254e-07	-0.0055042	-1.2115e-10	0.0055026	3.5174e-07	-3.1264e-07	-0.0049978	-1.5153e-10	0.0049978	3.3406e-07	-3.1256e-07	-0.0044902	-1.6828e-10	0.0044908	3.2352e-07	-3.1248e-07	-0.0039598	-1.8728e-10	0.0039596	3.1728e-07	-3.1244e-07	-0.0032988	-2.1634e-10	0.003299	3.1368e-07	-3.1224e-07	-1.8232e-05	-3.1294e-10	1.8346e-05	3.1166e-07	-3.1222e-07
0.415	-0.0063946	-7.229e-11	0.006395	3.7964e-07	-3.1266e-07	-0.005862	-1.3299e-10	0.0058618	3.518e-07	-3.1276e-07	-0.0053326	-1.5403e-10	0.0053324	3.341e-07	-3.1258e-07	-0.0048046	-1.6517e-10	0.0048036	3.2352e-07	-3.1254e-07	-0.0042464	-1.8816e-10	0.0042466	3.173e-07	-3.124e-07	-0.0035416	-2.1757e-10	0.0035422	3.137e-07	-3.1226e-07	-1.8898e-05	-3.2023e-10	1.8666e-05	3.1168e-07	-3.1216e-07
0.41	-0.0067882	-7.698e-11	0.006789	3.797e-07	-3.1268e-07	-0.0062374	-1.2846e-10	0.0062366	3.518e-07	-3.1266e-07	-0.0056858	-1.6034e-10	0.0056868	3.3406e-07	-3.1264e-07	-0.0051328	-1.8007e-10	0.005133	3.2348e-07	-3.1248e-07	-0.0045486	-1.9378e-10	0.0045494	3.1736e-07	-3.1248e-07	-0.0037956	-2.2744e-10	0.0037964	3.1372e-07	-3.1238e-07	-1.9634e-05	-3.2276e-10	1.9798e-05	3.1162e-07	-3.1218e-07
0.405	-0.0071922	-8.246e-11	0.0071936	3.7956e-07	-3.1276e-07	-0.0066182	-1.3801e-10	0.0066178	3.5178e-07	-3.1278e-07	-0.0060462	-1.6531e-10	0.0060458	3.341e-07	-3.127e-07	-0.0054672	-1.8027e-10	0.0054686	3.2352e-07	-3.1248e-07	-0.004857	-1.9989e-10	0.0048562	3.1728e-07	-3.125e-07	-0.0040544	-2.3584e-10	0.004055	3.1376e-07	-3.1228e-07	-2.0578e-05	-3.4465e-10	2.0768e-05	3.1166e-07	-3.1222e-07
0.4	-0.0076094	-9.242e-11	0.0076108	3.7952e-07	-3.1278e-07	-0.0070168	-1.4823e-10	0.0070156	3.5178e-07	-3.1274e-07	-0.0064234	-1.6995e-10	0.006422	3.343e-07	-3.1264e-07	-0.00582	-1.7953e-10	0.0058202	3.2348e-07	-3.1258e-07	-0.005179	-2.0651e-10	0.0051802	3.1728e-07	-3.1246e-07	-0.0043248	-2.3559e-10	0.0043256	3.1378e-07	-3.123e-07	-2.1588e-05	-3.4635e-10	2.1506e-05	3.1166e-07	-3.1218e-07
0.395	-0.0080328	-9.456e-11	0.0080328	3.7952e-07	-3.1288e-07	-0.00742	-1.4422e-10	0.0074204	3.519e-07	-3.1282e-07	-0.0068032	-1.7267e-10	0.0068042	3.341e-07	-3.1272e-07	-0.0061784	-1.9373e-10	0.0061788	3.2354e-07	-3.1256e-07	-0.0055082	-2.0781e-10	0.0055102	3.1726e-07	-3.1242e-07	-0.0046006	-2.4564e-10	0.004601	3.1374e-07	-3.1228e-07	-2.2324e-05	-3.5795e-10	2.2764e-05	3.1164e-07	-3.1216e-07
0.39	-0.0084732	-1.0703e-10	0.0084738	3.7964e-07	-3.1312e-07	-0.0078394	-1.5555e-10	0.0078394	3.5188e-07	-3.1288e-07	-0.0072022	-1.8063e-10	0.007202	3.341e-07	-3.127e-07	-0.0065546	-1.9359e-10	0.006552	3.235e-07	-3.1254e-07	-0.005856	-2.1646e-10	0.0058562	3.1726e-07	-3.1246e-07	-0.00489	-2.577e-10	0.0048898	3.1376e-07	-3.123e-07	-2.3126e-05	-3.7761e-10	2.2874e-05	3.117e-07	-3.1218e-07
0.385	-0.0089152	-1.1097e-10	0.0089166	3.7952e-07	-3.1304e-07	-0.008265	-1.6359e-10	0.0082644	3.5196e-07	-3.1292e-07	-0.0076062	-1.8478e-10	0.0076068	3.3412e-07	-3.1272e-07	-0.0069324	-1.9596e-10	0.0069326	3.2348e-07	-3.127e-07	-0.006207	-2.2169e-10	0.0062064	3.173e-07	-3.1252e-07	-0.0051798	-2.5312e-10	0.0051812	3.1376e-07	-3.1228e-07	-2.394e-05	-3.7996e-10	2.3928e-05	3.1164e-07	-3.1216e-07
0.38	-0.0093768	-1.1403e-10	0.009377	3.7942e-07	-3.1306e-07	-0.0087058	-1.6084e-10	0.0087044	3.518e-07	-3.13e-07	-0.0080252	-1.8637e-10	0.0080262	3.341e-07	-3.1282e-07	-0.0073256	-2.0877e-10	0.007329	3.2358e-07	-3.1266e-07	-0.0065722	-2.2348e-10	0.006573	3.1728e-07	-3.1254e-07	-0.005482	-2.7035e-10	0.0054814	3.1374e-07	-3.1232e-07	-2.4744e-05	-3.9595e-10	2.4606e-05	3.1168e-07	-3.122e-07
0.375	-0.0098418	-1.2941e-10	0.0098406	3.7954e-07	-3.1312e-07	-0.0091492	-1.7354e-10	0.0091506	3.519e-07	-3.1304e-07	-0.0084482	-1.9622e-10	0.0084498	3.3406e-07	-3.1288e-07	-0.0077286	-2.0825e-10	0.0077268	3.2358e-07	-3.127e-07	-0.0069424	-2.3483e-10	0.0069426	3.1746e-07	-3.1252e-07	-0.0057852	-2.7832e-10	0.0057858	3.1384e-07	-3.1236e-07	-2.5376e-05	-4.1031e-10	2.5452e-05	3.1164e-07	-3.1212e-07
0.37	-0.0103214	-1.2926e-10	0.010324	3.7952e-07	-3.1322e-07	-0.009608	-1.7873e-10	0.009609	3.5184e-07	-3.1302e-07	-0.0088902	-1.9906e-10	0.0088888	3.3412e-07	-3.1292e-07	-0.008144	-2.1266e-10	0.0081426	3.2352e-07	-3.1274e-07	-0.0073284	-2.3768e-10	0.0073284	3.1728e-07	-3.1254e-07	-0.006099	-2.7493e-10	0.006099	3.1388e-07	-3.1232e-07	-2.6106e-05	-4.184e-10	2.6002e-05	3.1162e-07	-3.122e-07
0.365	-0.0108004	-1.3419e-10	0.010803	3.7944e-07	-3.133e-07	-0.0100704	-1.7834e-10	0.010072	3.5178e-07	-3.1312e-07	-0.0093318	-2.0143e-10	0.009331	3.3412e-07	-3.129e-07	-0.008562	-2.2632e-10	0.0085622	3.2354e-07	-3.1274e-07	-0.0077148	-2.4084e-10	0.0077158	3.1732e-07	-3.1258e-07	-0.0064116	-2.9433e-10	0.0064132	3.1382e-07	-3.1234e-07	-2.7032e-05	-4.3584e-10	2.7154e-05	3.117e-07	-3.122e-07
0.36	-0.0113022	-1.4899e-10	0.011302	3.7952e-07	-3.1334e-07	-0.0105522	-1.9133e-10	0.0105508	3.5176e-07	-3.132e-07	-0.0097856	-2.1336e-10	0.009787	3.3412e-07	-3.1306e-07	-0.0089948	-2.2381e-10	0.0089958	3.236e-07	-3.1282e-07	-0.0081202	-2.5246e-10	0.008119	3.173e-07	-3.1256e-07	-0.0067366	-3.005e-10	0.006737	3.137e-07	-3.123e-07	-2.78e-05	-4.4817e-10	2.7798e-05	3.1164e-07	-3.1218e-07
0.355	-0.011784	-1.4991e-10	0.011796	3.7954e-07	-3.1342e-07	-0.0110284	-1.9451e-10	0.011031	3.5178e-07	-3.132e-07	-0.0102484	-2.1293e-10	0.0102476	3.3418e-07	-3.1296e-07	-0.0094314	-2.2944e-10	0.009431	3.236e-07	-3.1278e-07	-0.0085252	-2.5527e-10	0.0085264	3.174e-07	-3.1264e-07	-0.007058	-2.9948e-10	0.0070594	3.1372e-07	-3.123e-07	-2.8638e-05	-4.6076e-10	2.8572e-05	3.1164e-07	-3.1218e-07
0.35	-0.0123	-1.6307e-10	0.012308	3.795e-07	-3.1356e-07	-0.01151	-2.0183e-10	0.01152	3.519e-07	-3.1338e-07	-0.010723	-2.1919e-10	0.0107226	3.3424e-07	-3.1302e-07	-0.0098816	-2.4212e-10	0.0098812	3.2356e-07	-3.1284e-07	-0.008945	-2.6098e-10	0.0089452	3.1736e-07	-3.1258e-07	-0.0073888	-3.2059e-10	0.0073898	3.1376e-07	-3.123e-07	-2.9466e-05	-4.7754e-10	2.968e-05	3.1162e-07	-3.121e-07
0.345	-0.012814	-1.6111e-10	0.01282	3.794e-07	-3.136e-07	-0.01201	-2.0306e-10	0.012014	3.5192e-07	-3.1346e-07	-0.0111998	-2.2964e-10	0.0111986	3.3416e-07	-3.1316e-07	-0.0103356	-2.4042e-10	0.0103368	3.236e-07	-3.129e-07	-0.0093668	-2.7048e-10	0.0093654	3.1734e-07	-3.1266e-07	-0.0077184	-3.236e-10	0.007719	3.1372e-07	-3.1232e-07	-3.0684e-05	-4.9023e-10	3.0498e-05	3.1164e-07	-3.1214e-07
0.34	-0.013342	-1.702e-10	0.01335	3.7942e-07	-3.1362e-07	-0.012518	-2.0828e-10	0.012528	3.5184e-07	-3.1344e-07	-0.011676	-2.2917e-10	0.011684	3.342e-07	-3.1318e-07	-0.0108016	-2.4689e-10	0.010803	3.2358e-07	-3.1288e-07	-0.0098008	-2.7366e-10	0.009801	3.1734e-07	-3.1262e-07	-0.0080544	-3.2706e-10	0.0080548	3.1376e-07	-3.1228e-07	-3.1044e-05	-5.0761e-10	3.0786e-05	3.1168e-07	-3.1212e-07
0.335	-0.013872	-1.814e-10	0.013878	3.7944e-07	-3.1372e-07	-0.013032	-2.4249e-10	0.01304	3.5188e-07	-3.1354e-07	-0.012168	-2.4144e-10	0.012176	3.3426e-07	-3.1326e-07	-0.0112688	-2.6084e-10	0.0112714	3.2366e-07	-3.13e-07	-0.010237	-2.8158e-10	0.0102364	3.173e-07	-3.127e-07	-0.0083896	-3.4718e-10	0.008389	3.1376e-07	-3.1232e-07	-3.1404e-05	-5.1983e-10	3.1452e-05	3.1164e-07	-3.1218e-07
0.33	-0.014412	-1.8276e-10	0.014422	3.7934e-07	-3.1388e-07	-0.013556	-2.1748e-10	0.013562	3.5188e-07	-3.1362e-07	-0.012678	-2.4102e-10	0.01268	3.3414e-07	-3.1324e-07	-0.011742	-2.604e-10	0.01175	3.2366e-07	-3.1298e-07	-0.0106868	-2.8756e-10	0.0106878	3.1734e-07	-3.1262e-07	-0.0087284	-3.4815e-10	0.008729	3.1372e-07	-3.123e-07	-3.2658e-05	-5.405e-10	3.2518e-05	3.1158e-07	-3.1218e-07
0.325	-0.014956	-1.9118e-10	0.014962	3.7928e-07	-3.1388e-07	-0.01408	-2.375e-10	0.014088	3.5174e-07	-3.1362e-07	-0.01318	-2.4587e-10	0.01319	3.3424e-07	-3.1332e-07	-0.012224	-2.6923e-10	0.01223	3.2364e-07	-3.1298e-07	-0.0111374	-2.9902e-10	0.0111366	3.1732e-07	-3.1282e-07	-0.009063	-3.5604e-10	0.009066	3.1378e-07	-3.1236e-07	-3.3176e-05	-5.5378e-10	3.3298e-05	3.1162e-07	-3.1212e-07
0.32	-0.01551	-2.0071e-10	0.015522	3.7906e-07	-3.1414e-07	-0.01462	-2.2705e-10	0.014626	3.5204e-07	-3.1372e-07	-0.0137	-2.5985e-10	0.013706	3.3428e-07	-3.1338e-07	-0.012716	-2.7655e-10	0.012724	3.2388e-07	-3.1302e-07	-0.011588	-3.0008e-10	0.011594	3.174e-07	-3.1278e-07	-0.0094054	-3.7475e-10	0.009405	3.138e-07	-3.1234e-07	-3.381e-05	-5.683e-10	3.3898e-05	3.1158e-07	-3.1222e-07
0.315	-0.016064	-2.0442e-10	0.016074	3.793e-07	-3.1408e-07	-0.015156	-2.1487e-10	0.015164	3.5186e-07	-3.1374e-07	-0.014218	-2.5887e-10	0.014228	3.3432e-07	-3.1346e-07	-0.013216	-2.7581e-10	0.013224	3.2362e-07	-3.1308e-07	-0.012052	-3.1219e-10	0.012056	3.1744e-07	-3.1274e-07	-0.0097372	-3.8192e-10	0.009741	3.137e-07	-3.1234e-07	-3.4506e-05	-5.9799e-10	3.468e-05	3.1166e-07	-3.1208e-07
0.31	-0.016636	-2.0961e-10	0.01664	3.7932e-07	-3.1414e-07	-0.015706	-2.7842e-10	0.015716	3.5186e-07	-3.1384e-07	-0.014752	-2.6451e-10	0.01476	3.3432e-07	-3.135e-07	-0.01372	-2.9323e-10	0.013734	3.2364e-07	-3.1312e-07	-0.01252	-3.1804e-10	0.012528	3.1738e-07	-3.1282e-07	-0.0100792	-3.8508e-10	0.0100792	3.138e-07	-3.1236e-07	-3.518e-05	-5.9977e-10	3.507e-05	3.1162e-07	-3.1218e-07
0.305	-0.0172	-2.2423e-10	0.017208	3.794e-07	-3.1424e-07	-0.016258	-2.2681e-10	0.016262	3.5188e-07	-3.1392e-07	-0.015282	-2.7747e-10	0.015286	3.3436e-07	-3.1352e-07	-0.01423	-2.8821e-10	0.014246	3.2372e-07	-3.1314e-07	-0.012994	-3.2096e-10	0.013004	3.1742e-07	-3.1292e-07	-0.0104136	-4.0741e-10	0.0104122	3.138e-07	-3.1234e-07	-3.5406e-05	-6.2318e-10	3.5662e-05	3.1164e-07	-3.1216e-07
0.3	-0.017774	-2.2828e-10	0.017786	3.7916e-07	-3.144e-07	-0.016818	-2.7505e-10	0.016826	3.5174e-07	-3.1394e-07	-0.015826	-2.7852e-10	0.015834	3.3432e-07	-3.1374e-07	-0.014752	-2.9998e-10	0.014762	3.2378e-07	-3.1324e-07	-0.013486	-3.3897e-10	0.013484	3.1742e-07	-3.129e-07	-0.010751	-4.1163e-10	0.0107504	3.1378e-07	-3.124e-07	-3.6026e-05	-6.5582e-10	3.5966e-05	3.117e-07	-3.1212e-07
0.295	-0.01835	-2.2992e-10	0.018362	3.794e-07	-3.1442e-07	-0.017378	-2.761e-10	0.01739	3.5152e-07	-3.1408e-07	-0.016368	-2.8176e-10	0.016376	3.3436e-07	-3.1364e-07	-0.015272	-3.1222e-10	0.015286	3.2376e-07	-3.1346e-07	-0.01396	-3.4258e-10	0.013966	3.1742e-07	-3.1282e-07	-0.0110804	-4.2083e-10	0.0110786	3.1374e-07	-3.124e-07	-3.6568e-05	-6.6004e-10	3.6644e-05	3.1162e-07	-3.1214e-07
0.29	-0.018934	-2.4817e-10	0.018942	3.7902e-07	-3.1448e-07	-0.01794	-2.6418e-10	0.017952	3.518e-07	-3.1408e-07	-0.016912	-2.9892e-10	0.016922	3.343e-07	-3.1372e-07	-0.0158	-3.0814e-10	0.015804	3.2372e-07	-3.133e-07	-0.014444	-3.4571e-10	0.014456	3.1742e-07	-3.129e-07	-0.0114062	-4.4084e-10	0.0114068	3.138e-07	-3.1242e-07	-3.7126e-05	-6.7547e-10	3.6974e-05	3.1158e-07	-3.1222e-07
0.285	-0.019524	-2.4497e-10	0.019532	3.7924e-07	-3.1456e-07	-0.018518	-2.9368e-10	0.01853	3.5182e-07	-3.1416e-07	-0.017476	-2.9931e-10	0.017486	3.343e-07	-3.137e-07	-0.016332	-3.2455e-10	0.016342	3.2368e-07	-3.133e-07	-0.01495	-3.5941e-10	0.01495	3.172e-07	-3.1262e-07	-0.011724	-4.4323e-10	0.011734	3.1384e-07	-3.1246e-07	-3.7746e-05	-7.1396e-10	3.7372e-05	3.1164e-07	-3.1216e-07
0.28	-0.020112	-2.5335e-10	0.02012	3.7938e-07	-3.1468e-07	-0.019092	-2.7859e-10	0.019098	3.5186e-07	-3.1426e-07	-0.01803	-3.0409e-10	0.01804	3.343e-07	-3.1376e-07	-0.016874	-3.28e-10	0.016876	3.2372e-07	-3.1332e-07	-0.015442	-3.6724e-10	0.015448	3.1748e-07	-3.129e-07	-0.012048	-4.6763e-10	0.012052	3.138e-07	-3.124e-07	-3.7746e-05	-7.1373e-10	3.7816e-05	3.117e-07	-3.121e-07
0.275	-0.020712	-2.71e-10	0.020724	3.7918e-07	-3.148e-07	-0.01968	-2.9984e-10	0.01969	3.5186e-07	-3.1434e-07	-0.018596	-3.2157e-10	0.018604	3.344e-07	-3.1382e-07	-0.01742	-3.39e-10	0.017424	3.237e-07	-3.134e-07	-0.01594	-3.6977e-10	0.01595	3.1746e-07	-3.1294e-07	-0.012368	-4.7301e-10	0.012376	3.1378e-07	-3.1248e-07	-3.871e-05	-7.5359e-10	3.8824e-05	3.1154e-07	-3.1212e-07
0.27	-0.02131	-2.6605e-10	0.021316	3.793e-07	-3.1482e-07	-0.020262	-3.0041e-10	0.020272	3.5184e-07	-3.1442e-07	-0.019168	-3.1588e-10	0.019174	3.3448e-07	-3.1396e-07	-0.017958	-3.4831e-10	0.017968	3.2372e-07	-3.134e-07	-0.016442	-3.8579e-10	0.016454	3.1756e-07	-3.1298e-07	-0.012684	-4.8669e-10	0.012688	3.1378e-07	-3.125e-07	-3.9132e-05	-7.6807e-10	3.9254e-05	3.116e-07	-3.1212e-07
0.265	-0.02192	-2.7871e-10	0.02193	3.794e-07	-3.1498e-07	-0.020856	-3.0464e-10	0.020868	3.5188e-07	-3.1452e-07	-0.019742	-3.255e-10	0.01975	3.3438e-07	-3.1402e-07	-0.018516	-3.5124e-10	0.018522	3.2372e-07	-3.1354e-07	-0.016952	-3.95e-10	0.016962	3.175e-07	-3.1302e-07	-0.012996	-5.0505e-10	0.013006	3.1384e-07	-3.1248e-07	-3.9654e-05	-7.8814e-10	3.9782e-05	3.116e-07	-3.1212e-07
0.26	-0.022522	-2.9056e-10	0.022532	3.7932e-07	-3.1508e-07	-0.021446	-3.2306e-10	0.02146	3.5184e-07	-3.1462e-07	-0.020318	-3.3974e-10	0.020322	3.344e-07	-3.1404e-07	-0.019064	-3.6523e-10	0.019072	3.2376e-07	-3.135e-07	-0.017458	-3.9623e-10	0.017468	3.1756e-07	-3.1304e-07	-0.0133	-5.1538e-10	0.013308	3.1382e-07	-3.1248e-07	-4.0114e-05	-8.2174e-10	4.0022e-05	3.1162e-07	-3.1212e-07
0.255	-0.02314	-2.9041e-10	0.023148	3.7936e-07	-3.151e-07	-0.022044	-3.099e-10	0.022058	3.5196e-07	-3.147e-07	-0.020898	-3.3932e-10	0.020906	3.3452e-07	-3.1412e-07	-0.019626	-3.6556e-10	0.019638	3.2376e-07	-3.1352e-07	-0.017972	-4.1838e-10	0.01798	3.1746e-07	-3.1304e-07	-0.013606	-5.2901e-10	0.013612	3.1378e-07	-3.1248e-07	-4.0592e-05	-8.3649e-10	4.0574e-05	3.1162e-07	-3.1216e-07
0.25	-0.023748	-3.0453e-10	0.02376	3.793e-07	-3.152e-07	-0.022648	-3.37e-10	0.022654	3.5202e-07	-3.147e-07	-0.02148	-3.496e-10	0.021486	3.3438e-07	-3.1418e-07	-0.020188	-3.753e-10	0.020196	3.2382e-07	-3.1358e-07	-0.018482	-4.2192e-10	0.018486	3.1744e-07	-3.1304e-07	-0.013898	-5.4926e-10	0.013912	3.1384e-07	-3.1258e-07	-4.0986e-05	-8.6591e-10	4.07e-05	3.116e-07	-3.121e-07
0.245	-0.02437	-3.1207e-10	0.024382	3.792e-07	-3.1526e-07	-0.023256	-3.3367e-10	0.023266	3.5196e-07	-3.1484e-07	-0.02207	-3.5845e-10	0.02208	3.3444e-07	-3.1426e-07	-0.020756	-3.872e-10	0.020764	3.2402e-07	-3.1382e-07	-0.019	-4.3085e-10	0.019006	3.175e-07	-3.1306e-07	-0.014202	-5.5975e-10	0.014206	3.1382e-07	-3.1252e-07	-4.1562e-05	-8.876e-10	4.1362e-05	3.1164e-07	-3.1212e-07
0.24	-0.024986	-3.1451e-10	0.024998	3.793e-07	-3.1538e-07	-0.023856	-3.3979e-10	0.02387	3.5198e-07	-3.149e-07	-0.022664	-3.6774e-10	0.022668	3.3446e-07	-3.1422e-07	-0.021322	-3.8982e-10	0.021328	3.2378e-07	-3.1366e-07	-0.019514	-4.4743e-10	0.01952	3.1744e-07	-3.13e-07	-0.014484	-5.7583e-10	0.014494	3.1378e-07	-3.1248e-07	-4.2132e-05	-9.1891e-10	4.2236e-05	3.1166e-07	-3.1212e-07
0.235	-0.025614	-3.2802e-10	0.025624	3.7928e-07	-3.1552e-07	-0.024476	-3.6002e-10	0.024482	3.5196e-07	-3.1494e-07	-0.02326	-3.7094e-10	0.023264	3.3446e-07	-3.143e-07	-0.021898	-4.0245e-10	0.021904	3.238e-07	-3.1374e-07	-0.02003	-4.5139e-10	0.020038	3.175e-07	-3.1306e-07	-0.01477	-5.9723e-10	0.014778	3.1378e-07	-3.1254e-07	-4.1932e-05	-9.475e-10	4.2076e-05	3.1164e-07	-3.1236e-07
0.23	-0.026238	-3.3687e-10	0.02625	3.7922e-07	-3.1562e-07	-0.025082	-3.4976e-10	0.025088	3.5162e-07	-3.1504e-07	-0.023852	-3.8087e-10	0.023856	3.3454e-07	-3.1438e-07	-0.022466	-4.1175e-10	0.022476	3.2384e-07	-3.137e-07	-0.020544	-4.6132e-10	0.02055	3.1746e-07	-3.1312e-07	-0.015044	-6.1359e-10	0.015052	3.138e-07	-3.1252e-07	-4.2456e-05	-9.6735e-10	4.2226e-05	3.1164e-07	-3.121e-07
0.225	-0.026868	-3.4121e-10	0.02688	3.792e-07	-3.1566e-07	-0.025702	-3.7403e-10	0.025712	3.5204e-07	-3.1516e-07	-0.024454	-3.9381e-10	0.024464	3.3452e-07	-3.1444e-07	-0.023048	-4.1713e-10	0.023058	3.239e-07	-3.1384e-07	-0.02107	-4.7917e-10	0.021074	3.175e-07	-3.1314e-07	-0.015318	-6.2812e-10	0.015328	3.1384e-07	-3.1258e-07	-4.279e-05	-1.00645e-09	4.2612e-05	3.1162e-07	-3.1216e-07
0.22	-0.027492	-3.5174e-10	0.027502	3.7928e-07	-3.158e-07	-0.026316	-3.758e-10	0.026322	3.5198e-07	-3.1522e-07	-0.02505	-3.93e-10	0.025062	3.3434e-07	-3.1444e-07	-0.02362	-4.3209e-10	0.023632	3.2388e-07	-3.1378e-07	-0.021578	-4.8578e-10	0.021584	3.1764e-07	-3.1322e-07	-0.015586	-6.4885e-10	0.015592	3.1378e-07	-3.125e-07	-4.338e-05	-1.02795e-09	4.3454e-05	3.1158e-07	-3.121e-07
0.215	-0.02813	-3.6335e-10	0.028142	3.7928e-07	-3.159e-07	-0.02694	-3.7964e-10	0.026952	3.5204e-07	-3.1528e-07	-0.02566	-4.0875e-10	0.02567	3.3454e-07	-3.1456e-07	-0.024208	-4.3844e-10	0.024218	3.2392e-07	-3.139e-07	-0.0221	-4.962e-10	0.022104	3.1754e-07	-3.1326e-07	-0.015848	-6.6577e-10	0.015858	3.138e-07	-3.1256e-07	-4.373e-05	-1.05372e-09	4.3724e-05	3.1164e-07	-3.1212e-07
0.21	-0.028762	-3.6714e-10	0.028776	3.7892e-07	-3.1596e-07	-0.027558	-4.0192e-10	0.02757	3.5204e-07	-3.1534e-07	-0.026266	-4.1972e-10	0.026276	3.3454e-07	-3.146e-07	-0.024784	-4.4623e-10	0.024794	3.239e-07	-3.1394e-07	-0.022608	-5.1366e-10	0.022618	3.176e-07	-3.133e-07	-0.016104	-6.8334e-10	0.01611	3.1386e-07	-3.1252e-07	-4.4162e-05	-1.09952e-09	4.4276e-05	3.1162e-07	-3.1212e-07
0.205	-0.029396	-3.7918e-10	0.029406	3.7928e-07	-3.1606e-07	-0.02818	-3.9812e-10	0.02819	3.5206e-07	-3.154e-07	-0.026872	-4.1617e-10	0.02688	3.3468e-07	-3.1472e-07	-0.025372	-4.5866e-10	0.025378	3.2394e-07	-3.139e-07	-0.02312	-5.2297e-10	0.023126	3.1762e-07	-3.1328e-07	-0.016352	-7.1087e-10	0.016358	3.1384e-07	-3.1256e-07	-4.4798e-05	-1.10977e-09	4.4822e-05	3.117e-07	-3.1212e-07
0.2	-0.030036	-3.9282e-10	0.030046	3.7898e-07	-3.1624e-07	-0.02881	-4.1258e-10	0.028822	3.5196e-07	-3.1552e-07	-0.02749	-4.3946e-10	0.027496	3.346e-07	-3.1474e-07	-0.025962	-4.6791e-10	0.025968	3.24e-07	-3.1398e-07	-0.02363	-5.3389e-10	0.023636	3.1768e-07	-3.1332e-07	-0.016596	-7.2099e-10	0.016604	3.1384e-07	-3.1258e-07	-4.4798e-05	-1.1482e-09	4.531e-05	3.1162e-07	-3.1234e-07
0.195	-0.030676	-3.9164e-10	0.03069	3.7928e-07	-3.1634e-07	-0.029432	-4.2724e-10	0.029444	3.5202e-07	-3.1558e-07	-0.028092	-4.4107e-10	0.0281	3.346e-07	-3.1478e-07	-0.026548	-4.7806e-10	0.026556	3.2394e-07	-3.1408e-07	-0.024134	-5.5309e-10	0.024142	3.1766e-07	-3.1334e-07	-0.016834	-7.4818e-10	0.016842	3.1382e-07	-3.1256e-07	-4.5906e-05	-1.1859e-09	4.5276e-05	3.116e-07	-3.121e-07
0.19	-0.031318	-4.0585e-10	0.031338	3.7928e-07	-3.1648e-07	-0.030066	-4.2203e-10	0.030084	3.5194e-07	-3.157e-07	-0.02872	-4.4748e-10	0.028724	3.3458e-07	-3.148e-07	-0.027142	-4.8557e-10	0.027154	3.24e-07	-3.1408e-07	-0.024646	-5.6053e-10	0.024656	3.176e-07	-3.1332e-07	-0.017076	-7.692e-10	0.017078	3.139e-07	-3.1254e-07	-4.5762e-05	-1.211e-09	4.584e-05	3.1166e-07	-3.1212e-07
0.185	-0.031956	-4.1691e-10	0.031966	3.7922e-07	-3.1662e-07	-0.030698	-4.3987e-10	0.030706	3.5198e-07	-3.1576e-07	-0.029326	-4.6907e-10	0.029332	3.3462e-07	-3.1492e-07	-0.027726	-5.0198e-10	0.027736	3.2404e-07	-3.1416e-07	-0.02515	-5.7522e-10	0.025158	3.1762e-07	-3.1338e-07	-0.017302	-7.8811e-10	0.017308	3.1386e-07	-3.1258e-07	-4.5738e-05	-1.2473e-09	4.598e-05	3.1162e-07	-3.1212e-07
0.18	-0.032604	-4.1836e-10	0.032614	3.7924e-07	-3.1664e-07	-0.031338	-4.4319e-10	0.031342	3.5196e-07	-3.1582e-07	-0.029948	-4.6761e-10	0.029962	3.3456e-07	-3.1502e-07	-0.028328	-5.1048e-10	0.028334	3.2404e-07	-3.1418e-07	-0.025654	-5.9564e-10	0.025662	3.1768e-07	-3.1338e-07	-0.017532	-8.1403e-10	0.01754	3.1376e-07	-3.1252e-07	-4.5842e-05	-1.2825e-09	4.5816e-05	3.1166e-07	-3.1216e-07
0.175	-0.03325	-4.3797e-10	0.033258	3.7934e-07	-3.1672e-07	-0.031966	-4.5785e-10	0.031974	3.5208e-07	-3.1586e-07	-0.030566	-4.8026e-10	0.030572	3.347e-07	-3.15e-07	-0.028916	-5.2084e-10	0.028918	3.2414e-07	-3.1418e-07	-0.026146	-6.0188e-10	0.026158	3.1766e-07	-3.1342e-07	-0.017746	-8.3729e-10	0.017758	3.1388e-07	-3.1254e-07	-4.6194e-05	-1.3197e-09	4.6338e-05	3.1162e-07	-3.121e-07
0.17	-0.033902	-4.433e-10	0.033908	3.7922e-07	-3.169e-07	-0.032604	-4.6471e-10	0.032612	3.52e-07	-3.1604e-07	-0.03119	-4.9694e-10	0.031198	3.3466e-07	-3.151e-07	-0.029514	-5.4354e-10	0.029518	3.2412e-07	-3.1426e-07	-0.026648	-6.2051e-10	0.026652	3.1768e-07	-3.1342e-07	-0.017964	-8.6399e-10	0.01797	3.1384e-07	-3.126e-07	-4.6294e-05	-1.3525e-09	4.6308e-05	3.1162e-07	-3.1222e-07
0.165	-0.03454	-4.5168e-10	0.034546	3.7924e-07	-3.1696e-07	-0.033234	-4.76e-10	0.033248	3.5204e-07	-3.161e-07	-0.031806	-4.971e-10	0.031818	3.3466e-07	-3.154e-07	-0.030104	-5.424e-10	0.030116	3.2408e-07	-3.1434e-07	-0.027138	-6.381e-10	0.027142	3.1764e-07	-3.1344e-07	-0.018172	-8.8247e-10	0.01818	3.1378e-07	-3.1258e-07	-4.6756e-05	-1.3941e-09	4.6868e-05	3.1166e-07	-3.1208e-07
0.16	-0.035194	-4.6996e-10	0.035208	3.7922e-07	-3.171e-07	-0.033884	-4.9062e-10	0.033894	3.5184e-07	-3.162e-07	-0.032438	-5.1388e-10	0.032448	3.3466e-07	-3.1526e-07	-0.030704	-5.5776e-10	0.030714	3.2412e-07	-3.144e-07	-0.027626	-6.4977e-10	0.027638	3.1772e-07	-3.135e-07	-0.018378	-9.1276e-10	0.01839	3.1386e-07	-3.1262e-07	-4.721e-05	-1.4323e-09	4.7312e-05	3.1166e-07	-3.1218e-07
0.155	-0.035838	-4.7237e-10	0.03585	3.793e-07	-3.1722e-07	-0.03451	-4.9144e-10	0.034524	3.521e-07	-3.1624e-07	-0.033058	-5.2724e-10	0.033062	3.3478e-07	-3.153e-07	-0.031292	-5.7613e-10	0.031302	3.2412e-07	-3.1442e-07	-0.028104	-6.6914e-10	0.028112	3.1774e-07	-3.1352e-07	-0.018574	-9.3777e-10	0.018584	3.1388e-07	-3.1256e-07	-4.748e-05	-1.4666e-09	4.7494e-05	3.1164e-07	-3.1218e-07
0.15	-0.036492	-4.8115e-10	0.036506	3.793e-07	-3.173e-07	-0.035158	-5.1601e-10	0.035166	3.5212e-07	-3.1642e-07	-0.033686	-5.324e-10	0.033696	3.3478e-07	-3.1538e-07	-0.03189	-5.7674e-10	0.0319	3.2408e-07	-3.1444e-07	-0.028586	-6.8609e-10	0.028592	3.177e-07	-3.1358e-07	-0.01877	-9.6307e-10	0.018784	3.1388e-07	-3.1256e-07	-4.801e-05	-1.5174e-09	4.7814e-05	3.1162e-07	-3.1212e-07
0.145	-0.03714	-4.9453e-10	0.037146	3.7928e-07	-3.174e-07	-0.035792	-5.1392e-10	0.035802	3.5206e-07	-3.1638e-07	-0.034306	-5.4695e-10	0.034318	3.3484e-07	-3.1548e-07	-0.03248	-5.977e-10	0.03249	3.2418e-07	-3.1444e-07	-0.029054	-6.9968e-10	0.029068	3.1768e-07	-3.1356e-07	-0.01896	-9.904e-10	0.01897	3.1384e-07	-3.126e-07	-4.8194e-05	-1.5513e-09	4.8194e-05	3.1158e-07	-3.1212e-07
0.14	-0.037798	-5.0277e-10	0.037804	3.7894e-07	-3.1754e-07	-0.036436	-5.2671e-10	0.036446	3.5218e-07	-3.1648e-07	-0.034936	-5.6098e-10	0.034944	3.3464e-07	-3.1544e-07	-0.033086	-6.1435e-10	0.033094	3.2414e-07	-3.1458e-07	-0.029524	-7.2017e-10	0.029536	3.1764e-07	-3.1358e-07	-0.019152	-1.01924e-09	0.019154	3.1382e-07	-3.1264e-07	-4.8424e-05	-1.5979e-09	4.838e-05	3.117e-07	-3.1206e-07
0.135	-0.038444	-5.154e-10	0.03845	3.7924e-07	-3.1764e-07	-0.037072	-5.4818e-10	0.03709	3.5214e-07	-3.1658e-07	-0.035564	-5.6785e-10	0.035576	3.3496e-07	-3.1556e-07	-0.033672	-6.1672e-10	0.03368	3.242e-07	-3.1462e-07	-0.029992	-7.4054e-10	0.029998	3.177e-07	-3.1354e-07	-0.019328	-1.04414e-09	0.019338	3.1388e-07	-3.1254e-07	-4.8894e-05	-1.6351e-09	4.8802e-05	3.116e-07	-3.1206e-07
0.13	-0.039098	-5.2433e-10	0.039108	3.7918e-07	-3.1768e-07	-0.037726	-5.4544e-10	0.037734	3.5216e-07	-3.1666e-07	-0.036202	-5.8205e-10	0.036206	3.3486e-07	-3.1564e-07	-0.034276	-6.382e-10	0.034282	3.2418e-07	-3.1464e-07	-0.030448	-7.5663e-10	0.030458	3.1776e-07	-3.1366e-07	-0.019506	-1.07908e-09	0.019514	3.1392e-07	-3.1266e-07	-4.8416e-05	-1.6827e-09	4.82e-05	3.1162e-07	-3.121e-07
0.125	-0.039746	-5.3702e-10	0.039752	3.7928e-07	-3.1782e-07	-0.038366	-5.6497e-10	0.03837	3.5214e-07	-3.168e-07	-0.036822	-5.9566e-10	0.03683	3.3492e-07	-3.1572e-07	-0.034864	-6.5283e-10	0.034872	3.243e-07	-3.1472e-07	-0.030898	-7.7549e-10	0.030904	3.1774e-07	-3.1362e-07	-0.019674	-1.10428e-09	0.019684	3.1384e-07	-3.1258e-07	-4.8592e-05	-1.7274e-09	4.894e-05	3.1158e-07	-3.1212e-07
0.12	-0.040388	-5.482e-10	0.0404	3.7916e-07	-3.179e-07	-0.039	-5.7687e-10	0.039012	3.5216e-07	-3.1684e-07	-0.037448	-6.0992e-10	0.037454	3.3488e-07	-3.1572e-07	-0.035452	-6.6161e-10	0.035462	3.2428e-07	-3.1484e-07	-0.031336	-7.9716e-10	0.03135	3.177e-07	-3.1366e-07	-0.019842	-1.1293e-09	0.019858	3.1388e-07	-3.126e-07	-4.881e-05	-1.7696e-09	4.8676e-05	3.1158e-07	-3.1214e-07
0.115	-0.041046	-5.5625e-10	0.04106	3.793e-07	-3.1806e-07	-0.039652	-5.8543e-10	0.039656	3.522e-07	-3.17e-07	-0.038082	-6.203e-10	0.038094	3.3488e-07	-3.1576e-07	-0.036048	-6.7943e-10	0.036058	3.2426e-07	-3.1478e-07	-0.031786	-8.158e-10	0.031792	3.177e-07	-3.1358e-07	-0.020012	-1.1706e-09	0.020022	3.1388e-07	-3.1266e-07	-4.8638e-05	-1.82e-09	4.8878e-05	3.1164e-07	-3.121e-07
0.11	-0.041698	-5.7693e-10	0.041704	3.7892e-07	-3.1816e-07	-0.040288	-5.9859e-10	0.040304	3.5216e-07	-3.1706e-07	-0.038706	-6.3337e-10	0.038712	3.3518e-07	-3.1592e-07	-0.036632	-6.9665e-10	0.03665	3.2434e-07	-3.1482e-07	-0.032216	-8.3561e-10	0.032222	3.177e-07	-3.1362e-07	-0.02017	-1.2028e-09	0.020182	3.1388e-07	-3.1266e-07	-4.8848e-05	-1.8653e-09	4.9068e-05	3.1164e-07	-3.1206e-07
0.105	-0.042352	-5.8305e-10	0.042362	3.793e-07	-3.1826e-07	-0.040938	-6.1332e-10	0.040954	3.5216e-07	-3.1712e-07	-0.039342	-6.4793e-10	0.039348	3.3498e-07	-3.1596e-07	-0.03723	-7.088e-10	0.03724	3.2432e-07	-3.1496e-07	-0.032644	-8.6187e-10	0.032656	3.1768e-07	-3.1376e-07	-0.020332	-1.2226e-09	0.02034	3.1386e-07	-3.1264e-07	-4.9206e-05	-1.9092e-09	4.9262e-05	3.1192e-07	-3.1212e-07
0.1	-0.043002	-5.9881e-10	0.043012	3.7922e-07	-3.1838e-07	-0.041582	-6.216e-10	0.041598	3.522e-07	-3.1722e-07	-0.039966	-6.5688e-10	0.039968	3.35e-07	-3.1606e-07	-0.037812	-7.2455e-10	0.037824	3.2428e-07	-3.1496e-07	-0.033066	-8.7933e-10	0.033072	3.1774e-07	-3.137e-07	-0.020484	-1.2724e-09	0.020494	3.1384e-07	-3.1258e-07	-4.9702e-05	-1.9667e-09	4.9672e-05	3.1164e-07	-3.122e-07
0.095	-0.043662	-6.1214e-10	0.043674	3.793e-07	-3.1852e-07	-0.04223	-6.3496e-10	0.042244	3.5222e-07	-3.1728e-07	-0.0406	-6.7593e-10	0.040604	3.3508e-07	-3.1612e-07	-0.038406	-7.4504e-10	0.03841	3.243e-07	-3.1496e-07	-0.033482	-9.0556e-10	0.03349	3.1782e-07	-3.1374e-07	-0.020632	-1.2964e-09	0.020642	3.1382e-07	-3.126e-07	-4.9478e-05	-2.017e-09	4.945e-05	3.1162e-07	-3.1212e-07
0.09	-0.04431	-6.2098e-10	0.04432	3.793e-07	-3.186e-07	-0.042868	-6.5205e-10	0.042882	3.5226e-07	-3.173e-07	-0.041222	-6.8518e-10	0.041234	3.3506e-07	-3.1622e-07	-0.038982	-7.5202e-10	0.038994	3.2432e-07	-3.1494e-07	-0.03388	-9.3578e-10	0.033892	3.1782e-07	-3.1378e-07	-0.020776	-1.3271e-09	0.020786	3.1388e-07	-3.127e-07	-4.9608e-05	-2.0638e-09	4.9968e-05	3.1156e-07	-3.1206e-07
0.085	-0.044972	-6.3517e-10	0.044986	3.794e-07	-3.1872e-07	-0.043518	-6.5862e-10	0.04353	3.5232e-07	-3.1744e-07	-0.041858	-7.015e-10	0.041868	3.3508e-07	-3.1626e-07	-0.03957	-7.7433e-10	0.039582	3.2466e-07	-3.1504e-07	-0.034286	-9.495e-10	0.034292	3.1782e-07	-3.1384e-07	-0.020924	-1.373e-09	0.02093	3.1388e-07	-3.1276e-07	-5.0196e-05	-2.1258e-09	4.9996e-05	3.1162e-07	-3.1204e-07
0.08	-0.045618	-6.4805e-10	0.04563	3.7924e-07	-3.1886e-07	-0.044166	-6.8e-10	0.044166	3.5226e-07	-3.1748e-07	-0.042482	-7.1736e-10	0.04249	3.3504e-07	-3.1634e-07	-0.040148	-7.9062e-10	0.040156	3.2444e-07	-3.1504e-07	-0.034676	-9.8134e-10	0.034692	3.178e-07	-3.138e-07	-0.02106	-1.4046e-09	0.021068	3.1388e-07	-3.1276e-07	-4.9782e-05	-2.1718e-09	4.9942e-05	3.116e-07	-3.121e-07
0.075	-0.04628	-6.6387e-10	0.046292	3.7924e-07	-3.189e-07	-0.044814	-6.9022e-10	0.04482	3.5232e-07	-3.177e-07	-0.043112	-7.3059e-10	0.043122	3.3518e-07	-3.1638e-07	-0.040732	-8.0232e-10	0.040736	3.244e-07	-3.1514e-07	-0.035068	-1.00419e-09	0.035078	3.1782e-07	-3.1382e-07	-0.021194	-1.4421e-09	0.021204	3.1392e-07	-3.127e-07	-5.0704e-05	-2.2271e-09	5.0512e-05	3.1162e-07	-3.1216e-07
0.07	-0.04693	-6.7393e-10	0.046932	3.7918e-07	-3.1904e-07	-0.045454	-7.0249e-10	0.045466	3.525e-07	-3.1772e-07	-0.043736	-7.4987e-10	0.043748	3.3516e-07	-3.1642e-07	-0.041298	-8.2468e-10	0.04131	3.2448e-07	-3.1516e-07	-0.035448	-1.02476e-09	0.035454	3.1778e-07	-3.1382e-07	-0.02133	-1.4841e-09	0.021336	3.1388e-07	-3.1268e-07	-5.017e-05	-2.2924e-09	5.0032e-05	3.1162e-07	-3.121e-07
0.065	-0.047586	-6.9064e-10	0.047594	3.7938e-07	-3.1914e-07	-0.046104	-7.2036e-10	0.046108	3.5202e-07	-3.1784e-07	-0.044366	-7.6379e-10	0.044378	3.3512e-07	-3.1646e-07	-0.04188	-8.488e-10	0.041886	3.2448e-07	-3.152e-07	-0.035822	-1.05915e-09	0.035832	3.1808e-07	-3.1384e-07	-0.021458	-1.5224e-09	0.021468	3.139e-07	-3.1266e-07	-5.0198e-05	-2.3431e-09	4.9982e-05	3.116e-07	-3.1216e-07
0.06	-0.048234	-7.0432e-10	0.048244	3.7936e-07	-3.193e-07	-0.046742	-7.3367e-10	0.046748	3.524e-07	-3.1788e-07	-0.04499	-7.8108e-10	0.045004	3.3514e-07	-3.1652e-07	-0.04244	-8.6128e-10	0.042452	3.2446e-07	-3.1526e-07	-0.036188	-1.0781e-09	0.0362	3.1784e-07	-3.1388e-07	-0.021584	-1.5594e-09	0.021592	3.1384e-07	-3.1264e-07	-5.0596e-05	-2.4022e-09	5.0718e-05	3.1168e-07	-3.121e-07
0.055	-0.048886	-7.1195e-10	0.048904	3.7924e-07	-3.1932e-07	-0.047392	-7.4674e-10	0.047404	3.5248e-07	-3.18e-07	-0.045624	-7.9454e-10	0.045636	3.3514e-07	-3.167e-07	-0.04301	-8.8393e-10	0.043016	3.2454e-07	-3.1528e-07	-0.036554	-1.1077e-09	0.03656	3.178e-07	-3.1388e-07	-0.021708	-1.6127e-09	0.021718	3.1386e-07	-3.1272e-07	-5.1142e-05	-2.4687e-09	5.099e-05	3.1158e-07	-3.1216e-07
0.05	-0.049532	-7.3624e-10	0.049546	3.7928e-07	-3.1944e-07	-0.048032	-7.6138e-10	0.048038	3.5226e-07	-3.1786e-07	-0.046248	-8.0713e-10	0.046256	3.3506e-07	-3.1664e-07	-0.043572	-9.0637e-10	0.043578	3.2448e-07	-3.1526e-07	-0.036904	-1.1386e-09	0.03691	3.1782e-07	-3.1388e-07	-0.021828	-1.6464e-09	0.021836	3.139e-07	-3.129e-07	-5.093e-05	-2.5227e-09	5.1088e-05	3.1164e-07	-3.1212e-07
0.045	-0.05019	-7.4853e-10	0.050198	3.7894e-07	-3.1956e-07	-0.048676	-7.8206e-10	0.048688	3.5208e-07	-3.1824e-07	-0.046874	-8.3132e-10	0.04688	3.3518e-07	-3.1672e-07	-0.044132	-9.171e-10	0.044142	3.2448e-07	-3.1534e-07	-0.03725	-1.1702e-09	0.03726	3.1782e-07	-3.139e-07	-0.021946	-1.6902e-09	0.021954	3.1384e-07	-3.1264e-07	-5.0836e-05	-2.5921e-09	5.112e-05	3.1164e-07	-3.1218e-07
0.04	-0.050838	-7.5746e-10	0.050844	3.793e-07	-3.1964e-07	-0.049316	-7.8629e-10	0.049326	3.5244e-07	-3.1826e-07	-0.047496	-8.4183e-10	0.047504	3.3514e-07	-3.1682e-07	-0.044682	-9.4739e-10	0.044692	3.2444e-07	-3.1544e-07	-0.037588	-1.1938e-09	0.037594	3.1786e-07	-3.1396e-07	-0.022062	-1.7402e-09	0.022068	3.1384e-07	-3.1266e-07	-5.0878e-05	-2.6567e-09	5.0748e-05	3.1164e-07	-3.121e-07
0.035	-0.05148	-7.822e-10	0.051488	3.7936e-07	-3.1982e-07	-0.049958	-8.0963e-10	0.049964	3.525e-07	-3.1834e-07	-0.048108	-8.6133e-10	0.048116	3.3526e-07	-3.169e-07	-0.045232	-9.6301e-10	0.045244	3.245e-07	-3.1538e-07	-0.037918	-1.229e-09	0.037926	3.1786e-07	-3.1398e-07	-0.022172	-1.7775e-09	0.022182	3.1384e-07	-3.1266e-07	-5.1494e-05	-2.7152e-09	5.1334e-05	3.1164e-07	-3.121e-07
0.03	-0.052138	-7.9426e-10	0.052146	3.7924e-07	-3.1996e-07	-0.050602	-8.2609e-10	0.05061	3.525e-07	-3.184e-07	-0.048734	-8.8543e-10	0.048742	3.353e-07	-3.169e-07	-0.045786	-9.8125e-10	0.04579	3.2452e-07	-3.1546e-07	-0.038252	-1.2612e-09	0.038254	3.179e-07	-3.1398e-07	-0.022286	-1.8286e-09	0.022294	3.1388e-07	-3.1278e-07	-5.1756e-05	-2.7899e-09	5.1696e-05	3.1164e-07	-3.1212e-07
0.025	-0.052782	-8.0235e-10	0.05279	3.7934e-07	-3.1998e-07	-0.051236	-8.3818e-10	0.051244	3.5256e-07	-3.1848e-07	-0.04935	-8.9271e-10	0.04936	3.3526e-07	-3.1694e-07	-0.046332	-1.01162e-09	0.046336	3.2458e-07	-3.1552e-07	-0.038564	-1.2918e-09	0.038574	3.1798e-07	-3.1404e-07	-0.022394	-1.8779e-09	0.022398	3.1388e-07	-3.1272e-07	-5.1442e-05	-2.8555e-09	5.1518e-05	3.1158e-07	-3.122e-07
0.02	-0.053436	-8.3045e-10	0.053448	3.7936e-07	-3.2012e-07	-0.051876	-8.6351e-10	0.051888	3.5252e-07	-3.186e-07	-0.049976	-9.1764e-10	0.049984	3.3538e-07	-3.171e-07	-0.046868	-1.0305e-09	0.046876	3.2464e-07	-3.1558e-07	-0.038884	-1.3257e-09	0.038892	3.1786e-07	-3.1402e-07	-0.022498	-1.9204e-09	0.022502	3.139e-07	-3.1266e-07	-5.1738e-05	-2.9285e-09	5.1642e-05	3.1168e-07	-3.1222e-07
0.015	-0.054078	-8.4279e-10	0.054086	3.794e-07	-3.2028e-07	-0.052518	-8.779e-10	0.052528	3.5246e-07	-3.1864e-07	-0.050594	-9.3777e-10	0.0506	3.3538e-07	-3.1712e-07	-0.047402	-1.05749e-09	0.047412	3.246e-07	-3.1568e-07	-0.039188	-1.3566e-09	0.039196	3.1802e-07	-3.1402e-07	-0.0226	-1.9711e-09	0.022604	3.1388e-07	-3.129e-07	-5.2228e-05	-3.0038e-09	5.2214e-05	3.1166e-07	-3.1208e-07
0.01	-0.054726	-8.5473e-10	0.054736	3.7942e-07	-3.2038e-07	-0.053162	-8.9062e-10	0.053168	3.5252e-07	-3.1868e-07	-0.051212	-9.5028e-10	0.051222	3.3536e-07	-3.1718e-07	-0.047936	-1.08456e-09	0.047948	3.2452e-07	-3.1562e-07	-0.039492	-1.3954e-09	0.039502	3.1792e-07	-3.1402e-07	-0.0227	-2.0285e-09	0.022708	3.1386e-07	-3.1264e-07	-5.2072e-05	-3.0741e-09	5.2144e-05	3.116e-07	-3.1216e-07
0.005	-0.055368	-8.8503e-10	0.055378	3.7946e-07	-3.2048e-07	-0.053788	-9.1408e-10	0.053804	3.5256e-07	-3.1886e-07	-0.05182	-9.7751e-10	0.051834	3.3534e-07	-3.1732e-07	-0.04846	-1.10353e-09	0.048466	3.2458e-07	-3.1572e-07	-0.03979	-1.4233e-09	0.039796	3.1792e-07	-3.1402e-07	-0.022794	-2.0705e-09	0.022806	3.1388e-07	-3.1262e-07	-5.251e-05	-3.1519e-09	5.2638e-05	3.1164e-07	-3.1216e-07
0	-0.05602	-8.9375e-10	0.056036	3.7904e-07	-3.2062e-07	-0.054432	-9.3476e-10	0.054442	3.5252e-07	-3.189e-07	-0.052442	-9.9824e-10	0.052448	3.3548e-07	-3.173e-07	-0.048976	-1.1286e-09	0.048986	3.2464e-07	-3.1572e-07	-0.040082	-1.4653e-09	0.040084	3.1792e-07	-3.1412e-07	-0.02289	-2.127e-09	0.0229	3.1388e-07	-3.1268e-07	-5.278e-05	-3.2296e-09	5.2718e-05	3.1168e-07	-3.1212e-07
