101 221.591329444253
104.18 276.658615707045
107.361 335.001603982369
110.541 334.925861211246
113.721 306.566535989599
116.902 324.505871898219
120.082 350.967493187718
123.262 316.921447965896
126.443 249.541574984098
129.623 233.055746412863
132.803 263.236207390014
135.983 341.448994519541
139.164 384.863705895278
142.344 364.152306350173
145.524 355.772807964143
148.705 302.490604759888
151.885 228.684679640979
155.065 219.489477930161
158.246 253.483117081769
161.426 270.043226137937
164.606 277.140502496425
167.787 264.771120242507
170.967 306.288843734095
174.147 306.286984337903
177.328 369.639556622466
180.508 373.887071255679
183.688 319.601830509624
186.868 289.039971433889
190.049 250.805319663245
193.229 217.464349743938
196.409 209.939447745804
199.59 232.723763345998
202.77 259.311810415248
205.95 261.673318720597
209.131 274.234079662275
212.311 275.741449612323
215.491 253.816402401522
218.672 250.26472097227
221.852 244.987232252827
225.032 251.463587329325
228.213 248.081711874273
231.393 261.701496658943
234.573 250.092437544018
237.753 190.147860387451
240.934 194.017789718212
244.114 190.845532720569
247.294 206.146620400863
250.475 233.600673518697
253.655 225.50108772558
256.835 251.18017442421
260.016 253.456249637115
263.196 238.108536499741
264.196 236.946463643105
272.598 239.165687462306
281.001 222.39275803909
289.403 189.821648005612
297.806 180.057339602572
306.208 172.965304078707
314.611 174.0087127594
323.013 174.412942531397
331.415 137.747325101748
339.818 134.15769886232
348.22 149.798227426649
356.623 169.249715105711
365.025 165.990911913074
373.428 176.336098125815
381.83 187.57390789649
390.232 183.358810772315
398.635 174.797492655388
407.037 158.232884791914
415.44 146.754194576227
423.842 183.860613725005
432.245 213.671763125906
440.647 238.23211936287
449.049 216.819771467124
457.452 193.918889556106
465.854 161.052178410835
474.257 144.226393058656
482.659 144.903367084604
491.062 151.645037854827
499.464 157.114408319169
507.867 174.374541037756
516.269 165.438030929272
524.671 156.66829053698
533.074 181.724195615409
541.476 186.065168582692
549.879 172.200425839897
558.281 145.929869438573
566.684 125.728664926221
575.086 125.800146438384
583.488 134.177811913211
591.891 143.700251256055
600.293 146.193850639999
608.696 145.447208772644
617.098 151.674914961442
625.501 144.109266398677
633.903 136.680094249635
642.305 147.196810769144
650.708 146.903991765344
659.11 148.215471858781
667.513 176.269568218778
675.915 179.89199519246
684.318 203.703639910886
692.72 199.940755723532
693.72 131.459714856615
715.867 100.849921915914
738.014 124.26445914168
760.161 128.358016793607
782.307 113.613905519307
804.454 111.525447565612
826.601 88.1644646673912
848.748 109.331647015003
870.895 118.830261294593
893.042 131.577899525404
915.189 104.471976888213
937.335 117.759089430945
959.482 109.107816928672
981.629 116.125250155716
1003.776 135.993688287753
1025.923 115.867757691469
1048.07 112.920519109724
1070.217 90.9490958706741
1092.364 135.576774358605
1114.51 124.067553429695
1136.657 125.860015098657
1158.804 127.542217950336
1180.951 117.318666738621
1203.098 92.3021340262108
1225.245 82.9691312277273
1247.392 122.326576097387
1269.538 132.608398941778
1291.685 105.642587717501
1313.832 86.7730089545711
1335.979 87.7275399668057
1358.126 102.236432239047
1380.273 102.599225655465
1402.42 92.4882494299229
1424.566 103.115270608094
1446.713 117.350781855827
1468.86 96.0403092257646
1491.007 101.032287866606
1513.154 81.7227167025918
1535.301 102.231888293063
1557.448 120.714617131728
1579.595 91.1021949293912
1601.741 81.545160853935
1623.888 94.0507260625057
1646.035 95.6038655287922
1668.182 83.4489540732295
1690.329 64.5002518904333
1712.476 75.3451780275004
1734.623 80.6375424610973
1756.769 85.4068352056049
1778.916 107.924653414132
1801.063 105.203495395106
1823.21 76.8623254534091
1824.21 78.9961784807069
1882.531 73.9746443006312
1940.853 66.3677141518393
1999.174 101.327426308696
2057.495 104.429853864874
2115.817 101.934111067458
2174.138 103.524557211437
2232.46 71.6253651929047
2290.781 74.1923210173814
2349.102 76.2066897449741
2407.424 74.895849419057
2465.745 59.5168123135597
2524.066 63.0293282267598
2582.388 78.5643360607489
2640.709 68.0435846154533
2699.031 69.5148802253721
2757.352 76.2768737914162
2815.673 82.8141601502671
2873.995 62.0452819167336
2932.316 61.8711609142067
2990.637 68.7060312663997
3048.959 80.1513479237475
3107.28 68.2050958765646
3165.602 62.4927724770155
3223.923 75.252064872004
3282.244 70.7845758786006
3340.566 63.1274455797327
3398.887 59.1678950485069
3457.208 65.0014126885179
3515.53 51.818504982384
3573.851 63.9570354161522
3632.173 68.2266134172853
3690.494 67.9121114941833
3748.815 59.7004992687799
3807.137 63.3507893653268
3865.458 59.4712204958225
3923.779 61.959382293592
3982.101 63.2518095440975
4040.422 52.2821527476994
4098.744 49.920950292291
4157.065 51.7063568334389
4215.386 58.7229682479573
4273.708 56.5411202095037
4332.029 52.9014275046081
4390.35 60.524410532429
4448.672 69.3096229337302
4506.993 64.6062513340666
4565.315 64.8830940770353
4623.636 54.3885052238637
4681.957 61.7693106611706
4740.279 57.9018159135462
4798.6 62.7295392844757
4799.6 46.5612587329068
4953.131 46.9580793830948
5106.663 53.8341386096234
5260.194 57.0649916725457
5413.725 52.1896818619967
5567.257 61.434395778393
5720.788 63.5014289025359
5874.32 39.015175925488
6027.851 36.1774438997577
6181.382 38.6064163615638
6334.914 43.1873539879971
6488.445 44.760243086594
6641.976 38.1846755629614
6795.508 50.8031274792348
6949.039 49.6082968542973
7102.571 46.047212120719
7256.102 48.9712150221918
7409.633 39.1493087112131
7563.165 46.1300257076786
7716.696 50.8475296242573
7870.227 50.4114234122122
8023.759 47.2987605360342
8177.29 32.0363544803133
8330.822 32.305913685803
8484.353 43.0006096946292
8637.884 41.0075231717196
8791.416 30.4457328616707
8944.947 42.6174966183328
9098.478 46.1059338119278
9252.01 36.9270455308973
9405.541 42.4514539792935
9559.073 41.1861605530151
9712.604 42.9367900964412
9866.135 39.5191854778175
10019.667 41.7532644512847
10173.198 46.7435529104695
10326.729 43.555098973668
10480.261 34.5934617683259
10633.792 32.8778871528818
10787.324 43.9730556373517
10940.855 39.5857623567055
11094.386 32.9426503484699
11247.918 37.1383162424518
11401.449 38.4510558320202
11554.98 45.4787024273231
11708.512 48.7826036252474
11862.043 34.7325844826992
12015.575 29.1995512078859
12169.106 31.3484178372183
12322.637 33.033255261854
12476.169 31.6321575725783
12629.7 36.9149024714482
12630.7 45.2833838468665
13034.822 52.2388199793591
13438.943 45.0549076295554
13843.065 41.6210529157918
14247.186 51.6337528137811
14651.308 49.1151162652406
15055.429 35.5191818652927
15459.551 29.87420294154
15863.673 29.1162047639407
16267.794 28.7749463169049
16671.916 29.7617167828531
17076.037 32.8590909027938
17480.159 31.2180658084193
17884.28 29.1845637257067
18288.402 36.6434632189581
18692.524 37.1884281448084
19096.645 34.8784263885472
19500.767 40.1296267724773
19904.888 44.1787086374321
20309.01 38.7998276540335
20713.131 26.7622752269865
21117.253 22.1567877713081
21521.375 31.8000873394004
21925.496 32.3630951188162
22329.618 27.8579617418357
22733.739 24.7647753810929
23137.861 29.0762951973206
23541.982 28.7147012314444
23946.104 29.9465561626518
24350.225 24.9321535378168
24754.347 22.3122660641479
25158.469 26.332448710357
25562.59 25.5750387072997
25966.712 21.2467635516682
26370.833 23.28984146432
26774.955 26.8353231511518
27179.076 26.93493015145
27583.198 27.3065064577908
27987.32 25.7720741298523
28391.441 32.6204344821693
28795.563 34.0320689498993
29199.684 30.3773507948402
29603.806 28.2159971238275
30007.927 26.9651742301745
30412.049 22.5751075229542
30816.171 22.5874893875593
31220.292 24.1990836008152
31624.414 23.214975616837
32028.535 20.171023048694
32432.657 18.8859663967738
32836.778 25.6983187726985
33240.9 28.5441178332985
33241.9 21.5614531331138
34305.559 23.0994675813991
35369.218 24.8513462228397
36432.876 26.7510017342814
37496.535 27.3732715096511
38560.194 27.0310108060227
39623.853 28.6292964955983
40687.512 27.4518714141003
41751.171 25.810378322656
42814.829 24.5761841594978
43878.488 25.6100895727706
44942.147 25.1756196997017
46005.806 24.3105188742457
47069.465 25.8782957326769
48133.124 28.2138380348736
49196.782 26.4767354332525
50260.441 22.3670103958155
51324.1 14.8734613644056
52387.759 18.3040517268774
53451.418 19.7764323836723
54515.076 19.0517982472964
55578.735 19.0772230351454
56642.394 18.3464566175563
57706.053 19.5275514353632
58769.712 20.8249345228649
59833.371 22.3043512132645
60897.029 22.3557176987181
61960.688 22.4934331763124
63024.347 20.3520017433655
64088.006 16.1713326108056
65151.665 8.93912252883007
66215.324 9.92799782147394
67278.982 12.7043426308131
68342.641 16.5991034348836
69406.3 16.8363906573842
70469.959 15.1757094484425
71533.618 18.8146856026334
72597.276 20.9087943764324
73660.935 19.74417813109
74724.594 13.205737730079
75788.253 12.1165629814224
76851.912 14.7353471063666
77915.571 15.6157222587494
78979.229 16.3594741250191
80042.888 20.3182026624409
81106.547 22.5610530883406
82170.206 21.379572224119
83233.865 14.6425843235174
84297.524 13.3672383590443
85361.182 13.8680598350395
86424.841 13.6914699915842
87488.5 13.905910312577
87489.5 10.2448219459538
90289.039 11.8812440997434
93088.578 15.6047077661484
95888.118 18.1380753183737
98687.657 19.5503418591771
101487.196 19.6543778443718
104286.735 16.5935527638563
107086.275 15.410086073895
109885.814 15.4277690660646
112685.353 17.3769277223991
115484.892 17.4976552450706
118284.431 13.8994207234448
121083.971 11.5745139988803
123883.51 11.6930168739808
126683.049 11.716550019306
129482.588 11.6004270134136
132282.127 9.49134381825775
135081.667 9.61642426585612
137881.206 14.5731319577666
140680.745 17.0125785408026
143480.284 16.4933181577638
146279.824 15.0544602664184
149079.363 10.6063211894077
151878.902 8.39025943626992
154678.441 8.87016962933052
157477.98 9.60349373111582
160277.52 9.89450997081711
163077.059 12.2667820569053
165876.598 14.344797599871
168676.137 12.7569566624921
171475.676 13.4065502405074
174275.216 13.4153519926521
177074.755 12.917787188536
179874.294 13.3783794687506
182673.833 13.5597634107932
185473.373 14.007579877868
188272.912 14.132043396292
191072.451 14.0761758238342
193871.99 13.7213834317115
196671.529 13.7267958760285
199471.069 13.9881561751281
202270.608 13.0831858535486
205070.147 13.1012311909971
207869.686 12.6175070092058
210669.225 12.7064843504567
213468.765 12.3346335450854
216268.304 13.4975851204588
219067.843 13.8944214787166
221867.382 13.1075250662132
224666.922 12.4304724026285
227466.461 12.9787809422695
230266 12.9799192564914
230267 9.56941911803231
237635.294 11.0695987723349
245003.588 10.1282835704277
252371.882 10.6614915589801
259740.176 12.6627070912711
267108.471 10.8831032139645
274476.765 8.63018658500005
281845.059 13.7231439391031
289213.353 9.57496704890081
296581.647 11.5027184497401
303949.941 7.11455131240807
311318.235 11.5077919751721
318686.529 13.1874748744761
326054.824 7.17652375774306
333423.118 7.99521511153309
340791.412 12.1668373421938
348159.706 11.3266803069242
355528 9.17748879445628
362896.294 9.62605635392623
370264.588 8.30389281367837
377632.882 10.3017922680907
385001.176 10.9177260973161
392369.471 8.2132262625199
399737.765 6.07251781997535
407106.059 10.2530568685233
414474.353 9.75493208977977
421842.647 10.1691716632856
429210.941 7.16682464800262
436579.235 6.9651705416695
443947.529 8.2317094303252
451315.824 9.55790519340329
458684.118 9.51689377185462
466052.412 9.04570439033257
473420.706 7.62533629112191
480789 8.06846007503278
488157.294 7.88693787035677
495525.588 9.39817540426278
502893.882 9.11937938762232
510262.176 8.41413374480392
517630.471 6.00341814740159
524998.765 9.14275118040861
532367.059 8.21826720994523
539735.353 6.46877973201365
547103.647 9.17543098523754
554471.941 9.78197482036083
561840.235 8.45912511444568
569208.529 8.33708278477372
576576.824 7.24527592797893
583945.118 7.65433691148329
591313.412 5.14206162144179
598681.706 5.93015366641052
606050 7.71957313712863
606051 7.69366957925466
625444.118 6.20041321145347
644837.235 6.24338077467763
664230.353 6.57058327646026
683623.471 7.05440350717147
703016.588 6.56070460198955
722409.706 7.44665252035366
741802.824 9.60134779457917
761195.941 9.33306114823967
780589.059 4.72702075394291
799982.176 7.1923988531544
819375.294 5.64912575796742
838768.412 6.82850927630786
858161.529 7.31837974073245
877554.647 7.40602002350163
896947.765 6.27616817184036
916340.882 6.68569827652116
935734 8.76171263150055
955127.118 4.87100439185375
974520.235 6.45709407718189
993913.353 5.68611977298379
1013306.471 4.25174273701615
1032699.588 5.81385255258013
1052092.706 5.24075360236058
1071485.824 4.92301095932681
1090878.941 7.01903236329661
1110272.059 8.16138395095231
1129665.176 5.93195225011189
1149058.294 5.95923288832455
1168451.412 5.79048068475551
1187844.529 6.7902841201757
1207237.647 5.11370610635568
1226630.765 5.38060947265027
1246023.882 5.19825414157776
1265417 5.63443069973354
1284810.118 5.69217678873597
1304203.235 5.08448299179058
1323596.353 5.0765654588419
1342989.471 5.22457857668172
1362382.588 5.18886485040781
1381775.706 6.37214120645366
1401168.824 6.40890932552917
1420561.941 5.30179108713234
1439955.059 5.85956814216791
1459348.176 4.38384705132246
1478741.294 6.24490068543487
1498134.412 4.90354676778232
1517527.529 4.05058834532076
1536920.647 4.66403356408203
1556313.765 4.99957947421446
1575706.882 5.65869709197688
1595100 4.80317566331216
1595100 5.64674428155047
1646141.765 5.01995701893733
1697183.529 4.30420104699749
1748225.294 5.08131054070171
1799267.059 6.31727171942392
1850308.824 4.13346739518078
1901350.588 3.86657709578228
1952392.353 4.63296336745521
2003434.118 4.89605362794834
2054475.882 2.38049505822609
2105517.647 4.06877408341789
2156559.412 3.8696751289529
2207601.176 4.9452487647376
2258642.941 4.34679172579925
2309684.706 4.21282456721238
2360726.471 5.05780692611942
2411768.235 3.74323658239292
2462810 2.81607204165808
2513851.765 5.60165173300746
2564893.529 4.20273278115493
2615935.294 4.869948140341
2666977.059 3.71187608237961
2718018.824 3.77969279092364
2769060.588 3.28542513862192
2820102.353 4.59510822905281
2871144.118 3.79982395591488
2922185.882 3.86757198276059
2973227.647 3.77917995449334
3024269.412 4.17509401894222
3075311.176 3.37129147758827
3126352.941 3.54857975922774
3177394.706 4.40537994877876
3228436.471 2.2422999821328
3279478.235 3.71185417639612
3330520 3.32681825771916
3381561.765 4.34621589918428
3432603.529 3.8976484677722
3483645.294 4.11035894135505
3534687.059 3.30177319665003
3585728.824 3.86030561073232
3636770.588 3.95220865699666
3687812.353 3.3629736208345
3738854.118 4.46239960074671
3789895.882 3.04141083204279
3840937.647 4.13370963415287
3891979.412 3.69068758087518
3943021.176 4.10395284154642
3994062.941 3.25830312861468
4045104.706 3.98232096433792
4096146.471 3.62365441412839
4147188.235 2.87658554136286
4198230 2.8319022478856
4198230 4.95494656608948
4332570.588 3.90653042652993
4466911.176 3.33388878573319
4601251.765 2.94048217974796
4735592.353 3.86947426790581
4869932.941 2.31728679092661
5004273.529 2.48784647605068
5138614.118 3.87223506361459
5272954.706 3.18159614983285
5407295.294 2.9423773266027
5541635.882 2.78813620238235
5675976.471 3.06712419541035
5810317.059 2.6349615959234
5944657.647 2.74013952388553
6078998.235 3.53023739483466
6213338.824 3.50372033650768
6347679.412 5.04654347440851
6482020 3.07126015607067
6616360.588 2.6088641749264
6750701.176 2.62599350407273
6885041.765 2.45408783686621
7019382.353 2.75950190140138
7153722.941 2.53082546855104
7288063.529 2.49112527368506
7422404.118 3.12468856971933
7556744.706 4.37584006389753
7691085.294 3.53799837904182
7825425.882 3.05495449101188
7959766.471 2.91070146745053
8094107.059 2.69323014528708
8228447.647 2.53075796949292
8362788.235 2.37973605923629
8497128.824 1.74108099001042
8631469.412 2.6241000548312
8765810 3.53146892617618
8900150.588 2.23325970747537
9034491.176 3.14933653099138
9168831.765 2.50503829318848
9303172.353 2.68177896746728
9437512.941 3.16371191531712
9571853.529 1.33030979671485
9706194.118 2.38068076431513
9840534.706 2.89812094979672
9974875.294 2.15232870792568
10109215.882 2.67887439617869
10243556.471 2.66888400698146
10377897.059 2.03009209627688
10512237.647 2.75776377960772
10646578.235 3.4982652932123
10780918.824 3.08689267600132
10915259.412 2.07155484406042
11049600 2.19035993825311
11049600 2.8500420075285
11403174.51 2.28145877023869
11756749.02 2.36869415369014
12110323.529 2.74716957463859
12463898.039 1.62881789269185
12817472.549 2.14103504490133
13171047.059 1.99459488885242
13524621.569 2.4172334022141
13878196.078 2.46792771548494
14231770.588 2.73166217723483
14585345.098 2.25522327584942
14938919.608 2.31294013421483
15292494.118 2.11192751711711
15646068.627 2.43324251058321
15999643.137 1.65175552253748
16353217.647 2.05481088360298
16706792.157 2.59065309438238
17060366.667 2.19396227001918
17413941.176 1.90965726020513
17767515.686 2.23714286174465
18121090.196 2.84438578740739
18474664.706 2.18372314463926
18828239.216 2.69660826908126
19181813.725 1.98128116041681
19535388.235 2.57193940467995
19888962.745 1.97775102085878
20242537.255 2.43456865749718
20596111.765 2.34433971401533
20949686.275 1.8322560415349
21303260.784 2.32511628274507
21656835.294 2.12720017131608
22010409.804 1.80225259753009
22363984.314 1.45891113652182
22717558.824 1.29597102801412
23071133.333 1.84047265827431
23424707.843 2.02002509873419
23778282.353 2.51662815040466
24131856.863 2.84544021656636
24485431.373 2.28913305934567
24839005.882 1.88120235316574
25192580.392 2.05212899670177
25546154.902 2.04661718797553
25899729.412 1.96128011824415
26253303.922 2.18727506009824
26606878.431 1.79414189321551
26960452.941 1.6720205404379
27314027.451 1.27632725530128
27667601.961 2.68746274071242
28021176.471 2.20026897812156
28374750.98 2.60238496816045
28728325.49 1.46247152634676
29081900 2.20495518179994
29081900 2.71931186036529
30012498.039 1.74606637356851
30943096.078 2.15448693133016
31873694.118 2.63413813841283
32804292.157 1.65490687473446
33734890.196 1.77791319245301
34665488.235 1.44974961429494
35596086.275 2.11299060898372
36526684.314 2.13821407767146
37457282.353 2.55223686851914
38387880.392 2.1549037932784
39318478.431 1.81693671183906
40249076.471 1.90285919839902
41179674.51 2.07484580587208
42110272.549 2.2334097780171
43040870.588 1.88842376800448
43971468.627 1.60456058610937
44902066.667 0.962545895985793
45832664.706 2.20024915308546
46763262.745 1.66035986632724
47693860.784 1.35636110909951
48624458.824 2.64096449953205
49555056.863 1.94331923883629
50485654.902 1.97879564566825
51416252.941 1.91384084864457
52346850.98 1.53895934741194
53277449.02 1.78915861566179
54208047.059 1.78256463235706
55138645.098 1.6888849801161
56069243.137 1.68821246118525
56999841.176 2.10365425639488
57930439.216 2.00628157610652
58861037.255 2.09270620578866
59791635.294 1.5487976267403
60722233.333 1.68082641171826
61652831.373 2.03986949741255
62583429.412 1.68835346410019
63514027.451 2.68212363453504
64444625.49 1.22199579873117
65375223.529 1.32833881994682
66305821.569 1.64432637690636
67236419.608 1.81288464375475
68167017.647 2.06772616390251
69097615.686 1.89258704451556
70028213.725 2.21537318212378
70958811.765 1.75819317523951
71889409.804 1.1533444749467
72820007.843 1.99572094351988
73750605.882 0.885981791995768
74681203.922 1.81438934890059
75611801.961 1.51593951526052
76542400 1.91337172471677
76542400 1.43141454462318
78991686.275 1.60821052393966
81440972.549 2.32829383310589
83890258.824 2.13269174538417
86339545.098 1.53093851822678
88788831.373 NaN
91238117.647 1.47507903945731
93687403.922 NaN
96136690.196 43.1703577876788
98585976.471 NaN
101035262.745 NaN
103484549.02 NaN
105933835.294 1.18555424884205
108383121.569 1.85848034410771
110832407.843 2.18499450921881
113281694.118 1.9606894978851
115730980.392 1.53693927192977
118180266.667 NaN
120629552.941 NaN
123078839.216 NaN
125528125.49 0.626880019297917
127977411.765 1.46637169910662
130426698.039 1.60939367277718
132875984.314 NaN
135325270.588 2.70059055770289
137774556.863 2.20545138831584
140223843.137 NaN
142673129.412 0.613328326739041
145122415.686 NaN
147571701.961 1.71852063768309
150020988.235 NaN
152470274.51 NaN
154919560.784 3.45630153220108
157368847.059 3.07931285631315
159818133.333 2.07352194205389
162267419.608 3.63307610808957
164716705.882 NaN
167165992.157 2.03739404866133
169615278.431 NaN
172064564.706 NaN
174513850.98 NaN
176963137.255 NaN
179412423.529 1.26633166500192
181861709.804 NaN
184310996.078 1.85403683020823
186760282.353 3.39583671990719
189209568.627 0.955566662072921
191658854.902 NaN
194108141.176 NaN
196557427.451 5.33142381651783
199006713.725 2.24358866417467
201456000 NaN
