101 6.86944357486769e-06
104.18 7.69684839928402e-06
107.361 7.04842038413941e-06
110.541 6.36365958531787e-06
113.721 6.16320970423139e-06
116.902 6.74897047889669e-06
120.082 6.72280999723913e-06
123.262 5.34907005943828e-06
126.443 4.04438910866887e-06
129.623 3.88861208168647e-06
132.803 4.6014630674472e-06
135.983 5.7393265110743e-06
139.164 5.6142742899337e-06
142.344 5.14471557331161e-06
145.524 7.52905060896259e-06
148.705 1.05728707580961e-05
151.885 1.04492297834039e-05
155.065 8.48156512154278e-06
158.246 5.06523857279467e-06
161.426 5.56880456420117e-06
164.606 5.84754288992688e-06
167.787 5.32651302238399e-06
170.967 4.65678866275272e-06
174.147 3.67183743341513e-06
177.328 3.12628613761469e-06
180.508 3.3295534132801e-06
183.688 3.32094032657597e-06
186.868 3.59286050132281e-06
190.049 4.09225295598289e-06
193.229 4.55452845471717e-06
196.409 4.16715194927851e-06
199.59 3.82521846856882e-06
202.77 3.63612977728175e-06
205.95 4.00884251929711e-06
209.131 3.91188072432337e-06
212.311 3.88008038251898e-06
215.491 4.5041923391944e-06
218.672 4.51465348665492e-06
221.852 4.56022419870324e-06
225.032 4.66364113636793e-06
228.213 4.61967385548595e-06
231.393 5.13315906104105e-06
234.573 5.83832256668289e-06
237.753 6.37749387648912e-06
240.934 5.9724250139681e-06
244.114 4.82839375631733e-06
247.294 4.28034638140128e-06
250.475 3.80703866438167e-06
253.655 3.36770208130826e-06
256.835 3.8207408481627e-06
260.016 4.38697491769442e-06
263.196 3.88113001103992e-06
264.196 4.76943461484891e-06
272.598 4.52426271413929e-06
281.001 4.0394286666045e-06
289.403 3.27546792905419e-06
297.806 3.12060048190022e-06
306.208 2.7816436458333e-06
314.611 2.21400554764964e-06
323.013 1.82755841250779e-06
331.415 2.61750404905145e-06
339.818 2.74310731112138e-06
348.22 2.69653921229991e-06
356.623 3.08392384794579e-06
365.025 3.32511459687349e-06
373.428 3.3831277337607e-06
381.83 2.85081315764625e-06
390.232 2.84950717628362e-06
398.635 3.27521528229523e-06
407.037 3.4209254833271e-06
415.44 3.39459221883834e-06
423.842 3.32815528161758e-06
432.245 3.68538036668404e-06
440.647 4.12578017348014e-06
449.049 4.3447178968978e-06
457.452 4.52689554183623e-06
465.854 4.15997131414677e-06
474.257 3.67995588901022e-06
482.659 3.27568049050783e-06
491.062 3.21937649346797e-06
499.464 3.32510552793644e-06
507.867 3.18649320257103e-06
516.269 3.13138779387268e-06
524.671 3.09658750343369e-06
533.074 2.73202651561825e-06
541.476 2.5625958862418e-06
549.879 2.65350474959514e-06
558.281 2.96686894990997e-06
566.684 3.03482635250546e-06
575.086 2.84080156692072e-06
583.488 2.89069346350204e-06
591.891 2.81020065153607e-06
600.293 2.98041254476349e-06
608.696 3.13529762735661e-06
617.098 3.18801864868683e-06
625.501 3.14630834377237e-06
633.903 2.94103661275679e-06
642.305 2.63053955048089e-06
650.708 2.77618364780592e-06
659.11 2.85934962109918e-06
667.513 3.1240540042545e-06
675.915 3.02081938796724e-06
684.318 2.6302969815496e-06
692.72 2.50694014934018e-06
693.72 2.5661875554927e-06
715.867 2.63003226342092e-06
738.014 1.83343692934063e-06
760.161 2.03646661222556e-06
782.307 1.75484714559495e-06
804.454 1.58163504037876e-06
826.601 1.77870953706957e-06
848.748 2.57295302039166e-06
870.895 2.28528208521127e-06
893.042 2.24726635511134e-06
915.189 1.85269266539858e-06
937.335 2.12518317095943e-06
959.482 2.10295728053111e-06
981.629 1.82594621309427e-06
1003.776 2.13499124392547e-06
1025.923 1.94326874300505e-06
1048.07 1.33551085940948e-06
1070.217 1.7684330745682e-06
1092.364 1.96072076581143e-06
1114.51 2.27764430214483e-06
1136.657 2.00547704099923e-06
1158.804 1.97458445545002e-06
1180.951 1.9997152952698e-06
1203.098 1.78171674350438e-06
1225.245 1.96756872031017e-06
1247.392 2.38456490620548e-06
1269.538 2.48164430117126e-06
1291.685 2.05011098057275e-06
1313.832 1.7579258630891e-06
1335.979 1.9563940155464e-06
1358.126 2.22671874964009e-06
1380.273 1.82192656624897e-06
1402.42 1.74505506614887e-06
1424.566 2.03459081681556e-06
1446.713 2.12928899915827e-06
1468.86 1.95402176394512e-06
1491.007 1.89103938563484e-06
1513.154 1.93452774449289e-06
1535.301 1.43534722974707e-06
1557.448 1.565174547207e-06
1579.595 1.80223161426991e-06
1601.741 1.6150053836351e-06
1623.888 2.02133909620624e-06
1646.035 2.06634357397215e-06
1668.182 2.17001156328989e-06
1690.329 1.77871205466707e-06
1712.476 1.58769270586471e-06
1734.623 1.45368131868431e-06
1756.769 1.42193356046548e-06
1778.916 1.76428288829336e-06
1801.063 1.56982401247604e-06
1823.21 1.49050789459355e-06
1824.21 1.41964611690828e-06
1882.531 1.46848242423044e-06
1940.853 1.59970024263918e-06
1999.174 1.88414663009513e-06
2057.495 1.56025907139512e-06
2115.817 1.36197998105713e-06
2174.138 1.31761220268772e-06
2232.46 1.36373561141328e-06
2290.781 1.68921187666775e-06
2349.102 2.07338089002962e-06
2407.424 2.22990703032509e-06
2465.745 1.93813121390062e-06
2524.066 1.37917646793389e-06
2582.388 1.57024134663107e-06
2640.709 1.50181408887962e-06
2699.031 1.26566794021456e-06
2757.352 1.12709810486848e-06
2815.673 1.24346573824652e-06
2873.995 1.61291581041122e-06
2932.316 1.70231580059468e-06
2990.637 1.76158756439522e-06
3048.959 1.40098359456983e-06
3107.28 1.02478121957216e-06
3165.602 1.33756867159277e-06
3223.923 1.57762446692284e-06
3282.244 1.42341789011098e-06
3340.566 8.53750863298016e-07
3398.887 1.05167809103723e-06
3457.208 1.09774832092752e-06
3515.53 1.38219116774516e-06
3573.851 1.639611108479e-06
3632.173 1.4625592406119e-06
3690.494 1.29987665754255e-06
3748.815 1.19336647363677e-06
3807.137 1.64819436367835e-06
3865.458 1.45301802079833e-06
3923.779 1.41315746184471e-06
3982.101 1.28540140992645e-06
4040.422 1.14967692766651e-06
4098.744 1.14666893440909e-06
4157.065 1.129218774502e-06
4215.386 9.13219765364249e-07
4273.708 1.19409985802643e-06
4332.029 1.17241873885977e-06
4390.35 1.11826806852302e-06
4448.672 1.29037090533676e-06
4506.993 1.30723743222612e-06
4565.315 1.17419653490364e-06
4623.636 1.02626733305943e-06
4681.957 1.13018772678176e-06
4740.279 1.10553605274952e-06
4798.6 1.12845592594874e-06
4799.6 7.89532522351807e-07
4953.131 1.09032496171584e-06
5106.663 1.12262597489064e-06
5260.194 1.24798328265312e-06
5413.725 1.10801080887504e-06
5567.257 1.17769694210133e-06
5720.788 1.29091294217727e-06
5874.32 1.10708737141612e-06
6027.851 8.58707431890046e-07
6181.382 8.31560954662836e-07
6334.914 7.25480216118047e-07
6488.445 1.04861102222138e-06
6641.976 1.10074184334716e-06
6795.508 1.1054194266907e-06
6949.039 1.04308760666247e-06
7102.571 8.97397514447176e-07
7256.102 7.24514149675406e-07
7409.633 8.79654730405457e-07
7563.165 8.47942512729159e-07
7716.696 8.55346932231754e-07
7870.227 7.53559667220039e-07
8023.759 7.87573099639092e-07
8177.29 9.82892846681488e-07
8330.822 9.90454980463821e-07
8484.353 7.31263963601653e-07
8637.884 9.5897220428685e-07
8791.416 8.87860813242304e-07
8944.947 9.97762003822193e-07
9098.478 1.07410678707262e-06
9252.01 9.92435208465822e-07
9405.541 9.66749291442552e-07
9559.073 9.49196160355038e-07
9712.604 8.91818463919321e-07
9866.135 8.91916277329741e-07
10019.667 8.09813780995838e-07
10173.198 9.27896220295728e-07
10326.729 8.98930355827597e-07
10480.261 7.92487202736491e-07
10633.792 8.0913604837302e-07
10787.324 6.36776270744285e-07
10940.855 5.87955449677113e-07
11094.386 6.98250635837953e-07
11247.918 8.33873037701624e-07
11401.449 9.57992126715568e-07
11554.98 8.47802321648128e-07
11708.512 9.02426687520359e-07
11862.043 1.00943200946713e-06
12015.575 9.28101206228078e-07
12169.106 7.96312948096197e-07
12322.637 7.08334071918348e-07
12476.169 7.20813226644799e-07
12629.7 7.40426259472052e-07
12630.7 7.3717753385801e-07
13034.822 7.60422870089964e-07
13438.943 8.29567228088758e-07
13843.065 9.24838987640023e-07
14247.186 9.03630834019026e-07
14651.308 1.02635566883634e-06
15055.429 1.07291225289394e-06
15459.551 9.40682759934579e-07
15863.673 8.00260180169541e-07
16267.794 6.88701660176778e-07
16671.916 6.93416850339635e-07
17076.037 7.92451255046579e-07
17480.159 8.31879421860299e-07
17884.28 9.16581960764734e-07
18288.402 9.20324290743231e-07
18692.524 6.81066517139722e-07
19096.645 5.38113053764335e-07
19500.767 4.61212661385202e-07
19904.888 5.81081789062743e-07
20309.01 5.38682465474845e-07
20713.131 3.90579588402325e-07
21117.253 5.54367794179785e-07
21521.375 6.92001969332829e-07
21925.496 7.99778192268957e-07
22329.618 6.58455956112136e-07
22733.739 4.63889221766337e-07
23137.861 5.25407002155601e-07
23541.982 5.61914826415916e-07
23946.104 6.89693230283153e-07
24350.225 7.60216649976329e-07
24754.347 7.00927816455961e-07
25158.469 6.43491317181334e-07
25562.59 6.56092828852299e-07
25966.712 5.74882773284273e-07
26370.833 5.57775097360553e-07
26774.955 6.64642547826407e-07
27179.076 6.40060846888292e-07
27583.198 5.01629703950703e-07
27987.32 4.66562929881578e-07
28391.441 5.90887101288921e-07
28795.563 5.95337952060001e-07
29199.684 5.86829983153323e-07
29603.806 5.06401253334799e-07
30007.927 4.64767490978657e-07
30412.049 5.53604162083259e-07
30816.171 6.41281671683658e-07
31220.292 6.7146986937683e-07
31624.414 7.80587088398869e-07
32028.535 7.38745376137776e-07
32432.657 6.93546871013061e-07
32836.778 5.67756601611827e-07
33240.9 5.58248852378272e-07
33241.9 6.1024368373422e-07
34305.559 5.25941719681641e-07
35369.218 4.84731215594122e-07
36432.876 5.24570888902384e-07
37496.535 4.90986386390908e-07
38560.194 4.16431629656638e-07
39623.853 4.23692042597082e-07
40687.512 4.39946795067376e-07
41751.171 4.27093568015445e-07
42814.829 3.60100363982409e-07
43878.488 4.2250203361721e-07
44942.147 6.00195986401121e-07
46005.806 6.05585003554272e-07
47069.465 6.06664165191329e-07
48133.124 5.41783959866818e-07
49196.782 4.36266117646018e-07
50260.441 3.40118089005621e-07
51324.1 2.48614931908974e-07
52387.759 2.56007811437366e-07
53451.418 2.95523898324738e-07
54515.076 3.71853558686602e-07
55578.735 4.06383157662327e-07
56642.394 4.45517674919755e-07
57706.053 4.41311809378653e-07
58769.712 4.71132871205948e-07
59833.371 5.50992782643936e-07
60897.029 5.81987955104955e-07
61960.688 6.23742912009191e-07
63024.347 6.36206106071111e-07
64088.006 6.18485207797124e-07
65151.665 5.03943551700107e-07
66215.324 4.40241585664104e-07
67278.982 4.28256769365267e-07
68342.641 4.23679125207786e-07
69406.3 4.18310748289448e-07
70469.959 4.39640081085336e-07
71533.618 4.40308513541576e-07
72597.276 4.42127719189709e-07
73660.935 4.20733233712952e-07
74724.594 3.98853472591815e-07
75788.253 3.95434737307107e-07
76851.912 3.72768659789612e-07
77915.571 4.07718588277062e-07
78979.229 4.30375597338284e-07
80042.888 4.21462719428546e-07
81106.547 4.1334684894112e-07
82170.206 4.25918965061186e-07
83233.865 4.34195336131911e-07
84297.524 4.11196878300456e-07
85361.182 3.7208128027677e-07
86424.841 3.764750161483e-07
87488.5 3.84941956176215e-07
87489.5 3.18597529371398e-07
90289.039 3.23104204555061e-07
93088.578 3.03343103700139e-07
95888.118 2.85813908205543e-07
98687.657 3.17252776226516e-07
101487.196 3.19948154052766e-07
104286.735 3.50069681636226e-07
107086.275 3.82041487621051e-07
109885.814 3.58181728935198e-07
112685.353 3.2718366022293e-07
115484.892 3.00719512143595e-07
118284.431 2.71489107937632e-07
121083.971 3.35809878564818e-07
123883.51 4.31235686409348e-07
126683.049 4.56851078692302e-07
129482.588 3.9958361270903e-07
132282.127 2.30144230479584e-07
135081.667 2.05829889161098e-07
137881.206 2.30649848089263e-07
140680.745 2.91194641795778e-07
143480.284 3.08211298330295e-07
146279.824 3.412105491895e-07
149079.363 2.96714471302347e-07
151878.902 2.77451995139772e-07
154678.441 2.61359453521769e-07
157477.98 2.65658649230417e-07
160277.52 3.00996312107337e-07
163077.059 3.12198336282563e-07
165876.598 2.68782754426478e-07
168676.137 2.73769217703567e-07
171475.676 2.76776196906298e-07
174275.216 2.78095373390762e-07
177074.755 2.67636747903569e-07
179874.294 2.25396291889927e-07
182673.833 2.57666269172815e-07
185473.373 2.57776178539318e-07
188272.912 2.68897596287773e-07
191072.451 2.47349017708645e-07
193871.99 2.42052276733151e-07
196671.529 2.74322370872624e-07
199471.069 2.8870753307749e-07
202270.608 2.71345499758348e-07
205070.147 2.47843550942217e-07
207869.686 3.0749008254566e-07
210669.225 2.97158285606222e-07
213468.765 2.70337171777835e-07
216268.304 2.29353446846544e-07
219067.843 2.45879404597151e-07
221867.382 2.66104583727304e-07
224666.922 2.49777201438299e-07
227466.461 2.33282402981677e-07
230266 2.59301898108764e-07
230267 2.87776182830326e-07
237635.294 2.5854830677305e-07
245003.588 2.59480901319345e-07
252371.882 2.9786651398727e-07
259740.176 2.80060394526193e-07
267108.471 1.93718203756755e-07
274476.765 2.23615316969744e-07
281845.059 2.20896988920209e-07
289213.353 2.23092234829986e-07
296581.647 2.14691715700947e-07
303949.941 1.77914916537583e-07
311318.235 2.21132827682222e-07
318686.529 1.90855243388609e-07
326054.824 1.83593093815278e-07
333423.118 1.97342433089666e-07
340791.412 2.13882621924381e-07
348159.706 1.86677879647717e-07
355528 1.34430276340676e-07
362896.294 1.96416832965124e-07
370264.588 1.94460249619142e-07
377632.882 2.39938314280596e-07
385001.176 1.65383342429316e-07
392369.471 2.11838412062949e-07
399737.765 2.59542279376057e-07
407106.059 2.78609580078344e-07
414474.353 2.37043321595873e-07
421842.647 2.40655217615113e-07
429210.941 1.92063475690585e-07
436579.235 1.45197021513485e-07
443947.529 2.16249099140889e-07
451315.824 2.35042450943159e-07
458684.118 2.00161885878366e-07
466052.412 1.41711370883382e-07
473420.706 1.66595876593209e-07
480789 1.9143602683797e-07
488157.294 1.72748520637631e-07
495525.588 2.0234314778684e-07
502893.882 1.86803125292581e-07
510262.176 1.63102866801775e-07
517630.471 1.68381390216489e-07
524998.765 1.82855346613716e-07
532367.059 1.05638069904701e-07
539735.353 1.58203599462343e-07
547103.647 2.15016178016765e-07
554471.941 2.04139623436936e-07
561840.235 2.2978831218551e-07
569208.529 2.77288597349815e-07
576576.824 2.40777105332433e-07
583945.118 2.19803537918385e-07
591313.412 2.03612470531425e-07
598681.706 1.31150168419777e-07
606050 1.61741074881964e-07
606051 1.95024391115618e-07
625444.118 1.87750895705662e-07
644837.235 1.67886950063225e-07
664230.353 1.60263790536072e-07
683623.471 1.96110798162649e-07
703016.588 1.8957124907151e-07
722409.706 2.46693350675805e-07
741802.824 1.92791343177498e-07
761195.941 2.3884344798176e-07
780589.059 2.02593754923192e-07
799982.176 1.8183358052989e-07
819375.294 1.16768619308542e-07
838768.412 1.85663212209514e-07
858161.529 1.42944212168229e-07
877554.647 1.44357167250497e-07
896947.765 1.31259137472339e-07
916340.882 1.94729479714878e-07
935734 1.24785234425669e-07
955127.118 1.72909132276118e-07
974520.235 1.70191827729036e-07
993913.353 1.37462964058096e-07
1013306.471 1.68208775884851e-07
1032699.588 1.31681462840132e-07
1052092.706 1.58115144845505e-07
1071485.824 1.54106191487371e-07
1090878.941 1.59873446167586e-07
1110272.059 1.2949607912566e-07
1129665.176 1.40264477747133e-07
1149058.294 1.88184077317665e-07
1168451.412 1.54865470285143e-07
1187844.529 1.42941919183982e-07
1207237.647 1.70858011358664e-07
1226630.765 1.0247123732541e-07
1246023.882 1.00134981392327e-07
1265417 1.1928078566204e-07
1284810.118 1.69210532199767e-07
1304203.235 1.58278473304809e-07
1323596.353 1.50712204473559e-07
1342989.471 1.4400540376801e-07
1362382.588 1.40421350523595e-07
1381775.706 1.53699476147367e-07
1401168.824 1.40573274749804e-07
1420561.941 1.56754136067753e-07
1439955.059 1.38720678409673e-07
1459348.176 1.14809236011298e-07
1478741.294 1.21239751244507e-07
1498134.412 1.44006168813006e-07
1517527.529 1.66660696800867e-07
1536920.647 1.07722197032123e-07
1556313.765 8.6344187960974e-08
1575706.882 1.35367367686817e-07
1595100 1.50888868916953e-07
1595100 9.52018846289605e-08
1646141.765 1.29905090402107e-07
1697183.529 1.32180329160516e-07
1748225.294 9.69687054280091e-08
1799267.059 1.32993607137448e-07
1850308.824 1.44488666423486e-07
1901350.588 1.02258881524836e-07
1952392.353 1.25881686146794e-07
2003434.118 1.41112270341611e-07
2054475.882 1.22593546635818e-07
2105517.647 1.12921005835621e-07
2156559.412 8.54320599567557e-08
2207601.176 1.09209216345085e-07
2258642.941 1.01557973791572e-07
2309684.706 1.0648232915362e-07
2360726.471 1.5135081169568e-07
2411768.235 1.09830843389501e-07
2462810 1.22591123803647e-07
2513851.765 1.1991471290413e-07
2564893.529 1.14184598956908e-07
2615935.294 1.37342984954186e-07
2666977.059 1.07830887957765e-07
2718018.824 1.08612643103589e-07
2769060.588 1.14543708969709e-07
2820102.353 1.2720239014653e-07
2871144.118 9.20436687571676e-08
2922185.882 9.75464094670101e-08
2973227.647 8.84882033822453e-08
3024269.412 7.74343427171e-08
3075311.176 9.90566439360753e-08
3126352.941 1.05179376868051e-07
3177394.706 9.52942274483953e-08
3228436.471 7.39020523104954e-08
3279478.235 1.06648450781115e-07
3330520 1.50721745136426e-07
3381561.765 8.70366560462269e-08
3432603.529 1.12646492289152e-07
3483645.294 8.80616848289737e-08
3534687.059 1.02253969033596e-07
3585728.824 9.99135723112731e-08
3636770.588 1.16669592168129e-07
3687812.353 1.03069004915396e-07
3738854.118 8.46178703027706e-08
3789895.882 1.21622456468392e-07
3840937.647 1.20959747804069e-07
3891979.412 7.70264703686622e-08
3943021.176 8.92973374801735e-08
3994062.941 7.2231694432915e-08
4045104.706 1.0405678761632e-07
4096146.471 7.27009608735407e-08
4147188.235 7.48259232226833e-08
4198230 1.01883647712259e-07
4198230 1.41581522666619e-07
4332570.588 1.07821030762628e-07
4466911.176 8.07180567060785e-08
4601251.765 8.45530871799658e-08
4735592.353 8.6769059385588e-08
4869932.941 7.98428193719341e-08
5004273.529 9.44294536049092e-08
5138614.118 6.82465285966693e-08
5272954.706 8.62070818406243e-08
5407295.294 7.30266778884299e-08
5541635.882 8.64432521560659e-08
5675976.471 8.60825261272188e-08
5810317.059 8.46080363395464e-08
5944657.647 7.73553756715815e-08
6078998.235 7.05126319080092e-08
6213338.824 6.28181431428938e-08
6347679.412 7.70319450201231e-08
6482020 8.03170026002564e-08
6616360.588 7.83595105883389e-08
6750701.176 7.40884873444937e-08
6885041.765 8.02031537642885e-08
7019382.353 6.84729200159976e-08
7153722.941 7.01633514397688e-08
7288063.529 8.66754727330218e-08
7422404.118 7.91489983432456e-08
7556744.706 8.09063581965596e-08
7691085.294 8.2417179142444e-08
7825425.882 6.13667260030548e-08
7959766.471 7.66558260790561e-08
8094107.059 7.34146011706472e-08
8228447.647 6.82351669229233e-08
8362788.235 8.19182857120045e-08
8497128.824 6.29919114279675e-08
8631469.412 8.19001578819357e-08
8765810 8.00145066342348e-08
8900150.588 9.22672326524471e-08
9034491.176 7.01852543188211e-08
9168831.765 6.10399088532142e-08
9303172.353 8.65788990636581e-08
9437512.941 9.03659191465123e-08
9571853.529 5.2238039642612e-08
9706194.118 6.96794983504007e-08
9840534.706 7.52797846282646e-08
9974875.294 7.82555588762837e-08
10109215.882 8.27312005834365e-08
10243556.471 8.81843834244e-08
10377897.059 1.07379140784884e-07
10512237.647 6.95718522236227e-08
10646578.235 4.30107963781014e-08
10780918.824 7.22268870928272e-08
10915259.412 6.28457192214545e-08
11049600 5.89847307524244e-08
11049600 7.21117373770123e-08
11403174.51 5.24464721114242e-08
11756749.02 8.51514770781171e-08
12110323.529 6.6932751477229e-08
12463898.039 6.11615927589537e-08
12817472.549 7.38260867253033e-08
13171047.059 9.03060274144046e-08
13524621.569 4.420489113928e-08
13878196.078 6.97404919995981e-08
14231770.588 4.98591904864479e-08
14585345.098 6.91704866988631e-08
14938919.608 5.99653886522192e-08
15292494.118 8.41148178187916e-08
15646068.627 8.1878658252265e-08
15999643.137 8.34954059054149e-08
16353217.647 6.96680096744324e-08
16706792.157 6.98914274706312e-08
17060366.667 9.17318733575822e-08
17413941.176 7.94605652769624e-08
17767515.686 7.49227460970879e-08
18121090.196 6.63251081012312e-08
18474664.706 7.39533675381541e-08
18828239.216 5.71984263888378e-08
19181813.725 6.96531982626096e-08
19535388.235 7.98700269600524e-08
19888962.745 7.7338878136745e-08
20242537.255 7.12581596251152e-08
20596111.765 7.35751722073255e-08
20949686.275 7.0425794574645e-08
21303260.784 5.66905553740471e-08
21656835.294 8.07989388757897e-08
22010409.804 5.49410447091762e-08
22363984.314 8.84052863069783e-08
22717558.824 6.50498338690262e-08
23071133.333 6.96486937439368e-08
23424707.843 4.59993154209756e-08
23778282.353 7.08411418538691e-08
24131856.863 6.18844317032087e-08
24485431.373 6.03981357101451e-08
24839005.882 8.91261496837348e-08
25192580.392 7.44992549571712e-08
25546154.902 5.63079156587384e-08
25899729.412 5.47989023740029e-08
26253303.922 6.50849338214613e-08
26606878.431 7.434325751447e-08
26960452.941 6.71086893909932e-08
27314027.451 6.91657691925457e-08
27667601.961 7.68959760201794e-08
28021176.471 6.91884494688066e-08
28374750.98 7.01075545914925e-08
28728325.49 7.40394807291191e-08
29081900 7.27438029395804e-08
29081900 6.38780668781891e-08
30012498.039 8.96288800999438e-08
30943096.078 6.72902135318034e-08
31873694.118 6.31348937448262e-08
32804292.157 8.29300091299886e-08
33734890.196 9.23394182357973e-08
34665488.235 3.8199596209053e-08
35596086.275 8.13891442042383e-08
36526684.314 8.77384651832348e-08
37457282.353 6.22063659338938e-08
38387880.392 1.00401632601455e-07
39318478.431 7.45867109394697e-08
40249076.471 7.54811237127105e-08
41179674.51 8.47658896293769e-08
42110272.549 6.79234840187611e-08
43040870.588 6.94932514172909e-08
43971468.627 8.59572411957317e-08
44902066.667 5.63285131817626e-08
45832664.706 9.13026602248286e-08
46763262.745 8.30429500567628e-08
47693860.784 8.08204157311041e-08
48624458.824 6.28658928337958e-08
49555056.863 9.66682288119085e-08
50485654.902 7.74992277624384e-08
51416252.941 8.48160775232686e-08
52346850.98 5.59744818377759e-08
53277449.02 7.07095951103872e-08
54208047.059 3.75481929262022e-08
55138645.098 3.76893880315773e-08
56069243.137 5.04012054151247e-08
56999841.176 6.4277975504535e-08
57930439.216 5.10384507670051e-08
58861037.255 5.84484049306643e-08
59791635.294 5.11488344671509e-08
60722233.333 4.48039909877948e-08
61652831.373 6.47643173505473e-08
62583429.412 4.47509170015096e-08
63514027.451 2.16203873962702e-08
64444625.49 3.17568248514914e-08
65375223.529 3.4286285466326e-08
66305821.569 3.42565234555522e-08
67236419.608 2.36667410618298e-08
68167017.647 2.7035694317328e-08
69097615.686 1.59802946074752e-08
70028213.725 3.86833214514266e-08
70958811.765 3.08860503659419e-08
71889409.804 1.90316405196714e-08
72820007.843 1.73384699236611e-08
73750605.882 2.46312871365688e-08
74681203.922 2.24563157275186e-08
75611801.961 2.78918621170549e-08
76542400 1.84832396459035e-08
76542400 -0
78991686.275 1.56070441766306e-08
81440972.549 2.37524057586258e-08
83890258.824 1.60764793501531e-08
86339545.098 2.04446858910574e-08
88788831.373 -0
91238117.647 1.54800123818587e-08
93687403.922 5.81817799112446e-08
96136690.196 1.19232017927359e-08
98585976.471 -0
101035262.745 -0
103484549.02 -0
105933835.294 -0
108383121.569 2.65278168238549e-09
110832407.843 8.85249388122353e-09
113281694.118 -0
115730980.392 9.84363138000911e-09
118180266.667 3.54372638962152e-09
120629552.941 3.90545558110703e-09
123078839.216 -0
125528125.49 5.45857255332381e-09
127977411.765 -0
130426698.039 6.73191224933896e-09
132875984.314 8.26496864756177e-09
135325270.588 4.70334386087175e-09
137774556.863 -0
140223843.137 7.56352763785814e-09
142673129.412 7.24648484650668e-09
145122415.686 7.36926923191845e-09
147571701.961 3.99580007601732e-09
150020988.235 -0
152470274.51 4.06292202831054e-09
154919560.784 -0
157368847.059 5.0608654692256e-09
159818133.333 -0
162267419.608 4.91405865476797e-09
164716705.882 -0
167165992.157 8.59761441320114e-09
169615278.431 6.47857279372672e-09
172064564.706 6.41736683474016e-09
174513850.98 -0
176963137.255 8.83075428621898e-09
179412423.529 -0
181861709.804 3.13542070556727e-09
184310996.078 -0
186760282.353 7.37120743455236e-09
189209568.627 5.26396497960083e-09
191658854.902 -0
194108141.176 5.6258453281707e-09
196557427.451 4.46578348226254e-09
199006713.725 -0
201456000 6.32311084210383e-09
