101 2.27903535027815e-07
104.18 2.60603862312757e-07
107.361 3.24068658506376e-07
110.541 3.48275243968931e-07
113.721 3.53070755718522e-07
116.902 3.61746706631812e-07
120.082 3.3349151658708e-07
123.262 3.71495293087213e-07
126.443 3.43503649047687e-07
129.623 3.15038457681336e-07
132.803 2.83835237167043e-07
135.983 3.38438907474693e-07
139.164 3.37760527420776e-07
142.344 3.29610470166378e-07
145.524 3.60410862858445e-07
148.705 3.66361798221931e-07
151.885 3.54373143201296e-07
155.065 3.47504297878268e-07
158.246 3.0756726392368e-07
161.426 3.18649965696299e-07
164.606 2.98665296832915e-07
167.787 2.86358842910486e-07
170.967 2.54531714204426e-07
174.147 2.99494078320683e-07
177.328 3.15394692037113e-07
180.508 3.10926951894534e-07
183.688 2.32463679625779e-07
186.868 2.2627336963473e-07
190.049 2.28458655579198e-07
193.229 2.6777650329298e-07
196.409 2.8088789856394e-07
199.59 3.59161094807792e-07
202.77 3.63760883191858e-07
205.95 2.74695908372108e-07
209.131 2.28416009227595e-07
212.311 2.62545575615008e-07
215.491 2.64667751942208e-07
218.672 2.72455868311026e-07
221.852 2.68155586778022e-07
225.032 2.98834523225292e-07
228.213 2.82564775197345e-07
231.393 2.62200661732019e-07
234.573 2.02954548898912e-07
237.753 2.46693164579717e-07
240.934 2.51746774740752e-07
244.114 2.33709072788092e-07
247.294 1.65370917779057e-07
250.475 1.76969080920538e-07
253.655 1.82451363204474e-07
256.835 2.04273561199126e-07
260.016 1.97670437438674e-07
263.196 2.29851391976722e-07
264.196 1.74811538077001e-07
272.598 1.74070266908992e-07
281.001 1.86372532022961e-07
289.403 2.08834876574794e-07
297.806 2.10818132766402e-07
306.208 2.11361837490122e-07
314.611 1.96259843639975e-07
323.013 1.87099815274104e-07
331.415 1.51095621906981e-07
339.818 1.32032995342584e-07
348.22 1.23235005833226e-07
356.623 1.12069870829556e-07
365.025 1.15823480437194e-07
373.428 1.23367850576735e-07
381.83 1.25287694180561e-07
390.232 1.14880446479349e-07
398.635 1.00174759999351e-07
407.037 1.02383330233779e-07
415.44 1.08423025728786e-07
423.842 1.09473761221572e-07
432.245 1.15150460405302e-07
440.647 1.14058836755419e-07
449.049 1.00861191501805e-07
457.452 8.72968157873229e-08
465.854 6.66331329890409e-08
474.257 7.47918351285566e-08
482.659 9.38180207667046e-08
491.062 1.13915818486403e-07
499.464 1.19496741402037e-07
507.867 1.36326672420911e-07
516.269 1.25811515921176e-07
524.671 1.06088674246444e-07
533.074 6.32434927235726e-08
541.476 4.55933988252632e-08
549.879 5.45888709517449e-08
558.281 6.24322995648679e-08
566.684 7.17120831734371e-08
575.086 8.45305623839428e-08
583.488 9.92963729270522e-08
591.891 1.2216124066781e-07
600.293 1.42805703785594e-07
608.696 1.36243362108648e-07
617.098 1.11077089679988e-07
625.501 8.8348339368554e-08
633.903 7.24204316986901e-08
642.305 7.73926663238392e-08
650.708 8.91832285191831e-08
659.11 9.9411831410547e-08
667.513 1.09414127738493e-07
675.915 1.11782132416202e-07
684.318 9.84427318243406e-08
692.72 8.78294003522054e-08
693.72 7.29344334919049e-08
715.867 7.91635112319779e-08
738.014 8.11337877808175e-08
760.161 9.46778279665319e-08
782.307 9.63613645815439e-08
804.454 1.13390345920122e-07
826.601 8.58156536687366e-08
848.748 6.17866808965415e-08
870.895 8.52616316320408e-08
893.042 7.69744422161128e-08
915.189 6.92393651526027e-08
937.335 6.03494602257935e-08
959.482 5.33834256066538e-08
981.629 7.4891406521049e-08
1003.776 4.50757552681986e-08
1025.923 6.3425877276021e-08
1048.07 8.22103401728495e-08
1070.217 8.52014709239947e-08
1092.364 7.65671772485725e-08
1114.51 6.06572750899299e-08
1136.657 7.4240081326045e-08
1158.804 6.18735729000153e-08
1180.951 6.7852988889779e-08
1203.098 5.79235776461105e-08
1225.245 6.15530693502308e-08
1247.392 4.88670057346248e-08
1269.538 7.37568977526931e-08
1291.685 5.59313100692619e-08
1313.832 7.43919303862618e-08
1335.979 6.48887187381535e-08
1358.126 3.20862522959746e-08
1380.273 4.4692662806244e-08
1402.42 5.78278816482027e-08
1424.566 4.58334493701224e-08
1446.713 6.04742910158606e-08
1468.86 5.46070866907757e-08
1491.007 5.28647491341007e-08
1513.154 7.12074573569815e-08
1535.301 6.71571938315481e-08
1557.448 5.86289994433025e-08
1579.595 5.62824492240174e-08
1601.741 5.04467209305419e-08
1623.888 5.90686430854983e-08
1646.035 4.59960098966732e-08
1668.182 3.51724330856525e-08
1690.329 4.55907028775739e-08
1712.476 5.88597401787741e-08
1734.623 5.75810711048508e-08
1756.769 6.4380908497902e-08
1778.916 6.53410238833593e-08
1801.063 4.89564311770443e-08
1823.21 5.17388410101049e-08
1824.21 4.03794766837267e-08
1882.531 4.5158223649479e-08
1940.853 5.09133930978313e-08
1999.174 5.6126590434646e-08
2057.495 5.58645631600313e-08
2115.817 5.59883217174533e-08
2174.138 4.94641491903095e-08
2232.46 4.61417136655123e-08
2290.781 5.47147062056215e-08
2349.102 5.07920565303906e-08
2407.424 4.83914960853519e-08
2465.745 5.35070782123401e-08
2524.066 4.08154376811153e-08
2582.388 3.98222845489035e-08
2640.709 4.22797377670004e-08
2699.031 4.3445106654627e-08
2757.352 4.73944000602295e-08
2815.673 4.16161544045626e-08
2873.995 3.96632501254142e-08
2932.316 4.15479679312196e-08
2990.637 4.13397000509879e-08
3048.959 5.07554000140906e-08
3107.28 5.44069208133736e-08
3165.602 4.49386570396447e-08
3223.923 3.0507368560744e-08
3282.244 3.80009956893181e-08
3340.566 3.93835171766146e-08
3398.887 3.60115903128841e-08
3457.208 4.33906731465766e-08
3515.53 4.41090462978482e-08
3573.851 4.35235416789357e-08
3632.173 4.54894132693579e-08
3690.494 3.47405718804476e-08
3748.815 3.98717821788606e-08
3807.137 3.99478083628453e-08
3865.458 3.5729884906082e-08
3923.779 4.94020028694959e-08
3982.101 5.33991575134387e-08
4040.422 3.99595505587915e-08
4098.744 3.41096423466667e-08
4157.065 3.852126635476e-08
4215.386 4.16390311314369e-08
4273.708 4.80021561993434e-08
4332.029 4.29347852474865e-08
4390.35 3.81358177366885e-08
4448.672 4.07758998616722e-08
4506.993 3.44446309707296e-08
4565.315 3.39344020638626e-08
4623.636 4.56353777551024e-08
4681.957 4.35467313212807e-08
4740.279 4.39425958120258e-08
4798.6 3.80527801196414e-08
4799.6 4.41641329910388e-08
4953.131 4.84631787270588e-08
5106.663 3.85579120883456e-08
5260.194 3.46970398360879e-08
5413.725 2.90342935525265e-08
5567.257 2.93799747749804e-08
5720.788 2.97630168065277e-08
5874.32 2.81726916952449e-08
6027.851 3.21749031350946e-08
6181.382 3.99879377172184e-08
6334.914 3.4857398964879e-08
6488.445 2.84332276137276e-08
6641.976 3.65605110090506e-08
6795.508 4.29330919698689e-08
6949.039 3.94035963322285e-08
7102.571 3.65652012502642e-08
7256.102 3.59362724689674e-08
7409.633 3.28433981223378e-08
7563.165 2.48894069157564e-08
7716.696 2.48732051546601e-08
7870.227 3.29824911070684e-08
8023.759 3.72502998008323e-08
8177.29 2.99943334709224e-08
8330.822 2.58402737531501e-08
8484.353 2.11236711670854e-08
8637.884 2.15754149339251e-08
8791.416 1.98866914026875e-08
8944.947 2.59601067714334e-08
9098.478 2.92643380382276e-08
9252.01 2.16218186596434e-08
9405.541 1.99724702372754e-08
9559.073 2.48260022779957e-08
9712.604 2.30588421676876e-08
9866.135 2.37260620197291e-08
10019.667 2.20545937835074e-08
10173.198 2.25531870634265e-08
10326.729 2.51848970958859e-08
10480.261 2.50686741035656e-08
10633.792 2.32575944938588e-08
10787.324 2.46863751205391e-08
10940.855 1.88896249716229e-08
11094.386 1.63715862470178e-08
11247.918 2.25126174366907e-08
11401.449 2.50098513272575e-08
11554.98 2.90850500463545e-08
11708.512 2.19206157221955e-08
11862.043 1.47534478711483e-08
12015.575 1.8761485332849e-08
12169.106 2.30883800935706e-08
12322.637 2.24285078350351e-08
12476.169 1.64837122126514e-08
12629.7 1.5120299535298e-08
12630.7 1.6998109152451e-08
13034.822 1.73684743985958e-08
13438.943 1.66817623052998e-08
13843.065 1.89361999926984e-08
14247.186 1.5569386781678e-08
14651.308 1.0973745844821e-08
15055.429 1.50066810678642e-08
15459.551 1.72053653974863e-08
15863.673 1.77376303447662e-08
16267.794 1.66898626421688e-08
16671.916 1.83683914632063e-08
17076.037 2.00994120697469e-08
17480.159 2.11940039867687e-08
17884.28 2.23984657251762e-08
18288.402 1.9322913247031e-08
18692.524 1.44365093085995e-08
19096.645 1.26399511281073e-08
19500.767 1.28865484077273e-08
19904.888 1.49164905952983e-08
20309.01 1.78643515571876e-08
20713.131 1.77453364699565e-08
21117.253 1.97495761744098e-08
21521.375 1.91794085989205e-08
21925.496 1.71913568822702e-08
22329.618 1.46914490893636e-08
22733.739 1.28045748011007e-08
23137.861 1.39431256089944e-08
23541.982 1.47500910468187e-08
23946.104 1.33734693590242e-08
24350.225 1.17232835347285e-08
24754.347 1.15950658696832e-08
25158.469 1.4900336306155e-08
25562.59 1.43172098929952e-08
25966.712 1.38134219361943e-08
26370.833 1.11902867076476e-08
26774.955 1.14220428636909e-08
27179.076 1.31658798660305e-08
27583.198 1.57570010569156e-08
27987.32 1.25986446784797e-08
28391.441 1.18629268487676e-08
28795.563 1.62993939445263e-08
29199.684 1.42480700609472e-08
29603.806 1.14285769728976e-08
30007.927 1.11871568510951e-08
30412.049 1.23793561114921e-08
30816.171 1.42074472975078e-08
31220.292 1.66219629228831e-08
31624.414 1.55064918663876e-08
32028.535 1.32876457922082e-08
32432.657 1.15856718591726e-08
32836.778 1.33046701236162e-08
33240.9 1.06586745130973e-08
33241.9 1.2830637999956e-08
34305.559 1.31429257839562e-08
35369.218 1.31224380546514e-08
36432.876 1.10811583979626e-08
37496.535 9.30389927618217e-09
38560.194 8.12878258308404e-09
39623.853 8.52983309478724e-09
40687.512 8.82324310316163e-09
41751.171 1.04715856556925e-08
42814.829 1.41363321863005e-08
43878.488 1.47744232116378e-08
44942.147 1.39202047156584e-08
46005.806 1.3151492428176e-08
47069.465 1.31677065775188e-08
48133.124 1.19690921578184e-08
49196.782 1.09049764172091e-08
50260.441 1.00973808049264e-08
51324.1 1.18274912820411e-08
52387.759 1.32628798217991e-08
53451.418 1.27185398986789e-08
54515.076 7.47085305378846e-09
55578.735 6.22183466564417e-09
56642.394 8.44649261685965e-09
57706.053 8.88953124280573e-09
58769.712 9.59419079529972e-09
59833.371 1.28749224668874e-08
60897.029 1.28569357806123e-08
61960.688 9.68501865867755e-09
63024.347 8.94437476103876e-09
64088.006 8.57616718528967e-09
65151.665 7.93898603106207e-09
66215.324 8.64934590376623e-09
67278.982 9.03482044117761e-09
68342.641 7.58156026671992e-09
69406.3 6.67087632432983e-09
70469.959 6.34155205494625e-09
71533.618 7.25296539910248e-09
72597.276 8.38051709635038e-09
73660.935 9.19131845345421e-09
74724.594 8.11094120316367e-09
75788.253 7.03341135895337e-09
76851.912 8.26501523887385e-09
77915.571 8.51844938965227e-09
78979.229 7.77282525618268e-09
80042.888 3.66946484585983e-09
81106.547 3.4192189891031e-09
82170.206 4.67728329509716e-09
83233.865 5.29318446677079e-09
84297.524 5.6792885516842e-09
85361.182 7.78824403955171e-09
86424.841 8.55466404353653e-09
87488.5 8.9247159594199e-09
87489.5 8.46743045770169e-09
90289.039 8.41626438758327e-09
93088.578 8.94816329406951e-09
95888.118 9.59534133005047e-09
98687.657 7.17633566721996e-09
101487.196 6.31424521258044e-09
104286.735 3.87942730371096e-09
107086.275 4.77510970706487e-09
109885.814 6.04999901415425e-09
112685.353 3.94935979850903e-09
115484.892 3.64145188652193e-09
118284.431 2.14386944801932e-09
121083.971 -0
123883.51 -0
126683.049 -0
129482.588 -0
132282.127 -0
135081.667 -0
137881.206 -0
140680.745 -0
143480.284 -0
146279.824 -0
149079.363 -0
151878.902 -0
154678.441 -0
157477.98 -0
160277.52 -0
163077.059 -0
165876.598 -0
168676.137 -0
171475.676 2.39854028191989e-09
174275.216 5.11651776736645e-09
177074.755 5.96523149998461e-09
179874.294 3.31437981163632e-09
182673.833 1.16962895637816e-09
185473.373 -0
188272.912 -0
191072.451 5.23694524805465e-09
193871.99 7.5612736557363e-09
196671.529 6.98733339264236e-09
199471.069 6.07092550097287e-09
202270.608 4.44839712354443e-09
205070.147 4.46802321067908e-09
207869.686 4.2243163871646e-09
210669.225 3.45283115650214e-09
213468.765 4.27336086359137e-09
216268.304 5.86869887640328e-09
219067.843 6.08042041195507e-09
221867.382 6.45375149216434e-09
224666.922 5.83456864236179e-09
227466.461 5.76465288952796e-09
230266 6.54252592655852e-09
230267 6.79888184347588e-09
237635.294 6.17534521248009e-09
245003.588 5.97404333159316e-09
252371.882 5.80142226248857e-09
259740.176 -0
267108.471 2.03457470543263e-08
274476.765 3.64812419634814e-09
281845.059 5.21631023165989e-09
289213.353 5.26350665026267e-09
296581.647 4.56656984096335e-09
303949.941 1.19195860476271e-09
311318.235 5.78514240396987e-09
318686.529 4.95516979688468e-09
326054.824 4.63514295884823e-09
333423.118 5.5541137647454e-09
340791.412 5.38108945289667e-09
348159.706 2.88891608796724e-09
355528 4.23417132275823e-09
362896.294 3.83148807889701e-09
370264.588 4.69083323994944e-09
377632.882 4.08073379509401e-09
385001.176 4.3599210007871e-09
392369.471 2.76857715811013e-09
399737.765 2.66317090918832e-09
407106.059 1.75741240587741e-09
414474.353 6.19776600063858e-09
421842.647 4.5961340081289e-09
429210.941 6.02972113336943e-09
436579.235 4.35964233129789e-09
443947.529 2.48872936248964e-09
451315.824 3.92328253183928e-09
458684.118 4.28055564803539e-09
466052.412 3.31462804032578e-09
473420.706 4.55823562468819e-09
480789 3.02773654711212e-09
488157.294 4.75715294710395e-09
495525.588 6.2873420618129e-09
502893.882 4.47678163133767e-09
510262.176 3.31735389985628e-09
517630.471 3.98589456236962e-09
524998.765 -0
532367.059 -0
539735.353 1.53723118667822e-09
547103.647 1.91016258624281e-09
554471.941 -0
561840.235 -0
569208.529 -0
576576.824 -0
583945.118 -0
591313.412 -0
598681.706 3.16271772462303e-09
606050 2.72451870350275e-09
606051 4.05764682888295e-09
625444.118 1.17379660914896e-09
644837.235 4.97279025815724e-09
664230.353 2.29668146032797e-09
683623.471 4.65277060200646e-09
703016.588 5.58872861873546e-09
722409.706 3.21735990130802e-09
741802.824 4.16212215144927e-09
761195.941 3.58940702395215e-09
780589.059 2.72906119489823e-09
799982.176 3.87161976980673e-09
819375.294 4.34124289156431e-09
838768.412 2.56668079664413e-09
858161.529 4.18819001364326e-09
877554.647 3.65713958620759e-09
896947.765 3.1197907818581e-09
916340.882 2.52330220174806e-09
935734 4.17128464016942e-09
955127.118 3.8628245930759e-09
974520.235 3.86619367411826e-09
993913.353 3.42639793253033e-09
1013306.471 4.82550297191498e-09
1032699.588 4.57986923382591e-09
1052092.706 2.9322450072515e-09
1071485.824 4.0761233206348e-09
1090878.941 3.65535033820077e-09
1110272.059 4.23639995092635e-09
1129665.176 3.02097802578292e-09
1149058.294 1.9680347691444e-09
1168451.412 2.67263616095111e-09
1187844.529 3.45949909598492e-09
1207237.647 3.6654971586893e-09
1226630.765 2.51965693862007e-09
1246023.882 3.35814553951526e-09
1265417 3.31289584847291e-09
1284810.118 3.59669137398582e-09
1304203.235 4.17596365556585e-09
1323596.353 2.28887628848888e-09
1342989.471 2.7430747171758e-09
1362382.588 2.98397194775831e-09
1381775.706 4.21410139662835e-09
1401168.824 3.8769846206307e-09
1420561.941 2.96651745846043e-09
1439955.059 4.09603814174477e-09
1459348.176 2.8284232754826e-09
1478741.294 -0
1498134.412 2.26211782728188e-09
1517527.529 2.13127818573007e-09
1536920.647 2.50947372308833e-09
1556313.765 2.67997777854462e-09
1575706.882 2.71699696672614e-09
1595100 2.66409162118217e-09
1595100 2.99991156267109e-09
1646141.765 3.93921430793535e-09
1697183.529 3.84895219511289e-09
1748225.294 2.84470444284411e-09
1799267.059 1.74236061512623e-09
1850308.824 3.44548211467853e-09
1901350.588 1.66306921600178e-09
1952392.353 2.28788808867935e-09
2003434.118 2.32237140485818e-09
2054475.882 3.09441462927966e-09
2105517.647 3.41230695818205e-09
2156559.412 3.26742079815617e-09
2207601.176 3.02794994109373e-09
2258642.941 3.37544291939022e-09
2309684.706 2.83704044558393e-09
2360726.471 2.94202000988343e-09
2411768.235 3.0315446230699e-09
2462810 3.0472407620324e-09
2513851.765 3.73555470042363e-09
2564893.529 2.82159517730937e-09
2615935.294 3.30377517976528e-09
2666977.059 4.14014296239888e-09
2718018.824 3.04486350635709e-09
2769060.588 3.49032238390036e-09
2820102.353 3.10855745795456e-09
2871144.118 3.16310743247689e-09
2922185.882 3.14101458420242e-09
2973227.647 3.9423762005232e-09
3024269.412 3.27887092042067e-09
3075311.176 2.54916449048127e-09
3126352.941 3.19329998901712e-09
3177394.706 2.47942657879797e-09
3228436.471 3.52300223674977e-09
3279478.235 2.26150844845942e-09
3330520 3.40560740662996e-09
3381561.765 3.21972841674983e-09
3432603.529 2.39317297911503e-09
3483645.294 3.51286086573966e-09
3534687.059 2.79417884699982e-09
3585728.824 3.43218892113016e-09
3636770.588 3.12579050214842e-09
3687812.353 3.47555019769751e-09
3738854.118 1.91446616625114e-09
3789895.882 2.37247244122815e-09
3840937.647 3.32222957274225e-09
3891979.412 2.70113645135215e-09
3943021.176 2.68092119741015e-09
3994062.941 3.07013484048116e-09
4045104.706 2.93297089883486e-09
4096146.471 1.55635931327612e-09
4147188.235 3.89130604369876e-09
4198230 3.40111486301642e-09
4198230 2.0379175410433e-09
4332570.588 2.68845593840462e-09
4466911.176 3.08152131998911e-09
4601251.765 2.16073611879806e-09
4735592.353 2.22964024946494e-09
4869932.941 2.58197030068897e-09
5004273.529 3.40978579483436e-09
5138614.118 2.3757850804293e-09
5272954.706 2.73121269601002e-09
5407295.294 3.36503852028372e-09
5541635.882 2.7777757886692e-09
5675976.471 1.38239116278227e-09
5810317.059 3.20049058092748e-09
5944657.647 2.48071183789314e-09
6078998.235 2.81027130215331e-09
6213338.824 2.43329141524717e-09
6347679.412 2.46257910978309e-09
6482020 2.93805930036278e-09
6616360.588 2.57523453436952e-09
6750701.176 2.03537174424064e-09
6885041.765 3.10349381513839e-09
7019382.353 1.78011224884012e-09
7153722.941 2.36113524942041e-09
7288063.529 2.84125399674797e-09
7422404.118 3.06031496363268e-09
7556744.706 2.62619825537446e-09
7691085.294 2.63164009112099e-09
7825425.882 2.08420586764755e-09
7959766.471 3.31375188455089e-09
8094107.059 2.53465954908409e-09
8228447.647 2.25781752636918e-09
8362788.235 2.05489302181054e-09
8497128.824 2.83890726037914e-09
8631469.412 2.01753404974291e-09
8765810 1.59631172097557e-09
8900150.588 2.47975340524293e-09
9034491.176 2.4550640831655e-09
9168831.765 2.28154815005991e-09
9303172.353 7.78052985028654e-10
9437512.941 1.68490538394823e-09
9571853.529 2.6083023175966e-09
9706194.118 3.09548400816998e-09
9840534.706 2.72475045760708e-09
9974875.294 2.62087697524381e-09
10109215.882 2.65803530544424e-09
10243556.471 2.44515534654131e-09
10377897.059 2.79806330370068e-09
10512237.647 3.03454789802462e-09
10646578.235 2.95575507101532e-09
10780918.824 1.89528955987238e-09
10915259.412 2.64299047105989e-09
11049600 2.76630317508098e-09
11049600 3.12020149603602e-09
11403174.51 3.50341112733941e-09
11756749.02 1.76540920685593e-09
12110323.529 2.06998651333592e-09
12463898.039 2.7483298883014e-09
12817472.549 3.72819211515186e-09
13171047.059 1.81905315751243e-09
13524621.569 2.68156063393523e-09
13878196.078 2.43761039737419e-09
14231770.588 2.0725913067681e-09
14585345.098 1.30189715923195e-09
14938919.608 2.9082359921704e-09
15292494.118 2.74129059362538e-09
15646068.627 2.23921192864277e-09
15999643.137 2.29362398833865e-09
16353217.647 2.82719250132514e-09
16706792.157 1.15762960293952e-09
17060366.667 2.97471419160152e-09
17413941.176 2.59341420446349e-09
17767515.686 2.45362095861141e-09
18121090.196 2.55768282758805e-09
18474664.706 2.09115341576759e-09
18828239.216 3.37193868975123e-09
19181813.725 1.48864261430734e-09
19535388.235 2.45148806171518e-09
19888962.745 2.29291192585039e-09
20242537.255 2.31856999944236e-09
20596111.765 2.51378997555894e-09
20949686.275 2.05667016941091e-09
21303260.784 2.64105385513948e-09
21656835.294 3.42080089553229e-09
22010409.804 2.48720529635678e-09
22363984.314 2.64229489269696e-09
22717558.824 2.91053903310874e-09
23071133.333 2.78151320700258e-09
23424707.843 8.28438933375623e-10
23778282.353 2.50104507759025e-09
24131856.863 1.69363927282435e-09
24485431.373 1.99923634394883e-09
24839005.882 2.03238744598331e-09
25192580.392 1.69880010121011e-09
25546154.902 2.6591599148737e-09
25899729.412 2.59398633717652e-09
26253303.922 2.38047390902419e-09
26606878.431 1.91538353074416e-09
26960452.941 3.66902607793797e-09
27314027.451 1.80674450824526e-09
27667601.961 2.48695968335258e-09
28021176.471 1.96182557461037e-09
28374750.98 1.39111435387032e-09
28728325.49 2.23226759164893e-09
29081900 2.28725692511655e-09
29081900 2.80278649202051e-09
30012498.039 2.42672756414317e-09
30943096.078 2.35469016728216e-09
31873694.118 2.42243448938364e-09
32804292.157 2.18534497304733e-09
33734890.196 2.44631116719559e-09
34665488.235 3.08077623658038e-09
35596086.275 2.98640080453763e-09
36526684.314 2.36309817407475e-09
37457282.353 2.46953934079921e-09
38387880.392 2.23542572491733e-09
39318478.431 1.987708960614e-09
40249076.471 2.6001086371853e-09
41179674.51 2.40228072249033e-09
42110272.549 3.13836007362926e-09
43040870.588 3.06530563180108e-09
43971468.627 2.50080099961009e-09
44902066.667 2.48491056402425e-09
45832664.706 1.7295258974364e-09
46763262.745 2.13276625936041e-09
47693860.784 2.98426673185379e-09
48624458.824 2.41739106128175e-09
49555056.863 2.27785176463211e-09
50485654.902 2.44349260757839e-09
51416252.941 1.88745830356146e-09
52346850.98 -0
53277449.02 2.27295171307124e-09
54208047.059 2.31820440573503e-09
55138645.098 2.16265430787179e-09
56069243.137 2.94217545264744e-09
56999841.176 1.84607595854558e-09
57930439.216 -0
58861037.255 2.7229397317972e-09
59791635.294 2.44811381444397e-09
60722233.333 2.99843350525715e-09
61652831.373 1.71191230869087e-09
62583429.412 1.52051333999237e-09
63514027.451 -0
64444625.49 3.26006641750261e-09
65375223.529 1.08233909073061e-09
66305821.569 2.03901084864827e-09
67236419.608 -0
68167017.647 -0
69097615.686 2.43000766846105e-09
70028213.725 -0
70958811.765 3.00423229308747e-09
71889409.804 4.30598649933098e-09
72820007.843 2.89563319505885e-09
73750605.882 -0
74681203.922 9.93308568552335e-10
75611801.961 -0
76542400 -0
76542400 2.43700104472489e-09
78991686.275 2.91563051701989e-09
81440972.549 -0
83890258.824 -0
86339545.098 -0
88788831.373 1.87253978279285e-09
91238117.647 -0
93687403.922 -0
96136690.196 6.53034856010436e-08
98585976.471 -0
101035262.745 4.80877307479274e-09
103484549.02 -0
105933835.294 -0
108383121.569 -0
110832407.843 2.25494116782307e-09
113281694.118 -0
115730980.392 -0
118180266.667 3.63108891281848e-09
120629552.941 4.6267248451987e-09
123078839.216 -0
125528125.49 -0
127977411.765 3.19610859631828e-09
130426698.039 -0
132875984.314 2.05451573040062e-09
135325270.588 -0
137774556.863 3.9019078533848e-09
140223843.137 5.68884410920962e-09
142673129.412 -0
145122415.686 -0
147571701.961 -0
150020988.235 -0
152470274.51 6.22364964942979e-09
154919560.784 -0
157368847.059 4.5987032455619e-09
159818133.333 -0
162267419.608 6.17920386732356e-09
164716705.882 4.95726640694179e-09
167165992.157 7.61341313739624e-09
169615278.431 -0
172064564.706 -0
174513850.98 6.64839750616245e-09
176963137.255 4.24716051228318e-09
179412423.529 5.29452661663717e-09
181861709.804 -0
184310996.078 7.10727207646202e-10
186760282.353 -0
189209568.627 7.94770807789579e-09
191658854.902 9.42752215817153e-09
194108141.176 4.43640817916344e-09
196557427.451 5.4682727898324e-09
199006713.725 6.62725626447032e-09
201456000 -0
