101 815.546573031112
104.18 672.952879428886
107.361 375.633890979525
110.541 530.410057923684
113.721 508.576051337465
116.902 543.330356426915
120.082 514.207462452956
123.262 461.230264179376
126.443 540.614902543015
129.623 627.368095638799
132.803 652.521057055481
135.983 643.693018619736
139.164 625.495631672307
142.344 548.330413845934
145.524 618.053242708722
148.705 769.692933915308
151.885 689.112202609708
155.065 722.892377172044
158.246 478.930518683431
161.426 434.035199619667
164.606 500.7798658084
167.787 549.804610246582
170.967 461.311225173719
174.147 404.622657157531
177.328 368.77466511653
180.508 438.154359966448
183.688 415.244650074132
186.868 461.74366296118
190.049 338.941332141998
193.229 278.082272554864
196.409 380.142933451609
199.59 603.058094974935
202.77 514.052087537947
205.95 400.722592861665
209.131 243.818074777606
212.311 335.044726372411
215.491 296.770840057601
218.672 298.455178734458
221.852 227.681026614733
225.032 237.531195764159
228.213 339.884403169289
231.393 494.502567771644
234.573 514.425073182567
237.753 514.235235914606
240.934 425.835391736794
244.114 332.693780805181
247.294 621.010799139425
250.475 789.6138223227
253.655 780.375975518856
256.835 790.83655028217
260.016 456.05256343766
263.196 410.566938968658
264.196 313.790438828834
272.598 345.527440771592
281.001 348.680403368518
289.403 320.563552550214
297.806 319.982706373478
306.208 322.657333592025
314.611 285.398887113372
323.013 254.236670282959
331.415 203.194076562137
339.818 171.215484552805
348.22 149.428383580261
356.623 153.08910681986
365.025 150.754162701195
373.428 150.424567548287
381.83 190.837638582273
390.232 228.341168512065
398.635 249.493372998189
407.037 237.881862728687
415.44 236.622561119833
423.842 299.510292603376
432.245 307.759285660715
440.647 263.422015395276
449.049 264.161537936636
457.452 272.173081360491
465.854 226.942546773193
474.257 176.644502099004
482.659 136.071202104685
491.062 95.2904661340212
499.464 98.3381719553873
507.867 102.727326196212
516.269 117.886757366972
524.671 135.864236670554
533.074 181.132528321779
541.476 200.521470178494
549.879 227.02794005229
558.281 223.639560250875
566.684 221.629288004104
575.086 230.159681704019
583.488 223.383824927928
591.891 216.279445379868
600.293 185.848830615025
608.696 168.34162363326
617.098 129.138633169024
625.501 87.78100759656
633.903 67.7056831555933
642.305 121.876439262433
650.708 130.120830763033
659.11 108.171311497506
667.513 103.45334429591
675.915 115.119930247675
684.318 119.211791395282
692.72 138.800588980073
693.72 85.7381373663864
715.867 100.813180298083
738.014 90.0868938337572
760.161 101.255856058631
782.307 69.3019422054371
804.454 59.13777892914
826.601 77.5189584569261
848.748 69.7394947794824
870.895 80.1537711919646
893.042 64.5880913005535
915.189 57.6907662415005
937.335 60.9962916897397
959.482 53.7155866726005
981.629 65.3835631484137
1003.776 59.1764191699736
1025.923 64.2679976172347
1048.07 61.1930552756531
1070.217 60.8009257375878
1092.364 71.4257216944119
1114.51 66.9022378458139
1136.657 61.5693908378691
1158.804 64.5775194516338
1180.951 82.5420154786711
1203.098 64.6344091993288
1225.245 55.8533035236379
1247.392 83.2206664148005
1269.538 67.8348045010596
1291.685 54.6590788246058
1313.832 66.5424891200306
1335.979 65.5310754022434
1358.126 57.5197990221779
1380.273 56.5439231714457
1402.42 63.8258267936982
1424.566 63.3114896557224
1446.713 58.4924942924052
1468.86 58.0543442768135
1491.007 68.4924214334967
1513.154 61.9717716590386
1535.301 64.8700863358021
1557.448 47.2622406521428
1579.595 29.3824751262577
1601.741 41.6290941241537
1623.888 70.6194027437101
1646.035 42.6774264796951
1668.182 56.1146243087338
1690.329 55.1643108155107
1712.476 48.9278889055046
1734.623 41.9169824969496
1756.769 48.3007339258582
1778.916 45.5315513010056
1801.063 54.6442125108828
1823.21 39.5462981813458
1824.21 28.320474692513
1882.531 32.5765099455634
1940.853 42.9717683584671
1999.174 32.9830113873887
2057.495 33.7507352788002
2115.817 40.6394391774675
2174.138 25.9185348249346
2232.46 32.2685431371082
2290.781 36.7274380652507
2349.102 36.3663507222698
2407.424 40.9925698451958
2465.745 39.6115436427024
2524.066 37.0353710674588
2582.388 40.5944261658346
2640.709 30.6546220843546
2699.031 27.4514943079234
2757.352 34.9867260002358
2815.673 39.8792614267654
2873.995 32.6132525555266
2932.316 28.347622924034
2990.637 21.5311931704577
3048.959 20.2521067473529
3107.28 25.7037499616997
3165.602 32.2020648559752
3223.923 24.2529123043991
3282.244 30.8546312393545
3340.566 37.7860795822206
3398.887 28.3813182004156
3457.208 28.923211110734
3515.53 27.4001643004923
3573.851 24.4542160814751
3632.173 29.0772717739706
3690.494 32.7254997702403
3748.815 34.219451691096
3807.137 24.1328694693712
3865.458 24.8851695764456
3923.779 33.2689658081098
3982.101 32.4384483121323
4040.422 22.759355365601
4098.744 29.9034651123585
4157.065 28.1817641982538
4215.386 28.703213646505
4273.708 26.3917499018301
4332.029 23.4242538993963
4390.35 30.4637715092449
4448.672 31.5768958565936
4506.993 31.5557861719872
4565.315 31.3422351868931
4623.636 23.813621771992
4681.957 18.5199309039093
4740.279 21.5159978194344
4798.6 18.301285261977
4799.6 24.6080365502565
4953.131 19.777359868853
5106.663 18.3885717157624
5260.194 16.9494706705506
5413.725 21.4899871780228
5567.257 24.1294497969188
5720.788 22.9004284300927
5874.32 27.8863154745165
6027.851 27.5912789165981
6181.382 17.5632397326747
6334.914 18.5741691155562
6488.445 24.4111750655736
6641.976 20.8451626742137
6795.508 16.4796528707074
6949.039 20.4034452813247
7102.571 20.6350544014257
7256.102 18.5185305120064
7409.633 15.8279161927051
7563.165 16.5597386663748
7716.696 17.9698616627613
7870.227 14.8676745958579
8023.759 14.498170803009
8177.29 19.7255324013689
8330.822 24.98023810845
8484.353 20.8824848620136
8637.884 17.9019533686635
8791.416 17.5005945189614
8944.947 20.1177614363575
9098.478 18.5186250057901
9252.01 18.8430626915773
9405.541 16.6058077849367
9559.073 15.3294245371398
9712.604 18.3847220651284
9866.135 18.7701769363429
10019.667 17.3138718702126
10173.198 16.1608481616826
10326.729 14.7163657315799
10480.261 18.4739586196242
10633.792 20.2166787330665
10787.324 23.3441541514993
10940.855 23.2319298068
11094.386 16.4698447192439
11247.918 16.5919833029439
11401.449 16.951083704382
11554.98 14.6866193348675
11708.512 18.0943105428993
11862.043 18.0213844735256
12015.575 15.9919182413218
12169.106 11.5347136114008
12322.637 12.4291376346947
12476.169 12.0761054089471
12629.7 13.61778083367
12630.7 17.4047054314887
13034.822 17.3994682450755
13438.943 18.1868063577864
13843.065 17.7749761316959
14247.186 15.595350824215
14651.308 15.2100795374719
15055.429 14.2875233251066
15459.551 14.5316590069745
15863.673 14.0250803160763
16267.794 16.6444765098558
16671.916 16.3366313525685
17076.037 16.8275134998308
17480.159 14.4481461200736
17884.28 9.75054842951574
18288.402 12.4756744561128
18692.524 13.7421081060026
19096.645 14.9569698394189
19500.767 14.5758054114743
19904.888 13.5255602365449
20309.01 11.7360707682906
20713.131 13.8646906508671
21117.253 16.1572896296062
21521.375 17.1145564267492
21925.496 16.1012517114415
22329.618 14.5468761227124
22733.739 14.7999040787955
23137.861 14.2210554208059
23541.982 17.2736882968958
23946.104 17.8528635663983
24350.225 14.6398970660375
24754.347 12.9014864951497
25158.469 11.0538154110894
25562.59 11.4966933800233
25966.712 11.4977313485756
26370.833 11.3908417715277
26774.955 14.3404414468321
27179.076 15.1381237616878
27583.198 13.5548611725591
27987.32 11.3002619032611
28391.441 12.2838475839266
28795.563 11.5260576272679
29199.684 11.3745693791369
29603.806 12.3673510297285
30007.927 12.4492283137774
30412.049 12.115128193038
30816.171 13.2016117858484
31220.292 13.6102010121345
31624.414 13.8110714990501
32028.535 12.582107511891
32432.657 10.6399505114268
32836.778 9.98673787637962
33240.9 10.7385677919643
33241.9 8.86022234330283
34305.559 9.0734117774264
35369.218 8.4857603071498
36432.876 10.3741849551192
37496.535 11.7864920246174
38560.194 12.9728914229984
39623.853 13.3913047347454
40687.512 12.0244334219662
41751.171 9.97138649424739
42814.829 7.46511084189467
43878.488 8.87717967209738
44942.147 10.0314311739417
46005.806 8.69518334475663
47069.465 7.15526752688729
48133.124 8.12999815812737
49196.782 8.87192101289637
50260.441 8.63488342198391
51324.1 7.31506222237589
52387.759 6.29179496675021
53451.418 6.13875249850487
54515.076 6.84537216068638
55578.735 7.45634481769478
56642.394 5.6437224448889
57706.053 5.77572138968061
58769.712 6.59272753829537
59833.371 6.74022245421402
60897.029 6.57969033746529
61960.688 7.05138280848363
63024.347 10.1806507735545
64088.006 11.0367603706838
65151.665 9.92122264919231
66215.324 9.37170141138826
67278.982 8.53630755475702
68342.641 8.00353517279583
69406.3 7.79655928745179
70469.959 7.61907291590829
71533.618 6.69456600887758
72597.276 6.82431894427577
73660.935 7.55910489320527
74724.594 8.2614228146436
75788.253 8.64951820251837
76851.912 9.14803437512762
77915.571 8.59375243855045
78979.229 8.13792145209525
80042.888 7.30933303061196
81106.547 7.03511286234806
82170.206 7.43540021533691
83233.865 7.82003285539788
84297.524 6.93881554186672
85361.182 7.12417034021632
86424.841 7.28148054665356
87488.5 7.72019678360274
87489.5 6.60190529563289
90289.039 6.06596348238505
93088.578 5.04790164396155
95888.118 5.9770746462564
98687.657 6.79085952553925
101487.196 7.07734461592845
104286.735 8.50532826129215
107086.275 8.75220222581318
109885.814 8.84774846802113
112685.353 9.16742356721316
115484.892 8.49946144591985
118284.431 8.44065596996163
121083.971 11.3071572573316
123883.51 13.0222993629074
126683.049 13.7583528713137
129482.588 13.3432562954048
132282.127 10.5120406579108
135081.667 8.98891067915073
137881.206 9.42700610753851
140680.745 9.14524440764384
143480.284 9.42604101830686
146279.824 9.06668138246524
149079.363 8.80452817445108
151878.902 9.64111968739427
154678.441 9.49070008288443
157477.98 8.42889284076193
160277.52 6.54950860250291
163077.059 5.95807041415871
165876.598 6.46018917456329
168676.137 6.09546413118319
171475.676 5.25582809357632
174275.216 4.67393152262638
177074.755 4.85421272036096
179874.294 5.00775312059785
182673.833 5.54796312871193
185473.373 5.88497501266004
188272.912 5.19888599847403
191072.451 4.50405491090797
193871.99 5.11170637410383
196671.529 4.72889107196677
199471.069 4.10946721946564
202270.608 3.46760578502319
205070.147 4.04051717763958
207869.686 3.9535833282355
210669.225 3.63949557434839
213468.765 3.62194876985026
216268.304 4.28683926272119
219067.843 3.9880153504481
221867.382 4.03971589233477
224666.922 4.19182788377463
227466.461 4.56625419427196
230266 5.62231414559298
230267 4.69260926358722
237635.294 4.81443629362199
245003.588 5.50802716440554
252371.882 4.18667282680678
259740.176 NaN
267108.471 29.2065723652754
274476.765 3.08730245848963
281845.059 4.09576516616064
289213.353 3.91138839792349
296581.647 4.88575827961084
303949.941 3.80354058582024
311318.235 5.8036108783104
318686.529 3.75059783694084
326054.824 3.61835376737628
333423.118 5.36914453507764
340791.412 4.36534355567309
348159.706 3.55274087403806
355528 3.40027737931873
362896.294 4.08459189814602
370264.588 4.98448286824457
377632.882 3.86024908035866
385001.176 2.67024354655562
392369.471 3.54378721613276
399737.765 4.98759887828532
407106.059 4.08990985263831
414474.353 2.40680735507659
421842.647 4.14385606498677
429210.941 4.85010390636841
436579.235 4.22658025169718
443947.529 4.05684516548486
451315.824 4.46379155629017
458684.118 3.79997415850493
466052.412 3.67072972506116
473420.706 3.33263778788282
480789 3.2358925856458
488157.294 3.70867760431644
495525.588 3.93287480955571
502893.882 3.77666342203871
510262.176 4.42736059275352
517630.471 4.37698237253119
524998.765 2.08114545047514
532367.059 3.70977477286217
539735.353 4.04378319348753
547103.647 3.38117158770382
554471.941 4.09017213574357
561840.235 4.23212817794203
569208.529 3.43847395149238
576576.824 4.22643042171773
583945.118 3.46754625174086
591313.412 3.92422533544191
598681.706 3.37794488543351
606050 3.48467059455996
606051 3.96576567015505
625444.118 3.82496346802914
644837.235 4.52385397646156
664230.353 3.72695711888794
683623.471 3.84153780595914
703016.588 3.72173280583308
722409.706 3.72032555478068
741802.824 3.34517345500554
761195.941 3.57329254357613
780589.059 1.63104522815677
799982.176 3.08430150958064
819375.294 3.07526813285305
838768.412 2.56362659702914
858161.529 1.25814491999655
877554.647 2.37341081192235
896947.765 3.60841324959897
916340.882 3.81861525543576
935734 2.20308245230181
955127.118 1.90286349461902
974520.235 2.81375225272317
993913.353 1.97578051432256
1013306.471 2.44446096834775
1032699.588 3.26297082564879
1052092.706 3.2194488603822
1071485.824 2.64809353160297
1090878.941 2.29093384564887
1110272.059 3.04438296172162
1129665.176 2.57823207759941
1149058.294 3.48747333732602
1168451.412 2.64019357521628
1187844.529 3.89574221158234
1207237.647 3.7757417165397
1226630.765 3.74321138009027
1246023.882 3.35650086317628
1265417 3.16646352890286
1284810.118 3.50638654456884
1304203.235 2.90059777896022
1323596.353 2.42441696702314
1342989.471 2.16330016254974
1362382.588 2.60365641654508
1381775.706 2.81274206530394
1401168.824 1.54448178985701
1420561.941 3.64164768275782
1439955.059 2.55560129211168
1459348.176 2.76010636216624
1478741.294 3.28277199782044
1498134.412 3.50085297401178
1517527.529 1.7354262149836
1536920.647 2.67385476929357
1556313.765 3.11939600786185
1575706.882 2.9121536053898
1595100 1.93251311953905
1595100 2.52371372893666
1646141.765 2.23588577061461
1697183.529 4.15171921772544
1748225.294 2.46809486783747
1799267.059 2.13830977141655
1850308.824 1.66843154344596
1901350.588 3.25524714020304
1952392.353 3.1588791392033
2003434.118 1.89941033583678
2054475.882 1.7136423387801
2105517.647 2.41605094867657
2156559.412 2.66681889551344
2207601.176 2.13846620746662
2258642.941 1.37196760380084
2309684.706 2.41791934265833
2360726.471 2.71650128075016
2411768.235 2.8716236713238
2462810 2.80607300705027
2513851.765 1.99594650705952
2564893.529 0.443304992082717
2615935.294 1.54520528315163
2666977.059 3.46143345020733
2718018.824 1.97271624325723
2769060.588 1.49496780464321
2820102.353 2.97229663096772
2871144.118 2.27962527805618
2922185.882 3.07079894887787
2973227.647 1.84597954082639
3024269.412 2.24739186654843
3075311.176 2.70825097003852
3126352.941 1.687689279734
3177394.706 2.68088293922628
3228436.471 2.35544503696187
3279478.235 1.54081313971869
3330520 1.78756615869601
3381561.765 2.76594145241945
3432603.529 2.14681027161568
3483645.294 2.52450834086677
3534687.059 2.64497201310111
3585728.824 2.44679459621054
3636770.588 3.11795211169051
3687812.353 2.01270864590975
3738854.118 1.97614594246149
3789895.882 1.48913005865631
3840937.647 2.76000743491542
3891979.412 1.60336215936549
3943021.176 1.70714378060781
3994062.941 2.45802657313976
4045104.706 1.10583537067472
4096146.471 2.2779099644203
4147188.235 1.88943670124858
4198230 2.18786794452678
4198230 1.3277542880424
4332570.588 1.92672067651196
4466911.176 2.62610487151089
4601251.765 1.60789261341196
4735592.353 2.91980238625198
4869932.941 2.44432337976494
5004273.529 1.18717360366377
5138614.118 2.62660609428736
5272954.706 1.06812029917414
5407295.294 1.43206826931365
5541635.882 2.18986866025161
5675976.471 2.44388249631542
5810317.059 2.04536643119278
5944657.647 2.55038512625562
6078998.235 2.78215662828252
6213338.824 1.51678017116014
6347679.412 1.25429320325106
6482020 1.15770219103515
6616360.588 3.1789210450865
6750701.176 3.46060162068814
6885041.765 2.62615005968873
7019382.353 3.29820476249101
7153722.941 1.07272399200139
7288063.529 1.80776305482885
7422404.118 1.55338339991956
7556744.706 2.80555888456848
7691085.294 1.31411840057689
7825425.882 2.13450891698155
7959766.471 2.64079984718259
8094107.059 2.66531111489713
8228447.647 1.35782606967278
8362788.235 1.61864264654839
8497128.824 2.21428064196651
8631469.412 1.54021940211578
8765810 2.9695085471257
8900150.588 1.15355427473912
9034491.176 2.32670451030294
9168831.765 3.19440889802703
9303172.353 2.1315600904724
9437512.941 1.9496617228202
9571853.529 2.06023173795195
9706194.118 2.30495206974779
9840534.706 1.99986657890698
9974875.294 3.08145326043593
10109215.882 2.12579951283757
10243556.471 2.50462509292452
10377897.059 2.03112414611165
10512237.647 1.90910942175382
10646578.235 3.00674005186421
10780918.824 1.53638010524386
10915259.412 1.91926504313794
11049600 1.95638591108275
11049600 1.1903398017551
11403174.51 1.48918632027919
11756749.02 1.16299952151994
12110323.529 1.55038498228309
12463898.039 1.68165755959932
12817472.549 2.743382072773
13171047.059 1.80417215250909
13524621.569 1.71309597294675
13878196.078 2.45544257344601
14231770.588 2.47382415270587
14585345.098 1.50117280309912
14938919.608 2.19018267541489
15292494.118 2.53112299112288
15646068.627 1.75955475757613
15999643.137 2.64528064870396
16353217.647 2.54538080253951
16706792.157 2.41312501856089
17060366.667 1.83960452803446
17413941.176 2.53591600706136
17767515.686 1.93184794360074
18121090.196 2.36289649428408
18474664.706 1.12224732603812
18828239.216 2.22971787081672
19181813.725 1.968561762618
19535388.235 1.63090570469781
19888962.745 1.78822399704994
20242537.255 0.536345640636054
20596111.765 2.24518780658874
20949686.275 1.42557633211945
21303260.784 1.95271472158546
21656835.294 2.03732205228138
22010409.804 2.48217658883409
22363984.314 1.4996170030181
22717558.824 2.55229226914779
23071133.333 2.00974350083333
23424707.843 1.84458546865665
23778282.353 1.60574015373803
24131856.863 1.61153245816917
24485431.373 2.52686923390946
24839005.882 2.27080101124073
25192580.392 2.24805706666642
25546154.902 1.82327928195039
25899729.412 2.80513740335758
26253303.922 2.2735025615121
26606878.431 1.99183327263153
26960452.941 3.01195670574701
27314027.451 1.92645340358039
27667601.961 2.28707883162151
28021176.471 2.19902243263249
28374750.98 1.94167147287787
28728325.49 3.17467458322224
29081900 2.0764168232866
29081900 3.75815552892347
30012498.039 2.58500957720293
30943096.078 1.2139724047098
31873694.118 2.60781249232316
32804292.157 2.1562231061145
33734890.196 1.92932622061783
34665488.235 1.5591928675813
35596086.275 1.27702214907394
36526684.314 2.20653300775999
37457282.353 1.9051349486158
38387880.392 2.62616552485902
39318478.431 2.18340059437474
40249076.471 2.8692922683588
41179674.51 3.24535679935694
42110272.549 2.35956708321191
43040870.588 2.16589089674459
43971468.627 2.7168041250994
44902066.667 2.0884935677411
45832664.706 2.10335234319055
46763262.745 1.77429111644357
47693860.784 2.99073964424351
48624458.824 2.94669893825602
49555056.863 1.94066567567002
50485654.902 1.0815851981699
51416252.941 1.59648718410353
52346850.98 2.43624202888049
53277449.02 1.51887908099831
54208047.059 2.65286205534773
55138645.098 3.17169157620985
56069243.137 1.15872456352959
56999841.176 2.32431789842471
57930439.216 2.27550247677069
58861037.255 2.34383512347766
59791635.294 2.06420221076133
60722233.333 0.780440436946347
61652831.373 1.412633806413
62583429.412 2.44591787551812
63514027.451 1.46692299520637
64444625.49 3.06657877723163
65375223.529 2.09338403909602
66305821.569 1.57124949636668
67236419.608 NaN
68167017.647 0.780804200978565
69097615.686 0.674992302201048
70028213.725 1.61250239974724
70958811.765 NaN
71889409.804 1.89476730458197
72820007.843 2.67141000069094
73750605.882 NaN
74681203.922 2.33200523999188
75611801.961 0.658396445149514
76542400 NaN
76542400 2.77221263765262
78991686.275 2.58793081482505
81440972.549 2.54828962844294
83890258.824 NaN
86339545.098 2.45165159471547
88788831.373 NaN
91238117.647 1.98434539516016
93687403.922 2.4455553261589
96136690.196 56.5404380803258
98585976.471 NaN
101035262.745 NaN
103484549.02 NaN
105933835.294 NaN
108383121.569 NaN
110832407.843 1.50533799117648
113281694.118 NaN
115730980.392 3.32763842635413
118180266.667 4.64552260188549
120629552.941 2.80487651046472
123078839.216 NaN
125528125.49 2.38866235102821
127977411.765 3.21386835428455
130426698.039 NaN
132875984.314 NaN
135325270.588 NaN
137774556.863 4.70333652963722
140223843.137 NaN
142673129.412 NaN
145122415.686 4.58121997219776
147571701.961 4.78301275177273
150020988.235 NaN
152470274.51 8.91750029727737
154919560.784 NaN
157368847.059 NaN
159818133.333 7.0676449075874
162267419.608 5.31940238822239
164716705.882 1.10632304934416
167165992.157 1.43658214671959
169615278.431 2.2795572741892
172064564.706 7.19511844643903
174513850.98 NaN
176963137.255 3.163533737202
179412423.529 NaN
181861709.804 NaN
184310996.078 NaN
186760282.353 1.50191767700418
189209568.627 10.6237251376947
191658854.902 3.94251128328148
194108141.176 NaN
196557427.451 8.20870877403542
199006713.725 5.14047240610723
201456000 NaN
