101 360.329605050695
104.18 363.096482525473
107.361 401.830130975981
110.541 361.391680237585
113.721 347.195017563375
116.902 308.767881951843
120.082 287.279152667515
123.262 306.430679655746
126.443 339.646756465196
129.623 359.569636709716
132.803 336.651785864051
135.983 339.519792594093
139.164 359.505102721765
142.344 330.565338315454
145.524 363.320314791157
148.705 422.281663128912
151.885 556.673676626648
155.065 561.896489973741
158.246 323.41994350288
161.426 173.036884165833
164.606 170.783533230326
167.787 214.653225689402
170.967 246.704926905408
174.147 251.069444734318
177.328 229.604856973033
180.508 189.100735541766
183.688 194.392627482274
186.868 252.679941862232
190.049 257.925473265875
193.229 266.617692302998
196.409 240.437004177047
199.59 244.29595767839
202.77 268.813023526027
205.95 286.118848229992
209.131 253.723058888516
212.311 207.367686575415
215.491 228.39603715204
218.672 277.24014938263
221.852 297.874408347218
225.032 279.590081106091
228.213 268.117315696168
231.393 222.715737253636
234.573 198.885345903475
237.753 211.846870823247
240.934 234.063034632542
244.114 251.112781343311
247.294 255.487367517344
250.475 233.328358338548
253.655 202.854748880332
256.835 232.887982509508
260.016 265.437048214071
263.196 277.227263410381
264.196 208.01213413259
272.598 219.551661644361
281.001 243.073480027317
289.403 248.165605961675
297.806 219.832964534322
306.208 191.217672421421
314.611 169.139920241937
323.013 182.573336262856
331.415 204.194761383315
339.818 203.988229371042
348.22 198.250398988167
356.623 202.165094891242
365.025 215.788225669462
373.428 214.905620816727
381.83 199.954323282578
390.232 193.222838133126
398.635 184.098731072789
407.037 176.553695935438
415.44 168.109192487845
423.842 171.85597577332
432.245 167.346999457381
440.647 172.131913979174
449.049 180.926399018901
457.452 185.877148849524
465.854 205.769078589203
474.257 216.729114498006
482.659 224.191805570043
491.062 215.785679051158
499.464 208.876300572204
507.867 181.809963558449
516.269 151.092355678175
524.671 129.021358940728
533.074 148.106423436166
541.476 177.07374872038
549.879 169.524094542925
558.281 142.035009199707
566.684 127.704129296631
575.086 122.769513417998
583.488 139.053920795909
591.891 167.908354178942
600.293 186.297214423786
608.696 171.402381491544
617.098 148.970691052738
625.501 151.555751263498
633.903 157.754790546694
642.305 166.179335368324
650.708 163.476850849784
659.11 159.719441016043
667.513 148.711356720218
675.915 146.128594593388
684.318 146.171390302623
692.72 147.090266193973
693.72 90.5107083855283
715.867 103.548466558023
738.014 158.207259314975
760.161 176.114410679974
782.307 144.910562169916
804.454 149.810782997341
826.601 158.125658707383
848.748 121.382754939942
870.895 106.238529262023
893.042 123.255010836662
915.189 128.014366778445
937.335 165.169991869782
959.482 132.451617946717
981.629 115.036612268355
1003.776 118.415964912592
1025.923 102.158306504064
1048.07 132.974332672281
1070.217 106.809956737998
1092.364 121.950556964343
1114.51 106.641706429285
1136.657 79.6953824170077
1158.804 88.500091769748
1180.951 121.00285213551
1203.098 120.866640695199
1225.245 117.719371568757
1247.392 101.891389597418
1269.538 60.8610726179573
1291.685 113.865187123987
1313.832 116.459195239467
1335.979 124.437883832276
1358.126 121.673462896577
1380.273 90.1776487736667
1402.42 114.718216984533
1424.566 85.9204483860123
1446.713 85.6588143104579
1468.86 90.4163276165833
1491.007 87.8321252114923
1513.154 103.53512077123
1535.301 99.8929821578569
1557.448 97.9559494153422
1579.595 97.6637578856729
1601.741 114.722785153251
1623.888 115.747738951383
1646.035 128.880052292757
1668.182 121.74626454573
1690.329 94.6086994105064
1712.476 95.7492655514973
1734.623 90.090980105507
1756.769 75.4968444937791
1778.916 67.3275975511172
1801.063 77.7784821452148
1823.21 59.6457859221451
1824.21 98.8487424144548
1882.531 97.2497822941885
1940.853 95.0165145056904
1999.174 83.1894285788554
2057.495 78.4949567111669
2115.817 72.4391555851495
2174.138 106.433771531153
2232.46 114.498222846859
2290.781 89.2021056582724
2349.102 81.0557686312002
2407.424 74.5349611064747
2465.745 78.7107622214758
2524.066 65.0879188737607
2582.388 78.6861256051767
2640.709 82.459845016339
2699.031 61.2414364917401
2757.352 66.843519197489
2815.673 54.1850917284694
2873.995 69.7984129979137
2932.316 64.7586276960344
2990.637 60.2708259764571
3048.959 68.5388288827368
3107.28 67.2475422944553
3165.602 68.0680142290331
3223.923 77.523397673052
3282.244 62.7848104952142
3340.566 61.1699900862883
3398.887 75.4839455559448
3457.208 61.4293532680863
3515.53 54.3595432708383
3573.851 60.8570414546316
3632.173 78.676088825901
3690.494 76.554899053962
3748.815 59.5670827719691
3807.137 53.4526541251823
3865.458 72.0124206353665
3923.779 59.6238920700336
3982.101 65.9408964380141
4040.422 74.1764219731462
4098.744 71.1397066740267
4157.065 66.3237417701757
4215.386 58.334106335511
4273.708 52.9446765013776
4332.029 60.7852013128902
4390.35 61.739424173356
4448.672 54.8661888728877
4506.993 65.118142057358
4565.315 60.0605919419623
4623.636 67.496749884489
4681.957 75.5145866604504
4740.279 69.1497977511545
4798.6 54.9444023902814
4799.6 72.8288720522691
4953.131 76.6396353811727
5106.663 60.2453004681655
5260.194 55.8250618895941
5413.725 59.6575896006173
5567.257 40.909369261799
5720.788 47.0065983283009
5874.32 54.9537850974963
6027.851 60.7861614653755
6181.382 63.6010969814982
6334.914 61.0278105293896
6488.445 57.8382109901449
6641.976 57.4331935889542
6795.508 63.1888210224489
6949.039 61.7996939064396
7102.571 52.3376274107078
7256.102 40.7977237291932
7409.633 51.6060834906357
7563.165 53.2856991970261
7716.696 51.9146182781311
7870.227 49.0666507558529
8023.759 40.2415334833132
8177.29 34.2618291465407
8330.822 37.7743265844162
8484.353 42.8033091023535
8637.884 48.8092082653519
8791.416 46.2806575638623
8944.947 52.8042542901119
9098.478 45.684907519201
9252.01 51.8473100553978
9405.541 58.3617206013983
9559.073 58.96247153597
9712.604 45.7312518769854
9866.135 35.5425514929072
10019.667 47.5179695146401
10173.198 60.6232047308239
10326.729 42.2132582954571
10480.261 39.57738404026
10633.792 41.4209148510967
10787.324 40.2262717375091
10940.855 48.400298852506
11094.386 45.4214324945365
11247.918 35.5979223619537
11401.449 34.2421306479943
11554.98 37.6468886372612
11708.512 40.9313152291769
11862.043 33.0383016662375
12015.575 34.5952991942533
12169.106 34.5123438492994
12322.637 34.5125412973878
12476.169 42.6790950458958
12629.7 43.5227365661217
12630.7 25.8091665228755
13034.822 35.3040005207904
13438.943 39.4555710449165
13843.065 32.3598472083929
14247.186 28.9050589940787
14651.308 32.8524104206691
15055.429 27.9116635609392
15459.551 25.4840467933174
15863.673 29.0484945228411
16267.794 32.43580441341
16671.916 29.8451048035295
17076.037 26.090611657533
17480.159 31.5123468265862
17884.28 35.4252707107493
18288.402 36.8991378907613
18692.524 40.0587042037815
19096.645 38.12178478784
19500.767 36.8477351651391
19904.888 35.8049438687298
20309.01 27.5909250755853
20713.131 29.0193777210124
21117.253 28.477395680182
21521.375 29.3577853618935
21925.496 25.5287617792079
22329.618 21.8561890694059
22733.739 23.2652311564956
23137.861 30.3876495277657
23541.982 31.716864860691
23946.104 27.6771492767246
24350.225 26.2824455500232
24754.347 23.0612277576957
25158.469 15.855916021839
25562.59 21.2100593704995
25966.712 27.9202995126557
26370.833 27.1285046854175
26774.955 27.9945759245527
27179.076 29.9041417334814
27583.198 31.7616999648422
27987.32 29.5404425025677
28391.441 26.2506359326804
28795.563 25.638580684068
29199.684 26.3979055443915
29603.806 24.4007362558573
30007.927 25.9702995249948
30412.049 22.3239930276475
30816.171 24.5215469647884
31220.292 22.6656674512959
31624.414 21.0062193509708
32028.535 18.9456984979839
32432.657 17.8069083864292
32836.778 19.2827984233676
33240.9 19.3204773313699
33241.9 31.3451313623115
34305.559 27.6302986408929
35369.218 23.0563627795527
36432.876 19.0664180185718
37496.535 19.8352236356944
38560.194 24.3438884847161
39623.853 28.9330101645305
40687.512 29.8427157849692
41751.171 28.211600824598
42814.829 19.4365314364996
43878.488 15.5678200647135
44942.147 16.8930733296659
46005.806 20.6827093909581
47069.465 24.5555949543133
48133.124 26.8245211290927
49196.782 26.2704934808373
50260.441 25.9719585492467
51324.1 21.695116001566
52387.759 18.9577146731072
53451.418 18.4105429215316
54515.076 22.9667151992751
55578.735 23.211665688078
56642.394 22.7873396487229
57706.053 22.809639414656
58769.712 21.5221177414561
59833.371 17.7846700852346
60897.029 15.0042652204259
61960.688 13.9389975609079
63024.347 18.9297729257259
64088.006 20.7441557273946
65151.665 22.9058388420185
66215.324 23.3334376253936
67278.982 23.8024154466703
68342.641 20.469182487522
69406.3 20.6752639717675
70469.959 20.915658505704
71533.618 19.1544151262376
72597.276 16.1156495923573
73660.935 13.9279933729541
74724.594 12.5275110336616
75788.253 11.2834175840033
76851.912 10.9805785603116
77915.571 14.3733063958876
78979.229 17.6657160843441
80042.888 19.0631476235923
81106.547 19.2694103042829
82170.206 17.8935465273607
83233.865 15.3745510207272
84297.524 14.537540642057
85361.182 13.0278240861598
86424.841 11.8218980883142
87488.5 12.3155415569861
87489.5 17.2807580116811
90289.039 17.7496042240351
93088.578 16.6016117055564
95888.118 15.5901291906693
98687.657 13.3038221830416
101487.196 13.7174390363359
104286.735 12.9148932580667
107086.275 13.8178497097039
109885.814 14.9660033577839
112685.353 12.2320737576945
115484.892 11.8297437126754
118284.431 11.4402995256592
121083.971 12.8876961109998
123883.51 15.2722671225145
126683.049 15.2616590229768
129482.588 13.4167490233124
132282.127 12.3109628246377
135081.667 14.4816478431261
137881.206 13.8748367053771
140680.745 13.295374130168
143480.284 12.8097467970989
146279.824 11.9470045883734
149079.363 12.3618915029177
151878.902 13.8469913931652
154678.441 14.6911399026625
157477.98 14.9583569063778
160277.52 16.4087269406894
163077.059 14.6819289909364
165876.598 12.4677633782886
168676.137 13.7477703759414
171475.676 14.5511327491621
174275.216 14.2653478555786
177074.755 12.9718417001863
179874.294 10.3103658414255
182673.833 10.952147962066
185473.373 12.3895409825666
188272.912 13.6531791232885
191072.451 12.9181143663344
193871.99 10.7550444412453
196671.529 9.90582982409262
199471.069 9.08410156899062
202270.608 9.01125206188673
205070.147 10.0867173686319
207869.686 9.37027721560641
210669.225 7.72221051467694
213468.765 7.41728153601292
216268.304 8.90591304099178
219067.843 9.84098439173904
221867.382 8.52220013001619
224666.922 9.32356003468049
227466.461 9.13453369668345
230266 7.55105792989512
230267 10.1358446808516
237635.294 10.1496670660497
245003.588 9.24524617489494
252371.882 7.7742912484661
259740.176 9.74779950934318
267108.471 6.34659428610794
274476.765 9.29460711809361
281845.059 7.30082791792788
289213.353 10.6579304614442
296581.647 12.3745322353468
303949.941 10.4787010618292
311318.235 11.2132931336295
318686.529 8.16543416212561
326054.824 8.90267161054867
333423.118 7.1021713836211
340791.412 5.58002663901036
348159.706 8.54776324234192
355528 9.03818670057774
362896.294 7.2348995812907
370264.588 8.74623752029752
377632.882 7.15910269610325
385001.176 8.22105328352873
392369.471 9.96766252531651
399737.765 8.71630741745641
407106.059 5.90382208039682
414474.353 4.24695763110105
421842.647 7.19538639680756
429210.941 9.92757539414687
436579.235 8.23425141909201
443947.529 9.66251168726856
451315.824 9.05455783915865
458684.118 6.68570169407289
466052.412 6.55475304996986
473420.706 7.414043459676
480789 8.56053885484773
488157.294 7.4397054882248
495525.588 6.4492485126614
502893.882 8.67178794786052
510262.176 7.51463694437676
517630.471 9.29059459970401
524998.765 8.21120826130955
532367.059 5.93905482193516
539735.353 6.98961728570832
547103.647 7.42497055540553
554471.941 6.32288345361389
561840.235 6.28576130873298
569208.529 6.24488336794918
576576.824 6.72318324233781
583945.118 6.17446092593752
591313.412 6.66840199372885
598681.706 5.06506788943701
606050 7.15393176924079
606051 7.53573038070296
625444.118 5.87633501945495
644837.235 5.8487767021753
664230.353 4.93265174255808
683623.471 8.3927640045625
703016.588 7.03682819523498
722409.706 6.24002429399581
741802.824 6.47622356817566
761195.941 7.39133671128004
780589.059 5.8776883234317
799982.176 7.08533852624673
819375.294 5.69068293783583
838768.412 7.01464722286323
858161.529 5.26509321074089
877554.647 6.0104823067176
896947.765 4.22007485094669
916340.882 5.39996972184702
935734 5.19505584970648
955127.118 6.72797587043844
974520.235 4.86702816832268
993913.353 5.33781708960489
1013306.471 4.93996154274557
1032699.588 5.71197225216895
1052092.706 5.54464450638907
1071485.824 6.89046898401475
1090878.941 5.57730164127288
1110272.059 5.58580050065068
1129665.176 4.44186515003535
1149058.294 6.39732825759696
1168451.412 4.99021829957896
1187844.529 4.66339400759615
1207237.647 6.50856064613245
1226630.765 5.16953858375345
1246023.882 6.67024509078495
1265417 4.08029123519336
1284810.118 5.4136621311951
1304203.235 5.6431138658984
1323596.353 4.77532280167732
1342989.471 5.67903713009573
1362382.588 4.35014516635747
1381775.706 6.36784968621498
1401168.824 4.06568024906279
1420561.941 5.85229583037758
1439955.059 3.36708230614811
1459348.176 4.61180399652418
1478741.294 5.70705445985249
1498134.412 5.80490287863209
1517527.529 4.94747889760645
1536920.647 3.99248388081371
1556313.765 3.624566586489
1575706.882 4.13210072135332
1595100 4.12571650632631
1595100 3.82110185290097
1646141.765 4.21040950242627
1697183.529 3.59953995941333
1748225.294 4.02254267966332
1799267.059 2.68481860576866
1850308.824 4.82689597667957
1901350.588 3.44227514791759
1952392.353 5.17330287015026
2003434.118 5.55779176469402
2054475.882 3.15098930047752
2105517.647 3.44366438167335
2156559.412 3.84554110839889
2207601.176 3.65225991317302
2258642.941 5.12511518081656
2309684.706 4.77866896469343
2360726.471 3.99055405998993
2411768.235 2.98450379396872
2462810 4.45552969897112
2513851.765 3.55081469881903
2564893.529 4.02584132173352
2615935.294 3.31189669757779
2666977.059 4.22395633218866
2718018.824 2.87543079931664
2769060.588 4.25211058945188
2820102.353 3.68813441993487
2871144.118 2.96628332905596
2922185.882 3.80646489769158
2973227.647 3.54387832671985
3024269.412 2.91924066054605
3075311.176 3.82408093128291
3126352.941 2.79879452452255
3177394.706 3.76120405031942
3228436.471 3.30473131814121
3279478.235 2.05668135377126
3330520 4.2076822814086
3381561.765 2.98872775775521
3432603.529 3.45654224459162
3483645.294 4.01785303952524
3534687.059 3.05000773967764
3585728.824 3.77249707740535
3636770.588 3.63961576599754
3687812.353 3.37972945595171
3738854.118 2.49434127164762
3789895.882 2.72276488840377
3840937.647 4.00989770959773
3891979.412 4.71593327820138
3943021.176 4.62747394469504
3994062.941 2.71919197186395
4045104.706 3.82757402146036
4096146.471 4.89326258883501
4147188.235 3.73815265695116
4198230 2.98099887301737
4198230 2.22432037054547
4332570.588 3.23294889523835
4466911.176 3.07984781638288
4601251.765 3.22680084402912
4735592.353 4.25366502663769
4869932.941 5.00609723228902
5004273.529 2.81657342385498
5138614.118 2.96159019539997
5272954.706 3.3657161768227
5407295.294 2.83866834972455
5541635.882 2.96907550294631
5675976.471 3.29941924803481
5810317.059 2.56582753211948
5944657.647 4.18258451327708
6078998.235 3.62616370735401
6213338.824 3.9581214752103
6347679.412 2.25088575101531
6482020 3.74949525113407
6616360.588 2.13760944902583
6750701.176 3.75325496190084
6885041.765 4.00429589822973
7019382.353 2.77286859440558
7153722.941 3.88944058239855
7288063.529 2.76690178719712
7422404.118 2.77710592800304
7556744.706 3.56904168992457
7691085.294 3.07612740571194
7825425.882 3.38311124776991
7959766.471 3.40829132524466
8094107.059 2.33586444965673
8228447.647 3.33814131875806
8362788.235 3.12260614561298
8497128.824 2.93752531723978
8631469.412 3.13338626086254
8765810 4.27882359685411
8900150.588 3.52253601002927
9034491.176 2.75852748797891
9168831.765 4.11378433500368
9303172.353 2.5340543450562
9437512.941 3.46557693155559
9571853.529 2.23435074645903
9706194.118 2.09905187197009
9840534.706 3.88977077052038
9974875.294 2.52301967547891
10109215.882 2.74317296226219
10243556.471 2.29148044929063
10377897.059 3.16970354277665
10512237.647 1.70945737195848
10646578.235 3.22532156896867
10780918.824 3.13889428444512
10915259.412 2.75919991640286
11049600 2.66501118862522
11049600 1.58359791146892
11403174.51 3.42337804566232
11756749.02 2.9779866597637
12110323.529 2.69362907212289
12463898.039 2.5897775413016
12817472.549 2.81733297324561
13171047.059 2.61063256340805
13524621.569 2.63990228123768
13878196.078 3.79949251394928
14231770.588 2.30576947222543
14585345.098 2.12650022582196
14938919.608 1.91012962133722
15292494.118 1.77456450347349
15646068.627 3.78513177534468
15999643.137 2.86584327505434
16353217.647 2.89046507313315
16706792.157 2.41220738175759
17060366.667 3.09282613217041
17413941.176 2.88318504684271
17767515.686 1.85280701900536
18121090.196 1.74703367276849
18474664.706 2.84386928750964
18828239.216 1.90138393186131
19181813.725 2.30820452790754
19535388.235 3.02886178197478
19888962.745 2.61986429115382
20242537.255 2.8569827436034
20596111.765 3.47408143128519
20949686.275 2.34718717676304
21303260.784 3.05328695804438
21656835.294 2.53521433350707
22010409.804 2.59965177603839
22363984.314 2.57986522947439
22717558.824 2.5571814979034
23071133.333 3.05473774083873
23424707.843 2.47072192374492
23778282.353 2.38998398763317
24131856.863 2.76247412245815
24485431.373 2.58845078430725
24839005.882 1.94535203109603
25192580.392 2.74885072897682
25546154.902 2.61695354347678
25899729.412 3.12125242000339
26253303.922 1.88872481329009
26606878.431 2.93523090058752
26960452.941 2.4470492168273
27314027.451 3.19029347106779
27667601.961 2.35938598831083
28021176.471 3.51869442768024
28374750.98 3.8353316457641
28728325.49 2.00573857892316
29081900 2.45412040583131
29081900 1.44998590966554
30012498.039 2.03205088178632
30943096.078 1.48753459359358
31873694.118 2.60251268839509
32804292.157 2.21543907773048
33734890.196 1.80092475906528
34665488.235 1.48672177534731
35596086.275 2.88919713308632
36526684.314 2.84283577623755
37457282.353 2.90406518148268
38387880.392 2.58354465972836
39318478.431 2.53601611732751
40249076.471 3.07196840525773
41179674.51 1.66609359939677
42110272.549 1.98303842415523
43040870.588 3.10487996399393
43971468.627 2.55810696016543
44902066.667 2.30235038993497
45832664.706 2.36222699594706
46763262.745 2.40442838205282
47693860.784 3.87674286176621
48624458.824 2.5623864868876
49555056.863 2.56566618927025
50485654.902 NaN
51416252.941 3.16438049094091
52346850.98 2.86280787633271
53277449.02 3.29551815533963
54208047.059 2.06760253230071
55138645.098 3.20959597850887
56069243.137 3.16601610646552
56999841.176 2.98983594679952
57930439.216 2.24834546378149
58861037.255 3.47715134331006
59791635.294 2.7880772405631
60722233.333 3.22618836051224
61652831.373 2.13678741343134
62583429.412 3.57373327123022
63514027.451 1.82230876692448
64444625.49 3.29070656823665
65375223.529 1.8758106401692
66305821.569 1.2109982859457
67236419.608 2.11626371558815
68167017.647 NaN
69097615.686 1.69574450860104
70028213.725 2.64361747108587
70958811.765 NaN
71889409.804 1.39242155641763
72820007.843 2.55740084119816
73750605.882 2.23342655389864
74681203.922 2.87942969225343
75611801.961 2.61803160230456
76542400 0.575882266849751
76542400 2.71364358124463
78991686.275 0.928899370985424
81440972.549 0.591933542685566
83890258.824 NaN
86339545.098 1.97176910682885
88788831.373 3.78580141202221
91238117.647 NaN
93687403.922 NaN
96136690.196 7.91466792409316
98585976.471 4.43749384322803
101035262.745 0.907270013803267
103484549.02 NaN
105933835.294 NaN
108383121.569 3.56421973717248
110832407.843 2.81153567150306
113281694.118 NaN
115730980.392 3.43054018594087
118180266.667 NaN
120629552.941 NaN
123078839.216 2.90738111997476
125528125.49 NaN
127977411.765 3.67773849600916
130426698.039 2.70016523323636
132875984.314 3.07079251448861
135325270.588 1.62166556186571
137774556.863 NaN
140223843.137 3.89143180211498
142673129.412 NaN
145122415.686 3.7699221364484
147571701.961 NaN
150020988.235 NaN
152470274.51 NaN
154919560.784 NaN
157368847.059 9.1218475112521
159818133.333 6.34517617829719
162267419.608 NaN
164716705.882 6.43601762335412
167165992.157 0.966926642298134
169615278.431 NaN
172064564.706 1.96323251304108
174513850.98 2.15226963464008
176963137.255 3.0424351869884
179412423.529 NaN
181861709.804 NaN
184310996.078 NaN
186760282.353 NaN
189209568.627 NaN
191658854.902 NaN
194108141.176 7.32539185063334
196557427.451 13.8285970071614
199006713.725 NaN
201456000 NaN
