vg	id_vd = 0V	ig_vd = 0V	is_vd = 0V	iavdd_vd = 0V	ignd_vd = 0V	id_vd = 0.15V	ig_vd = 0.15V	is_vd = 0.15V	iavdd_vd = 0.15V	ignd_vd = 0.15V	id_vd = 0.3V	ig_vd = 0.3V	is_vd = 0.3V	iavdd_vd = 0.3V	ignd_vd = 0.3V	id_vd = 0.45V	ig_vd = 0.45V	is_vd = 0.45V	iavdd_vd = 0.45V	ignd_vd = 0.45V	id_vd = 0.6V	ig_vd = 0.6V	is_vd = 0.6V	iavdd_vd = 0.6V	ignd_vd = 0.6V	id_vd = 0.75V	ig_vd = 0.75V	is_vd = 0.75V	iavdd_vd = 0.75V	ignd_vd = 0.75V	id_vd = 0.9V	ig_vd = 0.9V	is_vd = 0.9V	iavdd_vd = 0.9V	ignd_vd = 0.9V
-0.3	-6.8735e-09	-4.019e-08	-8.7e-13	4.5616e-06	-4.502e-06	-3.0176e-09	-4.07104e-08	5.1e-13	4.3946e-06	-4.3507e-06	1.4212e-09	-4.20892e-08	-8e-13	4.379e-06	-4.3336e-06	7.4436e-09	-4.4534e-08	-3.7e-13	4.3777e-06	-4.341e-06	1.59226e-08	-4.82136e-08	7e-13	4.39e-06	-4.3535e-06	2.80934e-08	-5.39738e-08	8e-13	4.3861e-06	-4.36e-06	4.62238e-08	-6.14156e-08	6.5e-13	4.3894e-06	-4.3608e-06
-0.295	-7.0039e-09	-3.58816e-08	4.7e-13	4.5513e-06	-4.5043e-06	-3.0232e-09	-3.65084e-08	-4.1e-13	4.3944e-06	-4.3532e-06	1.377e-09	-3.78548e-08	-6.6e-13	4.3737e-06	-4.3371e-06	7.3165e-09	-4.02166e-08	5e-13	4.3828e-06	-4.3477e-06	1.57626e-08	-4.39616e-08	-2e-14	4.3929e-06	-4.3575e-06	2.78614e-08	-4.94616e-08	-2.1e-13	4.3809e-06	-4.359e-06	4.5806e-08	-5.69848e-08	2.4e-13	4.3758e-06	-4.3705e-06
-0.29	-7.0238e-09	-3.22254e-08	3.9e-13	4.5449e-06	-4.4984e-06	-3.0627e-09	-3.28332e-08	-5.3e-13	4.3912e-06	-4.36e-06	1.3126e-09	-3.4145e-08	-1.08e-12	4.3792e-06	-4.3405e-06	7.225e-09	-3.64502e-08	-2.9e-13	4.389e-06	-4.3599e-06	1.55916e-08	-4.01616e-08	-6.6e-13	4.3882e-06	-4.3676e-06	2.76228e-08	-4.56394e-08	9.2e-13	4.388e-06	-4.3663e-06	4.53924e-08	-5.30344e-08	5.3e-13	4.3817e-06	-4.3721e-06
-0.285	-7.0443e-09	-2.88284e-08	6.8e-13	4.5403e-06	-4.4963e-06	-3.1118e-09	-2.94776e-08	1.1e-13	4.3984e-06	-4.3631e-06	1.2524e-09	-3.07332e-08	3.9e-13	4.3846e-06	-4.3497e-06	7.1342e-09	-3.298e-08	2.7e-13	4.3849e-06	-4.3609e-06	1.54392e-08	-3.66298e-08	-2e-13	4.3916e-06	-4.3703e-06	2.73408e-08	-4.2023e-08	-6.2e-13	4.3896e-06	-4.3751e-06	4.49592e-08	-4.94764e-08	-8e-14	4.3862e-06	-4.373e-06
-0.28	-7.0643e-09	-2.58416e-08	5.5e-13	4.5302e-06	-4.4926e-06	-3.1444e-09	-2.6488e-08	8.3e-13	4.3904e-06	-4.3689e-06	1.2052e-09	-2.7715e-08	-5.6e-13	4.3777e-06	-4.3448e-06	7.1115e-09	-2.99568e-08	2.9e-13	4.3881e-06	-4.3589e-06	1.52662e-08	-3.354e-08	-5.6e-13	4.3907e-06	-4.3691e-06	2.71302e-08	-3.8946e-08	-7.2e-13	4.3868e-06	-4.3637e-06	4.45836e-08	-4.62426e-08	5.4e-13	4.3854e-06	-4.3839e-06
-0.275	-7.0896e-09	-2.32238e-08	7e-13	4.5308e-06	-4.4871e-06	-3.1732e-09	-2.38022e-08	-3.6e-13	4.4007e-06	-4.37e-06	1.1554e-09	-2.5045e-08	-4e-13	4.3865e-06	-4.3528e-06	6.9202e-09	-2.7211e-08	2.6e-13	4.3794e-06	-4.358e-06	1.51054e-08	-3.07766e-08	-1.41e-12	4.3919e-06	-4.3782e-06	2.68524e-08	-3.60964e-08	-7.9e-13	4.3851e-06	-4.3707e-06	4.41684e-08	-4.33314e-08	-3.1e-13	4.3904e-06	-4.3911e-06
-0.27	-7.1151e-09	-2.0906e-08	-1.9e-13	4.5231e-06	-4.4944e-06	-3.1995e-09	-2.1408e-08	-7.6e-13	4.3976e-06	-4.3671e-06	1.0965e-09	-2.26304e-08	9e-14	4.378e-06	-4.3549e-06	6.8389e-09	-2.47854e-08	-4.4e-13	4.3812e-06	-4.3627e-06	1.4949e-08	-2.8316e-08	-2.4e-13	4.392e-06	-4.3752e-06	2.66348e-08	-3.35122e-08	1.3e-13	4.3869e-06	-4.3837e-06	4.38436e-08	-4.07714e-08	1e-14	4.39e-06	-4.3885e-06
-0.265	-7.1164e-09	-1.8752e-08	-4.6e-13	4.5211e-06	-4.4926e-06	-3.2436e-09	-1.92696e-08	1.46e-12	4.3954e-06	-4.3681e-06	1.0486e-09	-2.04236e-08	-1.93e-12	4.3839e-06	-4.3597e-06	6.7318e-09	-2.2614e-08	9.1e-13	4.381e-06	-4.3622e-06	1.48032e-08	-2.60196e-08	5.9e-13	4.3873e-06	-4.3745e-06	2.6384e-08	-3.12094e-08	-5.7e-13	4.3897e-06	-4.3788e-06	4.33816e-08	-3.83692e-08	3e-14	4.3876e-06	-4.3974e-06
-0.26	-7.1341e-09	-1.68606e-08	-1.32e-12	4.5065e-06	-4.4809e-06	-3.2661e-09	-1.7402e-08	-7e-14	4.3937e-06	-4.3762e-06	9.944e-10	-1.8551e-08	-4.6e-13	4.3792e-06	-4.3552e-06	6.6382e-09	-2.06828e-08	8e-14	4.3784e-06	-4.3715e-06	1.4662e-08	-2.4023e-08	4.6e-13	4.3856e-06	-4.3731e-06	2.61632e-08	-2.90798e-08	-5.6e-13	4.3829e-06	-4.3785e-06	4.3002e-08	-3.62174e-08	-8e-14	4.3905e-06	-4.3934e-06
-0.255	-7.1525e-09	-1.5132e-08	-1.1e-13	4.5101e-06	-4.486e-06	-3.2967e-09	-1.56764e-08	-2.3e-13	4.3926e-06	-4.3754e-06	9.1956e-10	-1.68004e-08	-2.6e-13	4.3757e-06	-4.3572e-06	6.5681e-09	-1.88676e-08	-3e-14	4.3894e-06	-4.3759e-06	1.4503e-08	-2.21886e-08	4.2e-13	4.3876e-06	-4.3771e-06	2.59422e-08	-2.72474e-08	9e-13	4.3769e-06	-4.3742e-06	4.26016e-08	-3.42676e-08	-8.3e-13	4.3906e-06	-4.3943e-06
-0.25	-7.175e-09	-1.36184e-08	-7.5e-13	4.5173e-06	-4.4879e-06	-3.3267e-09	-1.4164e-08	5.2e-13	4.4026e-06	-4.3809e-06	8.8137e-10	-1.52672e-08	-3.4e-13	4.3781e-06	-4.363e-06	6.4668e-09	-1.72948e-08	-1.4e-13	4.3922e-06	-4.3784e-06	1.43748e-08	-2.056e-08	-4.1e-13	4.3834e-06	-4.3766e-06	2.5718e-08	-2.55532e-08	9.7e-13	4.382e-06	-4.3796e-06	4.22598e-08	-3.25164e-08	-1.25e-12	4.3879e-06	-4.3972e-06
-0.245	-7.1926e-09	-1.22414e-08	-4.9e-13	4.5026e-06	-4.4795e-06	-3.3563e-09	-1.27712e-08	1.72e-12	4.4032e-06	-4.3816e-06	8.3376e-10	-1.38216e-08	1.7e-13	4.3831e-06	-4.3672e-06	6.3746e-09	-1.58532e-08	6.2e-13	4.3856e-06	-4.3761e-06	1.4211e-08	-1.90844e-08	1.02e-12	4.38e-06	-4.3716e-06	2.5474e-08	-2.39884e-08	-9e-14	4.3819e-06	-4.3824e-06	4.18446e-08	-3.08882e-08	2.2e-13	4.3885e-06	-4.3924e-06
-0.24	-7.2114e-09	-1.10492e-08	-9.1e-13	4.5082e-06	-4.4922e-06	-3.3732e-09	-1.15436e-08	-1.32e-12	4.3956e-06	-4.3772e-06	7.7556e-10	-1.25922e-08	-7e-14	4.3864e-06	-4.3685e-06	6.2865e-09	-1.45916e-08	-1.6e-13	4.3922e-06	-4.384e-06	1.4082e-08	-1.77512e-08	-7e-14	4.392e-06	-4.3784e-06	2.52914e-08	-2.26068e-08	-1.9e-13	4.3944e-06	-4.394e-06	4.1501e-08	-2.93814e-08	-4.1e-13	4.3871e-06	-4.3959e-06
-0.235	-7.2264e-09	-9.9266e-09	7.3e-13	4.5008e-06	-4.4824e-06	-3.4e-09	-1.04418e-08	1.6e-13	4.3995e-06	-4.3857e-06	7.1709e-10	-1.1445e-08	-3.6e-13	4.3839e-06	-4.3675e-06	6.2114e-09	-1.339e-08	-4.4e-13	4.3898e-06	-4.375e-06	1.38908e-08	-1.6524e-08	-3e-14	4.3857e-06	-4.3814e-06	2.50638e-08	-2.13288e-08	4.6e-13	4.3868e-06	-4.3876e-06	4.11652e-08	-2.8049e-08	3.6e-13	4.3795e-06	-4.3911e-06
-0.23	-7.2335e-09	-8.987e-09	-7.7e-13	4.5003e-06	-4.4827e-06	-3.437e-09	-9.4785e-09	-6.7e-13	4.3894e-06	-4.3793e-06	6.7756e-10	-1.04548e-08	-7.2e-13	4.3819e-06	-4.3697e-06	6.1032e-09	-1.23544e-08	-5.3e-13	4.3831e-06	-4.3794e-06	1.38082e-08	-1.54506e-08	-2e-13	4.3834e-06	-4.383e-06	2.48268e-08	-2.01594e-08	6e-14	4.3895e-06	-4.3969e-06	4.08618e-08	-2.68412e-08	-1.8e-13	4.3896e-06	-4.3996e-06
-0.225	-7.2556e-09	-8.0767e-09	6.3e-13	4.4963e-06	-4.4772e-06	-3.4413e-09	-8.5573e-09	-1.06e-12	4.3891e-06	-4.3797e-06	6.5854e-10	-9.5527e-09	-5.5e-13	4.3812e-06	-4.3706e-06	6.0224e-09	-1.14004e-08	3.8e-13	4.395e-06	-4.3914e-06	1.367e-08	-1.44324e-08	-6.1e-13	4.3814e-06	-4.3816e-06	2.48832e-08	-1.90926e-08	-1.44e-12	4.3931e-06	-4.3933e-06	4.04834e-08	-2.57176e-08	1e-12	4.3887e-06	-4.401e-06
-0.22	-7.2619e-09	-7.2987e-09	-2.1e-13	4.4895e-06	-4.4749e-06	-3.4766e-09	-7.7938e-09	1.64e-12	4.3931e-06	-4.3811e-06	5.8708e-10	-8.7259e-09	-1e-12	4.3821e-06	-4.3717e-06	5.9585e-09	-1.05464e-08	-5.1e-13	4.3955e-06	-4.3866e-06	1.3549e-08	-1.35584e-08	-1.11e-12	4.3839e-06	-4.3842e-06	2.44504e-08	-1.81508e-08	-4.1e-13	4.3894e-06	-4.3926e-06	4.02e-08	-2.4684e-08	-1.62e-12	4.3861e-06	-4.3956e-06
-0.215	-7.2919e-09	-6.6028e-09	-5.4e-13	4.4907e-06	-4.479e-06	-3.4844e-09	-7.0677e-09	5e-14	4.3975e-06	-4.3895e-06	5.3232e-10	-7.998e-09	0	4.3805e-06	-4.368e-06	5.8624e-09	-9.7736e-09	3e-14	4.3893e-06	-4.3834e-06	1.34314e-08	-1.27242e-08	-4.2e-13	4.3866e-06	-4.3814e-06	2.425e-08	-1.72572e-08	-1.73e-12	4.3929e-06	-4.3968e-06	3.98564e-08	-2.37244e-08	5.6e-13	4.3823e-06	-4.3936e-06
-0.21	-7.2957e-09	-5.9775e-09	4.7e-13	4.4791e-06	-4.4706e-06	-3.5348e-09	-6.4316e-09	1.5e-13	4.3948e-06	-4.3807e-06	4.8601e-10	-7.3431e-09	4.4e-13	4.3844e-06	-4.376e-06	5.7928e-09	-9.0978e-09	-9.7e-13	4.3874e-06	-4.3786e-06	1.32942e-08	-1.1981e-08	-9.6e-13	4.3888e-06	-4.3877e-06	2.40228e-08	-1.6451e-08	-1.05e-12	4.3878e-06	-4.3987e-06	3.95452e-08	-2.28612e-08	-1.11e-12	4.3823e-06	-4.4005e-06
-0.205	-7.3036e-09	-5.4187e-09	5.9e-13	4.4786e-06	-4.4653e-06	-3.5425e-09	-5.8463e-09	-1.61e-12	4.395e-06	-4.3876e-06	4.3892e-10	-6.7413e-09	-5.3e-13	4.3762e-06	-4.3711e-06	5.7202e-09	-8.4456e-09	-4.1e-13	4.3876e-06	-4.3834e-06	1.31662e-08	-1.13004e-08	1.6e-13	4.3916e-06	-4.3913e-06	2.38414e-08	-1.5726e-08	-1.04e-12	4.3898e-06	-4.3954e-06	3.91532e-08	-2.20388e-08	1.7e-13	4.3858e-06	-4.4027e-06
-0.2	-7.3247e-09	-4.9091e-09	9.5e-13	4.4849e-06	-4.4692e-06	-3.5672e-09	-5.32e-09	-1.2e-13	4.3961e-06	-4.3842e-06	3.9711e-10	-6.1979e-09	4e-13	4.3797e-06	-4.3776e-06	5.6535e-09	-7.8869e-09	-1.37e-12	4.3777e-06	-4.3756e-06	1.30452e-08	-1.06964e-08	-1.1e-13	4.3849e-06	-4.386e-06	2.36452e-08	-1.50492e-08	1.5e-13	4.387e-06	-4.396e-06	3.8848e-08	-2.12844e-08	2.1e-13	4.3918e-06	-4.4042e-06
-0.195	-7.308e-09	-4.4585e-09	-9.2e-13	4.4718e-06	-4.4595e-06	-3.5808e-09	-4.8464e-09	7.6e-13	4.3966e-06	-4.3851e-06	3.662e-10	-5.7093e-09	4.2e-13	4.3882e-06	-4.3767e-06	5.5535e-09	-7.3677e-09	5.9e-13	4.3836e-06	-4.3814e-06	1.29218e-08	-1.01244e-08	-1.4e-13	4.3849e-06	-4.3833e-06	2.34726e-08	-1.4411e-08	1.6e-13	4.3937e-06	-4.4002e-06	3.85828e-08	-2.06012e-08	-1.7e-13	4.3868e-06	-4.3953e-06
-0.19	-7.3316e-09	-4.0494e-09	-4.9e-13	4.4734e-06	-4.4546e-06	-3.6017e-09	-4.4348e-09	-2.6e-13	4.4002e-06	-4.3898e-06	3.1985e-10	-5.2724e-09	9.9e-13	4.3769e-06	-4.3725e-06	5.4982e-09	-6.8832e-09	-2.7e-13	4.3911e-06	-4.3913e-06	1.28062e-08	-9.6195e-09	4e-13	4.3818e-06	-4.3875e-06	2.3281e-08	-1.38534e-08	1.29e-12	4.3929e-06	-4.3966e-06	3.8299e-08	-1.99556e-08	1.8e-13	4.384e-06	-4.4034e-06
-0.185	-7.3271e-09	-3.6775e-09	2.9e-13	4.4728e-06	-4.4562e-06	-3.6251e-09	-4.0499e-09	-1.3e-13	4.3919e-06	-4.3863e-06	2.8772e-10	-4.8685e-09	-5.2e-13	4.377e-06	-4.3722e-06	5.4182e-09	-6.4538e-09	-9.5e-13	4.3854e-06	-4.3792e-06	1.26878e-08	-9.1498e-09	7.6e-13	4.3801e-06	-4.3809e-06	2.3094e-08	-1.33104e-08	9.5e-13	4.3901e-06	-4.396e-06	3.80124e-08	-1.93744e-08	5e-14	4.3941e-06	-4.4102e-06
-0.18	-7.3396e-09	-3.3556e-09	7e-13	4.4716e-06	-4.4553e-06	-3.6292e-09	-3.7085e-09	-6e-13	4.3929e-06	-4.3803e-06	2.4579e-10	-4.516e-09	-4.1e-13	4.381e-06	-4.3783e-06	5.3584e-09	-6.0584e-09	3e-13	4.3892e-06	-4.3849e-06	1.27892e-08	-8.7048e-09	4.4e-13	4.3805e-06	-4.3845e-06	2.2899e-08	-1.28176e-08	1.03e-12	4.3851e-06	-4.3966e-06	3.77282e-08	-1.88146e-08	-7.3e-13	4.3935e-06	-4.4159e-06
-0.175	-7.3816e-09	-3.0512e-09	-1.7e-13	4.4619e-06	-4.452e-06	-3.6457e-09	-3.4048e-09	9e-14	4.3976e-06	-4.3911e-06	2.1218e-10	-4.1886e-09	1.04e-12	4.3822e-06	-4.3727e-06	5.281e-09	-5.7091e-09	-1.1e-13	4.3908e-06	-4.3873e-06	1.24502e-08	-8.3041e-09	4e-14	4.3783e-06	-4.3808e-06	2.26988e-08	-1.23574e-08	-8.6e-13	4.3828e-06	-4.3938e-06	3.74314e-08	-1.82786e-08	-4.1e-13	4.3806e-06	-4.4011e-06
-0.17	-7.3814e-09	-2.7861e-09	-1.11e-12	4.4693e-06	-4.4623e-06	-3.6757e-09	-3.1219e-09	-7.3e-13	4.3995e-06	-4.3835e-06	1.7941e-10	-3.8917e-09	1e-13	4.3815e-06	-4.3734e-06	5.2025e-09	-5.387e-09	5.1e-13	4.3826e-06	-4.3831e-06	1.23408e-08	-7.9306e-09	2.4e-13	4.3825e-06	-4.3822e-06	2.25362e-08	-1.19414e-08	-8e-14	4.384e-06	-4.3926e-06	3.71518e-08	-1.78024e-08	-9.6e-13	4.3807e-06	-4.4018e-06
-0.165	-7.3974e-09	-2.5395e-09	-9e-14	4.4579e-06	-4.4487e-06	-3.6906e-09	-2.872e-09	-1.32e-12	4.3972e-06	-4.3862e-06	1.2658e-10	-3.6176e-09	7.6e-13	4.3827e-06	-4.3757e-06	5.1577e-09	-5.0805e-09	-1.02e-12	4.3842e-06	-4.3863e-06	1.224e-08	-7.5963e-09	-9.4e-13	4.3775e-06	-4.3759e-06	2.23544e-08	-1.15388e-08	-7.4e-13	4.3778e-06	-4.3886e-06	3.68612e-08	-1.73248e-08	2.8e-13	4.3898e-06	-4.4077e-06
-0.16	-7.4035e-09	-2.3293e-09	-1.9e-13	4.4631e-06	-4.4471e-06	-3.7158e-09	-2.647e-09	-2.6e-13	4.3918e-06	-4.3854e-06	9.728e-11	-3.3717e-09	4.9e-13	4.3846e-06	-4.3816e-06	5.081e-09	-4.8063e-09	2.6e-13	4.3753e-06	-4.3729e-06	1.2119e-08	-7.2811e-09	2.1e-13	4.3799e-06	-4.3851e-06	2.22226e-08	-1.1168e-08	-1.4e-12	4.3815e-06	-4.3901e-06	3.65688e-08	-1.687e-08	-4.1e-13	4.3848e-06	-4.4042e-06
-0.155	-7.4172e-09	-2.1373e-09	-9.8e-13	4.4529e-06	-4.4363e-06	-3.7257e-09	-2.4436e-09	6.6e-13	4.3962e-06	-4.3854e-06	5.68e-11	-3.1486e-09	-3.9e-13	4.3844e-06	-4.3739e-06	5.1316e-09	-4.5485e-09	8.4e-13	4.3812e-06	-4.3799e-06	1.20038e-08	-6.9815e-09	1.5e-13	4.3815e-06	-4.3824e-06	2.20072e-08	-1.08098e-08	-1.8e-13	4.3858e-06	-4.3891e-06	3.63438e-08	-1.6478e-08	-6.3e-13	4.3856e-06	-4.4095e-06
-0.15	-7.4311e-09	-1.9587e-09	1.4e-13	4.448e-06	-4.4377e-06	-3.7548e-09	-2.2596e-09	1.69e-12	4.3985e-06	-4.3842e-06	1.889e-11	-2.9485e-09	3.8e-13	4.3897e-06	-4.3811e-06	4.9513e-09	-4.3223e-09	2.4e-13	4.3831e-06	-4.3802e-06	1.19142e-08	-6.7128e-09	4.1e-13	4.3815e-06	-4.3834e-06	2.18308e-08	-1.04838e-08	-1.4e-12	4.384e-06	-4.4006e-06	3.60896e-08	-1.60772e-08	5.7e-13	4.3875e-06	-4.4048e-06
-0.145	-7.4402e-09	-1.8001e-09	-1.4e-12	4.4422e-06	-4.4342e-06	-3.7635e-09	-2.0876e-09	1.79e-12	4.3894e-06	-4.3805e-06	-3.4e-13	-2.7655e-09	-1.6e-13	4.3786e-06	-4.3761e-06	4.8779e-09	-4.1092e-09	8e-13	4.3856e-06	-4.3852e-06	1.1785e-08	-6.4534e-09	8.8e-13	4.3792e-06	-4.3822e-06	2.16672e-08	-1.01714e-08	6.9e-13	4.3856e-06	-4.3869e-06	3.58056e-08	-1.56986e-08	-6.6e-13	4.3858e-06	-4.4086e-06
-0.14	-7.4474e-09	-1.6578e-09	4.4e-13	4.4537e-06	-4.443e-06	-3.7704e-09	-1.9353e-09	-8.3e-13	4.3886e-06	-4.3808e-06	-4.949e-11	-2.5926e-09	-4.1e-13	4.3816e-06	-4.3739e-06	4.8399e-09	-3.9165e-09	-7.5e-13	4.3875e-06	-4.3888e-06	1.1694e-08	-6.2202e-09	8e-13	4.388e-06	-4.389e-06	2.14858e-08	-9.8814e-09	-3.1e-13	4.3815e-06	-4.3934e-06	3.55792e-08	-1.53364e-08	4.6e-13	4.3828e-06	-4.4036e-06
-0.135	-7.4428e-09	-1.5315e-09	-2e-13	4.4546e-06	-4.44e-06	-3.7882e-09	-1.7976e-09	2e-14	4.3971e-06	-4.3881e-06	-6.852e-11	-2.4396e-09	-2.5e-13	4.3809e-06	-4.3768e-06	4.7536e-09	-3.7254e-09	3.6e-13	4.3842e-06	-4.3816e-06	1.1587e-08	-5.9982e-09	9.9e-13	4.3796e-06	-4.383e-06	2.13132e-08	-9.6068e-09	-1.82e-12	4.3807e-06	-4.3944e-06	3.53188e-08	-1.49926e-08	-2.2e-13	4.3835e-06	-4.403e-06
-0.13	-7.462e-09	-1.4196e-09	-8.5e-13	4.4589e-06	-4.4412e-06	-3.7962e-09	-1.6714e-09	-5.1e-13	4.3915e-06	-4.3916e-06	-9.109e-11	-2.3013e-09	-3.2e-13	4.3773e-06	-4.3708e-06	4.7269e-09	-3.5575e-09	1e-12	4.3827e-06	-4.3831e-06	1.14984e-08	-5.7946e-09	5e-14	4.3767e-06	-4.3774e-06	2.11582e-08	-9.3657e-09	-9e-14	4.3837e-06	-4.3934e-06	3.50928e-08	-1.46722e-08	-8.2e-13	4.3858e-06	-4.408e-06
-0.125	-7.4602e-09	-1.3136e-09	1.4e-13	4.4579e-06	-4.442e-06	-3.818e-09	-1.5591e-09	5e-14	4.4012e-06	-4.3929e-06	-1.3374e-10	-2.1675e-09	1.69e-12	4.374e-06	-4.3786e-06	4.6492e-09	-3.4014e-09	8.3e-13	4.3926e-06	-4.3928e-06	1.1398e-08	-5.5943e-09	-1e-13	4.3781e-06	-4.3809e-06	2.10204e-08	-9.1204e-09	1.34e-12	4.3775e-06	-4.3882e-06	3.4808e-08	-1.4337e-08	6.8e-13	4.3889e-06	-4.4018e-06
-0.12	-7.4598e-09	-1.2156e-09	-6.4e-13	4.448e-06	-4.4388e-06	-3.8285e-09	-1.4576e-09	7.6e-13	4.3999e-06	-4.392e-06	-1.5772e-10	-2.0471e-09	6e-14	4.3714e-06	-4.368e-06	4.6053e-09	-3.259e-09	7.1e-13	4.3904e-06	-4.3865e-06	1.13054e-08	-5.415e-09	-1.08e-12	4.3784e-06	-4.383e-06	2.09e-08	-8.8843e-09	1.1e-13	4.3869e-06	-4.3919e-06	3.45982e-08	-1.40456e-08	1.5e-13	4.3901e-06	-4.4107e-06
-0.115	-7.4835e-09	-1.1321e-09	6.8e-13	4.447e-06	-4.4374e-06	-3.84e-09	-1.3655e-09	-1.6e-13	4.4065e-06	-4.398e-06	-1.959e-10	-1.9394e-09	-1.18e-12	4.3798e-06	-4.3684e-06	4.5529e-09	-3.1239e-09	-3.7e-13	4.3899e-06	-4.3905e-06	1.11894e-08	-5.2344e-09	-7.8e-13	4.3851e-06	-4.3872e-06	2.07048e-08	-8.6668e-09	5.2e-13	4.3919e-06	-4.3943e-06	3.43904e-08	-1.37486e-08	6e-13	4.3929e-06	-4.4092e-06
-0.11	-7.479e-09	-1.0543e-09	-2.1e-13	4.4482e-06	-4.4397e-06	-3.8651e-09	-1.2743e-09	5.7e-13	4.4067e-06	-4.4015e-06	-2.0971e-10	-1.8416e-09	2.2e-13	4.379e-06	-4.3738e-06	4.4881e-09	-2.9989e-09	-1.12e-12	4.3889e-06	-4.3891e-06	1.11214e-08	-5.0767e-09	-1.35e-12	4.3844e-06	-4.3862e-06	2.0563e-08	-8.4343e-09	-1.7e-13	4.3777e-06	-4.3875e-06	3.41634e-08	-1.34792e-08	-3.2e-13	4.3859e-06	-4.4035e-06
-0.105	-7.4951e-09	-9.8155e-10	2.6e-13	4.4423e-06	-4.4301e-06	-3.8613e-09	-1.1987e-09	-5.8e-13	4.4035e-06	-4.4009e-06	-2.467e-10	-1.7466e-09	-1.25e-12	4.3792e-06	-4.3756e-06	4.4344e-09	-2.8802e-09	3.4e-13	4.3915e-06	-4.3847e-06	1.1009e-08	-4.9111e-09	-1.06e-12	4.3766e-06	-4.3802e-06	2.04188e-08	-8.2506e-09	1.3e-13	4.3824e-06	-4.3913e-06	3.3915e-08	-1.3202e-08	-4.2e-13	4.3883e-06	-4.407e-06
-0.1	-7.4787e-09	-9.2471e-10	-1.1e-12	4.4422e-06	-4.4303e-06	-3.8925e-09	-1.1291e-09	-7.1e-13	4.4017e-06	-4.3941e-06	-2.8168e-10	-1.6629e-09	-1e-14	4.3765e-06	-4.3688e-06	4.3822e-09	-2.7677e-09	-1.54e-12	4.3868e-06	-4.3825e-06	1.09214e-08	-4.7647e-09	-1.98e-12	4.3796e-06	-4.3808e-06	2.0263e-08	-8.0392e-09	-4.9e-13	4.3886e-06	-4.4017e-06	3.36022e-08	-1.29514e-08	-7.3e-13	4.3906e-06	-4.4093e-06
-0.095	-7.5068e-09	-8.643e-10	1.13e-12	4.444e-06	-4.4326e-06	-3.8833e-09	-1.0602e-09	-7e-13	4.3981e-06	-4.3975e-06	-2.9399e-10	-1.5827e-09	-3e-13	4.3737e-06	-4.374e-06	4.3301e-09	-2.666e-09	7.3e-13	4.3888e-06	-4.3853e-06	1.0827e-08	-4.6346e-09	-9.1e-13	4.3801e-06	-4.3817e-06	2.01028e-08	-7.8593e-09	-4.6e-13	4.3889e-06	-4.3974e-06	3.3463e-08	-1.27002e-08	7.7e-13	4.389e-06	-4.408e-06
-0.09	-7.5108e-09	-8.1194e-10	-2.9e-13	4.4388e-06	-4.4319e-06	-3.8992e-09	-1.0059e-09	-4e-14	4.4074e-06	-4.3932e-06	-3.3088e-10	-1.5047e-09	-1.6e-13	4.3869e-06	-4.3808e-06	4.2883e-09	-2.5712e-09	2.6e-13	4.3828e-06	-4.3854e-06	1.07324e-08	-4.5036e-09	8.7e-13	4.3812e-06	-4.3852e-06	2.00076e-08	-7.6709e-09	8e-14	4.3854e-06	-4.3973e-06	3.32002e-08	-1.24564e-08	-8.6e-13	4.384e-06	-4.4056e-06
-0.085	-7.5135e-09	-7.6434e-10	-2e-13	4.437e-06	-4.4244e-06	-3.9189e-09	-9.5216e-10	7.5e-13	4.4074e-06	-4.4018e-06	-3.386e-10	-1.4387e-09	7.2e-13	4.3801e-06	-4.3758e-06	4.2136e-09	-2.4755e-09	1.06e-12	4.3803e-06	-4.3816e-06	1.06632e-08	-4.37e-09	2e-14	4.3873e-06	-4.3869e-06	1.98706e-08	-7.4876e-09	-1.33e-12	4.3878e-06	-4.4034e-06	3.30494e-08	-1.2217e-08	-1.34e-12	4.3854e-06	-4.4061e-06
-0.08	-7.5089e-09	-7.2432e-10	-7.6e-13	4.4262e-06	-4.4224e-06	-3.915e-09	-9.0283e-10	-1.56e-12	4.4013e-06	-4.3935e-06	-3.6806e-10	-1.3716e-09	5.2e-13	4.3873e-06	-4.3786e-06	4.1951e-09	-2.3821e-09	1.9e-13	4.3852e-06	-4.3839e-06	1.05624e-08	-4.2408e-09	2.5e-13	4.384e-06	-4.3907e-06	1.9722e-08	-7.3277e-09	-2e-14	4.3906e-06	-4.3978e-06	3.28158e-08	-1.19876e-08	4.7e-13	4.3911e-06	-4.4095e-06
-0.075	-7.5153e-09	-6.8426e-10	-1.6e-13	4.4276e-06	-4.4204e-06	-3.9442e-09	-8.5687e-10	-1e-12	4.4094e-06	-4.4042e-06	-3.9027e-10	-1.3166e-09	-7.5e-13	4.3878e-06	-4.3815e-06	4.138e-09	-2.3095e-09	-6.5e-13	4.3877e-06	-4.3904e-06	1.04982e-08	-4.135e-09	-5.6e-13	4.3751e-06	-4.3801e-06	1.95834e-08	-7.1674e-09	-1.17e-12	4.3874e-06	-4.4006e-06	3.25894e-08	-1.17546e-08	-7.1e-13	4.3903e-06	-4.4118e-06
-0.07	-7.5317e-09	-6.4586e-10	-4.5e-13	4.4297e-06	-4.4236e-06	-3.9326e-09	-8.1066e-10	-1.46e-12	4.3952e-06	-4.3915e-06	-3.9897e-10	-1.2626e-09	-8.1e-13	4.3894e-06	-4.3888e-06	4.1054e-09	-2.2281e-09	-7.2e-13	4.3893e-06	-4.3892e-06	1.04206e-08	-4.0104e-09	2e-14	4.3812e-06	-4.3926e-06	1.94372e-08	-7.0086e-09	-4.4e-13	4.3901e-06	-4.3996e-06	3.24074e-08	-1.15434e-08	-2.1e-13	4.3833e-06	-4.4049e-06
-0.065	-7.5401e-09	-6.142e-10	1.9e-13	4.4284e-06	-4.4119e-06	-3.9662e-09	-7.697e-10	1.17e-12	4.3986e-06	-4.3882e-06	-4.3244e-10	-1.2127e-09	2e-13	4.3887e-06	-4.3883e-06	4.0484e-09	-2.1554e-09	-8.8e-13	4.385e-06	-4.3908e-06	1.04054e-08	-3.9083e-09	2.1e-13	4.3897e-06	-4.392e-06	1.93156e-08	-6.8464e-09	-3.6e-13	4.3965e-06	-4.4056e-06	3.22148e-08	-1.13236e-08	-1.24e-12	4.3805e-06	-4.3975e-06
-0.06	-7.5424e-09	-5.8393e-10	-2.7e-13	4.4249e-06	-4.4147e-06	-3.9636e-09	-7.3737e-10	2.2e-13	4.3994e-06	-4.3943e-06	-4.7222e-10	-1.1622e-09	7.4e-13	4.3945e-06	-4.391e-06	4.0092e-09	-2.0831e-09	-7.6e-13	4.3818e-06	-4.3818e-06	1.02638e-08	-3.806e-09	-1e-14	4.3857e-06	-4.3914e-06	1.91976e-08	-6.696e-09	-1.5e-12	4.399e-06	-4.4143e-06	3.20448e-08	-1.11134e-08	-9.7e-13	4.3743e-06	-4.3967e-06
-0.055	-7.5625e-09	-5.5662e-10	6.5e-13	4.4278e-06	-4.4212e-06	-3.9877e-09	-7.0417e-10	-3.3e-13	4.397e-06	-4.3911e-06	-4.8069e-10	-1.1168e-09	-1.03e-12	4.3942e-06	-4.3919e-06	3.9658e-09	-2.0159e-09	-2.5e-13	4.3861e-06	-4.392e-06	1.01816e-08	-3.6955e-09	-5.3e-13	4.3919e-06	-4.3923e-06	1.90416e-08	-6.5461e-09	2.9e-13	4.3958e-06	-4.4068e-06	3.17882e-08	-1.09072e-08	-1.23e-12	4.3833e-06	-4.3995e-06
-0.05	-7.5496e-09	-5.3617e-10	-5e-14	4.427e-06	-4.415e-06	-3.9822e-09	-6.7453e-10	1.6e-13	4.3939e-06	-4.3843e-06	-5.0557e-10	-1.071e-09	2e-13	4.3901e-06	-4.3878e-06	3.9186e-09	-1.9551e-09	-1.33e-12	4.3796e-06	-4.3823e-06	1.01226e-08	-3.6089e-09	-5e-14	4.3824e-06	-4.3866e-06	1.89202e-08	-6.4056e-09	-7.6e-13	4.3917e-06	-4.4014e-06	3.15918e-08	-1.07086e-08	-5e-14	4.3858e-06	-4.406e-06
-0.045	-7.5618e-09	-5.1199e-10	-9e-13	4.4296e-06	-4.4195e-06	-3.989e-09	-6.4341e-10	2.6e-13	4.396e-06	-4.3923e-06	-5.1413e-10	-1.0324e-09	1.8e-13	4.3905e-06	-4.3852e-06	3.8771e-09	-1.8878e-09	5.2e-13	4.3871e-06	-4.3853e-06	1.00428e-08	-3.5122e-09	5.6e-13	4.3846e-06	-4.3908e-06	1.87994e-08	-6.2709e-09	-1.1e-13	4.3955e-06	-4.4046e-06	3.1421e-08	-1.05078e-08	6.9e-13	4.3774e-06	-4.4059e-06
-0.04	-7.5722e-09	-4.8911e-10	-1.43e-12	4.4301e-06	-4.4199e-06	-3.9914e-09	-6.195e-10	-1.3e-13	4.4019e-06	-4.3923e-06	-5.2689e-10	-9.937e-10	-1.03e-12	4.3922e-06	-4.3883e-06	3.844e-09	-1.8354e-09	-1.07e-12	4.3862e-06	-4.3855e-06	9.9742e-09	-3.4212e-09	-1.74e-12	4.379e-06	-4.3887e-06	1.87416e-08	-6.132e-09	-3.3e-13	4.3957e-06	-4.4049e-06	3.1252e-08	-1.03144e-08	1.14e-12	4.3806e-06	-4.4078e-06
-0.035	-7.5748e-09	-4.6723e-10	-1.52e-12	4.4221e-06	-4.4165e-06	-4.0022e-09	-5.9185e-10	5e-13	4.3962e-06	-4.3932e-06	-5.6257e-10	-9.5761e-10	8e-13	4.3973e-06	-4.3917e-06	3.9059e-09	-1.7781e-09	-9.6e-13	4.3868e-06	-4.3914e-06	9.936e-09	-3.3329e-09	1.9e-13	4.3851e-06	-4.393e-06	1.85844e-08	-5.9993e-09	1.14e-12	4.3891e-06	-4.396e-06	3.1031e-08	-1.01214e-08	1.59e-12	4.3935e-06	-4.4074e-06
-0.03	-7.5944e-09	-4.5029e-10	5.3e-13	4.4254e-06	-4.4089e-06	-3.9885e-09	-5.6826e-10	-4.9e-13	4.3879e-06	-4.3851e-06	-5.7744e-10	-9.247e-10	-7e-14	4.3852e-06	-4.3852e-06	3.7555e-09	-1.723e-09	-9.4e-13	4.3848e-06	-4.3836e-06	9.8128e-09	-3.246e-09	-3.7e-13	4.3865e-06	-4.3926e-06	1.84582e-08	-5.8724e-09	5.1e-13	4.3901e-06	-4.4091e-06	3.08638e-08	-9.9416e-09	5.8e-13	4.3795e-06	-4.4033e-06
-0.025	-7.5828e-09	-4.3353e-10	-8.8e-13	4.4309e-06	-4.4162e-06	-4.0266e-09	-5.4583e-10	1.12e-12	4.3925e-06	-4.3855e-06	-5.986e-10	-8.9069e-10	3.3e-13	4.3875e-06	-4.3848e-06	3.7278e-09	-1.6674e-09	-3.2e-13	4.3859e-06	-4.383e-06	9.703e-09	-3.1603e-09	-1.5e-13	4.3803e-06	-4.3864e-06	1.83728e-08	-5.7435e-09	2.4e-13	4.4001e-06	-4.4085e-06	3.06982e-08	-9.76e-09	7.02e-12	4.3805e-06	-4.4055e-06
-0.02	-7.6003e-09	-4.1899e-10	-9.5e-13	4.417e-06	-4.4069e-06	-4.0165e-09	-5.2684e-10	3.1e-13	4.3988e-06	-4.3919e-06	-6.045e-10	-8.5714e-10	-2.8e-13	4.3876e-06	-4.3834e-06	3.6908e-09	-1.6174e-09	1.79e-12	4.3868e-06	-4.3835e-06	9.6716e-09	-3.0821e-09	-7.5e-13	4.3796e-06	-4.3855e-06	1.82492e-08	-5.6169e-09	8.7e-13	4.3985e-06	-4.407e-06	3.05644e-08	-9.5953e-09	1.141e-11	4.3834e-06	-4.406e-06
-0.015	-7.6064e-09	-4.0057e-10	5.2e-13	4.4189e-06	-4.4094e-06	-4.0425e-09	-5.0927e-10	-3.5e-13	4.3961e-06	-4.3845e-06	-6.2257e-10	-8.2859e-10	-2.08e-12	4.3845e-06	-4.3767e-06	3.6533e-09	-1.5682e-09	2.9e-13	4.3901e-06	-4.3949e-06	9.5958e-09	-3.0046e-09	-8.9e-13	4.3818e-06	-4.3856e-06	1.81442e-08	-5.4901e-09	-1.61e-12	4.4016e-06	-4.4108e-06	3.0367e-08	-9.4231e-09	1.069e-11	4.3803e-06	-4.4029e-06
-0.01	-7.5971e-09	-3.8875e-10	-3.2e-13	4.4184e-06	-4.4106e-06	-4.0427e-09	-4.8963e-10	3e-13	4.3889e-06	-4.381e-06	-6.4803e-10	-7.9817e-10	9.3e-13	4.3868e-06	-4.383e-06	3.6116e-09	-1.5231e-09	-2.8e-13	4.3896e-06	-4.3852e-06	9.5138e-09	-2.9284e-09	2.1e-13	4.3854e-06	-4.3901e-06	1.79682e-08	-5.378e-09	3e-13	4.3906e-06	-4.404e-06	3.01778e-08	-9.2448e-09	5.37e-12	4.3888e-06	-4.4102e-06
-0.005	-7.598e-09	-3.7589e-10	-6e-13	4.4249e-06	-4.4097e-06	-4.0336e-09	-4.7332e-10	-1.18e-12	4.3953e-06	-4.3842e-06	-6.0194e-10	-7.7295e-10	-1.24e-12	4.3744e-06	-4.3698e-06	3.6031e-09	-1.4786e-09	-8.4e-13	4.3877e-06	-4.3877e-06	9.4515e-09	-2.8536e-09	5.4e-13	4.3808e-06	-4.3897e-06	1.7898e-08	-5.2533e-09	-7.7e-13	4.3963e-06	-4.4096e-06	3.00332e-08	-9.0802e-09	-1.73e-12	4.3814e-06	-4.4039e-06
0	-7.5987e-09	-3.6225e-10	-7.6e-13	4.4295e-06	-4.4245e-06	-4.0519e-09	-4.5374e-10	9.5e-13	4.3944e-06	-4.3919e-06	-6.8895e-10	-7.459e-10	-2.1e-13	4.3818e-06	-4.3799e-06	3.5524e-09	-1.4323e-09	8.5e-13	4.3827e-06	-4.3847e-06	9.3903e-09	-2.7834e-09	-3e-13	4.3734e-06	-4.3803e-06	1.77846e-08	-5.1533e-09	-9.6e-13	4.3942e-06	-4.4074e-06	2.98074e-08	-8.9084e-09	-9.3e-13	4.3913e-06	-4.4069e-06
0.005	-7.5911e-09	-3.4957e-10	-1.79e-12	4.4187e-06	-4.4071e-06	-4.0503e-09	-4.3869e-10	2.2e-13	4.3883e-06	-4.3837e-06	-6.8366e-10	-7.2183e-10	5.8e-13	4.3793e-06	-4.3706e-06	3.5165e-09	-1.3871e-09	1.29e-12	4.3884e-06	-4.3924e-06	9.3357e-09	-2.7093e-09	1e-13	4.375e-06	-4.3788e-06	1.76596e-08	-5.0329e-09	-3.1e-13	4.4043e-06	-4.4224e-06	2.96264e-08	-8.738e-09	-2.31e-12	4.3815e-06	-4.4034e-06
0.01	-7.6159e-09	-3.3875e-10	-9e-14	4.4265e-06	-4.4215e-06	-4.068e-09	-4.2301e-10	-1.32e-12	4.3844e-06	-4.3781e-06	-6.4616e-10	-6.9797e-10	6.4e-13	4.3803e-06	-4.3848e-06	3.4941e-09	-1.349e-09	5e-14	4.3872e-06	-4.3876e-06	9.2688e-09	-2.6424e-09	9e-14	4.3784e-06	-4.3809e-06	1.75834e-08	-4.9255e-09	0	4.4003e-06	-4.414e-06	2.95064e-08	-8.5779e-09	-1.46e-12	4.385e-06	-4.4047e-06
0.015	-7.6106e-09	-3.2591e-10	-8.5e-13	4.4251e-06	-4.4181e-06	-4.0606e-09	-4.0748e-10	6.7e-13	4.3834e-06	-4.3774e-06	-7.2348e-10	-6.7147e-10	7.6e-13	4.3881e-06	-4.3864e-06	3.4569e-09	-1.3035e-09	1e-12	4.3877e-06	-4.3847e-06	9.1982e-09	-2.5731e-09	1.23e-12	4.378e-06	-4.3803e-06	1.74812e-08	-4.8151e-09	4e-14	4.402e-06	-4.4096e-06	2.9333e-08	-8.4224e-09	1.19e-12	4.3936e-06	-4.4068e-06
0.02	-7.6407e-09	-3.153e-10	-7.1e-13	4.4299e-06	-4.4124e-06	-4.0652e-09	-3.9469e-10	-1.3e-13	4.383e-06	-4.3738e-06	-7.275e-10	-6.5009e-10	-1.02e-12	4.3765e-06	-4.3771e-06	3.4307e-09	-1.268e-09	2.6e-13	4.3815e-06	-4.3849e-06	9.1667e-09	-2.5074e-09	-3.6e-13	4.3848e-06	-4.3827e-06	1.73666e-08	-4.7082e-09	6.5e-13	4.3996e-06	-4.4031e-06	2.91426e-08	-8.2694e-09	3.5e-13	4.39e-06	-4.4026e-06
0.025	-7.6339e-09	-3.026e-10	7.2e-13	4.4224e-06	-4.4074e-06	-4.0847e-09	-3.8068e-10	-8e-14	4.3831e-06	-4.3807e-06	-7.4747e-10	-6.2956e-10	-1.76e-12	4.3827e-06	-4.3753e-06	3.4083e-09	-1.2311e-09	-7e-13	4.3823e-06	-4.3852e-06	9.0844e-09	-2.44e-09	-1.04e-12	4.38e-06	-4.386e-06	1.7305e-08	-4.6043e-09	0	4.3937e-06	-4.401e-06	2.89828e-08	-8.1071e-09	-2.19e-12	4.3961e-06	-4.41e-06
0.03	-7.653e-09	-2.9307e-10	4.4e-13	4.4237e-06	-4.4102e-06	-4.0787e-09	-3.651e-10	2.7e-13	4.3891e-06	-4.3833e-06	-7.5141e-10	-6.0791e-10	6.1e-13	4.3881e-06	-4.3775e-06	3.3581e-09	-1.1888e-09	8.4e-13	4.3835e-06	-4.3854e-06	9.0395e-09	-2.3776e-09	-4.3e-13	4.3768e-06	-4.3821e-06	1.72008e-08	-4.5082e-09	-6e-13	4.3971e-06	-4.4072e-06	2.88368e-08	-7.9576e-09	-6.3e-13	4.3955e-06	-4.4101e-06
0.035	-7.6449e-09	-2.8323e-10	9.8e-13	4.4227e-06	-4.4082e-06	-4.0785e-09	-3.5661e-10	-1.23e-12	4.382e-06	-4.3768e-06	-7.7239e-10	-5.8705e-10	4e-13	4.3793e-06	-4.3768e-06	3.3428e-09	-1.1558e-09	-1.73e-12	4.3816e-06	-4.3842e-06	8.997e-09	-2.3176e-09	3.3e-13	4.3782e-06	-4.3851e-06	1.70798e-08	-4.4084e-09	6.5e-13	4.3904e-06	-4.4008e-06	2.86702e-08	-7.8103e-09	-1.9e-12	4.3911e-06	-4.4095e-06
0.04	-7.6282e-09	-2.7427e-10	2e-14	4.4147e-06	-4.3999e-06	-4.0848e-09	-3.4452e-10	8.8e-13	4.3889e-06	-4.3788e-06	-7.8935e-10	-5.6607e-10	1.5e-13	4.3849e-06	-4.3784e-06	3.307e-09	-1.1225e-09	-1e-13	4.3875e-06	-4.3918e-06	8.9243e-09	-2.2531e-09	-4.4e-13	4.3734e-06	-4.3777e-06	1.6991e-08	-4.3107e-09	-6.1e-13	4.4017e-06	-4.4122e-06	2.8558e-08	-7.6568e-09	-6.4e-13	4.3916e-06	-4.4141e-06
0.045	-7.653e-09	-2.622e-10	-2.01e-12	4.4212e-06	-4.4099e-06	-4.0788e-09	-3.3538e-10	-4.9e-13	4.3907e-06	-4.3823e-06	-7.9416e-10	-5.4654e-10	-1e-14	4.3821e-06	-4.3771e-06	3.2865e-09	-1.0895e-09	2.9e-13	4.3847e-06	-4.3888e-06	8.8865e-09	-2.202e-09	-7.9e-13	4.3817e-06	-4.3914e-06	1.69032e-08	-4.2101e-09	-9.3e-13	4.394e-06	-4.4008e-06	2.84706e-08	-7.5102e-09	-6.7e-13	4.3948e-06	-4.4167e-06
0.05	-7.6422e-09	-2.519e-10	-7e-14	4.4163e-06	-4.4076e-06	-4.099e-09	-3.2239e-10	-3.6e-13	4.3877e-06	-4.379e-06	-8.0638e-10	-5.2684e-10	1.2e-13	4.3825e-06	-4.379e-06	3.2497e-09	-1.0544e-09	8.2e-13	4.3829e-06	-4.3808e-06	8.8167e-09	-2.1412e-09	5.6e-13	4.3749e-06	-4.384e-06	1.68312e-08	-4.1184e-09	3.9e-13	4.3909e-06	-4.398e-06	2.82516e-08	-7.3781e-09	-7.1e-13	4.3979e-06	-4.4159e-06
0.055	-7.6383e-09	-2.4337e-10	-1.46e-12	4.4218e-06	-4.408e-06	-4.0971e-09	-3.1184e-10	6e-13	4.3881e-06	-4.3811e-06	-8.206e-10	-5.1145e-10	1.06e-12	4.3824e-06	-4.3766e-06	3.2411e-09	-1.0184e-09	-8e-14	4.3791e-06	-4.3816e-06	8.9988e-09	-2.0838e-09	9.1e-13	4.3795e-06	-4.3832e-06	1.6729e-08	-4.023e-09	-1.08e-12	4.3826e-06	-4.3975e-06	2.81166e-08	-7.2285e-09	2.31e-12	4.3926e-06	-4.4134e-06
0.06	-7.6686e-09	-2.3373e-10	9.5e-13	4.4247e-06	-4.4134e-06	-4.1016e-09	-3.0169e-10	-9.3e-13	4.3855e-06	-4.3748e-06	-8.1881e-10	-4.9083e-10	-1.4e-13	4.3841e-06	-4.3858e-06	3.2029e-09	-9.8714e-10	1.5e-13	4.3854e-06	-4.3802e-06	8.7411e-09	-2.0279e-09	7e-14	4.38e-06	-4.3862e-06	1.66516e-08	-3.9303e-09	1.31e-12	4.396e-06	-4.4037e-06	2.80134e-08	-7.0957e-09	-1.8e-13	4.3929e-06	-4.4147e-06
0.065	-7.6554e-09	-2.237e-10	7e-14	4.4168e-06	-4.4064e-06	-4.1102e-09	-2.9176e-10	7e-13	4.3873e-06	-4.3793e-06	-8.3884e-10	-4.7719e-10	-3.1e-13	4.3842e-06	-4.3769e-06	3.1956e-09	-9.5752e-10	8.6e-13	4.3862e-06	-4.3857e-06	8.6672e-09	-1.9735e-09	-1.3e-13	4.379e-06	-4.3846e-06	1.65322e-08	-3.8431e-09	-2.5e-13	4.3966e-06	-4.4059e-06	2.78298e-08	-6.9437e-09	6.4e-13	4.384e-06	-4.4089e-06
0.07	-7.6749e-09	-2.1351e-10	-2e-14	4.4216e-06	-4.4101e-06	-4.1117e-09	-2.8011e-10	3e-14	4.3868e-06	-4.3789e-06	-8.4578e-10	-4.5403e-10	1.8e-13	4.3852e-06	-4.3872e-06	3.1503e-09	-9.2696e-10	-8.4e-13	4.3876e-06	-4.3834e-06	8.6424e-09	-1.9217e-09	-1.23e-12	4.3802e-06	-4.3882e-06	1.64778e-08	-3.758e-09	5e-13	4.4005e-06	-4.4128e-06	2.77204e-08	-6.8119e-09	1.8e-13	4.3923e-06	-4.4132e-06
0.075	-7.6584e-09	-2.022e-10	8.1e-13	4.421e-06	-4.4072e-06	-4.1128e-09	-2.7013e-10	-1.2e-13	4.3938e-06	-4.3857e-06	-8.4898e-10	-4.4077e-10	-7e-14	4.3837e-06	-4.379e-06	3.1356e-09	-8.9375e-10	3.7e-13	4.3915e-06	-4.3883e-06	8.5937e-09	-1.8673e-09	-2e-13	4.3756e-06	-4.3794e-06	1.64036e-08	-3.672e-09	1.1e-12	4.4006e-06	-4.4126e-06	2.75752e-08	-6.6832e-09	-1.44e-12	4.3905e-06	-4.4118e-06
0.08	-7.661e-09	-1.9364e-10	4.3e-13	4.424e-06	-4.4074e-06	-4.1148e-09	-2.6405e-10	1.25e-12	4.3925e-06	-4.3871e-06	-8.6849e-10	-4.2775e-10	8.3e-13	4.3769e-06	-4.3744e-06	3.1043e-09	-8.6281e-10	-6.6e-13	4.3818e-06	-4.3822e-06	8.5498e-09	-1.8201e-09	3.9e-13	4.3684e-06	-4.3747e-06	1.63248e-08	-3.5883e-09	-9.1e-13	4.401e-06	-4.4093e-06	2.74776e-08	-6.5458e-09	-2.16e-12	4.3851e-06	-4.4055e-06
0.085	-7.6926e-09	-1.8075e-10	1.03e-12	4.4181e-06	-4.4079e-06	-4.1139e-09	-2.5511e-10	2.9e-13	4.3926e-06	-4.3816e-06	-8.7459e-10	-4.0824e-10	-1e-14	4.3849e-06	-4.3814e-06	3.0707e-09	-8.3621e-10	6.4e-13	4.3866e-06	-4.3869e-06	8.4963e-09	-1.7674e-09	-6e-13	4.3686e-06	-4.3772e-06	1.62254e-08	-3.5026e-09	-5e-14	4.3969e-06	-4.415e-06	2.72812e-08	-6.399e-09	-1.79e-12	4.3848e-06	-4.4061e-06
0.09	-7.6868e-09	-1.7024e-10	-3.1e-13	4.4114e-06	-4.4076e-06	-4.1315e-09	-2.4505e-10	1.17e-12	4.3839e-06	-4.3797e-06	-8.8292e-10	-3.9168e-10	-7.1e-13	4.3851e-06	-4.3846e-06	3.0568e-09	-8.0842e-10	1.04e-12	4.3818e-06	-4.3833e-06	8.4618e-09	-1.7151e-09	1e-14	4.3726e-06	-4.3777e-06	1.6161e-08	-3.4214e-09	-7.8e-13	4.409e-06	-4.4206e-06	2.71574e-08	-6.2739e-09	-1.8e-13	4.3954e-06	-4.4062e-06
0.095	-7.7001e-09	-1.6084e-10	6.2e-13	4.4121e-06	-4.4058e-06	-4.1246e-09	-2.3561e-10	-6.8e-13	4.3929e-06	-4.3834e-06	-8.8323e-10	-3.7663e-10	1.09e-12	4.3767e-06	-4.3785e-06	3.0421e-09	-7.8236e-10	-2.7e-13	4.3842e-06	-4.3831e-06	8.4378e-09	-1.6723e-09	-4.8e-13	4.3699e-06	-4.3805e-06	1.6055e-08	-3.3394e-09	-5.3e-13	4.4062e-06	-4.4122e-06	2.70862e-08	-6.1526e-09	-1.46e-12	4.3911e-06	-4.4123e-06
0.1	-7.6977e-09	-1.4779e-10	1.29e-12	4.4179e-06	-4.4111e-06	-4.133e-09	-2.2435e-10	-4.3e-13	4.3854e-06	-4.3827e-06	-8.99e-10	-3.6288e-10	-6.9e-13	4.3899e-06	-4.3864e-06	3.0035e-09	-7.5585e-10	2.4e-13	4.3823e-06	-4.3843e-06	8.349e-09	-1.6223e-09	3.6e-13	4.3704e-06	-4.3778e-06	1.60086e-08	-3.2605e-09	-1.06e-12	4.3988e-06	-4.4104e-06	2.69164e-08	-6.0266e-09	-6.8e-13	4.3954e-06	-4.4181e-06
0.105	-7.7061e-09	-1.3784e-10	-2.5e-13	4.415e-06	-4.4051e-06	-4.1287e-09	-2.1663e-10	7e-13	4.3926e-06	-4.384e-06	-9.1155e-10	-3.5125e-10	-1.14e-12	4.3851e-06	-4.3851e-06	2.9996e-09	-7.2667e-10	-8.1e-13	4.3948e-06	-4.3959e-06	8.3322e-09	-1.5714e-09	9.8e-13	4.3645e-06	-4.3693e-06	1.59184e-08	-3.186e-09	4e-14	4.3951e-06	-4.4069e-06	2.683e-08	-5.8971e-09	1.4e-13	4.3874e-06	-4.4107e-06
0.11	-7.7112e-09	-1.2535e-10	1.8e-13	4.41e-06	-4.4015e-06	-4.1232e-09	-2.0892e-10	-1e-13	4.3873e-06	-4.3786e-06	-9.2457e-10	-3.3466e-10	8e-14	4.3902e-06	-4.3891e-06	2.974e-09	-6.9972e-10	1.7e-13	4.389e-06	-4.3866e-06	8.3077e-09	-1.5279e-09	-2.04e-12	4.3719e-06	-4.381e-06	1.58394e-08	-3.1039e-09	-5.1e-13	4.3935e-06	-4.4049e-06	2.66836e-08	-5.7751e-09	5.3e-13	4.3914e-06	-4.4117e-06
0.115	-7.6943e-09	-1.1337e-10	-7e-13	4.4095e-06	-4.4014e-06	-4.1386e-09	-1.9897e-10	-6.1e-13	4.3869e-06	-4.3811e-06	-9.2238e-10	-3.2086e-10	-5.9e-13	4.392e-06	-4.3894e-06	2.9571e-09	-6.7531e-10	0	4.3942e-06	-4.399e-06	8.2452e-09	-1.4851e-09	-1.7e-13	4.379e-06	-4.3824e-06	1.5774e-08	-3.0331e-09	-2e-14	4.4007e-06	-4.4019e-06	2.65368e-08	-5.6573e-09	1.07e-12	4.3948e-06	-4.4111e-06
0.12	-7.7191e-09	-1.0177e-10	7.5e-13	4.4182e-06	-4.4117e-06	-4.1353e-09	-1.9195e-10	-3.3e-13	4.3911e-06	-4.3819e-06	-9.3787e-10	-3.0676e-10	-6e-13	4.3871e-06	-4.3791e-06	2.9297e-09	-6.5306e-10	-5e-13	4.3895e-06	-4.3874e-06	8.2148e-09	-1.4367e-09	-1.1e-12	4.3798e-06	-4.3799e-06	1.56898e-08	-2.9558e-09	2e-13	4.3956e-06	-4.4095e-06	2.64042e-08	-5.5505e-09	2e-13	4.3948e-06	-4.4134e-06
0.125	-7.7327e-09	-8.87e-11	3.2e-13	4.4097e-06	-4.4057e-06	-4.1435e-09	-1.8331e-10	3.1e-13	4.391e-06	-4.385e-06	-9.3681e-10	-2.9374e-10	-7e-13	4.3841e-06	-4.3821e-06	2.9169e-09	-6.2861e-10	4.2e-13	4.3976e-06	-4.3924e-06	8.1633e-09	-1.3985e-09	9.2e-13	4.3783e-06	-4.3833e-06	1.56388e-08	-2.88e-09	-2e-13	4.392e-06	-4.4033e-06	2.63068e-08	-5.4311e-09	9.4e-13	4.3906e-06	-4.4085e-06
0.13	-7.7342e-09	-7.341e-11	-9.8e-13	4.4109e-06	-4.4054e-06	-4.1418e-09	-1.7362e-10	1.33e-12	4.3873e-06	-4.3768e-06	-9.4812e-10	-2.8053e-10	-7.8e-13	4.3891e-06	-4.3844e-06	2.9097e-09	-6.0479e-10	5.7e-13	4.3967e-06	-4.3935e-06	8.123e-09	-1.353e-09	2.9e-13	4.3811e-06	-4.3873e-06	1.557e-08	-2.807e-09	1.18e-12	4.3931e-06	-4.4082e-06	2.62248e-08	-5.3242e-09	-8e-13	4.3878e-06	-4.4084e-06
0.135	-7.7651e-09	-6.16e-11	-1.21e-12	4.424e-06	-4.408e-06	-4.1444e-09	-1.6571e-10	-1.14e-12	4.3858e-06	-4.3822e-06	-9.8466e-10	-2.6549e-10	1.11e-12	4.3915e-06	-4.3889e-06	2.8763e-09	-5.8423e-10	6.3e-13	4.4e-06	-4.4003e-06	8.0891e-09	-1.3113e-09	-5.4e-13	4.3882e-06	-4.3923e-06	1.5479e-08	-2.7381e-09	-1.59e-12	4.3948e-06	-4.4037e-06	2.60852e-08	-5.2086e-09	-6.9e-13	4.3914e-06	-4.4116e-06
0.14	-7.765e-09	-4.628e-11	6.6e-13	4.4109e-06	-4.4018e-06	-4.1532e-09	-1.5649e-10	2.9e-13	4.395e-06	-4.3864e-06	-8.9054e-10	-2.5562e-10	1e-13	4.392e-06	-4.3873e-06	2.8776e-09	-5.6009e-10	-3.6e-13	4.3997e-06	-4.3966e-06	8.0669e-09	-1.2701e-09	4e-14	4.3823e-06	-4.3914e-06	1.54082e-08	-2.6628e-09	6.3e-13	4.3991e-06	-4.4113e-06	2.5974e-08	-5.0946e-09	1e-13	4.3944e-06	-4.4112e-06
0.145	-7.7738e-09	-3.312e-11	1.1e-13	4.412e-06	-4.4042e-06	-4.1342e-09	-1.498e-10	-1.8e-13	4.3951e-06	-4.3838e-06	-9.7066e-10	-2.4185e-10	-1.1e-13	4.3892e-06	-4.3907e-06	2.8607e-09	-5.3815e-10	-1.62e-12	4.3994e-06	-4.406e-06	7.9733e-09	-1.2306e-09	2.3e-13	4.3821e-06	-4.3917e-06	1.5323e-08	-2.5998e-09	-4.3e-13	4.4021e-06	-4.4076e-06	2.58818e-08	-4.9864e-09	-2.6e-13	4.3975e-06	-4.4163e-06
0.15	-7.786e-09	-1.817e-11	-3.6e-13	4.4084e-06	-4.4026e-06	-4.137e-09	-1.3783e-10	4.7e-13	4.3901e-06	-4.3872e-06	-9.7215e-10	-2.2919e-10	-1.9e-13	4.387e-06	-4.3857e-06	2.8571e-09	-5.1607e-10	-8e-14	4.3927e-06	-4.4011e-06	7.9924e-09	-1.191e-09	-8e-14	4.3829e-06	-4.39e-06	1.52886e-08	-2.533e-09	-7.7e-13	4.4017e-06	-4.4135e-06	2.57252e-08	-4.8723e-09	2.9e-13	4.3812e-06	-4.4073e-06
0.155	-7.7704e-09	-5.56e-12	-1.65e-12	4.4163e-06	-4.4081e-06	-4.1574e-09	-1.3164e-10	6e-13	4.3851e-06	-4.3809e-06	-9.672e-10	-2.1952e-10	-8e-13	4.3886e-06	-4.386e-06	2.8362e-09	-4.9474e-10	4e-14	4.3959e-06	-4.4011e-06	7.9544e-09	-1.151e-09	-3.9e-13	4.3971e-06	-4.3964e-06	1.522e-08	-2.4615e-09	1.13e-12	4.3917e-06	-4.3992e-06	2.56398e-08	-4.7721e-09	-4e-13	4.3937e-06	-4.4164e-06
0.16	-7.7942e-09	1.155e-11	9e-14	4.4081e-06	-4.4049e-06	-4.1594e-09	-1.2419e-10	-1e-13	4.3873e-06	-4.3797e-06	-9.8853e-10	-2.0704e-10	-4.8e-13	4.3911e-06	-4.3887e-06	2.8125e-09	-4.7326e-10	-4.8e-13	4.4051e-06	-4.4055e-06	7.9266e-09	-1.1153e-09	-8.2e-13	4.3879e-06	-4.3955e-06	1.52102e-08	-2.4009e-09	-1.15e-12	4.3888e-06	-4.4021e-06	2.5527e-08	-4.669e-09	1.13e-12	4.3963e-06	-4.4117e-06
0.165	-7.7982e-09	2.698e-11	8.4e-13	4.4156e-06	-4.4055e-06	-4.1702e-09	-1.1585e-10	0	4.3861e-06	-4.3832e-06	-9.8424e-10	-1.9505e-10	-1.36e-12	4.387e-06	-4.3847e-06	2.7947e-09	-4.5464e-10	4.8e-13	4.4041e-06	-4.4055e-06	7.8929e-09	-1.0782e-09	3.4e-13	4.3828e-06	-4.3883e-06	1.51022e-08	-2.3356e-09	3.3e-13	4.3974e-06	-4.4025e-06	2.54768e-08	-4.5592e-09	-5.5e-13	4.3963e-06	-4.4151e-06
0.17	-7.8067e-09	4.216e-11	-4.5e-13	4.4221e-06	-4.41e-06	-4.1487e-09	-1.0679e-10	8e-13	4.4022e-06	-4.3951e-06	-9.9671e-10	-1.8349e-10	-9.5e-13	4.3862e-06	-4.3824e-06	2.7935e-09	-4.3472e-10	1e-13	4.4056e-06	-4.408e-06	7.8786e-09	-1.0449e-09	5.3e-13	4.3799e-06	-4.385e-06	1.50512e-08	-2.2697e-09	6e-14	4.3967e-06	-4.4087e-06	2.52812e-08	-4.4626e-09	9.1e-13	4.3936e-06	-4.4114e-06
0.175	-7.8425e-09	5.967e-11	-5e-14	4.4197e-06	-4.4145e-06	-4.1738e-09	-9.876e-11	-1.42e-12	4.3845e-06	-4.3827e-06	-1.00336e-09	-1.73e-10	8.9e-13	4.3868e-06	-4.3877e-06	2.7544e-09	-4.1388e-10	7.8e-13	4.4036e-06	-4.408e-06	7.8291e-09	-1.0073e-09	-6.2e-13	4.3764e-06	-4.3846e-06	1.50102e-08	-2.2088e-09	-1.8e-13	4.3946e-06	-4.4082e-06	2.5267e-08	-4.3608e-09	-1.28e-12	4.3858e-06	-4.3987e-06
0.18	-7.845e-09	7.797e-11	-5.1e-13	4.4073e-06	-4.4048e-06	-4.167e-09	-8.898e-11	-5.7e-13	4.3907e-06	-4.3846e-06	-1.00519e-09	-1.6369e-10	2.8e-13	4.3825e-06	-4.3875e-06	2.7696e-09	-3.9547e-10	-1.38e-12	4.3997e-06	-4.3956e-06	7.7986e-09	-9.7357e-10	-6.6e-13	4.385e-06	-4.3914e-06	1.49698e-08	-2.1495e-09	3.6e-13	4.3939e-06	-4.4052e-06	2.5121e-08	-4.2606e-09	2.6e-13	4.3886e-06	-4.4094e-06
0.185	-7.8695e-09	9.725e-11	9e-13	4.4132e-06	-4.406e-06	-4.1409e-09	-8.201e-11	-8.3e-13	4.3966e-06	-4.3905e-06	-1.01606e-09	-1.5363e-10	-6.1e-13	4.3844e-06	-4.3841e-06	2.7411e-09	-3.7698e-10	-7.9e-13	4.3991e-06	-4.4e-06	7.7746e-09	-9.3919e-10	4e-14	4.373e-06	-4.3812e-06	1.4929e-08	-2.09e-09	-2.4e-13	4.392e-06	-4.4021e-06	2.5026e-08	-4.163e-09	-1.7e-13	4.38e-06	-4.4003e-06
0.19	-7.8758e-09	1.1812e-10	-5e-14	4.4052e-06	-4.4009e-06	-4.1873e-09	-7.134e-11	1.9e-13	4.384e-06	-4.3814e-06	-1.00568e-09	-1.4318e-10	-4e-14	4.3893e-06	-4.3838e-06	2.7394e-09	-3.5614e-10	-8.7e-13	4.3979e-06	-4.3984e-06	7.7584e-09	-9.0418e-10	-2.9e-13	4.3787e-06	-4.3825e-06	1.4842e-08	-2.0299e-09	-1e-14	4.3839e-06	-4.3936e-06	2.48964e-08	-4.0708e-09	1.17e-12	4.3906e-06	-4.4088e-06
0.195	-7.8934e-09	1.3684e-10	-4.7e-13	4.4175e-06	-4.4024e-06	-4.1724e-09	-6.368e-11	4.8e-13	4.3948e-06	-4.3846e-06	-1.01695e-09	-1.3238e-10	-1.16e-12	4.3889e-06	-4.3825e-06	2.7165e-09	-3.3805e-10	-4e-14	4.3986e-06	-4.3999e-06	7.7378e-09	-8.7371e-10	-2.32e-12	4.378e-06	-4.3832e-06	1.48306e-08	-1.9758e-09	-8.5e-13	4.3885e-06	-4.3994e-06	2.48798e-08	-3.9734e-09	-8e-14	4.3784e-06	-4.3963e-06
0.2	-7.903e-09	1.5589e-10	5.9e-13	4.4158e-06	-4.3972e-06	-4.1645e-09	-5.513e-11	-6.2e-13	4.3882e-06	-4.376e-06	-1.02588e-09	-1.2167e-10	5.9e-13	4.3874e-06	-4.3801e-06	2.6946e-09	-3.1979e-10	4.6e-13	4.3982e-06	-4.3977e-06	7.6941e-09	-8.382e-10	-3e-13	4.3855e-06	-4.3931e-06	1.47746e-08	-1.9183e-09	-2.9e-13	4.3888e-06	-4.3986e-06	2.4775e-08	-3.8872e-09	-8e-14	4.3787e-06	-4.4018e-06
0.205	-7.9145e-09	1.7995e-10	1.09e-12	4.4166e-06	-4.4026e-06	-4.1923e-09	-4.304e-11	-1.5e-13	4.3821e-06	-4.3738e-06	-1.01023e-09	-1.1043e-10	-1.29e-12	4.3876e-06	-4.3873e-06	2.6868e-09	-3.0379e-10	-3.9e-13	4.395e-06	-4.397e-06	7.6913e-09	-8.0697e-10	-3.4e-13	4.3959e-06	-4.4012e-06	1.46988e-08	-1.8613e-09	-2.8e-13	4.392e-06	-4.4027e-06	2.47016e-08	-3.7942e-09	1.51e-12	4.3886e-06	-4.4044e-06
0.21	-7.9432e-09	2.0087e-10	1.4e-13	4.4173e-06	-4.4053e-06	-4.1777e-09	-3.577e-11	-8.2e-13	4.3869e-06	-4.3811e-06	-1.03216e-09	-1.0056e-10	-8.8e-13	4.3873e-06	-4.3883e-06	2.7874e-09	-2.8751e-10	-3e-13	4.3981e-06	-4.4005e-06	7.6613e-09	-7.7475e-10	-1.4e-13	4.3849e-06	-4.3938e-06	1.46574e-08	-1.8089e-09	2.6e-13	4.3868e-06	-4.396e-06	2.4593e-08	-3.7033e-09	-1.01e-12	4.3848e-06	-4.4023e-06
0.215	-7.9598e-09	2.2474e-10	4.9e-13	4.4124e-06	-4.3993e-06	-4.192e-09	-2.748e-11	2.8e-13	4.3849e-06	-4.3811e-06	-1.02891e-09	-9.13e-11	1.07e-12	4.3917e-06	-4.3839e-06	2.6672e-09	-2.685e-10	-2.8e-13	4.4022e-06	-4.4001e-06	7.6343e-09	-7.4465e-10	-2.1e-13	4.3906e-06	-4.393e-06	1.45778e-08	-1.7545e-09	-5.5e-13	4.3885e-06	-4.3977e-06	2.45194e-08	-3.6129e-09	4.7e-13	4.3809e-06	-4.3956e-06
0.22	-7.9695e-09	2.4965e-10	-1.22e-12	4.4096e-06	-4.3988e-06	-4.2008e-09	-1.653e-11	-1.53e-12	4.39e-06	-4.3841e-06	-1.03143e-09	-8.387e-11	4.7e-13	4.3951e-06	-4.3898e-06	2.6697e-09	-2.5572e-10	-1.36e-12	4.3987e-06	-4.4007e-06	7.6073e-09	-7.1576e-10	-1.34e-12	4.3931e-06	-4.3943e-06	1.45472e-08	-1.7032e-09	1.2e-13	4.3879e-06	-4.3983e-06	2.44316e-08	-3.5299e-09	-1.02e-12	4.3828e-06	-4.4021e-06
0.225	-7.9962e-09	2.7689e-10	8e-14	4.4104e-06	-4.408e-06	-4.2044e-09	-6.38e-12	-1.21e-12	4.3909e-06	-4.3822e-06	-1.05385e-09	-7.453e-11	1.3e-13	4.3864e-06	-4.3787e-06	2.6392e-09	-2.3702e-10	-6e-14	4.3998e-06	-4.4023e-06	7.5729e-09	-6.8398e-10	-5.1e-13	4.3895e-06	-4.3954e-06	1.44924e-08	-1.6514e-09	1.05e-12	4.3779e-06	-4.399e-06	2.43892e-08	-3.4382e-09	-6.8e-13	4.3844e-06	-4.4009e-06
0.23	-8.0099e-09	3.0371e-10	1.4e-13	4.4086e-06	-4.4043e-06	-4.1989e-09	3.59e-12	-2.4e-13	4.3895e-06	-4.3818e-06	-1.0337e-09	-6.533e-11	-7.5e-13	4.3919e-06	-4.3862e-06	2.6313e-09	-2.2017e-10	-3.4e-13	4.3955e-06	-4.3953e-06	7.5657e-09	-6.5801e-10	-9.1e-13	4.3883e-06	-4.3975e-06	1.44784e-08	-1.5996e-09	-8.9e-13	4.394e-06	-4.402e-06	2.43148e-08	-3.3549e-09	-3.1e-13	4.3905e-06	-4.407e-06
0.235	-8.034e-09	3.2938e-10	-4.7e-13	4.4145e-06	-4.403e-06	-4.2028e-09	1.283e-11	3.6e-13	4.3867e-06	-4.3773e-06	-1.03285e-09	-5.566e-11	-1.4e-13	4.3798e-06	-4.3813e-06	2.6289e-09	-2.0632e-10	-7e-14	4.3937e-06	-4.3934e-06	7.5319e-09	-6.3071e-10	-5.7e-13	4.3888e-06	-4.3947e-06	1.4388e-08	-1.5484e-09	-1.5e-13	4.3936e-06	-4.4003e-06	2.42122e-08	-3.2694e-09	-7e-13	4.3953e-06	-4.412e-06
0.24	-8.0641e-09	3.6095e-10	-4e-13	4.4051e-06	-4.3915e-06	-4.2163e-09	2.416e-11	-1.6e-13	4.3849e-06	-4.3805e-06	-1.03673e-09	-4.563e-11	8e-14	4.3839e-06	-4.3811e-06	2.629e-09	-1.904e-10	7.9e-13	4.3915e-06	-4.3871e-06	7.5269e-09	-6.0146e-10	-5.6e-13	4.3898e-06	-4.3978e-06	1.43374e-08	-1.4989e-09	1.2e-13	4.3868e-06	-4.4016e-06	2.44828e-08	-3.1975e-09	2.5e-13	4.3851e-06	-4.4051e-06
0.245	-8.0915e-09	3.9155e-10	-1e-13	4.4149e-06	-4.4027e-06	-4.2119e-09	3.499e-11	-8e-14	4.3864e-06	-4.3811e-06	-1.03947e-09	-3.768e-11	-9.9e-13	4.3836e-06	-4.3762e-06	2.615e-09	-1.7502e-10	-7.9e-13	4.388e-06	-4.386e-06	7.4825e-09	-5.7502e-10	-3.3e-13	4.3857e-06	-4.3896e-06	1.46666e-08	-1.4495e-09	-7.2e-13	4.3919e-06	-4.4005e-06	2.40386e-08	-3.1143e-09	8.2e-13	4.3871e-06	-4.4061e-06
0.25	-8.1182e-09	4.2307e-10	-1.1e-13	4.407e-06	-4.398e-06	-4.2115e-09	4.666e-11	-1.03e-12	4.3843e-06	-4.3797e-06	-1.04467e-09	-2.872e-11	-1.23e-12	4.382e-06	-4.3743e-06	2.6086e-09	-1.6125e-10	-4.5e-13	4.3855e-06	-4.3886e-06	7.4635e-09	-5.4802e-10	4.6e-13	4.3899e-06	-4.3925e-06	1.42506e-08	-1.4067e-09	-5.7e-13	4.39e-06	-4.3971e-06	2.39586e-08	-3.0361e-09	8e-14	4.3828e-06	-4.4059e-06
0.255	-8.1274e-09	4.5767e-10	2.4e-13	4.4121e-06	-4.3995e-06	-4.2273e-09	5.791e-11	5.9e-13	4.3886e-06	-4.382e-06	-1.05579e-09	-1.96e-11	5.1e-13	4.3825e-06	-4.3819e-06	2.6098e-09	-1.4524e-10	-8.2e-13	4.3916e-06	-4.3905e-06	7.4599e-09	-5.2256e-10	3.6e-13	4.3846e-06	-4.3916e-06	1.42396e-08	-1.3598e-09	-5.4e-13	4.3937e-06	-4.4036e-06	2.3875e-08	-2.955e-09	-8e-13	4.3861e-06	-4.404e-06
0.26	-8.1811e-09	4.9483e-10	-1.64e-12	4.4133e-06	-4.4053e-06	-4.2198e-09	6.713e-11	4.6e-13	4.3843e-06	-4.3777e-06	-1.05143e-09	-1.279e-11	3.1e-13	4.3769e-06	-4.3761e-06	2.591e-09	-1.3336e-10	-6.5e-13	4.3877e-06	-4.3947e-06	7.4169e-09	-4.959e-10	-9.9e-13	4.384e-06	-4.3872e-06	1.4206e-08	-1.3154e-09	2.8e-13	4.3937e-06	-4.4101e-06	2.37766e-08	-2.8795e-09	5.9e-13	4.3872e-06	-4.4037e-06
0.265	-8.2089e-09	5.3191e-10	-5e-14	4.4051e-06	-4.403e-06	-4.2491e-09	8.17e-11	-3.1e-13	4.3923e-06	-4.3839e-06	-1.06737e-09	-2.57e-12	7e-13	4.3808e-06	-4.3747e-06	2.6028e-09	-1.1901e-10	-6e-14	4.3875e-06	-4.3878e-06	7.4275e-09	-4.7265e-10	-5.1e-13	4.3853e-06	-4.3929e-06	1.4153e-08	-1.2695e-09	-1.07e-12	4.3857e-06	-4.4021e-06	2.37162e-08	-2.8064e-09	-2.7e-13	4.388e-06	-4.4064e-06
0.27	-8.2333e-09	5.6971e-10	-3.2e-13	4.4009e-06	-4.3974e-06	-4.2305e-09	9.269e-11	-4.1e-13	4.3982e-06	-4.3885e-06	-1.05151e-09	3.72e-12	-2e-14	4.39e-06	-4.3799e-06	2.5857e-09	-1.0567e-10	-1.28e-12	4.388e-06	-4.3936e-06	7.4031e-09	-4.4711e-10	-3.8e-13	4.3829e-06	-4.3839e-06	1.41096e-08	-1.2236e-09	6.8e-13	4.387e-06	-4.3989e-06	2.36292e-08	-2.7315e-09	-1.24e-12	4.3828e-06	-4.4048e-06
0.275	-8.2928e-09	6.0869e-10	1.6e-13	4.4105e-06	-4.3998e-06	-4.2471e-09	1.0648e-10	-1.6e-13	4.3924e-06	-4.3882e-06	-1.05946e-09	1.323e-11	-1.3e-13	4.392e-06	-4.3885e-06	2.5734e-09	-9.292e-11	1.7e-13	4.3907e-06	-4.3894e-06	7.3609e-09	-4.2224e-10	1.9e-13	4.3914e-06	-4.3912e-06	1.40836e-08	-1.1881e-09	-5.6e-13	4.3942e-06	-4.407e-06	2.3614e-08	-2.6554e-09	-2.4e-13	4.3897e-06	-4.4099e-06
0.28	-8.3164e-09	6.4866e-10	2.3e-13	4.4154e-06	-4.4048e-06	-4.254e-09	1.1825e-10	1.23e-12	4.3842e-06	-4.3808e-06	-1.05976e-09	2.168e-11	6.4e-13	4.3939e-06	-4.3839e-06	2.5813e-09	-8.02e-11	8.7e-13	4.3881e-06	-4.3879e-06	7.3529e-09	-3.9919e-10	-1e-13	4.3913e-06	-4.3903e-06	1.40418e-08	-1.1435e-09	4.7e-13	4.3965e-06	-4.4094e-06	2.3481e-08	-2.5821e-09	-1.06e-12	4.3903e-06	-4.4082e-06
0.285	-8.3484e-09	6.9614e-10	-1.16e-12	4.4179e-06	-4.4068e-06	-4.252e-09	1.3073e-10	-6e-13	4.3911e-06	-4.3854e-06	-1.06278e-09	2.977e-11	-1.1e-13	4.3846e-06	-4.381e-06	2.5601e-09	-6.929e-11	-7.2e-13	4.3844e-06	-4.3879e-06	7.3292e-09	-3.7598e-10	-1.6e-13	4.39e-06	-4.3949e-06	1.39546e-08	-1.1041e-09	1.6e-13	4.3953e-06	-4.4128e-06	2.34432e-08	-2.5169e-09	8.4e-13	4.3937e-06	-4.4166e-06
0.29	-8.4158e-09	7.4019e-10	-5e-14	4.4105e-06	-4.4018e-06	-4.2422e-09	1.4417e-10	-5.6e-13	4.3929e-06	-4.388e-06	-1.07243e-09	3.861e-11	-5.3e-13	4.3765e-06	-4.3791e-06	2.5642e-09	-5.598e-11	4.1e-13	4.3854e-06	-4.3891e-06	7.3223e-09	-3.5507e-10	1.18e-12	4.3874e-06	-4.3906e-06	1.3927e-08	-1.0649e-09	-9.5e-13	4.3925e-06	-4.4055e-06	2.33736e-08	-2.4453e-09	5e-14	4.3908e-06	-4.4165e-06
0.295	-8.4154e-09	7.8595e-10	-6.7e-13	4.4067e-06	-4.398e-06	-4.2645e-09	1.5989e-10	-1e-13	4.3986e-06	-4.3879e-06	-1.06517e-09	4.917e-11	5.9e-13	4.3834e-06	-4.3782e-06	2.5639e-09	-4.266e-11	-2.25e-12	4.3932e-06	-4.393e-06	7.3072e-09	-3.3336e-10	2.1e-13	4.3815e-06	-4.3877e-06	1.38792e-08	-1.0205e-09	1e-13	4.3983e-06	-4.4122e-06	2.33094e-08	-2.3792e-09	3.3e-13	4.3956e-06	-4.4148e-06
0.3	-8.4788e-09	8.3783e-10	-9.7e-13	4.4064e-06	-4.3984e-06	-4.2849e-09	1.7333e-10	8.4e-13	4.3993e-06	-4.3931e-06	-1.05989e-09	5.524e-11	8.4e-13	4.3771e-06	-4.3711e-06	2.5444e-09	-2.962e-11	3.9e-13	4.3909e-06	-4.3916e-06	7.284e-09	-3.1093e-10	7.2e-13	4.3771e-06	-4.3796e-06	1.38844e-08	-9.7988e-10	-1.7e-13	4.4041e-06	-4.4134e-06	2.3285e-08	-2.313e-09	-1.8e-13	4.3897e-06	-4.4126e-06
0.305	-8.51e-09	8.923e-10	-6e-13	4.4036e-06	-4.3984e-06	-4.2943e-09	1.8993e-10	4.8e-13	4.396e-06	-4.3908e-06	-1.07616e-09	6.469e-11	4.8e-13	4.3784e-06	-4.3762e-06	2.5496e-09	-1.906e-11	5.2e-13	4.3837e-06	-4.3896e-06	7.2714e-09	-2.9049e-10	-1.16e-12	4.3831e-06	-4.386e-06	1.38004e-08	-9.4401e-10	-9.5e-13	4.4018e-06	-4.415e-06	2.32376e-08	-2.2461e-09	-9.1e-13	4.4043e-06	-4.4188e-06
0.31	-8.5566e-09	9.4511e-10	-7.9e-13	4.4122e-06	-4.4037e-06	-4.2891e-09	2.0687e-10	9.1e-13	4.3914e-06	-4.3843e-06	-1.06423e-09	7.356e-11	-1e-14	4.3792e-06	-4.3785e-06	2.5352e-09	-8.45e-12	4.2e-13	4.3914e-06	-4.3883e-06	7.2476e-09	-2.6833e-10	-1.2e-13	4.3774e-06	-4.3892e-06	1.38228e-08	-9.0371e-10	-6.9e-13	4.4039e-06	-4.4151e-06	2.31346e-08	-2.1783e-09	0	4.3865e-06	-4.415e-06
0.315	-8.6126e-09	1.00058e-09	1.1e-13	4.4102e-06	-4.4002e-06	-4.3004e-09	2.2041e-10	-4.2e-13	4.3846e-06	-4.3788e-06	-1.06944e-09	8.123e-11	-1.6e-13	4.3731e-06	-4.3688e-06	2.5352e-09	4.95e-12	6.7e-13	4.3857e-06	-4.3872e-06	7.2398e-09	-2.4863e-10	4.7e-13	4.3805e-06	-4.3898e-06	1.37876e-08	-8.7192e-10	6.6e-13	4.3981e-06	-4.4144e-06	2.30686e-08	-2.1202e-09	-3.1e-13	4.399e-06	-4.4161e-06
0.32	-8.6632e-09	1.05943e-09	1.3e-13	4.4018e-06	-4.3966e-06	-4.3108e-09	2.3802e-10	-1.6e-13	4.3893e-06	-4.3841e-06	-1.0951e-09	9.041e-11	1.9e-12	4.374e-06	-4.3757e-06	2.5307e-09	1.441e-11	-5.5e-13	4.3857e-06	-4.3863e-06	7.2181e-09	-2.3139e-10	2e-14	4.3836e-06	-4.3937e-06	1.3747e-08	-8.3631e-10	4.6e-13	4.3968e-06	-4.4057e-06	2.30116e-08	-2.0557e-09	-1.7e-13	4.3972e-06	-4.4205e-06
0.325	-8.7458e-09	1.12085e-09	-2.8e-13	4.4102e-06	-4.3923e-06	-4.3203e-09	2.5333e-10	-9.5e-13	4.3919e-06	-4.3886e-06	-1.07108e-09	9.88e-11	-2.7e-13	4.3787e-06	-4.3738e-06	2.5091e-09	2.598e-11	8.4e-13	4.3841e-06	-4.3827e-06	7.2153e-09	-2.1031e-10	8.7e-13	4.3753e-06	-4.3868e-06	1.36986e-08	-7.956e-10	-2e-13	4.392e-06	-4.4034e-06	2.29164e-08	-1.9956e-09	-1.11e-12	4.3972e-06	-4.4153e-06
0.33	-8.8001e-09	1.1871e-09	-8e-13	4.4066e-06	-4.3945e-06	-4.3335e-09	2.7374e-10	-4e-14	4.3976e-06	-4.3897e-06	-1.08759e-09	1.087e-10	-1.05e-12	4.3805e-06	-4.3787e-06	2.5226e-09	3.838e-11	0	4.3824e-06	-4.3821e-06	7.2178e-09	-1.8946e-10	3e-14	4.3813e-06	-4.3846e-06	1.36792e-08	-7.6312e-10	-1e-14	4.3833e-06	-4.3944e-06	2.28372e-08	-1.9351e-09	2.6e-13	4.3936e-06	-4.4127e-06
0.335	-8.8409e-09	1.2502e-09	-1.14e-12	4.4034e-06	-4.3922e-06	-4.3304e-09	2.9293e-10	-8.8e-13	4.4054e-06	-4.3917e-06	-1.07452e-09	1.1693e-10	2.5e-13	4.378e-06	-4.3706e-06	2.5099e-09	4.847e-11	-1.46e-12	4.3826e-06	-4.3845e-06	7.1724e-09	-1.7092e-10	-6e-13	4.384e-06	-4.3916e-06	1.36566e-08	-7.2884e-10	-7.6e-13	4.3833e-06	-4.3965e-06	2.28306e-08	-1.8746e-09	3e-14	4.3976e-06	-4.4107e-06
0.34	-8.9081e-09	1.3187e-09	9e-14	4.4038e-06	-4.3894e-06	-4.3637e-09	3.1215e-10	6.7e-13	4.392e-06	-4.3891e-06	-1.07829e-09	1.2596e-10	-5e-13	4.3868e-06	-4.383e-06	2.5094e-09	5.983e-11	1.8e-13	4.3796e-06	-4.3827e-06	7.1868e-09	-1.5121e-10	4.1e-13	4.3843e-06	-4.3842e-06	1.36336e-08	-6.9628e-10	-1.57e-12	4.3876e-06	-4.4018e-06	2.27622e-08	-1.8168e-09	2.4e-13	4.395e-06	-4.4145e-06
0.345	-8.9682e-09	1.3879e-09	9.1e-13	4.4005e-06	-4.3907e-06	-4.3683e-09	3.3138e-10	6e-13	4.3976e-06	-4.3914e-06	-1.0782e-09	1.3627e-10	1.6e-13	4.3792e-06	-4.374e-06	2.5144e-09	6.744e-11	-1.13e-12	4.3834e-06	-4.3809e-06	7.1719e-09	-1.3413e-10	-1.17e-12	4.3809e-06	-4.3867e-06	1.36002e-08	-6.6012e-10	9.1e-13	4.3909e-06	-4.3988e-06	2.2729e-08	-1.7636e-09	8.5e-13	4.3944e-06	-4.4172e-06
0.35	-9.0284e-09	1.4604e-09	5.1e-13	4.4012e-06	-4.3925e-06	-4.4054e-09	3.5145e-10	-4.8e-13	4.3919e-06	-4.3885e-06	-1.08577e-09	1.4371e-10	-2.3e-13	4.3796e-06	-4.3757e-06	2.5117e-09	7.894e-11	7e-13	4.3853e-06	-4.3899e-06	7.147e-09	-1.158e-10	3.8e-13	4.382e-06	-4.3863e-06	1.36208e-08	-6.28e-10	-7.9e-13	4.3953e-06	-4.4049e-06	2.26454e-08	-1.7041e-09	-1.1e-13	4.4013e-06	-4.418e-06
0.355	-9.1157e-09	1.531e-09	-4.7e-13	4.4037e-06	-4.3926e-06	-4.3997e-09	3.7414e-10	3.2e-13	4.399e-06	-4.3877e-06	-1.09486e-09	1.5587e-10	-1.4e-13	4.3854e-06	-4.3741e-06	2.5005e-09	8.999e-11	7.1e-13	4.3815e-06	-4.3857e-06	7.1406e-09	-1.0016e-10	-1.1e-13	4.3858e-06	-4.385e-06	1.3577e-08	-5.9902e-10	4.3e-13	4.3956e-06	-4.4082e-06	2.25936e-08	-1.6473e-09	8.2e-13	4.3994e-06	-4.4137e-06
0.36	-9.172e-09	1.6096e-09	-6.7e-13	4.4027e-06	-4.3942e-06	-4.4247e-09	3.9769e-10	3e-13	4.3879e-06	-4.3842e-06	-1.1023e-09	1.6439e-10	1.19e-12	4.375e-06	-4.372e-06	2.5001e-09	9.966e-11	-1.08e-12	4.3849e-06	-4.3842e-06	7.1184e-09	-8.148e-11	-6e-14	4.3837e-06	-4.3893e-06	1.351e-08	-5.6811e-10	8.1e-13	4.3916e-06	-4.3993e-06	2.25472e-08	-1.586e-09	-1.42e-12	4.396e-06	-4.415e-06
0.365	-9.2526e-09	1.6905e-09	-1.04e-12	4.4094e-06	-4.3991e-06	-4.445e-09	4.1945e-10	6.9e-13	4.3918e-06	-4.3873e-06	-1.08552e-09	1.7365e-10	2.1e-13	4.3738e-06	-4.3683e-06	2.4883e-09	1.0947e-10	1.07e-12	4.3873e-06	-4.3879e-06	7.1122e-09	-6.443e-11	1.1e-13	4.3797e-06	-4.3831e-06	1.34984e-08	-5.3539e-10	1.5e-13	4.3957e-06	-4.4049e-06	2.25066e-08	-1.5384e-09	-5.9e-13	4.3904e-06	-4.4101e-06
0.37	-9.3261e-09	1.7728e-09	-2.4e-13	4.4116e-06	-4.4026e-06	-4.4773e-09	4.4667e-10	7.3e-13	4.3971e-06	-4.3895e-06	-1.09691e-09	1.852e-10	-5.1e-13	4.3758e-06	-4.3729e-06	2.4955e-09	1.2004e-10	-4.2e-13	4.3866e-06	-4.3848e-06	7.1029e-09	-4.626e-11	-1.28e-12	4.3898e-06	-4.391e-06	1.35056e-08	-5.0637e-10	7.1e-13	4.3969e-06	-4.4079e-06	2.24608e-08	-1.4897e-09	-3e-14	4.3857e-06	-4.4051e-06
0.375	-9.3977e-09	1.853e-09	-6.6e-13	4.4036e-06	-4.3986e-06	-4.4722e-09	4.7017e-10	-3.3e-13	4.3929e-06	-4.3869e-06	-1.10101e-09	1.9592e-10	-6.9e-13	4.3749e-06	-4.371e-06	2.4689e-09	1.2853e-10	-6e-13	4.3801e-06	-4.3766e-06	7.09e-09	-3.026e-11	1.16e-12	4.3811e-06	-4.389e-06	1.3459e-08	-4.7511e-10	-3e-14	4.3913e-06	-4.4027e-06	2.24168e-08	-1.4364e-09	-9.1e-13	4.3944e-06	-4.4071e-06
0.38	-9.4916e-09	1.9457e-09	-2e-13	4.4024e-06	-4.3934e-06	-4.5123e-09	4.9821e-10	9.5e-13	4.3919e-06	-4.3871e-06	-1.09531e-09	2.0609e-10	-1.24e-12	4.3761e-06	-4.3713e-06	2.4788e-09	1.3821e-10	-2.8e-13	4.3875e-06	-4.3886e-06	7.0891e-09	-1.623e-11	5.7e-13	4.3822e-06	-4.3889e-06	1.34364e-08	-4.4852e-10	-7.6e-13	4.3948e-06	-4.406e-06	2.23318e-08	-1.3831e-09	6.1e-13	4.3911e-06	-4.4108e-06
0.385	-9.5661e-09	2.0326e-09	2.9e-13	4.3994e-06	-4.3859e-06	-4.5251e-09	5.2548e-10	-2e-13	4.3966e-06	-4.3906e-06	-1.11026e-09	2.1656e-10	-3.5e-13	4.3817e-06	-4.3788e-06	2.4879e-09	1.4687e-10	-5.4e-13	4.3809e-06	-4.3797e-06	7.0645e-09	2.6e-13	6.3e-13	4.38e-06	-4.3867e-06	1.34302e-08	-4.2062e-10	-3.1e-13	4.401e-06	-4.4129e-06	2.22766e-08	-1.3372e-09	2e-14	4.3926e-06	-4.4103e-06
0.39	-9.671e-09	2.1268e-09	-2.6e-13	4.412e-06	-4.3988e-06	-4.5579e-09	5.5576e-10	-4e-14	4.3945e-06	-4.3916e-06	-1.1007e-09	2.2756e-10	-1.88e-12	4.3897e-06	-4.3911e-06	2.471e-09	1.5909e-10	3.1e-13	4.3772e-06	-4.379e-06	7.0884e-09	1.605e-11	-1.31e-12	4.3791e-06	-4.384e-06	1.33984e-08	-3.9332e-10	-7.7e-13	4.3981e-06	-4.4063e-06	2.22696e-08	-1.2849e-09	3e-13	4.3904e-06	-4.4067e-06
0.395	-9.7591e-09	2.2201e-09	-1.6e-13	4.4033e-06	-4.3949e-06	-4.5697e-09	5.8816e-10	5.2e-13	4.3997e-06	-4.3898e-06	-1.11724e-09	2.3883e-10	-1.52e-12	4.3844e-06	-4.3788e-06	2.4716e-09	1.6751e-10	-9e-14	4.3753e-06	-4.3809e-06	7.0811e-09	3.009e-11	-4.2e-13	4.3807e-06	-4.3833e-06	1.33762e-08	-3.6373e-10	-1.09e-12	4.3978e-06	-4.4061e-06	2.22578e-08	-1.2386e-09	5e-13	4.394e-06	-4.4082e-06
0.4	-9.8331e-09	2.3221e-09	-1.55e-12	4.3969e-06	-4.3869e-06	-4.5938e-09	6.1944e-10	-1.44e-12	4.3979e-06	-4.3898e-06	-1.11681e-09	2.5062e-10	4.5e-13	4.3793e-06	-4.3767e-06	2.4669e-09	1.7644e-10	-6.2e-13	4.3723e-06	-4.3762e-06	7.0472e-09	4.551e-11	-2.2e-13	4.3784e-06	-4.3825e-06	1.33336e-08	-3.3619e-10	8e-13	4.4028e-06	-4.4165e-06	2.21558e-08	-1.1907e-09	-4.9e-13	4.3933e-06	-4.4126e-06
0.405	-9.9309e-09	2.4193e-09	4e-14	4.3988e-06	-4.3917e-06	-4.6204e-09	6.5213e-10	9e-14	4.3905e-06	-4.382e-06	-1.11079e-09	2.6163e-10	-8e-13	4.3833e-06	-4.3856e-06	2.4799e-09	1.8635e-10	-1.2e-13	4.3752e-06	-4.3799e-06	7.054e-09	5.867e-11	1.25e-12	4.3756e-06	-4.3858e-06	1.33072e-08	-3.1148e-10	-1.67e-12	4.3991e-06	-4.4098e-06	2.2116e-08	-1.1474e-09	-5.4e-13	4.3872e-06	-4.4087e-06
0.41	-1.00117e-08	2.5249e-09	4.3e-13	4.3968e-06	-4.3873e-06	-4.6422e-09	6.8584e-10	5.6e-13	4.3868e-06	-4.3802e-06	-1.13137e-09	2.7422e-10	-6.6e-13	4.388e-06	-4.3868e-06	2.4779e-09	1.9568e-10	1.8e-13	4.3784e-06	-4.3714e-06	7.0338e-09	7.339e-11	-5e-14	4.3787e-06	-4.3806e-06	1.33072e-08	-2.8398e-10	6.1e-13	4.3945e-06	-4.4103e-06	2.21196e-08	-1.1003e-09	-1.19e-12	4.3836e-06	-4.4023e-06
0.415	-1.01256e-08	2.6369e-09	-7.9e-13	4.4009e-06	-4.3874e-06	-4.6798e-09	7.214e-10	3.3e-13	4.3906e-06	-4.3846e-06	-1.13095e-09	2.8576e-10	-5.8e-13	4.3876e-06	-4.3856e-06	2.4655e-09	2.0465e-10	1.07e-12	4.3783e-06	-4.378e-06	7.0268e-09	8.848e-11	-5.5e-13	4.3807e-06	-4.3923e-06	1.32766e-08	-2.5985e-10	2.3e-13	4.3991e-06	-4.4072e-06	2.20196e-08	-1.0566e-09	0	4.3906e-06	-4.4102e-06
0.42	-1.02417e-08	2.7451e-09	-7e-14	4.4003e-06	-4.3862e-06	-4.7126e-09	7.6078e-10	6e-14	4.39e-06	-4.3867e-06	-1.14331e-09	2.9955e-10	-6.8e-13	4.3924e-06	-4.39e-06	2.4734e-09	2.1438e-10	1e-13	4.3829e-06	-4.3797e-06	7.0291e-09	1.02e-10	1.6e-13	4.3835e-06	-4.3941e-06	1.32384e-08	-2.3672e-10	-7.9e-13	4.3999e-06	-4.4077e-06	2.20568e-08	-1.0139e-09	-8.5e-13	4.3892e-06	-4.4091e-06
0.425	-1.03338e-08	2.8569e-09	-1.21e-12	4.3937e-06	-4.3897e-06	-4.7392e-09	7.9941e-10	4e-14	4.3957e-06	-4.3875e-06	-1.1514e-09	3.1359e-10	1.6e-13	4.396e-06	-4.3869e-06	2.4462e-09	2.2335e-10	-1.2e-13	4.374e-06	-4.3787e-06	7.0027e-09	1.157e-10	4.7e-13	4.3874e-06	-4.3875e-06	1.3234e-08	-2.1067e-10	-4.3e-13	4.4024e-06	-4.4142e-06	2.19856e-08	-9.6928e-10	-5.5e-13	4.3904e-06	-4.4075e-06
0.43	-1.04594e-08	2.9719e-09	7.7e-13	4.3987e-06	-4.3879e-06	-4.7845e-09	8.3982e-10	8.3e-13	4.3933e-06	-4.3882e-06	-1.1556e-09	3.2565e-10	1.25e-12	4.3897e-06	-4.384e-06	2.4498e-09	2.3363e-10	9.8e-13	4.3771e-06	-4.3738e-06	7.0091e-09	1.3036e-10	-9.2e-13	4.3844e-06	-4.3897e-06	1.32248e-08	-1.8703e-10	-9e-13	4.401e-06	-4.4152e-06	2.19152e-08	-9.2275e-10	-4.4e-13	4.3834e-06	-4.4015e-06
0.435	-1.05599e-08	3.0917e-09	1.2e-13	4.3937e-06	-4.3784e-06	-4.8197e-09	8.8601e-10	-5.3e-13	4.383e-06	-4.3809e-06	-1.1571e-09	3.393e-10	0	4.392e-06	-4.3864e-06	2.4396e-09	2.395e-10	2.1e-13	4.3806e-06	-4.3858e-06	6.9723e-09	1.4178e-10	-1.04e-12	4.3747e-06	-4.3831e-06	1.31982e-08	-1.6188e-10	-1.2e-13	4.4013e-06	-4.4102e-06	2.19082e-08	-8.881e-10	-2.5e-13	4.3894e-06	-4.4085e-06
0.44	-1.06987e-08	3.2154e-09	5e-14	4.3929e-06	-4.384e-06	-4.8551e-09	9.3028e-10	-6.2e-13	4.3878e-06	-4.3747e-06	-1.1751e-09	3.5631e-10	1.7e-13	4.3907e-06	-4.3806e-06	2.4486e-09	2.5069e-10	4.6e-13	4.3803e-06	-4.382e-06	6.9908e-09	1.557e-10	-8e-14	4.3847e-06	-4.3843e-06	1.31956e-08	-1.4086e-10	-7e-14	4.3999e-06	-4.414e-06	2.18688e-08	-8.4692e-10	7.5e-13	4.3978e-06	-4.4125e-06
0.445	-1.07932e-08	3.3474e-09	7.7e-13	4.3981e-06	-4.3844e-06	-4.8827e-09	9.7767e-10	2.6e-13	4.3827e-06	-4.3772e-06	-1.1646e-09	3.696e-10	3.3e-13	4.3839e-06	-4.3818e-06	2.453e-09	2.5818e-10	-1e-12	4.3851e-06	-4.3815e-06	6.9866e-09	1.6817e-10	-1.26e-12	4.3759e-06	-4.3754e-06	1.31512e-08	-1.1885e-10	9.9e-13	4.4021e-06	-4.4108e-06	2.1832e-08	-8.0537e-10	-2.7e-13	4.3907e-06	-4.4073e-06
0.45	-1.09301e-08	3.4731e-09	8.2e-13	4.3943e-06	-4.385e-06	-4.9264e-09	1.02756e-09	-6e-14	4.389e-06	-4.3851e-06	-1.2014e-09	3.8541e-10	6.3e-13	4.3786e-06	-4.3774e-06	2.4606e-09	2.6871e-10	-2.6e-13	4.3864e-06	-4.3876e-06	6.9664e-09	1.8127e-10	6e-14	4.3777e-06	-4.38e-06	1.31564e-08	-9.429e-11	-8.5e-13	4.3977e-06	-4.4102e-06	2.1778e-08	-7.6848e-10	-1.9e-13	4.3871e-06	-4.4017e-06
0.455	-1.10628e-08	3.6118e-09	7e-13	4.3969e-06	-4.3873e-06	-4.9831e-09	1.07703e-09	4.4e-13	4.3854e-06	-4.3778e-06	-1.1934e-09	4.0176e-10	3.1e-13	4.3796e-06	-4.3808e-06	2.4588e-09	2.797e-10	5e-14	4.3873e-06	-4.3877e-06	6.9891e-09	1.9394e-10	-7e-14	4.3844e-06	-4.383e-06	1.31348e-08	-7.324e-11	1.57e-12	4.3972e-06	-4.4091e-06	2.17614e-08	-7.2756e-10	-5.1e-13	4.3849e-06	-4.4057e-06
0.46	-1.11897e-08	3.7518e-09	1.05e-12	4.3972e-06	-4.3869e-06	-5.017e-09	1.1297e-09	5.6e-13	4.3839e-06	-4.3775e-06	-1.1998e-09	4.1851e-10	-1.79e-12	4.382e-06	-4.3816e-06	2.4579e-09	2.8634e-10	-8.2e-13	4.3867e-06	-4.3869e-06	6.9567e-09	2.044e-10	-3.9e-13	4.3806e-06	-4.3876e-06	1.31068e-08	-5.175e-11	-1.9e-13	4.3981e-06	-4.4014e-06	2.17088e-08	-6.8926e-10	-4.2e-13	4.3878e-06	-4.4095e-06
0.465	-1.13249e-08	3.8952e-09	-8.8e-13	4.3966e-06	-4.392e-06	-5.0588e-09	1.1898e-09	-8.8e-13	4.3851e-06	-4.3847e-06	-1.2262e-09	4.3475e-10	-5.2e-13	4.3845e-06	-4.3797e-06	2.4327e-09	2.9597e-10	-5e-14	4.3874e-06	-4.3914e-06	6.9588e-09	2.1877e-10	1.3e-13	4.3787e-06	-4.3849e-06	1.34424e-08	-3.147e-11	-1.54e-12	4.394e-06	-4.4052e-06	2.17038e-08	-6.506e-10	-7.4e-13	4.389e-06	-4.4062e-06
0.47	-1.14775e-08	4.0486e-09	1.2e-13	4.4052e-06	-4.3884e-06	-5.1236e-09	1.247e-09	-2.2e-13	4.3891e-06	-4.3845e-06	-1.2198e-09	4.5258e-10	2.4e-13	4.3918e-06	-4.3894e-06	2.451e-09	3.0506e-10	-8e-13	4.3835e-06	-4.3818e-06	6.9594e-09	2.3077e-10	3.5e-13	4.3816e-06	-4.389e-06	1.30828e-08	-9.47e-12	5.1e-13	4.3951e-06	-4.4036e-06	2.16198e-08	-6.1439e-10	-2.6e-13	4.3856e-06	-4.4089e-06
0.475	-1.15996e-08	4.1936e-09	-1.02e-12	4.396e-06	-4.3828e-06	-5.1505e-09	1.3043e-09	-7.7e-13	4.3924e-06	-4.3879e-06	-1.239e-09	4.6752e-10	5e-13	4.3937e-06	-4.3913e-06	2.4324e-09	3.1498e-10	6e-14	4.3798e-06	-4.3836e-06	6.8672e-09	2.4085e-10	-8e-14	4.3827e-06	-4.3848e-06	1.3079e-08	9.16e-12	-1.47e-12	4.398e-06	-4.4031e-06	2.15882e-08	-5.793e-10	7.1e-13	4.3826e-06	-4.402e-06
0.48	-1.17648e-08	4.3623e-09	-2.6e-13	4.3923e-06	-4.383e-06	-5.2102e-09	1.3653e-09	-8e-14	4.3958e-06	-4.379e-06	-1.2342e-09	4.8808e-10	-1e-12	4.399e-06	-4.3935e-06	2.4481e-09	3.2496e-10	3.8e-13	4.3827e-06	-4.387e-06	6.9517e-09	2.5436e-10	-2.29e-12	4.3835e-06	-4.3837e-06	1.30468e-08	3.123e-11	-9e-14	4.3898e-06	-4.4056e-06	2.15992e-08	-5.4322e-10	-1.1e-13	4.3856e-06	-4.403e-06
0.485	-1.19224e-08	4.5218e-09	1.43e-12	4.3918e-06	-4.3858e-06	-5.2838e-09	1.431e-09	-1e-14	4.3927e-06	-4.3882e-06	-1.2604e-09	5.0401e-10	-1.74e-12	4.3888e-06	-4.3868e-06	2.4306e-09	3.332e-10	-1.7e-13	4.3879e-06	-4.3908e-06	6.9619e-09	2.6405e-10	-2.35e-12	4.3861e-06	-4.3944e-06	1.30244e-08	4.652e-11	-4.7e-13	4.3938e-06	-4.4003e-06	2.15354e-08	-5.0763e-10	1.05e-12	4.3848e-06	-4.4036e-06
0.49	-1.20912e-08	4.6988e-09	3.1e-13	4.4008e-06	-4.3904e-06	-5.325e-09	1.5009e-09	-5.5e-13	4.3885e-06	-4.3822e-06	-1.2186e-09	5.2687e-10	-1.1e-13	4.388e-06	-4.3861e-06	2.4346e-09	3.4349e-10	-7.4e-13	4.3874e-06	-4.3889e-06	6.9329e-09	2.7302e-10	6.5e-13	4.3902e-06	-4.3947e-06	1.30318e-08	6.697e-11	-5e-14	4.3988e-06	-4.4081e-06	2.17494e-08	-4.7769e-10	-5.7e-13	4.3799e-06	-4.3975e-06
0.495	-1.22602e-08	4.8726e-09	7e-13	4.399e-06	-4.3932e-06	-5.3947e-09	1.5702e-09	3e-13	4.3909e-06	-4.3892e-06	-1.2783e-09	5.4637e-10	-6.7e-13	4.3879e-06	-4.3867e-06	2.4307e-09	3.5445e-10	2.6e-13	4.3892e-06	-4.3849e-06	6.8563e-09	2.8584e-10	-1.32e-12	4.3896e-06	-4.3957e-06	1.29976e-08	8.536e-11	-7e-14	4.4025e-06	-4.4071e-06	2.14502e-08	-4.4162e-10	-8e-14	4.3865e-06	-4.4125e-06
0.5	-1.24464e-08	5.0629e-09	2e-13	4.3986e-06	-4.388e-06	-5.4515e-09	1.6378e-09	1.19e-12	4.3928e-06	-4.387e-06	-1.3027e-09	5.6694e-10	-3.2e-13	4.3795e-06	-4.3795e-06	2.4251e-09	3.6585e-10	-4.33e-12	4.3872e-06	-4.3829e-06	6.9017e-09	2.9729e-10	1.8e-13	4.3862e-06	-4.3959e-06	1.30058e-08	1.0357e-10	8.9e-13	4.3968e-06	-4.4042e-06	2.14066e-08	-4.082e-10	-4.5e-13	4.3841e-06	-4.3995e-06
0.505	-1.2632e-08	5.256e-09	-3.5e-13	4.4016e-06	-4.3896e-06	-5.5227e-09	1.7101e-09	1.03e-12	4.3882e-06	-4.3808e-06	-1.3189e-09	5.9135e-10	9e-14	4.3837e-06	-4.3799e-06	2.4361e-09	3.7553e-10	-7.23e-12	4.3871e-06	-4.3904e-06	6.9532e-09	3.0833e-10	5e-13	4.3877e-06	-4.3935e-06	1.30086e-08	1.204e-10	-1.4e-13	4.3944e-06	-4.4007e-06	2.14476e-08	-3.7717e-10	-4.5e-13	4.3972e-06	-4.409e-06
0.51	-1.2832e-08	5.4596e-09	1.11e-12	4.3978e-06	-4.389e-06	-5.5908e-09	1.7892e-09	1.31e-12	4.3898e-06	-4.3822e-06	-1.2595e-09	6.1417e-10	-5.9e-13	4.3828e-06	-4.3783e-06	2.4394e-09	3.9009e-10	-4.07e-12	4.3831e-06	-4.3823e-06	6.9275e-09	3.1788e-10	-1e-14	4.3812e-06	-4.3908e-06	1.30058e-08	1.3959e-10	-2.9e-13	4.3908e-06	-4.4051e-06	2.1389e-08	-3.4496e-10	3e-13	4.3936e-06	-4.413e-06
0.515	-1.30216e-08	5.6616e-09	-2e-12	4.3988e-06	-4.3855e-06	-5.6545e-09	1.8637e-09	-1.27e-12	4.3845e-06	-4.3815e-06	-1.3478e-09	6.3796e-10	3.5e-13	4.38e-06	-4.3762e-06	2.3955e-09	4.0399e-10	-5.9e-13	4.3835e-06	-4.3824e-06	6.91e-09	3.2968e-10	8e-14	4.3913e-06	-4.398e-06	1.29552e-08	1.5636e-10	5e-13	4.386e-06	-4.4003e-06	2.1347e-08	-3.1297e-10	-4e-14	4.3928e-06	-4.4142e-06
0.52	-1.3247e-08	5.8778e-09	-1.7e-13	4.3951e-06	-4.3858e-06	-5.7478e-09	1.9464e-09	-7.2e-13	4.3893e-06	-4.3782e-06	-1.3562e-09	6.6212e-10	-6.5e-13	4.3849e-06	-4.3822e-06	2.3058e-09	4.1198e-10	-2.6e-13	4.3806e-06	-4.3831e-06	6.9274e-09	3.3945e-10	-2.05e-12	4.3873e-06	-4.3927e-06	1.29502e-08	1.7548e-10	-1.47e-12	4.3945e-06	-4.403e-06	2.1346e-08	-2.852e-10	-2.1e-13	4.3959e-06	-4.4124e-06
0.525	-1.34486e-08	6.0983e-09	-3.9e-13	4.3944e-06	-4.3824e-06	-5.8235e-09	2.0301e-09	-6e-14	4.3867e-06	-4.3819e-06	-1.3859e-09	6.8597e-10	-1.18e-12	4.3875e-06	-4.3863e-06	2.3714e-09	4.2144e-10	1.49e-12	4.3864e-06	-4.3883e-06	6.9316e-09	3.4897e-10	-1.29e-12	4.385e-06	-4.3912e-06	1.29682e-08	1.912e-10	6.1e-13	4.3927e-06	-4.4017e-06	2.1344e-08	-2.5575e-10	-9.3e-13	4.3854e-06	-4.4039e-06
0.53	-1.36674e-08	6.3269e-09	-1.39e-12	4.3839e-06	-4.3776e-06	-5.9069e-09	2.1205e-09	1.6e-13	4.3931e-06	-4.3929e-06	-1.3929e-09	7.1526e-10	-2.4e-13	4.374e-06	-4.3793e-06	2.3976e-09	4.3161e-10	-1.16e-12	4.3836e-06	-4.3839e-06	6.899e-09	3.613e-10	-4.4e-13	4.3892e-06	-4.3989e-06	1.29522e-08	2.0661e-10	-3.3e-13	4.3856e-06	-4.3982e-06	2.12692e-08	-2.2757e-10	3.2e-13	4.3888e-06	-4.4039e-06
0.535	-1.39072e-08	6.5629e-09	6.5e-13	4.3867e-06	-4.3828e-06	-5.9883e-09	2.2099e-09	-8e-14	4.3876e-06	-4.3834e-06	-1.4051e-09	7.4114e-10	-4e-13	4.3821e-06	-4.3789e-06	2.3974e-09	4.409e-10	-1.91e-12	4.3933e-06	-4.3926e-06	6.9091e-09	3.71e-10	-1.8e-13	4.3991e-06	-4.4044e-06	1.293e-08	2.2483e-10	-7.7e-13	4.3842e-06	-4.4023e-06	2.12954e-08	-1.959e-10	-5.5e-13	4.3906e-06	-4.4181e-06
0.54	-1.41222e-08	6.8122e-09	9e-14	4.3985e-06	-4.3861e-06	-6.0644e-09	2.3015e-09	-5.3e-13	4.3874e-06	-4.3846e-06	-1.4414e-09	7.7097e-10	6e-14	4.3894e-06	-4.3862e-06	2.406e-09	4.5058e-10	-2.76e-12	4.3911e-06	-4.3932e-06	6.8801e-09	3.7954e-10	1.4e-12	4.3982e-06	-4.399e-06	1.29062e-08	2.4131e-10	1.02e-12	4.3916e-06	-4.4058e-06	2.12512e-08	-1.6446e-10	-8.4e-13	4.3978e-06	-4.4165e-06
0.545	-1.43932e-08	7.0641e-09	3.1e-13	4.3956e-06	-4.3879e-06	-6.1565e-09	2.3932e-09	1.18e-12	4.3832e-06	-4.3803e-06	-1.47e-09	8.0161e-10	3.7e-13	4.3768e-06	-4.3764e-06	2.4002e-09	4.6253e-10	-1.78e-12	4.3875e-06	-4.3943e-06	6.9079e-09	3.9055e-10	-2.9e-13	4.3881e-06	-4.3936e-06	1.28944e-08	2.5627e-10	-1.1e-13	4.3903e-06	-4.4018e-06	2.1251e-08	-1.387e-10	3.7e-13	4.3852e-06	-4.4026e-06
0.55	-1.46388e-08	7.3282e-09	7.4e-13	4.3949e-06	-4.3806e-06	-6.2318e-09	2.4916e-09	-6.3e-13	4.3851e-06	-4.3818e-06	-1.4838e-09	8.3569e-10	-1.23e-12	4.3886e-06	-4.3825e-06	2.3981e-09	4.758e-10	-1.66e-12	4.3773e-06	-4.3836e-06	6.8803e-09	4.0242e-10	7.4e-13	4.3846e-06	-4.3949e-06	1.2878e-08	2.7148e-10	8.1e-13	4.3928e-06	-4.3992e-06	2.11944e-08	-1.0958e-10	3.6e-13	4.392e-06	-4.4062e-06
0.555	-1.4899e-08	7.6015e-09	-3.6e-13	4.3929e-06	-4.3911e-06	-6.3378e-09	2.5922e-09	-1.38e-12	4.3863e-06	-4.3831e-06	-1.5092e-09	8.6991e-10	5.2e-13	4.3903e-06	-4.3872e-06	2.385e-09	4.8853e-10	-2.85e-12	4.382e-06	-4.3891e-06	6.8826e-09	4.1145e-10	1.03e-12	4.384e-06	-4.3902e-06	1.28704e-08	2.8568e-10	5.9e-13	4.39e-06	-4.4046e-06	2.11766e-08	-8.31e-11	-1.5e-13	4.3863e-06	-4.4062e-06
0.56	-1.517e-08	7.8927e-09	8.7e-13	4.3974e-06	-4.3867e-06	-6.4264e-09	2.6961e-09	-1.15e-12	4.3988e-06	-4.3892e-06	-1.5387e-09	9.0462e-10	-3.3e-13	4.3795e-06	-4.3856e-06	2.354e-09	5.0188e-10	6.1e-13	4.3867e-06	-4.3894e-06	6.8835e-09	4.2103e-10	-1.23e-12	4.3922e-06	-4.4009e-06	1.2871e-08	3.018e-10	3.5e-13	4.3928e-06	-4.4054e-06	2.11284e-08	-5.808e-11	1.8e-13	4.3771e-06	-4.3964e-06
0.565	-1.54692e-08	8.1931e-09	-3.4e-13	4.4009e-06	-4.3907e-06	-6.5457e-09	2.8107e-09	-1.21e-12	4.3894e-06	-4.3885e-06	-1.5702e-09	9.4246e-10	3.9e-13	4.3862e-06	-4.3886e-06	2.3503e-09	5.1481e-10	5.1e-13	4.388e-06	-4.3879e-06	6.9002e-09	4.3142e-10	-6.8e-13	4.3916e-06	-4.3952e-06	1.2838e-08	3.1656e-10	-1.72e-12	4.3968e-06	-4.4137e-06	2.1167e-08	-3.219e-11	7e-14	4.3824e-06	-4.4033e-06
0.57	-1.57788e-08	8.4847e-09	-8.1e-13	4.3968e-06	-4.3817e-06	-6.6283e-09	2.9204e-09	-9.5e-13	4.3894e-06	-4.3869e-06	-1.592e-09	9.8068e-10	-1.04e-12	4.3883e-06	-4.391e-06	2.3616e-09	5.2972e-10	1.21e-12	4.3859e-06	-4.3875e-06	6.8937e-09	4.3982e-10	-1.4e-13	4.3818e-06	-4.3908e-06	1.28496e-08	3.3197e-10	3.8e-13	4.3952e-06	-4.4076e-06	2.10644e-08	-6.13e-12	-4.6e-13	4.3766e-06	-4.3984e-06
0.575	-1.60834e-08	8.8105e-09	-1e-14	4.3974e-06	-4.3886e-06	-6.7599e-09	3.0429e-09	0	4.3973e-06	-4.3859e-06	-1.5689e-09	1.01716e-09	-5.5e-13	4.3957e-06	-4.3917e-06	2.3745e-09	5.4058e-10	-1.68e-12	4.3846e-06	-4.389e-06	6.8627e-09	4.5082e-10	7e-13	4.387e-06	-4.3997e-06	1.28356e-08	3.4495e-10	-1.05e-12	4.3944e-06	-4.4e-06	2.1064e-08	1.94e-11	9e-14	4.3763e-06	-4.3885e-06
0.58	-1.6438e-08	9.1551e-09	6e-14	4.3858e-06	-4.3726e-06	-6.8721e-09	3.1543e-09	-3.3e-13	4.3775e-06	-4.3783e-06	-1.6693e-09	1.06078e-09	1.87e-12	4.3865e-06	-4.3867e-06	2.3495e-09	5.5459e-10	-9.6e-13	4.3916e-06	-4.3916e-06	6.8698e-09	4.6069e-10	7.4e-13	4.3834e-06	-4.3923e-06	1.28516e-08	3.6298e-10	-9e-13	4.385e-06	-4.3978e-06	2.10048e-08	4.455e-11	-1.28e-12	4.3719e-06	-4.3923e-06
0.585	-1.67638e-08	9.4925e-09	-5.8e-13	4.3891e-06	-4.3836e-06	-6.9767e-09	3.2763e-09	6.7e-13	4.3931e-06	-4.3781e-06	-1.6826e-09	1.10488e-09	-9.9e-13	4.3948e-06	-4.3895e-06	2.3387e-09	5.7134e-10	-6.8e-13	4.3889e-06	-4.3831e-06	6.8596e-09	4.6883e-10	-3.3e-13	4.3857e-06	-4.3897e-06	1.28418e-08	3.7491e-10	1.06e-12	4.3838e-06	-4.3963e-06	2.10336e-08	6.779e-11	-3.5e-13	4.3777e-06	-4.4001e-06
0.59	-1.70994e-08	9.8388e-09	8e-14	4.3911e-06	-4.3814e-06	-7.069e-09	3.3938e-09	-3.3e-13	4.3833e-06	-4.3821e-06	-1.7247e-09	1.1521e-09	-6e-13	4.3831e-06	-4.377e-06	2.3237e-09	5.8506e-10	-1.73e-12	4.391e-06	-4.3914e-06	6.862e-09	4.8019e-10	0	4.3897e-06	-4.3944e-06	1.28204e-08	3.8748e-10	-9.9e-13	4.3817e-06	-4.3922e-06	2.10256e-08	9.061e-11	-2.6e-13	4.384e-06	-4.4021e-06
0.595	-1.74626e-08	1.02054e-08	-8.9e-13	4.3909e-06	-4.384e-06	-7.2043e-09	3.523e-09	4.7e-13	4.3874e-06	-4.3836e-06	-1.7791e-09	1.1983e-09	5.4e-13	4.3925e-06	-4.3904e-06	2.3151e-09	6.0268e-10	-1.35e-12	4.393e-06	-4.3955e-06	6.8883e-09	4.9114e-10	-7.5e-13	4.3842e-06	-4.3928e-06	1.2814e-08	4.0369e-10	1.23e-12	4.3879e-06	-4.394e-06	2.09318e-08	1.1627e-10	2.5e-13	4.3826e-06	-4.4011e-06
0.6	-1.78302e-08	1.05865e-08	-5e-14	4.3951e-06	-4.3839e-06	-7.3127e-09	3.6624e-09	-8.4e-13	4.3907e-06	-4.3827e-06	-1.7981e-09	1.2472e-09	4.6e-13	4.3935e-06	-4.3912e-06	2.3108e-09	6.1748e-10	-2.4e-12	4.3843e-06	-4.3933e-06	6.8865e-09	5.0136e-10	-7.1e-13	4.3885e-06	-4.3931e-06	1.27958e-08	4.1625e-10	1.2e-13	4.3781e-06	-4.391e-06	2.10226e-08	1.3877e-10	2.2e-13	4.3791e-06	-4.3975e-06
0.605	-1.82338e-08	1.09969e-08	8.3e-13	4.401e-06	-4.3949e-06	-7.4316e-09	3.7954e-09	2.1e-13	4.3938e-06	-4.384e-06	-1.8405e-09	1.2982e-09	5.2e-13	4.3911e-06	-4.3872e-06	2.3079e-09	6.3423e-10	9.6e-13	4.387e-06	-4.3867e-06	6.865e-09	5.1101e-10	2.3e-13	4.3889e-06	-4.3929e-06	1.28086e-08	4.3012e-10	6.7e-13	4.3779e-06	-4.392e-06	2.09926e-08	1.6208e-10	4.3e-13	4.3818e-06	-4.4037e-06
0.61	-1.86552e-08	1.14179e-08	-1.64e-12	4.3951e-06	-4.3885e-06	-7.5684e-09	3.9324e-09	7e-13	4.3887e-06	-4.3834e-06	-1.9012e-09	1.3501e-09	1.04e-12	4.3848e-06	-4.3848e-06	2.2935e-09	6.531e-10	4.7e-13	4.3857e-06	-4.3839e-06	6.8564e-09	5.2018e-10	-4e-13	4.3848e-06	-4.3887e-06	1.2743e-08	4.4295e-10	-4.4e-13	4.3855e-06	-4.3961e-06	2.09604e-08	1.8314e-10	5.4e-13	4.3876e-06	-4.4027e-06
0.615	-1.9086e-08	1.18694e-08	-1.3e-13	4.3924e-06	-4.3815e-06	-7.7372e-09	4.0799e-09	4.5e-13	4.3855e-06	-4.3813e-06	-1.9476e-09	1.4082e-09	-1.53e-12	4.3907e-06	-4.3863e-06	2.2825e-09	6.6927e-10	-1e-12	4.3816e-06	-4.38e-06	6.8558e-09	5.3132e-10	5.8e-13	4.3871e-06	-4.3905e-06	1.28068e-08	4.567e-10	3e-13	4.3882e-06	-4.3981e-06	2.09276e-08	2.0488e-10	1e-14	4.3753e-06	-4.3978e-06
0.62	-1.95256e-08	1.23154e-08	1.52e-12	4.3927e-06	-4.3842e-06	-7.8866e-09	4.2325e-09	1.11e-12	4.385e-06	-4.3841e-06	-2.0122e-09	1.4656e-09	-1.8e-13	4.3891e-06	-4.3885e-06	2.2752e-09	6.8809e-10	8e-13	4.3891e-06	-4.3892e-06	6.8407e-09	5.406e-10	5.3e-13	4.384e-06	-4.3884e-06	1.27806e-08	4.6793e-10	-1.4e-12	4.3934e-06	-4.4037e-06	2.09524e-08	2.2672e-10	4.1e-13	4.3788e-06	-4.3997e-06
0.625	-1.99864e-08	1.279e-08	8e-13	4.3962e-06	-4.3855e-06	-8.0169e-09	4.3849e-09	-1.18e-12	4.3845e-06	-4.39e-06	-2.0454e-09	1.5258e-09	-1.33e-12	4.3926e-06	-4.3939e-06	2.2729e-09	7.0378e-10	-5.8e-13	4.3874e-06	-4.386e-06	7.0547e-09	5.5261e-10	6.6e-13	4.3827e-06	-4.3926e-06	1.27898e-08	4.8455e-10	3.3e-13	4.3861e-06	-4.3995e-06	2.09184e-08	2.481e-10	-5.2e-13	4.3824e-06	-4.3997e-06
0.63	-2.04582e-08	1.32806e-08	7.7e-13	4.402e-06	-4.3917e-06	-8.1826e-09	4.5491e-09	-1.5e-13	4.3884e-06	-4.3843e-06	-2.1022e-09	1.5898e-09	-3e-13	4.3944e-06	-4.3898e-06	2.2589e-09	7.2388e-10	-3.4e-13	4.3879e-06	-4.3922e-06	6.8477e-09	5.6579e-10	3.9e-13	4.3877e-06	-4.3926e-06	1.27536e-08	4.9341e-10	1.2e-12	4.3844e-06	-4.3957e-06	2.0912e-08	2.6848e-10	-9e-14	4.3834e-06	-4.4006e-06
0.635	-2.09556e-08	1.37778e-08	-9e-14	4.4022e-06	-4.3854e-06	-8.3207e-09	4.7167e-09	9e-13	4.3802e-06	-4.3741e-06	-2.1605e-09	1.6544e-09	2.7e-13	4.3817e-06	-4.3833e-06	2.2543e-09	7.4528e-10	-4.1e-13	4.3909e-06	-4.3913e-06	6.86e-09	5.753e-10	-4.5e-13	4.3879e-06	-4.3848e-06	1.28082e-08	5.0564e-10	4e-13	4.3894e-06	-4.3973e-06	2.08526e-08	2.8953e-10	-1.47e-12	4.383e-06	-4.4037e-06
0.64	-2.14858e-08	1.43154e-08	1.3e-13	4.3991e-06	-4.3929e-06	-8.5066e-09	4.8903e-09	-1e-14	4.379e-06	-4.3749e-06	-2.2437e-09	1.7213e-09	-1.41e-12	4.3857e-06	-4.3874e-06	2.2364e-09	7.6672e-10	-1.11e-12	4.3943e-06	-4.3914e-06	6.8511e-09	5.8431e-10	1.03e-12	4.3784e-06	-4.3852e-06	1.27716e-08	5.1922e-10	1.65e-12	4.3897e-06	-4.396e-06	2.08786e-08	3.1136e-10	-8.7e-13	4.3852e-06	-4.4045e-06
0.645	-2.20252e-08	1.487e-08	-7.7e-13	4.3972e-06	-4.3867e-06	-8.6779e-09	5.0635e-09	-2e-13	4.3859e-06	-4.3837e-06	-2.2839e-09	1.7918e-09	2.4e-13	4.3888e-06	-4.384e-06	2.2158e-09	7.8842e-10	6.7e-13	4.3956e-06	-4.3927e-06	6.8583e-09	5.9573e-10	-1.8e-13	4.3775e-06	-4.3857e-06	1.27486e-08	5.3037e-10	4.2e-13	4.3925e-06	-4.4027e-06	2.0865e-08	3.296e-10	2.5e-13	4.3772e-06	-4.4028e-06
0.65	-2.25734e-08	1.54404e-08	-5e-13	4.3938e-06	-4.3898e-06	-8.8317e-09	5.2422e-09	-1.33e-12	4.381e-06	-4.3798e-06	-2.3381e-09	1.867e-09	-2.4e-13	4.3868e-06	-4.3831e-06	2.2215e-09	8.1056e-10	4.7e-13	4.3886e-06	-4.3888e-06	6.8677e-09	6.0795e-10	-1e-14	4.3802e-06	-4.3895e-06	1.2756e-08	5.4242e-10	-2e-14	4.3851e-06	-4.3974e-06	2.08262e-08	3.5076e-10	-8.1e-13	4.3796e-06	-4.4002e-06
0.655	-2.31556e-08	1.60348e-08	3.3e-13	4.4022e-06	-4.3894e-06	-9.0297e-09	5.4356e-09	5.2e-13	4.3843e-06	-4.3784e-06	-2.4122e-09	1.9402e-09	-7.8e-13	4.3898e-06	-4.3916e-06	2.1887e-09	8.353e-10	1.1e-13	4.3913e-06	-4.3857e-06	6.8441e-09	6.1803e-10	1.07e-12	4.3812e-06	-4.3836e-06	1.27594e-08	5.5516e-10	-1.24e-12	4.3815e-06	-4.3909e-06	2.08378e-08	3.7151e-10	7e-13	4.3865e-06	-4.4036e-06
0.66	-2.37848e-08	1.6653e-08	-8.6e-13	4.3905e-06	-4.385e-06	-9.2253e-09	5.6403e-09	7.2e-13	4.3761e-06	-4.3708e-06	-2.4798e-09	2.0175e-09	-7.6e-13	4.3937e-06	-4.3905e-06	2.1754e-09	8.5764e-10	-1.3e-13	4.3871e-06	-4.3907e-06	6.8598e-09	6.3072e-10	2e-13	4.3786e-06	-4.391e-06	1.27368e-08	5.6419e-10	-2.3e-13	4.3826e-06	-4.3898e-06	2.08172e-08	3.9021e-10	-5.5e-13	4.3908e-06	-4.4089e-06
0.665	-2.44208e-08	1.7331e-08	1.43e-12	4.3919e-06	-4.3828e-06	-9.4152e-09	5.8436e-09	1.4e-13	4.3769e-06	-4.3714e-06	-2.5491e-09	2.0984e-09	-1.4e-12	4.3869e-06	-4.3815e-06	2.1767e-09	8.8482e-10	-8.5e-13	4.3887e-06	-4.3891e-06	6.8235e-09	6.451e-10	1.28e-12	4.3854e-06	-4.3894e-06	1.27588e-08	5.7941e-10	-8.2e-13	4.3928e-06	-4.4003e-06	2.08044e-08	4.0888e-10	-2.2e-13	4.3873e-06	-4.4049e-06
0.67	-2.50878e-08	1.7995e-08	-1.08e-12	4.3987e-06	-4.3874e-06	-9.6281e-09	6.0616e-09	1.26e-12	4.3859e-06	-4.3771e-06	-2.6241e-09	2.186e-09	1.5e-13	4.3919e-06	-4.3842e-06	2.1506e-09	9.1295e-10	1.15e-12	4.3866e-06	-4.3896e-06	6.8351e-09	6.5754e-10	-7.2e-13	4.3815e-06	-4.3863e-06	1.27376e-08	5.9034e-10	-5.3e-13	4.3954e-06	-4.4031e-06	2.0764e-08	4.2702e-10	-4.1e-13	4.3798e-06	-4.3983e-06
0.675	-2.57972e-08	1.87e-08	6e-13	4.3993e-06	-4.3918e-06	-9.8267e-09	6.2696e-09	-3.7e-13	4.3885e-06	-4.3812e-06	-2.6803e-09	2.2642e-09	5.2e-13	4.3913e-06	-4.3895e-06	2.1308e-09	9.3796e-10	-1.02e-12	4.3881e-06	-4.3936e-06	6.8365e-09	6.6953e-10	-4e-13	4.3866e-06	-4.3927e-06	1.27484e-08	6.0241e-10	-1.8e-13	4.3892e-06	-4.4027e-06	2.07662e-08	4.4467e-10	-1.3e-13	4.3763e-06	-4.3952e-06
0.68	-2.65282e-08	1.94644e-08	1.7e-13	4.3931e-06	-4.3815e-06	-1.00553e-08	6.5082e-09	2.8e-13	4.3873e-06	-4.3788e-06	-2.7812e-09	2.3512e-09	4.6e-13	4.3913e-06	-4.3907e-06	2.098e-09	9.6642e-10	4.5e-13	4.3838e-06	-4.3866e-06	6.8422e-09	6.8069e-10	7e-14	4.3868e-06	-4.3913e-06	1.27382e-08	6.1412e-10	-8.8e-13	4.3902e-06	-4.3998e-06	2.07758e-08	4.6422e-10	-2.8e-13	4.3852e-06	-4.4015e-06
0.685	-2.7294e-08	2.02096e-08	5.1e-13	4.3858e-06	-4.3817e-06	-1.028e-08	6.7531e-09	-1.3e-13	4.3833e-06	-4.381e-06	-2.8656e-09	2.4421e-09	0	4.3947e-06	-4.3926e-06	2.0911e-09	9.9692e-10	-3.1e-13	4.3885e-06	-4.3901e-06	6.8232e-09	6.9131e-10	9.2e-13	4.3894e-06	-4.3922e-06	1.27304e-08	6.2313e-10	1.23e-12	4.3894e-06	-4.4071e-06	2.07582e-08	4.7928e-10	-8.7e-13	4.3848e-06	-4.4095e-06
0.69	-2.8133e-08	2.1061e-08	4.9e-13	4.3883e-06	-4.3758e-06	-1.05213e-08	6.9892e-09	-1.64e-12	4.3903e-06	-4.3818e-06	-2.9418e-09	2.5293e-09	-7.5e-13	4.3951e-06	-4.3966e-06	2.0779e-09	1.02403e-09	-2.5e-13	4.3887e-06	-4.3873e-06	6.8076e-09	7.0448e-10	1.9e-13	4.3786e-06	-4.386e-06	1.27604e-08	6.3336e-10	-7.2e-13	4.3913e-06	-4.4015e-06	2.0729e-08	4.9718e-10	9.5e-13	4.3902e-06	-4.4119e-06
0.695	-2.8962e-08	2.19058e-08	-2e-13	4.389e-06	-4.3866e-06	-1.07758e-08	7.252e-09	-7.1e-13	4.3831e-06	-4.3836e-06	-3.0342e-09	2.6321e-09	1.4e-12	4.3985e-06	-4.3876e-06	2.0606e-09	1.05704e-09	4.8e-13	4.383e-06	-4.3828e-06	6.7987e-09	7.1823e-10	3.2e-13	4.3904e-06	-4.3937e-06	1.27652e-08	6.4888e-10	5.7e-13	4.3911e-06	-4.3975e-06	2.07412e-08	5.1606e-10	2.4e-13	4.3882e-06	-4.407e-06
0.7	-2.98424e-08	2.27894e-08	3.4e-13	4.3966e-06	-4.388e-06	-1.10182e-08	7.5196e-09	-1.17e-12	4.391e-06	-4.3793e-06	-3.1241e-09	2.7338e-09	-1e-13	4.3885e-06	-4.384e-06	2.0149e-09	1.08728e-09	-1.29e-12	4.383e-06	-4.3835e-06	6.8118e-09	7.3273e-10	-9.5e-13	4.386e-06	-4.3894e-06	1.30872e-08	6.5656e-10	-8e-14	4.3829e-06	-4.3937e-06	2.07132e-08	5.3506e-10	1.22e-12	4.3822e-06	-4.4066e-06
0.705	-3.0721e-08	2.36788e-08	-5.5e-13	4.3985e-06	-4.3934e-06	-1.13144e-08	7.8053e-09	7.6e-13	4.3934e-06	-4.39e-06	-3.2269e-09	2.8381e-09	-3.4e-13	4.3865e-06	-4.3882e-06	1.98e-09	1.1222e-09	-7.8e-13	4.383e-06	-4.3875e-06	6.7903e-09	7.4641e-10	4.9e-13	4.383e-06	-4.3902e-06	1.27466e-08	6.6716e-10	-1.21e-12	4.4022e-06	-4.4092e-06	2.06692e-08	5.4717e-10	7.7e-13	4.3858e-06	-4.4023e-06
0.71	-3.16804e-08	2.46296e-08	-8e-13	4.4065e-06	-4.392e-06	-1.15424e-08	8.0683e-09	6.7e-13	4.3882e-06	-4.3848e-06	-3.3206e-09	2.9397e-09	5e-13	4.3885e-06	-4.3843e-06	1.9577e-09	1.1599e-09	-1e-12	4.3841e-06	-4.384e-06	6.8093e-09	7.6024e-10	-1.75e-12	4.3876e-06	-4.3873e-06	1.27324e-08	6.7938e-10	2.4e-13	4.4107e-06	-4.4158e-06	2.0706e-08	5.6474e-10	1.2e-13	4.3897e-06	-4.4075e-06
0.715	-3.26722e-08	2.56348e-08	-1.12e-12	4.4038e-06	-4.3966e-06	-1.18214e-08	8.3527e-09	-2e-14	4.3758e-06	-4.3738e-06	-3.41e-09	3.049e-09	-2.5e-13	4.3832e-06	-4.3806e-06	1.9471e-09	1.1971e-09	1.1e-13	4.3858e-06	-4.3909e-06	6.797e-09	7.7539e-10	-8.6e-13	4.382e-06	-4.3863e-06	1.27404e-08	6.9057e-10	-8.5e-13	4.3967e-06	-4.4138e-06	2.06584e-08	5.8034e-10	5.9e-13	4.3766e-06	-4.3987e-06
0.72	-3.36748e-08	2.66418e-08	-4e-13	4.4035e-06	-4.395e-06	-1.2136e-08	8.6692e-09	5.9e-13	4.3822e-06	-4.37e-06	-3.5259e-09	3.1611e-09	3.2e-13	4.3758e-06	-4.3774e-06	1.913e-09	1.2361e-09	9.7e-13	4.3889e-06	-4.3912e-06	6.7893e-09	7.929e-10	-7.8e-13	4.383e-06	-4.3897e-06	1.27172e-08	7.0218e-10	2e-13	4.4069e-06	-4.4129e-06	2.06832e-08	5.9695e-10	-5.2e-13	4.3831e-06	-4.4033e-06
0.725	-3.47292e-08	2.77316e-08	-7.3e-13	4.3929e-06	-4.3889e-06	-1.24392e-08	8.9789e-09	4.9e-13	4.383e-06	-4.3811e-06	-3.6204e-09	3.2739e-09	-1.3e-12	4.3845e-06	-4.3885e-06	1.8589e-09	1.2762e-09	2.15e-12	4.3873e-06	-4.3861e-06	6.7702e-09	8.0719e-10	5.9e-13	4.3818e-06	-4.3872e-06	1.30956e-08	7.1386e-10	-2.9e-13	4.3971e-06	-4.4143e-06	2.0669e-08	6.1366e-10	-7.5e-13	4.3886e-06	-4.4022e-06
0.73	-3.58696e-08	2.8825e-08	4.5e-13	4.4033e-06	-4.3932e-06	-1.2761e-08	9.3111e-09	-3e-14	4.3892e-06	-4.3842e-06	-3.7295e-09	3.3908e-09	-8.8e-13	4.3871e-06	-4.3854e-06	1.8502e-09	1.319e-09	6.8e-13	4.3896e-06	-4.394e-06	6.7708e-09	8.1929e-10	9.6e-13	4.3832e-06	-4.3864e-06	1.27242e-08	7.259e-10	7.2e-13	4.3913e-06	-4.4046e-06	2.07354e-08	6.2765e-10	-1.11e-12	4.3805e-06	-4.4055e-06
0.735	-3.70478e-08	3.006e-08	5.3e-13	4.4016e-06	-4.394e-06	-1.30994e-08	9.6649e-09	-1.06e-12	4.38e-06	-4.3754e-06	-3.8362e-09	3.5068e-09	-2.1e-13	4.3848e-06	-4.3788e-06	1.8077e-09	1.3633e-09	1.49e-12	4.4021e-06	-4.403e-06	6.7639e-09	8.3447e-10	-8.8e-13	4.3862e-06	-4.3897e-06	1.27096e-08	7.3733e-10	2e-13	4.3921e-06	-4.4088e-06	2.06358e-08	6.4431e-10	-7.3e-13	4.3851e-06	-4.4077e-06
0.74	-3.8272e-08	3.12948e-08	1.12e-12	4.399e-06	-4.3861e-06	-1.34434e-08	1.00273e-08	-9.1e-13	4.3815e-06	-4.3794e-06	-3.9503e-09	3.6367e-09	4.7e-13	4.3893e-06	-4.382e-06	1.7728e-09	1.4086e-09	1.3e-13	4.394e-06	-4.3989e-06	6.7298e-09	8.523e-10	8e-13	4.3842e-06	-4.388e-06	1.26972e-08	7.4555e-10	-3.2e-13	4.3955e-06	-4.4045e-06	2.06642e-08	6.6007e-10	-1.05e-12	4.3797e-06	-4.4009e-06
0.745	-3.95596e-08	3.25702e-08	1.7e-13	4.3985e-06	-4.3906e-06	-1.3827e-08	1.03952e-08	-4.4e-13	4.3875e-06	-4.3895e-06	-4.0744e-09	3.7672e-09	7.5e-13	4.3851e-06	-4.3827e-06	1.7329e-09	1.4523e-09	-1e-12	4.3904e-06	-4.3941e-06	6.7662e-09	8.6978e-10	-8.3e-13	4.3815e-06	-4.3892e-06	1.27066e-08	7.5764e-10	9e-14	4.3885e-06	-4.4036e-06	2.06526e-08	6.7561e-10	1.1e-13	4.3823e-06	-4.4057e-06
0.75	-4.08544e-08	3.39088e-08	9.7e-13	4.4047e-06	-4.3974e-06	-1.41766e-08	1.07726e-08	-1.16e-12	4.3871e-06	-4.3816e-06	-4.2074e-09	3.9007e-09	9.2e-13	4.3803e-06	-4.3831e-06	1.7091e-09	1.5043e-09	-7.3e-13	4.3923e-06	-4.3957e-06	6.7338e-09	8.8594e-10	-6.7e-13	4.3885e-06	-4.387e-06	1.2714e-08	7.6941e-10	-1.3e-12	4.3904e-06	-4.4065e-06	2.06532e-08	6.8927e-10	3e-14	4.3824e-06	-4.3994e-06
0.755	-4.22322e-08	3.5315e-08	-1.8e-13	4.4095e-06	-4.4003e-06	-1.4594e-08	1.119e-08	1.09e-12	4.3852e-06	-4.3744e-06	-4.3268e-09	4.033e-09	-6.5e-13	4.3862e-06	-4.3823e-06	1.6604e-09	1.5582e-09	-3.1e-13	4.3925e-06	-4.3917e-06	6.7257e-09	9.0529e-10	7.2e-13	4.383e-06	-4.3931e-06	1.27172e-08	7.8167e-10	3.6e-13	4.3931e-06	-4.4045e-06	2.05938e-08	7.0302e-10	-7e-14	4.3817e-06	-4.3997e-06
0.76	-4.37244e-08	3.67738e-08	-2e-14	4.4095e-06	-4.3972e-06	-1.49604e-08	1.16254e-08	8.1e-13	4.3877e-06	-4.3798e-06	-4.4553e-09	4.1746e-09	-5e-14	4.3787e-06	-4.3763e-06	1.5974e-09	1.6094e-09	2.8e-13	4.3878e-06	-4.3943e-06	6.7324e-09	9.2226e-10	-9.1e-13	4.3865e-06	-4.3907e-06	1.27126e-08	7.917e-10	-5e-13	4.3876e-06	-4.4028e-06	2.06088e-08	7.1895e-10	1.05e-12	4.3831e-06	-4.4043e-06
0.765	-4.52322e-08	3.82826e-08	-1.11e-12	4.4018e-06	-4.3914e-06	-1.54074e-08	1.20572e-08	-8.3e-13	4.3795e-06	-4.3803e-06	-4.5869e-09	4.3255e-09	-8.7e-13	4.3862e-06	-4.3799e-06	1.56e-09	1.6657e-09	2.53e-12	4.3864e-06	-4.3892e-06	6.712e-09	9.4037e-10	-2.5e-13	4.3937e-06	-4.3932e-06	1.26934e-08	8.0591e-10	5.8e-13	4.3906e-06	-4.4006e-06	2.05844e-08	7.2983e-10	-4.7e-13	4.3856e-06	-4.404e-06
0.77	-4.68146e-08	3.99126e-08	-1.03e-12	4.3937e-06	-4.3892e-06	-1.58562e-08	1.25086e-08	-1.1e-13	4.3827e-06	-4.3808e-06	-4.7392e-09	4.4759e-09	-9e-14	4.3848e-06	-4.384e-06	1.5161e-09	1.7234e-09	-4.7e-13	4.3926e-06	-4.39e-06	6.7022e-09	9.613e-10	7.3e-13	4.3892e-06	-4.396e-06	1.27e-08	8.097e-10	2.8e-13	4.3976e-06	-4.4032e-06	2.05718e-08	7.4684e-10	4.3e-13	4.3836e-06	-4.404e-06
0.775	-4.8488e-08	4.156e-08	-2.41e-12	4.3959e-06	-4.3902e-06	-1.63026e-08	1.29804e-08	-9.1e-13	4.3861e-06	-4.377e-06	-4.884e-09	4.6381e-09	-9.3e-13	4.3814e-06	-4.3821e-06	1.4613e-09	1.786e-09	4.8e-13	4.3898e-06	-4.3888e-06	6.6869e-09	9.8132e-10	-2.9e-13	4.3959e-06	-4.4001e-06	1.26838e-08	8.3063e-10	8.7e-13	4.3867e-06	-4.3978e-06	2.05888e-08	7.5894e-10	-3.9e-13	4.3817e-06	-4.4008e-06
0.78	-5.01958e-08	4.3283e-08	-1.13e-12	4.3988e-06	-4.3888e-06	-1.67978e-08	1.34692e-08	-6.3e-13	4.3843e-06	-4.3816e-06	-5.0442e-09	4.8015e-09	1.33e-12	4.3913e-06	-4.3892e-06	1.4168e-09	1.8489e-09	-1.49e-12	4.3825e-06	-4.3861e-06	6.66e-09	1.00174e-09	-7e-14	4.3945e-06	-4.3943e-06	1.2685e-08	8.3969e-10	6.3e-13	4.3884e-06	-4.3993e-06	2.05844e-08	7.7439e-10	-4e-14	4.3796e-06	-4.3991e-06
0.785	-5.2025e-08	4.5144e-08	-5.7e-13	4.3928e-06	-4.3899e-06	-1.7292e-08	1.39764e-08	-1.08e-12	4.3843e-06	-4.3789e-06	-5.2e-09	4.9673e-09	1.26e-12	4.3895e-06	-4.3943e-06	1.351e-09	1.9133e-09	-8.8e-13	4.3836e-06	-4.3887e-06	6.6636e-09	1.02592e-09	-1.7e-12	4.3825e-06	-4.3905e-06	1.26668e-08	8.5236e-10	-5e-14	4.3846e-06	-4.3953e-06	2.05848e-08	7.8722e-10	3.1e-13	4.3839e-06	-4.4049e-06
0.79	-5.39032e-08	4.7017e-08	-4e-14	4.3953e-06	-4.3835e-06	-1.78106e-08	1.45052e-08	5e-14	4.3821e-06	-4.3793e-06	-5.3617e-09	5.1369e-09	-9e-14	4.3892e-06	-4.3816e-06	1.2917e-09	1.9824e-09	-2.3e-13	4.3867e-06	-4.3902e-06	6.6663e-09	1.04677e-09	6.6e-13	4.3957e-06	-4.4036e-06	1.2667e-08	8.6497e-10	-4.4e-13	4.3862e-06	-4.4005e-06	2.05548e-08	8.0126e-10	7.8e-13	4.3894e-06	-4.4052e-06
0.795	-5.59138e-08	4.90442e-08	1.06e-12	4.3905e-06	-4.3857e-06	-1.83722e-08	1.5081e-08	4e-13	4.378e-06	-4.3762e-06	-5.5304e-09	5.314e-09	-5.5e-13	4.3892e-06	-4.386e-06	1.2317e-09	2.0535e-09	-1.5e-12	4.3917e-06	-4.3938e-06	6.6394e-09	1.06986e-09	3e-14	4.3922e-06	-4.3954e-06	1.26856e-08	8.7702e-10	-1.03e-12	4.3854e-06	-4.3939e-06	2.05812e-08	8.1558e-10	-2.1e-13	4.3768e-06	-4.3992e-06
0.8	-5.79998e-08	5.1083e-08	9.8e-13	4.3888e-06	-4.3814e-06	-1.89452e-08	1.5644e-08	6.1e-13	4.383e-06	-4.3759e-06	-5.6863e-09	5.5003e-09	-1.03e-12	4.3921e-06	-4.3909e-06	1.1642e-09	2.128e-09	7e-13	4.3853e-06	-4.3907e-06	6.6224e-09	1.09256e-09	5.8e-13	4.3973e-06	-4.3926e-06	1.26572e-08	8.928e-10	5.4e-13	4.3928e-06	-4.4022e-06	2.05634e-08	8.3107e-10	3e-14	4.3827e-06	-4.406e-06
0.805	-6.01864e-08	5.32694e-08	1.57e-12	4.39e-06	-4.3868e-06	-1.9521e-08	1.6246e-08	1.36e-12	4.3819e-06	-4.3778e-06	-5.8809e-09	5.694e-09	-6.5e-13	4.3935e-06	-4.3907e-06	1.107e-09	2.2001e-09	-2.7e-13	4.3854e-06	-4.3843e-06	6.6045e-09	1.1162e-09	-8.8e-13	4.3908e-06	-4.4006e-06	1.2692e-08	9.0418e-10	-7.2e-13	4.3907e-06	-4.3982e-06	2.05284e-08	8.4498e-10	1.38e-12	4.3925e-06	-4.4061e-06
0.81	-6.2403e-08	5.55394e-08	3.8e-13	4.4073e-06	-4.3959e-06	-2.01374e-08	1.68674e-08	8.4e-13	4.3764e-06	-4.377e-06	-6.0585e-09	5.8821e-09	-2.9e-13	4.3903e-06	-4.3893e-06	1.028e-09	2.2821e-09	2.8e-13	4.3898e-06	-4.3913e-06	6.6003e-09	1.1432e-09	-1.73e-12	4.4018e-06	-4.4059e-06	1.26722e-08	9.1795e-10	-6.5e-13	4.3901e-06	-4.3948e-06	2.05402e-08	8.5747e-10	-1.24e-12	4.3855e-06	-4.4061e-06
0.815	-6.47546e-08	5.79178e-08	1.48e-12	4.4021e-06	-4.3892e-06	-2.077e-08	1.7528e-08	8.1e-13	4.3762e-06	-4.372e-06	-6.2648e-09	6.0929e-09	-1.05e-12	4.3912e-06	-4.3861e-06	1.01688e-09	2.3614e-09	-1.49e-12	4.3941e-06	-4.3987e-06	6.5795e-09	1.1673e-09	-1.16e-12	4.4048e-06	-4.4089e-06	1.26476e-08	9.2847e-10	3e-13	4.3854e-06	-4.3957e-06	2.05498e-08	8.71e-10	-6.9e-13	4.3931e-06	-4.4101e-06
0.82	-6.71682e-08	6.03172e-08	-9.8e-13	4.3981e-06	-4.3889e-06	-2.14384e-08	1.81968e-08	-1.46e-12	4.3779e-06	-4.3747e-06	-6.4768e-09	6.3088e-09	-5e-14	4.39e-06	-4.3916e-06	9.0112e-10	2.447e-09	-1.07e-12	4.3958e-06	-4.3934e-06	6.5529e-09	1.1957e-09	2.01e-12	4.3951e-06	-4.4046e-06	1.26344e-08	9.4284e-10	4e-14	4.3803e-06	-4.3966e-06	2.05534e-08	8.813e-10	-3.8e-13	4.3861e-06	-4.408e-06
0.825	-6.97618e-08	6.29044e-08	9.2e-13	4.3892e-06	-4.3796e-06	-2.21226e-08	1.89052e-08	1.8e-13	4.3814e-06	-4.384e-06	-6.6741e-09	6.5304e-09	-9.6e-13	4.3931e-06	-4.392e-06	8.3484e-10	2.5312e-09	-8.6e-13	4.4003e-06	-4.3981e-06	6.5417e-09	1.2248e-09	1.29e-12	4.3938e-06	-4.4021e-06	1.26546e-08	9.576e-10	8.7e-13	4.3747e-06	-4.3922e-06	2.05202e-08	8.9709e-10	-8.5e-13	4.3784e-06	-4.402e-06
0.83	-7.2505e-08	6.56846e-08	-2.12e-12	4.3938e-06	-4.3783e-06	-2.28754e-08	1.96558e-08	-1.34e-12	4.3805e-06	-4.3748e-06	-6.8446e-09	6.7629e-09	-4.9e-13	4.3816e-06	-4.3764e-06	7.2312e-10	2.625e-09	1.27e-12	4.3923e-06	-4.3907e-06	6.5265e-09	1.254e-09	1.9e-13	4.3958e-06	-4.4052e-06	1.2654e-08	9.7082e-10	-3.6e-13	4.3877e-06	-4.4005e-06	2.05764e-08	9.0855e-10	1.13e-12	4.3766e-06	-4.3957e-06
0.835	-7.53254e-08	6.85328e-08	-5.5e-13	4.3892e-06	-4.3811e-06	-2.35998e-08	2.0394e-08	-9e-13	4.3864e-06	-4.3761e-06	-7.1181e-09	6.9913e-09	-4e-14	4.3888e-06	-4.3882e-06	6.6368e-10	2.7142e-09	6e-13	4.3903e-06	-4.3882e-06	6.4984e-09	1.281e-09	-4.1e-13	4.3992e-06	-4.4099e-06	1.26644e-08	9.8703e-10	-7.3e-13	4.383e-06	-4.3957e-06	2.05536e-08	9.2469e-10	5.5e-13	4.379e-06	-4.3986e-06
0.84	-7.8303e-08	7.15108e-08	-1.43e-12	4.3951e-06	-4.3868e-06	-2.43928e-08	2.1202e-08	-1.57e-12	4.3759e-06	-4.3741e-06	-7.3542e-09	7.2431e-09	-1.49e-12	4.3854e-06	-4.3866e-06	5.7144e-10	2.8046e-09	-6.7e-13	4.3891e-06	-4.3921e-06	6.4923e-09	1.317e-09	-7.9e-13	4.4089e-06	-4.4117e-06	1.26504e-08	1.00105e-09	-9.2e-13	4.3796e-06	-4.3941e-06	2.05278e-08	9.3731e-10	-4.6e-13	4.3735e-06	-4.3926e-06
0.845	-8.13708e-08	7.45734e-08	1e-14	4.3988e-06	-4.3866e-06	-2.52098e-08	2.20298e-08	2e-14	4.381e-06	-4.3761e-06	-7.6032e-09	7.5023e-09	-6.4e-13	4.3838e-06	-4.3843e-06	4.9359e-10	2.9047e-09	-3.4e-13	4.3871e-06	-4.3888e-06	6.461e-09	1.3478e-09	-1.2e-13	4.3892e-06	-4.3941e-06	1.2647e-08	1.01662e-09	4e-14	4.3819e-06	-4.3891e-06	2.05472e-08	9.5125e-10	4.3e-13	4.3759e-06	-4.3977e-06
0.85	-8.46002e-08	7.78306e-08	-3.1e-13	4.4019e-06	-4.3893e-06	-2.61014e-08	2.28974e-08	-3.8e-13	4.3703e-06	-4.3652e-06	-7.8464e-09	7.764e-09	-3.3e-13	4.3862e-06	-4.3806e-06	4.0372e-10	3.0036e-09	-1.37e-12	4.3893e-06	-4.3923e-06	6.4382e-09	1.3824e-09	-8.6e-13	4.3947e-06	-4.3983e-06	1.26376e-08	1.03341e-09	-9e-13	4.3787e-06	-4.3922e-06	2.0474e-08	9.6244e-10	6.2e-13	4.3745e-06	-4.3965e-06
0.855	-8.79864e-08	8.12272e-08	2.9e-13	4.3901e-06	-4.3836e-06	-2.69858e-08	2.38222e-08	2.5e-13	4.3783e-06	-4.3697e-06	-8.1257e-09	8.0326e-09	4.6e-13	4.3868e-06	-4.3858e-06	3.0351e-10	3.1056e-09	1.1e-13	4.3892e-06	-4.3839e-06	6.4034e-09	1.4175e-09	-5e-13	4.3892e-06	-4.3938e-06	1.26254e-08	1.04603e-09	4.3e-13	4.3821e-06	-4.3933e-06	2.04524e-08	9.7383e-10	-1.34e-12	4.3759e-06	-4.4021e-06
0.86	-9.15714e-08	8.48368e-08	-3.4e-13	4.3872e-06	-4.3795e-06	-2.79446e-08	2.47908e-08	1.34e-12	4.3718e-06	-4.3706e-06	-8.3806e-09	8.3026e-09	5.5e-13	4.3806e-06	-4.375e-06	2.0963e-10	3.2095e-09	-3.5e-13	4.3865e-06	-4.3953e-06	6.3753e-09	1.4571e-09	4.4e-13	4.3864e-06	-4.3954e-06	1.26206e-08	1.06172e-09	1.2e-13	4.3815e-06	-4.3943e-06	2.049e-08	9.8865e-10	8.6e-13	4.3845e-06	-4.4014e-06
0.865	-9.53212e-08	8.85426e-08	-4e-14	4.3906e-06	-4.3857e-06	-2.89148e-08	2.57536e-08	8e-14	4.384e-06	-4.3825e-06	-8.6659e-09	8.6019e-09	-1.1e-12	4.3781e-06	-4.3763e-06	1.1521e-10	3.3215e-09	-1.2e-12	4.3868e-06	-4.3896e-06	6.3603e-09	1.4958e-09	5.5e-13	4.3855e-06	-4.3924e-06	1.26198e-08	1.07529e-09	-2.2e-13	4.3833e-06	-4.3938e-06	2.05078e-08	1.00241e-09	-1.67e-12	4.3787e-06	-4.4011e-06
0.87	-9.92502e-08	9.25274e-08	3.7e-13	4.3971e-06	-4.3846e-06	-2.99308e-08	2.67826e-08	1.18e-12	4.3784e-06	-4.3783e-06	-8.942e-09	8.9062e-09	4e-13	4.386e-06	-4.3848e-06	1.258e-11	3.4375e-09	-2.9e-13	4.3821e-06	-4.3805e-06	6.3201e-09	1.5395e-09	-4e-14	4.3823e-06	-4.3867e-06	1.26382e-08	1.09427e-09	1.12e-12	4.3783e-06	-4.3913e-06	2.0478e-08	1.01389e-09	-2.8e-13	4.3883e-06	-4.4089e-06
0.875	-1.033392e-07	9.65974e-08	-4.9e-13	4.3941e-06	-4.3819e-06	-3.09756e-08	2.78612e-08	-1.36e-12	4.3792e-06	-4.3772e-06	-9.2597e-09	9.2215e-09	8e-14	4.3871e-06	-4.3806e-06	-8.601e-11	3.5479e-09	-7e-14	4.3824e-06	-4.3827e-06	6.2944e-09	1.5784e-09	-2.18e-12	4.3832e-06	-4.3848e-06	1.26252e-08	1.1126e-09	-2.2e-13	4.3846e-06	-4.3965e-06	2.05276e-08	1.0274e-09	-6.7e-13	4.3838e-06	-4.3999e-06
0.88	-1.075632e-07	1.009124e-07	-1e-13	4.3942e-06	-4.381e-06	-3.20714e-08	2.89804e-08	-3.8e-13	4.3843e-06	-4.3799e-06	-9.5718e-09	9.5501e-09	4.9e-13	4.3808e-06	-4.3814e-06	-2.1739e-10	3.669e-09	-3.7e-13	4.38e-06	-4.3822e-06	6.2626e-09	1.6262e-09	-1.56e-12	4.3766e-06	-4.3897e-06	1.2591e-08	1.1304e-09	1.49e-12	4.3789e-06	-4.3916e-06	2.0511e-08	1.0409e-09	-1.13e-12	4.3892e-06	-4.4139e-06
0.885	-1.120754e-07	1.053966e-07	-8.4e-13	4.3873e-06	-4.379e-06	-3.32588e-08	3.01708e-08	-1.56e-12	4.3805e-06	-4.3752e-06	-9.9105e-09	9.904e-09	6e-14	4.3931e-06	-4.39e-06	-3.0337e-10	3.7969e-09	-7.1e-13	4.3769e-06	-4.3831e-06	6.2341e-09	1.6729e-09	-8.8e-13	4.3861e-06	-4.3858e-06	1.29434e-08	1.1489e-09	-6.3e-13	4.3805e-06	-4.393e-06	2.0493e-08	1.05603e-09	1.15e-12	4.3884e-06	-4.412e-06
0.89	-1.16823e-07	1.101186e-07	2.8e-13	4.3928e-06	-4.3801e-06	-3.4529e-08	3.14422e-08	-7.3e-13	4.3782e-06	-4.3745e-06	-1.02479e-08	1.0269e-08	-1.02e-12	4.3804e-06	-4.3795e-06	-4.1559e-10	3.9183e-09	-6.7e-13	4.3822e-06	-4.387e-06	6.1971e-09	1.7208e-09	9.1e-13	4.3933e-06	-4.3953e-06	1.25372e-08	1.1697e-09	6.7e-13	4.383e-06	-4.4006e-06	2.0477e-08	1.07037e-09	-1e-12	4.3928e-06	-4.413e-06
0.895	-1.216e-07	1.149766e-07	-1.2e-13	4.3919e-06	-4.3864e-06	-3.57402e-08	3.26688e-08	-1.7e-12	4.3761e-06	-4.3731e-06	-1.06305e-08	1.06481e-08	-3.2e-13	4.375e-06	-4.379e-06	-5.5533e-10	4.0494e-09	2.2e-13	4.3876e-06	-4.387e-06	6.1442e-09	1.7674e-09	1.11e-12	4.3948e-06	-4.4e-06	1.25698e-08	1.187e-09	-8.4e-13	4.375e-06	-4.3848e-06	2.04786e-08	1.08456e-09	-1.2e-13	4.3956e-06	-4.4095e-06
0.9	-1.2686e-07	1.2026e-07	-4.6e-13	4.394e-06	-4.3828e-06	-3.70814e-08	3.3988e-08	-1.6e-13	4.3714e-06	-4.3731e-06	-1.09926e-08	1.1029e-08	-6.3e-13	4.3855e-06	-4.3843e-06	-6.5569e-10	4.1919e-09	-7.5e-13	4.3846e-06	-4.3839e-06	6.1091e-09	1.8162e-09	3e-13	4.3851e-06	-4.3901e-06	1.2581e-08	1.2112e-09	-8.8e-13	4.3778e-06	-4.3922e-06	2.04852e-08	1.09915e-09	7.5e-13	4.3907e-06	-4.4099e-06
