101 461.923245882422
104.18 413.148466878723
107.361 397.682420459932
110.541 438.976779637435
113.721 499.070973750811
116.902 505.781792371471
120.082 479.234555603447
123.262 464.954631024061
126.443 521.614366335393
129.623 560.090706029206
132.803 475.875541318761
135.983 383.184363438596
139.164 364.062662215948
142.344 414.927431622043
145.524 502.225048494603
148.705 564.213429991553
151.885 483.608858790843
155.065 455.017578446287
158.246 381.037247409787
161.426 380.018174867492
164.606 316.422597063227
167.787 284.475121131521
170.967 332.13371592837
174.147 305.080802133953
177.328 278.226707921244
180.508 309.629025416157
183.688 395.853526351911
186.868 358.700369356495
190.049 260.995602392236
193.229 219.376067340274
196.409 269.374918852224
199.59 323.471401398975
202.77 347.090487822167
205.95 323.229441304013
209.131 359.455548298194
212.311 325.786917402044
215.491 319.678130845893
218.672 315.034029874055
221.852 321.285929554097
225.032 316.641935671134
228.213 290.522484356969
231.393 305.124429553968
234.573 343.497140932859
237.753 388.468370841031
240.934 349.562749436189
244.114 289.775267312426
247.294 256.031169588252
250.475 227.785168801364
253.655 243.184958002788
256.835 263.847471738115
260.016 250.221240586936
263.196 257.604809569255
264.196 354.771829333668
272.598 340.881616731974
281.001 342.008315135856
289.403 327.580377536528
297.806 314.581364498293
306.208 308.495213043222
314.611 310.376578018193
323.013 304.715436440178
331.415 272.627460207273
339.818 268.729626075857
348.22 260.4411531815
356.623 225.704653685481
365.025 245.569167888672
373.428 265.186157361712
381.83 256.588562954448
390.232 260.522651342823
398.635 267.620151187486
407.037 270.195880922271
415.44 258.499842585632
423.842 207.726418078332
432.245 201.95473771433
440.647 202.5210327723
449.049 209.188697636876
457.452 215.986209320296
465.854 241.930140610317
474.257 223.520141839618
482.659 205.244043335444
491.062 223.979181593195
499.464 249.137360061159
507.867 223.100971162636
516.269 213.224269744921
524.671 218.542198360143
533.074 257.664685106094
541.476 262.41289543941
549.879 240.792287650762
558.281 215.928071036585
566.684 206.939617033761
575.086 228.196564946107
583.488 250.571848454378
591.891 281.252479931822
600.293 305.884076202921
608.696 283.367872351265
617.098 230.614970947609
625.501 198.988052807381
633.903 159.337731445623
642.305 128.468772561308
650.708 170.181996299931
659.11 217.769606020483
667.513 245.201091467254
675.915 233.450839601593
684.318 196.458739197834
692.72 195.29768952337
693.72 222.036617172376
715.867 242.05464332784
738.014 185.026459016235
760.161 200.618861564737
782.307 132.589261095743
804.454 171.636505869634
826.601 193.406581304216
848.748 206.862124971174
870.895 201.375725249373
893.042 252.252626209649
915.189 206.699229091205
937.335 191.959361484175
959.482 155.926342147222
981.629 144.060666988877
1003.776 144.533521445345
1025.923 209.564753476285
1048.07 223.56780403814
1070.217 214.367346637143
1092.364 169.136965116015
1114.51 179.256705354268
1136.657 123.756166618278
1158.804 129.378931401642
1180.951 188.153970479142
1203.098 159.344304642713
1225.245 159.482151026577
1247.392 204.567040376896
1269.538 170.612633689212
1291.685 195.821065230899
1313.832 193.30178539271
1335.979 151.781848513149
1358.126 135.560930288241
1380.273 145.064495240008
1402.42 155.902128065487
1424.566 139.076938205018
1446.713 154.250546228804
1468.86 198.79419335437
1491.007 160.033888678014
1513.154 160.951365066394
1535.301 124.478550476705
1557.448 97.535887748588
1579.595 175.269950917216
1601.741 142.447639398095
1623.888 174.963614948922
1646.035 142.696553507642
1668.182 146.992854822552
1690.329 137.817051057828
1712.476 156.934088135781
1734.623 179.260987751591
1756.769 197.404847335883
1778.916 159.005737218061
1801.063 108.154964235305
1823.21 133.416396996341
1824.21 154.204906913317
1882.531 128.354052143061
1940.853 121.105719259256
1999.174 156.17230931516
2057.495 141.684586486981
2115.817 122.658416713178
2174.138 108.652140558738
2232.46 124.019955913075
2290.781 122.723103051033
2349.102 117.78608133259
2407.424 144.490009722732
2465.745 133.913728372364
2524.066 133.360735810255
2582.388 104.678193226755
2640.709 114.516237403055
2699.031 118.773106920655
2757.352 125.465606397277
2815.673 125.380437736983
2873.995 138.799371060318
2932.316 124.37820844702
2990.637 122.754040820508
3048.959 110.921581250468
3107.28 117.207314973874
3165.602 156.700714685904
3223.923 138.88243833305
3282.244 122.17592593908
3340.566 93.7670094943291
3398.887 84.1868618045947
3457.208 113.341112070611
3515.53 112.627041918416
3573.851 110.037799190854
3632.173 90.8748965324116
3690.494 85.4176136858404
3748.815 94.5198459852229
3807.137 99.4844616133592
3865.458 93.2299706742285
3923.779 106.734164050125
3982.101 86.8529319827257
4040.422 92.0566971886875
4098.744 84.3083369705487
4157.065 79.3372819725951
4215.386 85.5758456750613
4273.708 64.4862566446252
4332.029 92.7391387024995
4390.35 90.6979155744516
4448.672 95.3282735099435
4506.993 94.1095957489454
4565.315 98.3115980953087
4623.636 68.5914013651727
4681.957 86.3583593297089
4740.279 99.6265109345666
4798.6 93.438800977635
4799.6 79.3120490561148
4953.131 80.7084884834037
5106.663 87.0193564252495
5260.194 76.8342741819008
5413.725 76.5305699251875
5567.257 73.0343906106291
5720.788 71.0906393892053
5874.32 67.9109515078903
6027.851 64.3319663550097
6181.382 59.8277926053896
6334.914 63.2093316354084
6488.445 58.6624209783322
6641.976 64.9767666138676
6795.508 68.4312396955049
6949.039 76.8931451274551
7102.571 72.2937331486539
7256.102 77.0722541983803
7409.633 71.1777404557516
7563.165 65.5466483612368
7716.696 68.9667197240345
7870.227 77.8648902635365
8023.759 75.0647859393765
8177.29 86.0574324066244
8330.822 68.6811028111519
8484.353 67.6477731702628
8637.884 62.7537063371657
8791.416 38.5496640933859
8944.947 49.8645929790979
9098.478 61.0508938195093
9252.01 75.552012676632
9405.541 61.218904841559
9559.073 62.4499228853277
9712.604 56.7924966520987
9866.135 65.5497124455513
10019.667 73.0222807286102
10173.198 78.0599644359859
10326.729 71.0010055108592
10480.261 56.4041235343002
10633.792 46.0440137183305
10787.324 59.0486507007259
10940.855 57.8091848351313
11094.386 57.9817108588409
11247.918 60.9953138592561
11401.449 49.2564251829292
11554.98 54.9069914198515
11708.512 63.9246318604896
11862.043 66.2950801195603
12015.575 63.1223551004015
12169.106 59.2422080169778
12322.637 46.0405038399516
12476.169 58.5532050004918
12629.7 64.7238966747456
12630.7 45.457802335347
13034.822 34.4509049167673
13438.943 47.1297641262131
13843.065 41.03664847711
14247.186 37.2927479047327
14651.308 44.5760633201877
15055.429 48.4187099507854
15459.551 44.3758359420748
15863.673 42.6269169615477
16267.794 35.0263238394127
16671.916 45.9726297949517
17076.037 44.1864685722246
17480.159 38.8752814548272
17884.28 36.4877677067112
18288.402 35.0403958701471
18692.524 44.8833982271467
19096.645 41.8198574067667
19500.767 38.1309832354822
19904.888 47.0669470626522
20309.01 47.1572007533638
20713.131 39.965984395964
21117.253 39.3625669366933
21521.375 40.7721386030498
21925.496 40.5217784789689
22329.618 42.2348984917468
22733.739 45.3252239902065
23137.861 37.1640380418977
23541.982 33.5636659024146
23946.104 42.1791609075716
24350.225 39.5799188021746
24754.347 30.8583471316072
25158.469 30.8520452175716
25562.59 35.7190933528765
25966.712 34.3082142098858
26370.833 30.9729635531021
26774.955 30.3094080152373
27179.076 29.6013383062908
27583.198 33.1783652670152
27987.32 41.1539400199716
28391.441 48.9110482789648
28795.563 49.6035325390226
29199.684 38.812485251074
29603.806 30.708728541732
30007.927 33.8256130871821
30412.049 40.8335187325121
30816.171 48.3532640912924
31220.292 43.7816910957098
31624.414 35.8221380555021
32028.535 32.4236309503887
32432.657 29.4875045451342
32836.778 34.5285783831403
33240.9 37.9480286115733
33241.9 36.6767480026682
34305.559 38.3860753855894
35369.218 38.6239514996514
36432.876 33.909597463357
37496.535 37.7547113327005
38560.194 41.619823726129
39623.853 38.3896822511429
40687.512 32.1500881457724
41751.171 31.3696553460595
42814.829 30.7601998881924
43878.488 28.737200000127
44942.147 27.2591170282546
46005.806 31.4659909879694
47069.465 34.5415637885449
48133.124 33.4136859956976
49196.782 29.7007287497395
50260.441 28.800342161523
51324.1 30.263069225122
52387.759 28.0442823662703
53451.418 22.9918034679283
54515.076 16.613231072027
55578.735 16.9388637619208
56642.394 22.7338533660631
57706.053 25.6312857049464
58769.712 28.2490189653282
59833.371 27.940600128253
60897.029 25.9640508318682
61960.688 22.7975500320171
63024.347 27.5540455387089
64088.006 29.0979369447766
65151.665 22.447328214395
66215.324 21.7616486388777
67278.982 23.4721748051651
68342.641 23.910154172855
69406.3 24.5376779158453
70469.959 24.2998168697316
71533.618 19.0679572614372
72597.276 20.486916754567
73660.935 25.6183524438941
74724.594 33.6833450910379
75788.253 33.6523609937964
76851.912 24.0450891292359
77915.571 20.929778674655
78979.229 21.0243483214316
80042.888 22.5181523980618
81106.547 22.3885757473471
82170.206 20.1704018917982
83233.865 20.8417150475876
84297.524 23.3209478599624
85361.182 23.1467770074545
86424.841 21.9263299125691
87488.5 22.2769583994309
87489.5 19.6704069210633
90289.039 19.1749518511574
93088.578 21.046290567354
95888.118 22.2705578312782
98687.657 19.5679495590475
101487.196 17.9668836234241
104286.735 15.0653137799344
107086.275 18.1250686580793
109885.814 20.9675176833375
112685.353 19.4522733886407
115484.892 18.4851359208244
118284.431 14.6835550601086
121083.971 14.9731538907333
123883.51 17.4214233571872
126683.049 18.2017850995551
129482.588 18.0725485311892
132282.127 17.4731050572739
135081.667 18.5056845429882
137881.206 17.3071764702035
140680.745 19.4793402240174
143480.284 19.5048672482375
146279.824 21.0082443712554
149079.363 22.0978717486254
151878.902 18.6823778225629
154678.441 16.9203344604961
157477.98 16.6195148215426
160277.52 15.0026613929267
163077.059 11.3647725470665
165876.598 15.3179314968242
168676.137 16.9998993493462
171475.676 17.4756653793617
174275.216 16.8587952065526
177074.755 16.2417200034801
179874.294 17.6919508023543
182673.833 16.7945744133826
185473.373 15.5616547505256
188272.912 16.8242911779367
191072.451 16.3687649688284
193871.99 15.6875528135854
196671.529 14.6786095923369
199471.069 14.8915956525563
202270.608 16.6202488924134
205070.147 17.087800463762
207869.686 17.1391439010426
210669.225 16.3637143235874
213468.765 16.2416294357016
216268.304 16.7164227451272
219067.843 17.0532396989473
221867.382 17.5084172808675
224666.922 19.4793339477517
227466.461 19.9483642290582
230266 18.7777742941066
230267 16.4124224074111
237635.294 16.4579317137049
245003.588 13.5093310941287
252371.882 12.2068739960437
259740.176 9.16703170420781
267108.471 10.4107970885825
274476.765 13.066084629276
281845.059 12.4396485184053
289213.353 8.88198736303092
296581.647 13.631987088899
303949.941 15.1596323777647
311318.235 12.9106865987291
318686.529 16.1278376531393
326054.824 12.2836735918156
333423.118 15.1586566287331
340791.412 16.085828459013
348159.706 10.3056540680303
355528 14.325969133935
362896.294 9.95799857027566
370264.588 11.0022559676817
377632.882 12.4125207719513
385001.176 11.695536918968
392369.471 13.091270873502
399737.765 15.1607961180168
407106.059 12.6419650497251
414474.353 10.5752149018491
421842.647 14.2485510533637
429210.941 13.4376253966312
436579.235 11.8697886251414
443947.529 8.47050800894208
451315.824 9.90329754426157
458684.118 9.75121493859679
466052.412 9.76790322014723
473420.706 8.87515119207062
480789 10.4711592739969
488157.294 9.49167116188526
495525.588 10.8246033718542
502893.882 8.67359386908396
510262.176 7.95856284945908
517630.471 10.2306781362643
524998.765 9.93379248662898
532367.059 11.1956352646162
539735.353 10.0187672959792
547103.647 8.30164150334426
554471.941 10.9070144181132
561840.235 12.0807498654325
569208.529 9.51364778111316
576576.824 7.98760834692132
583945.118 9.62184350093658
591313.412 10.2318616113398
598681.706 9.69739067066521
606050 9.3914335998012
606051 6.37648725661517
625444.118 10.3256903620735
644837.235 7.9012867405556
664230.353 10.6213993365113
683623.471 7.15342260672009
703016.588 10.8989502835873
722409.706 9.92207647758613
741802.824 8.94854784256732
761195.941 11.0983832217942
780589.059 10.2922447731759
799982.176 9.43497342924594
819375.294 6.87782799585225
838768.412 8.88830560542952
858161.529 9.36735618368396
877554.647 8.60237720673699
896947.765 9.354990256764
916340.882 7.42714249533707
935734 6.8199018604618
955127.118 8.54654049437701
974520.235 7.88945034699686
993913.353 6.64912208400161
1013306.471 5.60821073854309
1032699.588 7.1149989160877
1052092.706 7.2133573971801
1071485.824 8.25869984918554
1090878.941 7.31028457470279
1110272.059 8.88396140443931
1129665.176 9.112494170152
1149058.294 7.51642054353547
1168451.412 7.02785103710832
1187844.529 7.85019348448443
1207237.647 6.97215064844199
1226630.765 8.05889555953599
1246023.882 5.30772117250057
1265417 7.62974707763298
1284810.118 6.87452534858239
1304203.235 7.84619481739529
1323596.353 5.75249796873421
1342989.471 5.8193202190939
1362382.588 7.27470318923052
1381775.706 4.61326374619766
1401168.824 5.78421302984164
1420561.941 7.1218333870112
1439955.059 6.63496578278939
1459348.176 7.82621960113115
1478741.294 6.75289727896332
1498134.412 6.76922637462881
1517527.529 5.93122609526262
1536920.647 6.54090672622809
1556313.765 6.10506668905622
1575706.882 7.14155373454392
1595100 6.79647118431039
1595100 7.02281136871479
1646141.765 7.91876685190517
1697183.529 7.76007655628162
1748225.294 8.81726340246085
1799267.059 3.69707176289224
1850308.824 5.78437258455162
1901350.588 5.81893553171362
1952392.353 6.69835554313885
2003434.118 7.05369485191373
2054475.882 5.11764163296181
2105517.647 5.99576823351581
2156559.412 5.95031352839147
2207601.176 5.46551794552642
2258642.941 5.73450831312669
2309684.706 6.9937118329537
2360726.471 4.91902402021408
2411768.235 5.32486507904223
2462810 5.55186934462099
2513851.765 4.7347472091398
2564893.529 7.18453071731698
2615935.294 6.36296030609118
2666977.059 7.07807749210152
2718018.824 5.59494358456284
2769060.588 3.86043285946295
2820102.353 4.32156371700903
2871144.118 4.34382261398282
2922185.882 6.84241767774551
2973227.647 4.19613073034518
3024269.412 3.30724646949055
3075311.176 5.45459003241534
3126352.941 5.18099301179054
3177394.706 3.40848484789857
3228436.471 4.49162081532455
3279478.235 4.97369663834696
3330520 5.73305218670957
3381561.765 5.68293886673462
3432603.529 5.05534474849238
3483645.294 5.38582029363426
3534687.059 5.11932853833005
3585728.824 4.67345252392087
3636770.588 4.47181858511836
3687812.353 5.04888527863725
3738854.118 5.30917397226011
3789895.882 4.34374776029027
3840937.647 5.00683001162983
3891979.412 5.68367499700764
3943021.176 6.03182046218109
3994062.941 3.52127375965287
4045104.706 5.70796837633559
4096146.471 4.20210370668965
4147188.235 5.8768350181803
4198230 4.88594865493701
4198230 3.65465044963688
4332570.588 4.45151484294083
4466911.176 4.85887380436406
4601251.765 4.80725437301086
4735592.353 3.81169686126675
4869932.941 3.61664557612403
5004273.529 5.90783694345855
5138614.118 4.75351617097845
5272954.706 4.22147974753409
5407295.294 4.33792295452816
5541635.882 3.62020937254948
5675976.471 4.09997436469587
5810317.059 3.76048776232368
5944657.647 3.14963506042974
6078998.235 3.76061607487682
6213338.824 3.06018082506845
6347679.412 4.14852235695846
6482020 3.79048122345305
6616360.588 3.84085619308092
6750701.176 4.86091642924394
6885041.765 3.69993491705751
7019382.353 4.70857221565822
7153722.941 3.48536864309442
7288063.529 4.67033472117864
7422404.118 3.92832906092254
7556744.706 3.54043799127851
7691085.294 3.1629933925013
7825425.882 3.29345031686222
7959766.471 3.3022103544663
8094107.059 2.94088897373602
8228447.647 3.21271819756176
8362788.235 3.45752253821095
8497128.824 3.04592768854717
8631469.412 3.7486986274084
8765810 2.98094135064722
8900150.588 2.84523322454657
9034491.176 3.12658937999374
9168831.765 2.36115627025783
9303172.353 3.89073239854273
9437512.941 3.84264998157658
9571853.529 4.38514911857286
9706194.118 3.63594848505196
9840534.706 4.04051367184484
9974875.294 3.28541545660642
10109215.882 3.78908162768583
10243556.471 3.03195535824718
10377897.059 2.56801015815384
10512237.647 3.47794419811853
10646578.235 2.67147691240794
10780918.824 4.29313500144603
10915259.412 4.1290218474561
11049600 3.62122633379845
11049600 2.3020411673615
11403174.51 3.12822089668879
11756749.02 3.84698996116331
12110323.529 2.34512277467585
12463898.039 2.5574200848439
12817472.549 2.83796084979368
13171047.059 3.0604624464162
13524621.569 2.79832413875157
13878196.078 2.94110182415043
14231770.588 2.49996198976467
14585345.098 2.38550460453354
14938919.608 3.48385806374962
15292494.118 2.10944351954855
15646068.627 3.10271644760103
15999643.137 3.26513370160327
16353217.647 2.28456478051613
16706792.157 1.94017099648207
17060366.667 2.32532397236987
17413941.176 3.26473342611067
17767515.686 2.88707491598794
18121090.196 2.41483334452256
18474664.706 2.59229955650368
18828239.216 2.41277245677868
19181813.725 2.62832325634798
19535388.235 3.54540484965404
19888962.745 2.97302904921439
20242537.255 2.2641470798551
20596111.765 2.30494114798077
20949686.275 2.37241047692375
21303260.784 2.76933986148542
21656835.294 2.00772199543526
22010409.804 2.21553826021556
22363984.314 3.1630525452581
22717558.824 1.85443952343961
23071133.333 1.3629887847953
23424707.843 2.56259660382726
23778282.353 2.42410799966489
24131856.863 2.19875609850529
24485431.373 2.49139012737613
24839005.882 2.09720158638513
25192580.392 1.93174434499071
25546154.902 2.20262617892392
25899729.412 2.43288080977102
26253303.922 2.51817263916231
26606878.431 2.43114646969802
26960452.941 2.44299490781187
27314027.451 2.69730708503446
27667601.961 2.92553712114625
28021176.471 2.72811247035972
28374750.98 2.99201753848172
28728325.49 2.6672650013809
29081900 2.33026441972913
29081900 2.37504553712947
30012498.039 2.41976059761943
30943096.078 1.83955090387176
31873694.118 2.31041723417491
32804292.157 2.93157404527729
33734890.196 2.3076005458612
34665488.235 1.78042606730021
35596086.275 3.03167896163877
36526684.314 1.98637293505868
37457282.353 2.55893277595973
38387880.392 2.82340269437141
39318478.431 2.52817841370037
40249076.471 2.00665293731861
41179674.51 2.34349055482963
42110272.549 2.22534788900826
43040870.588 2.23174773586809
43971468.627 2.28823261686503
44902066.667 2.62231500788355
45832664.706 1.09546221439934
46763262.745 2.26483584490753
47693860.784 2.06691749689712
48624458.824 2.29701950716056
49555056.863 2.65646977614333
50485654.902 2.11037048669857
51416252.941 0.952731032764119
52346850.98 1.68132891019328
53277449.02 3.09816990896294
54208047.059 2.50709624584349
55138645.098 2.72802391228457
56069243.137 1.33445474776503
56999841.176 2.09135037274259
57930439.216 2.68341947638416
58861037.255 1.73610103942962
59791635.294 2.19863750416003
60722233.333 2.02436965189221
61652831.373 1.78101446913069
62583429.412 2.13009179293069
63514027.451 2.09641256980125
64444625.49 1.85868262397161
65375223.529 2.65334141444885
66305821.569 0.853814717007523
67236419.608 2.48188903107417
68167017.647 1.90136562099748
69097615.686 NaN
70028213.725 1.38380005960791
70958811.765 1.68072797807703
71889409.804 2.23140375755003
72820007.843 1.62714255625294
73750605.882 2.29696297494318
74681203.922 1.67203973230919
75611801.961 2.18673822243455
76542400 2.30897504859977
76542400 1.72568854205637
78991686.275 2.39656255024002
81440972.549 1.54459261110052
83890258.824 1.74816637968611
86339545.098 1.81317184070005
88788831.373 1.40401557867979
91238117.647 2.09090342107544
93687403.922 2.26988962838731
96136690.196 7.3910870931143
98585976.471 1.2228689537705
101035262.745 3.12671328518777
103484549.02 6.6979336438069
105933835.294 0.575834396360416
108383121.569 2.33396285688662
110832407.843 0.910541281069422
113281694.118 1.20117976573417
115730980.392 0.457145345337102
118180266.667 NaN
120629552.941 1.88594535020296
123078839.216 1.73397694242132
125528125.49 NaN
127977411.765 2.09330470388701
130426698.039 NaN
132875984.314 1.55758395455865
135325270.588 1.3917284877703
137774556.863 NaN
140223843.137 3.98897965514311
142673129.412 NaN
145122415.686 NaN
147571701.961 NaN
150020988.235 3.29449252638599
152470274.51 NaN
154919560.784 1.93066395384738
157368847.059 2.6530918180176
159818133.333 2.09865495489106
162267419.608 NaN
164716705.882 NaN
167165992.157 NaN
169615278.431 NaN
172064564.706 NaN
174513850.98 NaN
176963137.255 2.04729906256145
179412423.529 2.7665885107002
181861709.804 NaN
184310996.078 NaN
186760282.353 6.01221120170113
189209568.627 3.53895042871094
191658854.902 NaN
194108141.176 NaN
196557427.451 NaN
199006713.725 NaN
201456000 NaN
