101 3.49988760340543e-06
104.18 2.95605041855598e-06
107.361 1.55153088373645e-06
110.541 1.81466196436031e-06
113.721 2.53329313424463e-06
116.902 3.01715499819366e-06
120.082 3.39368034507311e-06
123.262 3.49277038460189e-06
126.443 3.39869667771794e-06
129.623 3.08525048557241e-06
132.803 2.2090373617845e-06
135.983 2.46193607553123e-06
139.164 2.74509237788053e-06
142.344 2.8143581599235e-06
145.524 2.56459575672424e-06
148.705 2.04668396000579e-06
151.885 2.42841522314183e-06
155.065 3.05348589825383e-06
158.246 2.67085273779593e-06
161.426 3.00005028859705e-06
164.606 2.98869127495789e-06
167.787 2.83906270624836e-06
170.967 2.4481028090766e-06
174.147 2.48523143269509e-06
177.328 2.35238763902763e-06
180.508 2.38603481529317e-06
183.688 2.71119739519884e-06
186.868 2.95314643197837e-06
190.049 2.48168827286364e-06
193.229 1.95567025059865e-06
196.409 1.66701483804535e-06
199.59 1.92516717416204e-06
202.77 2.11991905493333e-06
205.95 2.36304709008098e-06
209.131 1.92774919284881e-06
212.311 1.91688688789898e-06
215.491 2.0050102585183e-06
218.672 2.09317749221776e-06
221.852 2.28538173497711e-06
225.032 2.74338650753242e-06
228.213 2.62624755131295e-06
231.393 2.36045857888687e-06
234.573 1.77475563210691e-06
237.753 1.971376632244e-06
240.934 1.81487661726267e-06
244.114 1.78659766098277e-06
247.294 1.17298960692966e-06
250.475 6.99738627082999e-07
253.655 4.45089570195709e-07
256.835 -0
260.016 5.60695820381934e-07
263.196 1.62351272549203e-06
264.196 1.91832583190881e-06
272.598 1.89533917138934e-06
281.001 1.82640982709034e-06
289.403 1.74426269546932e-06
297.806 1.70891488823427e-06
306.208 1.67799907486559e-06
314.611 1.53263316876321e-06
323.013 1.48820337643654e-06
331.415 1.64932899511183e-06
339.818 1.60928046036381e-06
348.22 1.41487641040198e-06
356.623 1.14838066681044e-06
365.025 1.24974682096367e-06
373.428 1.44265773174205e-06
381.83 1.46999989251888e-06
390.232 1.32245005179925e-06
398.635 1.29956841296447e-06
407.037 1.38757423164691e-06
415.44 1.4240296666176e-06
423.842 1.33566878399241e-06
432.245 1.20473949100084e-06
440.647 1.22037805472522e-06
449.049 1.27339044190168e-06
457.452 1.29426818072522e-06
465.854 1.13885409836396e-06
474.257 1.10589835207149e-06
482.659 1.18013210097087e-06
491.062 1.31118989973499e-06
499.464 1.27232436107871e-06
507.867 1.15765379183409e-06
516.269 1.12469752771459e-06
524.671 1.13503763728188e-06
533.074 1.04419490908642e-06
541.476 9.11661870283775e-07
549.879 7.62665931779544e-07
558.281 8.84180228587475e-07
566.684 1.0138535335404e-06
575.086 1.15938687058764e-06
583.488 1.11293334135821e-06
591.891 9.67004021100554e-07
600.293 6.55639938433711e-07
608.696 6.64419797618396e-07
617.098 8.99454977341812e-07
625.501 9.80493495916602e-07
633.903 1.09310641302563e-06
642.305 1.31829697419619e-06
650.708 1.31189538929394e-06
659.11 1.2234708471498e-06
667.513 9.684138451191e-07
675.915 8.56173916942346e-07
684.318 8.01103050918576e-07
692.72 8.73449629945236e-07
693.72 2.53011342728174e-06
715.867 2.12249497587416e-06
738.014 2.0739389191804e-06
760.161 1.55756141199408e-06
782.307 1.48549305150224e-06
804.454 1.53353207927685e-06
826.601 1.37293079641559e-06
848.748 1.21449458166031e-06
870.895 1.42812531485922e-06
893.042 1.28298092703372e-06
915.189 1.05777694252416e-06
937.335 8.87174983607946e-07
959.482 7.27708639488601e-07
981.629 9.29237895533533e-07
1003.776 7.95578802610628e-07
1025.923 9.61115642106562e-07
1048.07 1.19259148318113e-06
1070.217 1.01593808387627e-06
1092.364 1.26192227989791e-06
1114.51 1.27517359542045e-06
1136.657 1.2134955073845e-06
1158.804 1.05726997408467e-06
1180.951 1.01503406199969e-06
1203.098 1.1162358346761e-06
1225.245 9.34893856188926e-07
1247.392 9.90642045047751e-07
1269.538 8.09353682412238e-07
1291.685 1.0191872194639e-06
1313.832 1.19836596677305e-06
1335.979 1.11947670648444e-06
1358.126 8.93170974232767e-07
1380.273 7.89720436221648e-07
1402.42 1.33897919821346e-06
1424.566 1.27728815166502e-06
1446.713 1.50696661060906e-06
1468.86 9.02901267592066e-07
1491.007 1.4436227249835e-06
1513.154 1.39019780345998e-06
1535.301 1.51154284699633e-06
1557.448 1.36282042829092e-06
1579.595 1.36872357362462e-06
1601.741 1.22233654200529e-06
1623.888 1.43868825231902e-06
1646.035 8.89126483359769e-07
1668.182 8.49927207083407e-07
1690.329 7.80784025065882e-07
1712.476 1.01904791876106e-06
1734.623 1.59292651694099e-06
1756.769 1.38964190471209e-06
1778.916 9.71710941810533e-07
1801.063 6.64093943270672e-07
1823.21 6.7942775307926e-07
1824.21 5.42308927809113e-07
1882.531 6.10995277223155e-07
1940.853 5.77722745563233e-07
1999.174 4.68944776748649e-07
2057.495 7.05464070009062e-07
2115.817 7.77915829154704e-07
2174.138 5.0360749488339e-07
2232.46 7.43627091806478e-07
2290.781 6.80211594203033e-07
2349.102 6.13207145023776e-07
2407.424 6.4313748784538e-07
2465.745 7.20157436155704e-07
2524.066 6.80522704375629e-07
2582.388 8.33420633115374e-07
2640.709 6.99068943596225e-07
2699.031 6.72422596067421e-07
2757.352 7.45676932163575e-07
2815.673 5.89782197509233e-07
2873.995 4.11967011138262e-07
2932.316 5.13862671589278e-07
2990.637 5.93215602563367e-07
3048.959 5.98870261712093e-07
3107.28 5.63725347895926e-07
3165.602 4.96897898691351e-07
3223.923 5.13887099883037e-07
3282.244 6.17173264815789e-07
3340.566 5.45774250416978e-07
3398.887 5.39467852042597e-07
3457.208 5.3026325151522e-07
3515.53 4.21239554183018e-07
3573.851 3.84565206789482e-07
3632.173 5.18205851564563e-07
3690.494 4.38128724318719e-07
3748.815 3.77821368870266e-07
3807.137 3.16192687754704e-07
3865.458 3.0735485371176e-07
3923.779 4.87195244929331e-07
3982.101 5.34996474372908e-07
4040.422 6.18684920742484e-07
4098.744 5.16284329285311e-07
4157.065 4.92345205336542e-07
4215.386 5.73096156467867e-07
4273.708 5.41391770419709e-07
4332.029 3.74039465709125e-07
4390.35 5.02765129678548e-07
4448.672 4.71015963153986e-07
4506.993 3.70411673984876e-07
4565.315 4.37361580339032e-07
4623.636 3.57664424064776e-07
4681.957 4.8400221175581e-07
4740.279 5.38992394722303e-07
4798.6 4.82204835693141e-07
4799.6 5.81896991856019e-07
4953.131 3.9242744284498e-07
5106.663 3.72017187692006e-07
5260.194 4.98758565118184e-07
5413.725 4.68141950059648e-07
5567.257 4.10049064769391e-07
5720.788 5.29526496714858e-07
5874.32 3.99078530438027e-07
6027.851 4.02657123410517e-07
6181.382 3.34621985474463e-07
6334.914 4.59819012808919e-07
6488.445 4.34314927187754e-07
6641.976 4.51151441753263e-07
6795.508 3.74944400076157e-07
6949.039 4.22042949422252e-07
7102.571 3.78377172040296e-07
7256.102 3.29390229344128e-07
7409.633 3.68908796452416e-07
7563.165 3.50825742794262e-07
7716.696 3.73978748316799e-07
7870.227 4.48215079602965e-07
8023.759 3.64624583566605e-07
8177.29 3.54183557053321e-07
8330.822 3.34160461597713e-07
8484.353 3.44594168195257e-07
8637.884 3.33092210974559e-07
8791.416 3.85755337572402e-07
8944.947 3.5526169190607e-07
9098.478 3.35436876222517e-07
9252.01 2.77654858546999e-07
9405.541 3.18045147184066e-07
9559.073 3.46648377805908e-07
9712.604 3.06175562731371e-07
9866.135 3.3375526156832e-07
10019.667 2.82405460250016e-07
10173.198 1.99035535810859e-07
10326.729 2.70832900244519e-07
10480.261 3.73661710378174e-07
10633.792 2.97297127397888e-07
10787.324 2.98149388721019e-07
10940.855 3.53544680513524e-07
11094.386 3.10544531927914e-07
11247.918 2.67393766310514e-07
11401.449 3.33627499708534e-07
11554.98 2.94721660347471e-07
11708.512 2.30302443302432e-07
11862.043 2.26389234932427e-07
12015.575 2.19067764554846e-07
12169.106 2.37789480759541e-07
12322.637 2.4490987054104e-07
12476.169 2.46757649448964e-07
12629.7 2.30982730536437e-07
12630.7 3.12134707115169e-07
13034.822 2.85731928885312e-07
13438.943 2.37431162486502e-07
13843.065 2.4607678183906e-07
14247.186 3.29997333727323e-07
14651.308 3.62545065616028e-07
15055.429 3.49499577037983e-07
15459.551 2.87947901027396e-07
15863.673 2.66232043211793e-07
16267.794 2.57374927247508e-07
16671.916 2.35690756330799e-07
17076.037 2.35563181583759e-07
17480.159 2.52019803684701e-07
17884.28 2.28336985433493e-07
18288.402 2.37591053429354e-07
18692.524 2.25115569507237e-07
19096.645 2.24867605199148e-07
19500.767 2.41755745532597e-07
19904.888 2.29851938734263e-07
20309.01 1.78571238053277e-07
20713.131 1.6697544140767e-07
21117.253 1.8277559219938e-07
21521.375 2.18230745446418e-07
21925.496 2.41265519121685e-07
22329.618 2.53967383323473e-07
22733.739 2.53528139790138e-07
23137.861 1.78288926483364e-07
23541.982 1.96464899398859e-07
23946.104 1.91223969539387e-07
24350.225 2.03850058296312e-07
24754.347 1.84939324476566e-07
25158.469 1.62580961726851e-07
25562.59 1.7531582076605e-07
25966.712 1.72997894422415e-07
26370.833 1.34098271814501e-07
26774.955 1.28044239329899e-07
27179.076 1.60220999471628e-07
27583.198 1.70663348050065e-07
27987.32 1.63359218574677e-07
28391.441 1.60307331367505e-07
28795.563 1.59000355289993e-07
29199.684 1.42220755338672e-07
29603.806 1.62176841491896e-07
30007.927 1.83701423508057e-07
30412.049 2.42564286212023e-07
30816.171 2.5218341784189e-07
31220.292 2.07786517865622e-07
31624.414 1.76692358739489e-07
32028.535 2.20274856972579e-07
32432.657 2.24577116421258e-07
32836.778 1.91599182633938e-07
33240.9 2.20504449165629e-07
33241.9 1.42526784516665e-07
34305.559 1.35312933301486e-07
35369.218 1.4174156467434e-07
36432.876 1.68651319037843e-07
37496.535 1.87457543409932e-07
38560.194 1.77494462927387e-07
39623.853 1.7153574527441e-07
40687.512 1.80843866975351e-07
41751.171 1.69018355212999e-07
42814.829 1.27884372826679e-07
43878.488 1.32865992004792e-07
44942.147 1.41214809150133e-07
46005.806 1.47749331182519e-07
47069.465 1.54001234436773e-07
48133.124 1.74715844512676e-07
49196.782 1.71749913011645e-07
50260.441 1.72354789418686e-07
51324.1 1.75108012832337e-07
52387.759 1.72475745801896e-07
53451.418 1.75635004071476e-07
54515.076 1.4998315460659e-07
55578.735 1.4359364769342e-07
56642.394 1.41638192411714e-07
57706.053 1.35185205472345e-07
58769.712 1.27029939067725e-07
59833.371 1.00755804746786e-07
60897.029 1.09841642333068e-07
61960.688 1.18124770235134e-07
63024.347 1.19487137922963e-07
64088.006 1.16541169434804e-07
65151.665 9.86788795846664e-08
66215.324 1.02229627965157e-07
67278.982 1.00341582557432e-07
68342.641 1.10136531538966e-07
69406.3 1.21935996570312e-07
70469.959 1.37669873449655e-07
71533.618 1.36250541041763e-07
72597.276 1.19646771021597e-07
73660.935 1.11460685596126e-07
74724.594 9.96928263260381e-08
75788.253 1.14233274947138e-07
76851.912 1.28014365285405e-07
77915.571 1.30869060620374e-07
78979.229 1.32382383385168e-07
80042.888 1.49959806686871e-07
81106.547 1.54068695140836e-07
82170.206 1.56246936863506e-07
83233.865 1.29029201160287e-07
84297.524 1.11642684497228e-07
85361.182 1.08211186503425e-07
86424.841 1.15914236394289e-07
87488.5 1.19591839597524e-07
87489.5 7.71916762539582e-08
90289.039 8.40928297191116e-08
93088.578 1.13667298633772e-07
95888.118 1.28923087959762e-07
98687.657 1.20342335253082e-07
101487.196 1.1862275913477e-07
104286.735 1.05498119919587e-07
107086.275 9.77533403727336e-08
109885.814 9.21341961057066e-08
112685.353 9.68891343439887e-08
115484.892 9.47412665308967e-08
118284.431 8.04232605487361e-08
121083.971 4.88516660834572e-08
123883.51 -0
126683.049 -0
129482.588 -0
132282.127 -0
135081.667 -0
137881.206 -0
140680.745 4.33109974895511e-08
143480.284 4.87610480681496e-08
146279.824 6.38130315251861e-08
149079.363 6.94920027620992e-08
151878.902 5.20904119262077e-08
154678.441 5.79294511156536e-08
157477.98 6.0593695803349e-08
160277.52 5.91598490679413e-08
163077.059 5.8258849711576e-08
165876.598 6.50609444678641e-08
168676.137 7.77355539410738e-08
171475.676 8.45901789610348e-08
174275.216 8.56235328803028e-08
177074.755 8.24563115730215e-08
179874.294 9.84580586640987e-08
182673.833 1.03975872752014e-07
185473.373 1.0661765289707e-07
188272.912 1.05495098212692e-07
191072.451 9.6243985881417e-08
193871.99 9.73665279123534e-08
196671.529 6.94278236869744e-08
199471.069 6.163554415214e-08
202270.608 6.4171172762739e-08
205070.147 6.457638507357e-08
207869.686 6.35291728201147e-08
210669.225 7.12290892435948e-08
213468.765 8.02466776693216e-08
216268.304 8.9516514340159e-08
219067.843 8.43753369643233e-08
221867.382 8.78994165287484e-08
224666.922 9.42002007938412e-08
227466.461 9.01470399635823e-08
230266 8.49908982475765e-08
230267 7.11296192833281e-08
237635.294 7.17858660257944e-08
245003.588 7.46714493611501e-08
252371.882 8.25626753448361e-08
259740.176 -0
267108.471 -0
274476.765 1.01870765186682e-07
281845.059 7.19349522595511e-08
289213.353 6.07761586084831e-08
296581.647 6.50592909245959e-08
303949.941 6.39414625223915e-08
311318.235 5.93568550243062e-08
318686.529 5.25225921014833e-08
326054.824 7.09642602823696e-08
333423.118 5.11765101444755e-08
340791.412 6.99615319793449e-08
348159.706 7.47349961888191e-08
355528 6.10480647426133e-08
362896.294 3.66462791469748e-08
370264.588 6.60181323781164e-08
377632.882 8.32022775485527e-08
385001.176 7.14616735808083e-08
392369.471 9.29323623173827e-08
399737.765 7.27515834815291e-08
407106.059 5.82308321141756e-08
414474.353 4.91020085540164e-08
421842.647 6.15545531700491e-08
429210.941 6.34770550621774e-08
436579.235 6.13364842780796e-08
443947.529 8.46479934124608e-08
451315.824 9.30443331040832e-08
458684.118 8.13379534708613e-08
466052.412 5.25194043707581e-08
473420.706 5.6029602644288e-08
480789 5.35890076155549e-08
488157.294 3.87313973122633e-08
495525.588 5.74350958308106e-08
502893.882 5.52062533482077e-08
510262.176 5.9733851655845e-08
517630.471 7.35029773625647e-08
524998.765 4.46650449871261e-08
532367.059 5.20897272356306e-08
539735.353 5.09523074891256e-08
547103.647 3.02630664940088e-08
554471.941 6.37694334440341e-08
561840.235 6.05487234348966e-08
569208.529 4.29589983821225e-08
576576.824 4.56937229162836e-08
583945.118 2.93966928789753e-08
591313.412 6.22800793369437e-08
598681.706 6.7162801374321e-08
606050 5.82942528696226e-08
606051 3.95487670170449e-08
625444.118 -0
644837.235 6.54200147437159e-08
664230.353 4.6904027076685e-08
683623.471 4.70303171972123e-08
703016.588 3.15431808589432e-08
722409.706 4.62261731685406e-08
741802.824 4.8415633482965e-08
761195.941 5.52596094146882e-08
780589.059 6.12915744613597e-08
799982.176 4.41194201019596e-08
819375.294 2.78678670921135e-08
838768.412 3.53725550974665e-08
858161.529 5.13440674682976e-08
877554.647 4.7854448288948e-08
896947.765 3.14273539440278e-08
916340.882 4.80901507150809e-08
935734 4.19896848272108e-08
955127.118 5.21286746559502e-08
974520.235 5.13846593789304e-08
993913.353 3.33274335435344e-08
1013306.471 6.21291316695284e-08
1032699.588 3.77416568252018e-08
1052092.706 5.87403011532959e-08
1071485.824 4.2241879852516e-08
1090878.941 4.13859330779916e-08
1110272.059 2.84702386013184e-08
1129665.176 3.63779671968198e-08
1149058.294 3.9411270523807e-08
1168451.412 2.19130565294005e-08
1187844.529 3.21154780235839e-08
1207237.647 4.60590472553829e-08
1226630.765 5.0793956617456e-08
1246023.882 3.9357021840993e-08
1265417 2.76948952487494e-08
1284810.118 3.76551911709063e-08
1304203.235 3.34474664418891e-08
1323596.353 4.91910158589147e-08
1342989.471 5.29682792076012e-08
1362382.588 4.23458767931885e-08
1381775.706 2.56537032864653e-08
1401168.824 3.61615567923935e-08
1420561.941 5.06225270892791e-08
1439955.059 3.57948768693356e-08
1459348.176 4.18362342270716e-08
1478741.294 5.50368134528563e-08
1498134.412 3.54468528557896e-08
1517527.529 2.68264829972771e-08
1536920.647 3.15007792837114e-08
1556313.765 4.46783799053424e-08
1575706.882 2.79767018965156e-08
1595100 5.10616198335305e-08
1595100 2.83472377734551e-08
1646141.765 4.36867797818917e-08
1697183.529 3.34800442264941e-08
1748225.294 2.37741488071077e-08
1799267.059 5.06112887173761e-08
1850308.824 4.57305233476111e-08
1901350.588 4.00534559625009e-08
1952392.353 3.37775125168551e-08
2003434.118 1.61573749249313e-08
2054475.882 4.3662748462212e-08
2105517.647 5.36887207167511e-08
2156559.412 4.17399347464655e-08
2207601.176 3.88784871870036e-08
2258642.941 4.22719201857865e-08
2309684.706 2.3463968675352e-08
2360726.471 3.85378045697157e-08
2411768.235 4.62861856104648e-08
2462810 3.65725935273902e-08
2513851.765 4.22097406634819e-08
2564893.529 3.10763707286356e-08
2615935.294 3.59915706743954e-08
2666977.059 2.91639207281051e-08
2718018.824 2.29464551378922e-08
2769060.588 3.26179773406093e-08
2820102.353 3.03940281437571e-08
2871144.118 4.9023877430957e-08
2922185.882 3.13203767176498e-08
2973227.647 3.84517517053515e-08
3024269.412 3.98001093202657e-08
3075311.176 4.55799219374145e-08
3126352.941 3.30287686208327e-08
3177394.706 4.01837078915062e-08
3228436.471 3.52671459863865e-08
3279478.235 2.35953287303737e-08
3330520 3.34584021765057e-08
3381561.765 3.8691271621062e-08
3432603.529 2.44933695248102e-08
3483645.294 3.2526592568912e-08
3534687.059 2.56737698977127e-08
3585728.824 3.82582791587285e-08
3636770.588 3.13776628026802e-08
3687812.353 4.58391997604714e-08
3738854.118 1.97227530153982e-08
3789895.882 4.48793751974947e-08
3840937.647 3.16410910973042e-08
3891979.412 1.95747418231863e-08
3943021.176 3.16010915517439e-08
3994062.941 2.97439726793799e-08
4045104.706 3.28130011314784e-08
4096146.471 2.75884815147971e-08
4147188.235 5.10709110813592e-08
4198230 3.13285267627589e-08
4198230 4.07592454284767e-08
4332570.588 3.66942662394099e-08
4466911.176 4.00170834549946e-08
4601251.765 2.55145560089746e-08
4735592.353 1.94788390257941e-08
4869932.941 2.78710797042095e-08
5004273.529 2.64001273203805e-08
5138614.118 2.69083304616544e-08
5272954.706 2.80640828215141e-08
5407295.294 2.98833826334051e-08
5541635.882 1.98832416734093e-08
5675976.471 2.09070560805102e-08
5810317.059 3.0073210276309e-08
5944657.647 2.88018624872768e-08
6078998.235 3.18334032220763e-08
6213338.824 3.25837456763844e-08
6347679.412 3.38356603528186e-08
6482020 2.29425096632321e-08
6616360.588 3.5883617509861e-08
6750701.176 2.39039392737662e-08
6885041.765 3.32635328208175e-08
7019382.353 1.71380817758698e-08
7153722.941 2.45173274050578e-08
7288063.529 1.64492078407442e-08
7422404.118 1.4848403963147e-08
7556744.706 2.34971215436381e-08
7691085.294 1.71723150029342e-08
7825425.882 2.82573550598088e-08
7959766.471 4.00272495497105e-08
8094107.059 2.82913174622533e-08
8228447.647 3.1864338958709e-08
8362788.235 2.05519742360095e-08
8497128.824 1.99194658451501e-08
8631469.412 2.88433362117197e-08
8765810 2.7052539848894e-08
8900150.588 3.35251142012059e-08
9034491.176 2.71471846776659e-08
9168831.765 2.03649973574145e-08
9303172.353 3.12302784947429e-08
9437512.941 2.24135645231543e-08
9571853.529 3.50730810438732e-08
9706194.118 2.76046089750534e-08
9840534.706 3.67471766469875e-08
9974875.294 1.44665427095765e-08
10109215.882 2.91232050711816e-08
10243556.471 2.60040476294826e-08
10377897.059 2.72981396992542e-08
10512237.647 1.96434126160782e-08
10646578.235 2.5642668491216e-08
10780918.824 2.15829095693236e-08
10915259.412 2.586716000248e-08
11049600 2.98948213549437e-08
11049600 2.91511379589202e-08
11403174.51 2.40517523554335e-08
11756749.02 2.03810536568574e-08
12110323.529 2.22309151966445e-08
12463898.039 2.96792498039354e-08
12817472.549 3.13143255780737e-08
13171047.059 2.36998138613935e-08
13524621.569 3.11491831885846e-08
13878196.078 1.74553555315124e-08
14231770.588 2.35637747276704e-08
14585345.098 1.85624191700543e-08
14938919.608 2.62902010513024e-08
15292494.118 3.01398683057707e-08
15646068.627 2.54917100784843e-08
15999643.137 2.8815118412042e-08
16353217.647 3.64708000722537e-08
16706792.157 2.6654921364521e-08
17060366.667 2.04203422882184e-08
17413941.176 3.83895822493552e-09
17767515.686 2.86816469051814e-08
18121090.196 3.08910920894681e-08
18474664.706 2.89268817782266e-08
18828239.216 1.89028212352971e-08
19181813.725 2.45870443438918e-08
19535388.235 1.0039658328763e-08
19888962.745 2.51670508256748e-08
20242537.255 1.50225298573842e-08
20596111.765 2.62863987503956e-08
20949686.275 2.05511940438701e-08
21303260.784 2.1779017659665e-08
21656835.294 2.32365649062593e-08
22010409.804 1.93130444510207e-08
22363984.314 1.80152655350816e-08
22717558.824 2.28059465756741e-08
23071133.333 3.21483263008465e-08
23424707.843 2.73266807186402e-08
23778282.353 2.28834418672716e-08
24131856.863 3.33157173120121e-08
24485431.373 1.92324592019222e-08
24839005.882 3.68697444495822e-08
25192580.392 1.43079533842405e-08
25546154.902 2.72081699268639e-08
25899729.412 2.4174676034063e-08
26253303.922 2.64557841856332e-08
26606878.431 1.78564901633692e-08
26960452.941 2.0508507197451e-08
27314027.451 2.45577315010976e-08
27667601.961 2.16117901729889e-08
28021176.471 1.21440031907316e-08
28374750.98 2.90374187603719e-08
28728325.49 3.50382579776107e-08
29081900 2.91302543035381e-08
29081900 2.69917693647823e-08
30012498.039 3.63030619397703e-08
30943096.078 3.24037681027886e-08
31873694.118 1.66131294688237e-08
32804292.157 3.32205762562903e-08
33734890.196 1.86976501625204e-08
34665488.235 9.86593033416008e-09
35596086.275 5.29829879575095e-08
36526684.314 3.39941158569877e-08
37457282.353 2.56463642875945e-08
38387880.392 5.61774457207597e-08
39318478.431 2.85620607206973e-08
40249076.471 2.47606774517984e-08
41179674.51 2.6638052443178e-08
42110272.549 3.60759470847613e-08
43040870.588 3.39362889417449e-08
43971468.627 3.63196368007776e-08
44902066.667 4.48026677971089e-08
45832664.706 2.90496656844222e-08
46763262.745 3.75685137301478e-08
47693860.784 3.97768095478358e-08
48624458.824 3.10436845326066e-08
49555056.863 -0
50485654.902 3.47569913209889e-08
51416252.941 2.04862397882383e-08
52346850.98 2.79735371610295e-08
53277449.02 2.7305040734282e-08
54208047.059 2.40923858842166e-08
55138645.098 1.10924224913181e-08
56069243.137 4.14324248439492e-08
56999841.176 2.664834345517e-08
57930439.216 3.89819736941064e-08
58861037.255 2.27131996926897e-08
59791635.294 2.01944629554143e-08
60722233.333 6.49236912321689e-09
61652831.373 1.05875498553726e-08
62583429.412 2.05192019000569e-08
63514027.451 2.45403735477132e-08
64444625.49 2.4156340051473e-08
65375223.529 1.18587315168824e-08
66305821.569 1.29612573248123e-08
67236419.608 -0
68167017.647 1.61830745459817e-08
69097615.686 4.43564138315983e-09
70028213.725 -0
70958811.765 -0
71889409.804 -0
72820007.843 -0
73750605.882 -0
74681203.922 1.51523205109481e-08
75611801.961 1.52438154453503e-08
76542400 8.23796171473866e-09
76542400 -0
78991686.275 -0
81440972.549 9.01028480070969e-09
83890258.824 1.56997238783903e-08
86339545.098 -0
88788831.373 5.49071069469154e-09
91238117.647 -0
93687403.922 2.73553778148283e-08
96136690.196 2.08696758084416e-07
98585976.471 -0
101035262.745 -0
103484549.02 -0
105933835.294 2.60310719977107e-09
108383121.569 9.41901501542491e-09
110832407.843 7.60629564554915e-09
113281694.118 -0
115730980.392 2.36484980951941e-09
118180266.667 -0
120629552.941 8.51910586260342e-09
123078839.216 8.74216874014315e-09
125528125.49 2.24329331332307e-09
127977411.765 -0
130426698.039 7.1661274950143e-09
132875984.314 -0
135325270.588 3.58125503562536e-09
137774556.863 7.41122584905385e-09
140223843.137 -0
142673129.412 1.05431532843595e-09
145122415.686 -0
147571701.961 -0
150020988.235 6.7522501443059e-09
152470274.51 -0
154919560.784 -0
157368847.059 -0
159818133.333 -0
162267419.608 8.09463451086582e-09
164716705.882 -0
167165992.157 -0
169615278.431 -0
172064564.706 -0
174513850.98 5.14947671944053e-09
176963137.255 -0
179412423.529 3.4601567259302e-09
181861709.804 -0
184310996.078 -0
186760282.353 6.46233068954437e-09
189209568.627 5.54618714081377e-09
191658854.902 -0
194108141.176 -0
196557427.451 3.34714944243585e-10
199006713.725 4.48086889355178e-09
201456000 -0
