101 4.19287473638734e-07
104.18 3.74198261612827e-07
107.361 3.8349836413827e-07
110.541 3.92689066146574e-07
113.721 3.89629292642927e-07
116.902 3.37048621879987e-07
120.082 3.20667915287162e-07
123.262 2.6539759959288e-07
126.443 2.90225529437181e-07
129.623 3.28838194056618e-07
132.803 4.41207570762392e-07
135.983 4.11638949384481e-07
139.164 3.29427899861041e-07
142.344 2.63860309489732e-07
145.524 2.44367602834998e-07
148.705 3.078957921972e-07
151.885 3.52947544686496e-07
155.065 3.34002995782056e-07
158.246 3.12385813986712e-07
161.426 3.29649961877019e-07
164.606 3.4273851429502e-07
167.787 3.26703228255353e-07
170.967 2.52658795718171e-07
174.147 2.66024714004124e-07
177.328 2.48427030237992e-07
180.508 2.43122700984879e-07
183.688 3.17979962938665e-07
186.868 3.77960841640217e-07
190.049 4.41775745097374e-07
193.229 4.16960091274137e-07
196.409 3.95918209993225e-07
199.59 3.84331455810313e-07
202.77 3.34819835509093e-07
205.95 2.98269561815451e-07
209.131 3.05910062651209e-07
212.311 3.63140921812242e-07
215.491 3.37977195279264e-07
218.672 3.11673350430055e-07
221.852 3.25431869302006e-07
225.032 3.50966504099879e-07
228.213 3.34865733969807e-07
231.393 2.9393732187412e-07
234.573 2.88089900338963e-07
237.753 3.53030629535419e-07
240.934 3.05380397275826e-07
244.114 1.92959540784865e-07
247.294 2.3939089819322e-07
250.475 3.23193319280548e-07
253.655 3.22819033252962e-07
256.835 3.03305435937716e-07
260.016 2.54315101211693e-07
263.196 2.86790545696509e-07
264.196 2.51574094599268e-07
272.598 2.24768145641982e-07
281.001 2.14635228734074e-07
289.403 2.35743366283036e-07
297.806 2.52198860520505e-07
306.208 2.65651186877951e-07
314.611 2.63667432312784e-07
323.013 2.37930430632015e-07
331.415 1.72822797019615e-07
339.818 1.61372982604532e-07
348.22 1.5351937741108e-07
356.623 1.99224568136232e-07
365.025 2.30513650241001e-07
373.428 2.50794851047512e-07
381.83 2.40207533195823e-07
390.232 2.28915789017101e-07
398.635 2.23325464088295e-07
407.037 2.06549582827047e-07
415.44 1.7928197070605e-07
423.842 1.65060768216818e-07
432.245 1.67382901923215e-07
440.647 1.84317015349047e-07
449.049 1.74095677489301e-07
457.452 1.83678390422082e-07
465.854 2.21970772662456e-07
474.257 2.3552828575374e-07
482.659 2.54233615176345e-07
491.062 2.8655955762797e-07
499.464 3.02816478389104e-07
507.867 2.78957388263499e-07
516.269 2.44508166037843e-07
524.671 2.02691497526595e-07
533.074 1.64929342867019e-07
541.476 1.81720754560539e-07
549.879 1.87655317793113e-07
558.281 1.92733240797934e-07
566.684 1.99856793355767e-07
575.086 2.12155692959201e-07
583.488 2.21286587854014e-07
591.891 2.22556502014522e-07
600.293 2.04313076934416e-07
608.696 1.95752708745967e-07
617.098 1.99175493049171e-07
625.501 1.9344314234782e-07
633.903 1.88865541483651e-07
642.305 1.73126203926229e-07
650.708 1.65034259382324e-07
659.11 1.68987959094052e-07
667.513 1.78607944715344e-07
675.915 1.80844619361855e-07
684.318 1.77606385915138e-07
692.72 1.88577773722101e-07
693.72 1.71284214988775e-07
715.867 1.915633038543e-07
738.014 2.18209721221026e-07
760.161 2.11832911907354e-07
782.307 1.60366556542541e-07
804.454 2.20886484715145e-07
826.601 1.53413972033267e-07
848.748 1.62879580489739e-07
870.895 1.54043000097914e-07
893.042 1.86101464687337e-07
915.189 1.07408702069234e-07
937.335 1.84470613141503e-07
959.482 1.39637160497885e-07
981.629 1.69532324154531e-07
1003.776 1.57915137609492e-07
1025.923 1.71267592195153e-07
1048.07 1.51474680397311e-07
1070.217 1.67103333166758e-07
1092.364 1.34096808682344e-07
1114.51 1.50786446212954e-07
1136.657 1.4236306562263e-07
1158.804 1.24982827476721e-07
1180.951 1.50162728828303e-07
1203.098 1.67535888206954e-07
1225.245 1.50931371065781e-07
1247.392 1.57081442627706e-07
1269.538 1.29642204865521e-07
1291.685 1.3550812103313e-07
1313.832 1.43168913969766e-07
1335.979 1.31526087429715e-07
1358.126 1.29943928076231e-07
1380.273 1.48248355549166e-07
1402.42 1.67768505837394e-07
1424.566 1.44661004674129e-07
1446.713 1.35879521682027e-07
1468.86 1.46960192935982e-07
1491.007 1.28055605205586e-07
1513.154 1.07710538197409e-07
1535.301 1.26924412143517e-07
1557.448 1.18132714754675e-07
1579.595 9.87154399409762e-08
1601.741 1.22702621296833e-07
1623.888 1.22093631905774e-07
1646.035 1.52280561733895e-07
1668.182 1.22223490770327e-07
1690.329 1.25552160101998e-07
1712.476 1.31887118506312e-07
1734.623 9.16836584659492e-08
1756.769 9.62641801448582e-08
1778.916 1.12645152081514e-07
1801.063 1.04561861457356e-07
1823.21 1.19973381420596e-07
1824.21 1.26419258552514e-07
1882.531 9.6374246653655e-08
1940.853 1.07497152003835e-07
1999.174 8.95944135092046e-08
2057.495 1.01245113731721e-07
2115.817 1.11945911600441e-07
2174.138 7.70720737706596e-08
2232.46 9.87940936676538e-08
2290.781 9.94509997556979e-08
2349.102 7.44095918846722e-08
2407.424 1.06541455402482e-07
2465.745 1.23646399717098e-07
2524.066 9.26787584382424e-08
2582.388 7.42142139405642e-08
2640.709 7.93866234006178e-08
2699.031 9.20229791425469e-08
2757.352 1.23624073238517e-07
2815.673 1.07591445465078e-07
2873.995 1.04768782868025e-07
2932.316 1.23509653875777e-07
2990.637 1.42301002045261e-07
3048.959 1.346854396416e-07
3107.28 1.09480188496504e-07
3165.602 1.19384822132243e-07
3223.923 1.17866832822934e-07
3282.244 9.77015851538174e-08
3340.566 8.79646568922579e-08
3398.887 9.94837126988207e-08
3457.208 9.48688676955777e-08
3515.53 8.83756945201642e-08
3573.851 7.62439945738699e-08
3632.173 7.28558152909055e-08
3690.494 7.7311627177371e-08
3748.815 9.10842686875284e-08
3807.137 9.05435456828006e-08
3865.458 9.49167391692388e-08
3923.779 7.18471988869627e-08
3982.101 7.69830081842392e-08
4040.422 7.34471788759586e-08
4098.744 7.15695122204046e-08
4157.065 7.98284448997752e-08
4215.386 8.69176034353318e-08
4273.708 8.90044502594331e-08
4332.029 6.06921177829712e-08
4390.35 5.98729638720942e-08
4448.672 7.83839994241507e-08
4506.993 5.60581444667888e-08
4565.315 6.6418807827172e-08
4623.636 6.90637984841143e-08
4681.957 7.58902336528155e-08
4740.279 8.12238923959986e-08
4798.6 7.19979390844979e-08
4799.6 9.7655820536058e-08
4953.131 1.04866686633289e-07
5106.663 8.93748692760812e-08
5260.194 6.50712857256946e-08
5413.725 4.7904461104094e-08
5567.257 5.79843121391635e-08
5720.788 5.72939194386484e-08
5874.32 5.78112758619013e-08
6027.851 7.40766097673806e-08
6181.382 6.3117279426946e-08
6334.914 7.58663340883296e-08
6488.445 7.22783391722454e-08
6641.976 6.30561793594349e-08
6795.508 6.95943577542616e-08
6949.039 5.74347882777807e-08
7102.571 5.40936770344341e-08
7256.102 6.92201017304176e-08
7409.633 8.34844361739777e-08
7563.165 8.33676329857359e-08
7716.696 6.49426841598916e-08
7870.227 5.86109332113044e-08
8023.759 5.11914104414557e-08
8177.29 5.01811321163007e-08
8330.822 5.27401042820301e-08
8484.353 5.59835716346258e-08
8637.884 5.84626274436591e-08
8791.416 6.54328549815688e-08
8944.947 6.17491035354271e-08
9098.478 5.98395222924299e-08
9252.01 5.7928589415032e-08
9405.541 6.20538025314786e-08
9559.073 4.83884773262882e-08
9712.604 3.47688772080644e-08
9866.135 4.46871701464293e-08
10019.667 4.20521468413127e-08
10173.198 4.1527835345709e-08
10326.729 4.60103273114811e-08
10480.261 4.77754463508807e-08
10633.792 4.75217257920972e-08
10787.324 4.54786308253546e-08
10940.855 4.05764240861522e-08
11094.386 4.98552965963553e-08
11247.918 6.3626682146874e-08
11401.449 5.05230692767302e-08
11554.98 4.93324191964227e-08
11708.512 3.63867407826476e-08
11862.043 4.04235332144131e-08
12015.575 5.38359279894129e-08
12169.106 5.7903409554345e-08
12322.637 5.1894746502318e-08
12476.169 4.4161623549001e-08
12629.7 4.37878944115678e-08
12630.7 5.90608096884616e-08
13034.822 4.92342414615245e-08
13438.943 4.26927681074244e-08
13843.065 4.68558505971489e-08
14247.186 4.56313014954844e-08
14651.308 3.20836216866849e-08
15055.429 2.54007267793263e-08
15459.551 3.6154468613645e-08
15863.673 4.08298070822024e-08
16267.794 4.83987137611417e-08
16671.916 5.4446401724075e-08
17076.037 4.86896525265064e-08
17480.159 4.99607025832895e-08
17884.28 5.33934074799121e-08
18288.402 5.43926043716844e-08
18692.524 5.14302736338852e-08
19096.645 4.78173064844214e-08
19500.767 4.47521068191749e-08
19904.888 4.66770220837058e-08
20309.01 3.88447596583973e-08
20713.131 4.37320995290555e-08
21117.253 5.05716909440214e-08
21521.375 4.96980942418735e-08
21925.496 4.50577544366352e-08
22329.618 4.01398832243661e-08
22733.739 3.69118785218282e-08
23137.861 3.4514867003457e-08
23541.982 3.23721852975455e-08
23946.104 2.9215801836231e-08
24350.225 2.78900520351779e-08
24754.347 3.08845094604355e-08
25158.469 3.52301540251887e-08
25562.59 3.64609578303263e-08
25966.712 4.17497975079512e-08
26370.833 4.29950243990968e-08
26774.955 3.38631919991003e-08
27179.076 2.6763941562924e-08
27583.198 3.226287876182e-08
27987.32 3.45422010005106e-08
28391.441 2.94187513325276e-08
28795.563 2.9348449306272e-08
29199.684 3.2784500714663e-08
29603.806 3.58199073898833e-08
30007.927 3.06505642468422e-08
30412.049 2.97374750723226e-08
30816.171 3.42771014726932e-08
31220.292 3.57607802197918e-08
31624.414 3.09888424606862e-08
32028.535 2.96342887584464e-08
32432.657 3.20429588365879e-08
32836.778 2.89804929738403e-08
33240.9 3.07701246271164e-08
33241.9 1.88372791688213e-08
34305.559 2.06752882907548e-08
35369.218 2.21824269233886e-08
36432.876 2.84538167115533e-08
37496.535 3.18122438500245e-08
38560.194 3.4923637527269e-08
39623.853 3.53556954810134e-08
40687.512 3.52570972423743e-08
41751.171 3.32234868323286e-08
42814.829 2.89642004674537e-08
43878.488 2.77743181675052e-08
44942.147 3.03689704564306e-08
46005.806 3.25126379814542e-08
47069.465 3.35633741742374e-08
48133.124 3.15703653542312e-08
49196.782 3.21217713397782e-08
50260.441 3.40182845760889e-08
51324.1 3.38595189892729e-08
52387.759 3.32708050169503e-08
53451.418 2.98026922078241e-08
54515.076 2.63122899987339e-08
55578.735 2.92181823422956e-08
56642.394 3.15823683997012e-08
57706.053 2.87003384870774e-08
58769.712 2.58656489608045e-08
59833.371 2.21321244282028e-08
60897.029 2.20603625021014e-08
61960.688 2.11149506319757e-08
63024.347 2.19186053110906e-08
64088.006 2.13327787411728e-08
65151.665 1.86854325025411e-08
66215.324 2.00380862986093e-08
67278.982 2.13251478802682e-08
68342.641 1.67318219129511e-08
69406.3 1.60740389568527e-08
70469.959 1.91961037370193e-08
71533.618 2.17445154708857e-08
72597.276 2.37305554243547e-08
73660.935 2.55146933001643e-08
74724.594 2.36583216520108e-08
75788.253 2.04309122860798e-08
76851.912 1.77373008493228e-08
77915.571 1.76383091748003e-08
78979.229 1.67383062413321e-08
80042.888 1.69326147911807e-08
81106.547 1.6605427863819e-08
82170.206 1.48462571283197e-08
83233.865 1.66139787145635e-08
84297.524 1.98469885880053e-08
85361.182 2.16298522516253e-08
86424.841 2.01154739567306e-08
87488.5 1.74461361532549e-08
87489.5 1.53300549995958e-08
90289.039 1.59262646703808e-08
93088.578 1.67573838971182e-08
95888.118 1.56669635215543e-08
98687.657 1.43911005788326e-08
101487.196 1.50406108175179e-08
104286.735 1.70696924442275e-08
107086.275 1.70363323637924e-08
109885.814 1.68834957834295e-08
112685.353 2.10844664137777e-08
115484.892 2.2843495202319e-08
118284.431 2.34817539603543e-08
121083.971 2.07831746161042e-08
123883.51 1.94469129949932e-08
126683.049 1.63808523154771e-08
129482.588 1.52179825737629e-08
132282.127 1.17613718774924e-08
135081.667 1.1456976703352e-08
137881.206 1.31405848054241e-08
140680.745 1.44691518026233e-08
143480.284 1.55970220176438e-08
146279.824 1.57020584788639e-08
149079.363 1.60352202925651e-08
151878.902 1.73331966100437e-08
154678.441 1.79972752095608e-08
157477.98 1.76493878673097e-08
160277.52 1.53432895289045e-08
163077.059 1.376088938618e-08
165876.598 1.3051364933676e-08
168676.137 1.25977974110639e-08
171475.676 1.19178782327785e-08
174275.216 1.17364743744703e-08
177074.755 1.32310181970715e-08
179874.294 1.20579190938888e-08
182673.833 8.14660170598002e-09
185473.373 7.56393343658747e-09
188272.912 9.76166847446161e-09
191072.451 1.07411420262847e-08
193871.99 1.11206883451299e-08
196671.529 1.11843694998607e-08
199471.069 1.16474755244982e-08
202270.608 1.26342017214043e-08
205070.147 1.09538978587763e-08
207869.686 8.58254433351944e-09
210669.225 1.16400355288071e-08
213468.765 1.35331205210415e-08
216268.304 1.54536960897605e-08
219067.843 1.48966706930301e-08
221867.382 1.36742465999989e-08
224666.922 1.23409690464978e-08
227466.461 1.21658145191995e-08
230266 1.20854229785102e-08
230267 1.42395045526899e-08
237635.294 1.27185379351569e-08
245003.588 1.27714359276588e-08
252371.882 1.38521180936845e-08
259740.176 2.01644407761581e-08
267108.471 2.08864412458878e-08
274476.765 1.28204983941749e-08
281845.059 9.33838646681642e-09
289213.353 8.38497493821809e-09
296581.647 8.43026570001948e-09
303949.941 1.25501672377413e-08
311318.235 1.310348983714e-08
318686.529 1.34182730059652e-08
326054.824 1.20934842549255e-08
333423.118 1.06317864854408e-08
340791.412 1.11343877674997e-08
348159.706 1.07360322528063e-08
355528 1.16101195288803e-08
362896.294 1.12080116583079e-08
370264.588 9.66091832279096e-09
377632.882 1.15212254715179e-08
385001.176 1.23016249585947e-08
392369.471 8.38310650692584e-09
399737.765 8.13578422252493e-09
407106.059 7.72290395562698e-09
414474.353 1.11569837373673e-08
421842.647 9.49894124251816e-09
429210.941 8.49112175888665e-09
436579.235 1.07368467637846e-08
443947.529 9.01472731979812e-09
451315.824 9.78883947499621e-09
458684.118 1.02378163583233e-08
466052.412 1.07367659962907e-08
473420.706 8.8838837100541e-09
480789 7.87808416048881e-09
488157.294 9.64490851663084e-09
495525.588 8.76177221942187e-09
502893.882 7.13605889314132e-09
510262.176 8.75759987280322e-09
517630.471 9.19103408033709e-09
524998.765 8.21760360594676e-09
532367.059 7.81635216980975e-09
539735.353 7.35010799120939e-09
547103.647 7.70188972638765e-09
554471.941 9.16356387727082e-09
561840.235 8.06936308536337e-09
569208.529 6.74632737158647e-09
576576.824 7.23498895116999e-09
583945.118 5.87675342615716e-09
591313.412 8.6694286913e-09
598681.706 6.43599387451642e-09
606050 6.4459114858818e-09
606051 8.1293454211006e-09
625444.118 1.00774568111866e-08
644837.235 8.16543398173858e-09
664230.353 8.00652764436376e-09
683623.471 8.60626315523558e-09
703016.588 5.98578647318853e-09
722409.706 6.80756443279951e-09
741802.824 8.0679412796799e-09
761195.941 5.91169731316521e-09
780589.059 6.36604810469333e-09
799982.176 5.63630159196785e-09
819375.294 5.84002518896773e-09
838768.412 5.06646183155279e-09
858161.529 6.80987643185231e-09
877554.647 6.08762692832707e-09
896947.765 6.31373930780888e-09
916340.882 9.57210041165089e-09
935734 6.0165383989187e-09
955127.118 7.61731314926894e-09
974520.235 6.14972380299327e-09
993913.353 6.36474194732245e-09
1013306.471 5.85273008062891e-09
1032699.588 5.65830213995773e-09
1052092.706 6.90666648287163e-09
1071485.824 6.77864122254176e-09
1090878.941 5.4688875096144e-09
1110272.059 3.39858530149173e-09
1129665.176 6.17621000857558e-09
1149058.294 5.60200694104416e-09
1168451.412 5.57567693167656e-09
1187844.529 5.30967508467252e-09
1207237.647 6.24670653470315e-09
1226630.765 6.16982327572565e-09
1246023.882 4.98152382116813e-09
1265417 6.69127595385921e-09
1284810.118 4.92279491400144e-09
1304203.235 5.93170709846083e-09
1323596.353 6.37640188660071e-09
1342989.471 6.43375705946948e-09
1362382.588 6.325852197169e-09
1381775.706 5.56279766030321e-09
1401168.824 6.05969315431916e-09
1420561.941 6.30174278493869e-09
1439955.059 5.56075388152766e-09
1459348.176 5.81267676748854e-09
1478741.294 4.42943562232983e-09
1498134.412 6.09268335688669e-09
1517527.529 4.10725243134348e-09
1536920.647 4.32933385336981e-09
1556313.765 6.40760541190533e-09
1575706.882 4.91581718479987e-09
1595100 4.75711303825425e-09
1595100 6.26853790215722e-09
1646141.765 5.05231835123339e-09
1697183.529 4.24106037566923e-09
1748225.294 5.45256305896257e-09
1799267.059 4.60364823842449e-09
1850308.824 5.32578442111857e-09
1901350.588 6.17325280649009e-09
1952392.353 5.10411076404187e-09
2003434.118 4.52446006023879e-09
2054475.882 4.4450863528838e-09
2105517.647 5.1374493510209e-09
2156559.412 4.21684503046917e-09
2207601.176 4.21582276296639e-09
2258642.941 4.55970752676014e-09
2309684.706 4.96748985346696e-09
2360726.471 4.20909043568212e-09
2411768.235 4.35009790728462e-09
2462810 4.53100320603306e-09
2513851.765 4.92544247057e-09
2564893.529 3.72575597749555e-09
2615935.294 3.77774471791275e-09
2666977.059 5.76223749252765e-09
2718018.824 3.33706894974654e-09
2769060.588 4.70882025773681e-09
2820102.353 4.10451204881374e-09
2871144.118 4.00354168957385e-09
2922185.882 4.44866867359791e-09
2973227.647 3.15538187879278e-09
3024269.412 3.9605261773225e-09
3075311.176 4.29793962336408e-09
3126352.941 4.86356673579793e-09
3177394.706 4.50481857914509e-09
3228436.471 3.34541143219299e-09
3279478.235 4.34549363727324e-09
3330520 4.07988736505074e-09
3381561.765 4.85094763633028e-09
3432603.529 3.81470747738089e-09
3483645.294 3.14436970158676e-09
3534687.059 4.82183857138205e-09
3585728.824 3.20662527168793e-09
3636770.588 3.8431722565372e-09
3687812.353 4.72624285340509e-09
3738854.118 3.5502024151204e-09
3789895.882 3.99310968964172e-09
3840937.647 4.43712189369327e-09
3891979.412 5.29471707373156e-09
3943021.176 4.29051202978683e-09
3994062.941 4.29249816211897e-09
4045104.706 3.90159490963785e-09
4096146.471 3.84892441476021e-09
4147188.235 3.85513759004118e-09
4198230 3.60626171579259e-09
4198230 3.76683196648472e-09
4332570.588 2.39218537976922e-09
4466911.176 3.67387331949886e-09
4601251.765 3.03425013133847e-09
4735592.353 4.30137512746019e-09
4869932.941 2.91195043277558e-09
5004273.529 3.66800413461105e-09
5138614.118 3.76421330469405e-09
5272954.706 3.21737197586005e-09
5407295.294 3.34417753283751e-09
5541635.882 4.68239151772877e-09
5675976.471 3.2084890372464e-09
5810317.059 2.77614979745312e-09
5944657.647 3.56098752955048e-09
6078998.235 2.97021695328711e-09
6213338.824 4.73588671583444e-09
6347679.412 3.80074963482353e-09
6482020 2.60687591574639e-09
6616360.588 4.3752282259054e-09
6750701.176 3.25461469033659e-09
6885041.765 3.87735281292241e-09
7019382.353 2.8953122977653e-09
7153722.941 3.3403263848414e-09
7288063.529 3.09800997049202e-09
7422404.118 4.33221263104934e-09
7556744.706 4.26756628739215e-09
7691085.294 3.85433734505972e-09
7825425.882 3.00294912311026e-09
7959766.471 3.48308074417435e-09
8094107.059 2.6469298911596e-09
8228447.647 2.87071908581222e-09
8362788.235 4.06472278657684e-09
8497128.824 2.32945107546714e-09
8631469.412 2.8376254017054e-09
8765810 2.973596675248e-09
8900150.588 4.12966672748757e-09
9034491.176 3.71404782476912e-09
9168831.765 3.86867896019247e-09
9303172.353 2.96347021041643e-09
9437512.941 3.78700319782301e-09
9571853.529 2.92912781199227e-09
9706194.118 3.82016850561347e-09
9840534.706 2.07076104927344e-09
9974875.294 2.82230302919061e-09
10109215.882 2.97044719804433e-09
10243556.471 3.63460531130441e-09
10377897.059 4.18205870733837e-09
10512237.647 2.96796051183646e-09
10646578.235 3.70695289200518e-09
10780918.824 2.15122864279367e-09
10915259.412 3.76033975491925e-09
11049600 3.54713233792672e-09
11049600 4.38248945157167e-09
11403174.51 2.39863581693503e-09
11756749.02 3.47448869473201e-09
12110323.529 3.07184017435798e-09
12463898.039 2.56622604648305e-09
12817472.549 2.97064555947702e-09
13171047.059 3.04130106126983e-09
13524621.569 3.73881128126974e-09
13878196.078 3.6556785357442e-09
14231770.588 3.90682346190189e-09
14585345.098 2.95930929729322e-09
14938919.608 2.98897842063616e-09
15292494.118 2.91777242479089e-09
15646068.627 2.66525005669292e-09
15999643.137 2.17518501622562e-09
16353217.647 3.2263037128167e-09
16706792.157 2.96380217894526e-09
17060366.667 2.63562048571805e-09
17413941.176 2.13217441847025e-09
17767515.686 2.94255335768948e-09
18121090.196 3.14390136195919e-09
18474664.706 3.1857278662261e-09
18828239.216 3.24173459629663e-09
19181813.725 2.23563842437058e-09
19535388.235 2.9049981882947e-09
19888962.745 3.09152114516617e-09
20242537.255 2.38057848214306e-09
20596111.765 3.15727642495567e-09
20949686.275 2.61732469720514e-09
21303260.784 3.35487398045363e-09
21656835.294 2.38180912528679e-09
22010409.804 3.06104990913813e-09
22363984.314 2.35460863424639e-09
22717558.824 3.34357972875376e-09
23071133.333 2.29482437468079e-09
23424707.843 2.26603442402032e-09
23778282.353 2.99354590655499e-09
24131856.863 3.04642586963456e-09
24485431.373 2.87186750386806e-09
24839005.882 2.58527010789585e-09
25192580.392 2.17191407572941e-09
25546154.902 2.79644355023369e-09
25899729.412 2.85651393308389e-09
26253303.922 3.03658854255775e-09
26606878.431 2.36361597041282e-09
26960452.941 1.92309436128419e-09
27314027.451 3.14050122930867e-09
27667601.961 2.96100094826351e-09
28021176.471 2.96902887705548e-09
28374750.98 3.47011554179982e-09
28728325.49 2.4422195791101e-09
29081900 2.84186756907405e-09
29081900 3.21025844581424e-09
30012498.039 2.48075337713287e-09
30943096.078 2.14944164639282e-09
31873694.118 2.80073455544577e-09
32804292.157 2.68093924382273e-09
33734890.196 2.4532448278469e-09
34665488.235 2.34131158209063e-09
35596086.275 2.48960537988244e-09
36526684.314 3.0148352373724e-09
37457282.353 2.72452479097733e-09
38387880.392 2.81902819497138e-09
39318478.431 2.3120009233756e-09
40249076.471 2.27702123675712e-09
41179674.51 2.60703492762494e-09
42110272.549 2.39286744294106e-09
43040870.588 2.65803404462784e-09
43971468.627 2.73735440884051e-09
44902066.667 2.47639433684249e-09
45832664.706 1.67648804574404e-09
46763262.745 3.434159069979e-09
47693860.784 2.54053088054989e-09
48624458.824 2.28506705392671e-09
49555056.863 2.30520827778073e-09
50485654.902 2.29442245545133e-09
51416252.941 1.77819089235747e-09
52346850.98 3.15822072501156e-09
53277449.02 2.59103035693314e-09
54208047.059 2.60829419241467e-09
55138645.098 3.00045541076604e-09
56069243.137 2.89500691006332e-09
56999841.176 2.79721429213081e-09
57930439.216 2.21000850348932e-09
58861037.255 1.40267055157188e-09
59791635.294 1.90937570962309e-09
60722233.333 2.71359148056269e-09
61652831.373 2.30826846589523e-09
62583429.412 2.58892517160937e-09
63514027.451 2.13596241262598e-09
64444625.49 2.40009411009838e-09
65375223.529 2.3873565469015e-09
66305821.569 2.15259413576877e-09
67236419.608 2.10151350508294e-09
68167017.647 1.1730535250487e-09
69097615.686 2.99506713944599e-10
70028213.725 2.00501141107151e-09
70958811.765 1.7955529996388e-09
71889409.804 1.22211213006708e-09
72820007.843 1.87831830336809e-09
73750605.882 2.14367303864732e-09
74681203.922 2.60329289045903e-10
75611801.961 1.99836625017179e-09
76542400 1.46853715946529e-09
76542400 1.65227881287015e-09
78991686.275 2.16326705762832e-09
81440972.549 2.27648374213963e-09
83890258.824 2.33325970201458e-09
86339545.098 2.45294369984691e-09
88788831.373 2.57064189020008e-09
91238117.647 2.20420748653459e-09
93687403.922 2.30081379772821e-09
96136690.196 2.38529431514135e-09
98585976.471 1.84346158173951e-09
101035262.745 1.91727580270012e-09
103484549.02 2.0091533748927e-09
105933835.294 1.745509510095e-09
108383121.569 2.67487913030373e-09
110832407.843 1.38900094027784e-09
113281694.118 1.71171272744226e-09
115730980.392 2.24479195659881e-09
118180266.667 1.39459830490356e-09
120629552.941 2.98333683101664e-09
123078839.216 3.10446515604139e-09
125528125.49 9.06708238104812e-10
127977411.765 2.47406802468557e-09
130426698.039 2.54411733068914e-09
132875984.314 3.63192906405268e-09
135325270.588 2.11831636015945e-09
137774556.863 2.23912052198959e-09
140223843.137 6.14186108144174e-10
142673129.412 2.93800760312034e-09
145122415.686 1.50775290736134e-09
147571701.961 1.87007908245097e-09
150020988.235 1.96651141860678e-09
152470274.51 2.01117229688479e-09
154919560.784 2.09922856886721e-09
157368847.059 1.80697475669874e-09
159818133.333 3.44146712077392e-09
162267419.608 1.37559622321785e-09
164716705.882 1.43772152231642e-09
167165992.157 1.46297287541287e-09
169615278.431 1.48195912106999e-09
172064564.706 1.4964502186954e-09
174513850.98 2.22561543749567e-09
176963137.255 2.24978271117609e-09
179412423.529 2.46711940505178e-09
181861709.804 3.90949789233924e-09
184310996.078 5.18790346805058e-09
186760282.353 5.09537716576926e-09
189209568.627 3.8396918885412e-09
191658854.902 3.73539924205797e-09
194108141.176 2.89145016012423e-09
196557427.451 2.8167500505155e-09
199006713.725 2.75438446841167e-09
201456000 5.16619000285622e-10
