101 3.1758431611982e-07
104.18 3.3731487371851e-07
107.361 3.6580205953547e-07
110.541 3.61115521505431e-07
113.721 3.09477035648056e-07
116.902 2.6204641124872e-07
120.082 2.44251075301188e-07
123.262 2.25031894322937e-07
126.443 2.20010085302311e-07
129.623 2.30325560441255e-07
132.803 2.36110279280857e-07
135.983 2.33582916109744e-07
139.164 2.67443959817606e-07
142.344 2.89377284003225e-07
145.524 2.54764369208566e-07
148.705 2.47301432051289e-07
151.885 2.71081937350143e-07
155.065 2.85247850062938e-07
158.246 3.10124453673875e-07
161.426 2.78067363877675e-07
164.606 2.62067063726665e-07
167.787 2.47355427029265e-07
170.967 2.4332237321091e-07
174.147 2.70522478633927e-07
177.328 2.20633692180318e-07
180.508 1.81037378502994e-07
183.688 1.63374761611052e-07
186.868 2.13191243029546e-07
190.049 2.3558807077985e-07
193.229 2.092492393822e-07
196.409 1.86298888134452e-07
199.59 1.76789506125954e-07
202.77 2.07793913890666e-07
205.95 2.28304609093382e-07
209.131 1.73619606576004e-07
212.311 1.71844718978624e-07
215.491 1.99253493373989e-07
218.672 2.41495018739273e-07
221.852 2.30242066271897e-07
225.032 2.11187319145939e-07
228.213 2.14105468907485e-07
231.393 2.07692430546451e-07
234.573 1.92050613427808e-07
237.753 1.73892046284261e-07
240.934 1.62555443519295e-07
244.114 1.65391552536396e-07
247.294 1.79348251633981e-07
250.475 1.66726557617539e-07
253.655 1.8867486362592e-07
256.835 1.76270081054118e-07
260.016 2.10657215392573e-07
263.196 2.21783143252708e-07
264.196 2.41021806859638e-07
272.598 2.21732522206765e-07
281.001 1.97429209492041e-07
289.403 1.55261293783949e-07
297.806 1.42213868734435e-07
306.208 1.63455670226748e-07
314.611 1.9722605963058e-07
323.013 2.03696802422749e-07
331.415 1.7834288906301e-07
339.818 1.6594090374825e-07
348.22 1.65601523658856e-07
356.623 1.6158110491038e-07
365.025 1.61418141528998e-07
373.428 1.59492515432754e-07
381.83 1.70956960723053e-07
390.232 1.77378028491412e-07
398.635 1.69413489803717e-07
407.037 1.47729041362566e-07
415.44 1.30634107164137e-07
423.842 1.79955824597381e-07
432.245 1.88429123036224e-07
440.647 1.58569492353076e-07
449.049 1.47063321167524e-07
457.452 1.40387644633974e-07
465.854 1.66078928920315e-07
474.257 1.76665629533366e-07
482.659 1.76090555765976e-07
491.062 1.54181412892248e-07
499.464 1.40034775953638e-07
507.867 1.61896793686957e-07
516.269 1.69472662197938e-07
524.671 1.6474413336228e-07
533.074 1.52144882331599e-07
541.476 1.45858256455089e-07
549.879 1.25540717660549e-07
558.281 1.32246095862606e-07
566.684 1.39709323940868e-07
575.086 1.45484620198008e-07
583.488 1.43265142434849e-07
591.891 1.53069468228847e-07
600.293 1.68308411640112e-07
608.696 1.67491718424819e-07
617.098 1.55910171839492e-07
625.501 1.40011140939507e-07
633.903 1.2413466399429e-07
642.305 9.17830981719231e-08
650.708 9.25907752071427e-08
659.11 1.05735791592312e-07
667.513 1.21016061486911e-07
675.915 1.28179019580365e-07
684.318 1.56728115589304e-07
692.72 1.67078510836041e-07
693.72 1.24890504343279e-07
715.867 1.28343547747748e-07
738.014 1.46898486402926e-07
760.161 1.13921960663456e-07
782.307 1.30880996078046e-07
804.454 1.35101108953204e-07
826.601 1.31302500123616e-07
848.748 1.4238362768316e-07
870.895 1.63979461776592e-07
893.042 1.27843134939154e-07
915.189 1.39464434196563e-07
937.335 1.52415958169081e-07
959.482 1.34401129329214e-07
981.629 9.69458210711025e-08
1003.776 1.13450733951513e-07
1025.923 1.27517695506698e-07
1048.07 1.09848974697511e-07
1070.217 1.30947514577316e-07
1092.364 9.27084045193597e-08
1114.51 9.0901300124418e-08
1136.657 1.30849503114811e-07
1158.804 1.31520897867783e-07
1180.951 1.05289517760354e-07
1203.098 9.21208097920496e-08
1225.245 7.43258635869415e-08
1247.392 1.18349579899791e-07
1269.538 1.14638658205343e-07
1291.685 1.09076070347543e-07
1313.832 9.77459556199577e-08
1335.979 9.21803285324907e-08
1358.126 1.24561596279846e-07
1380.273 8.33735137790517e-08
1402.42 9.37864670643558e-08
1424.566 7.2718051846703e-08
1446.713 8.66134168178126e-08
1468.86 9.03166910458055e-08
1491.007 8.6316291315116e-08
1513.154 8.00883636432852e-08
1535.301 9.03785469995862e-08
1557.448 7.49381862716455e-08
1579.595 7.52123759703185e-08
1601.741 9.10741585732471e-08
1623.888 9.51949430784206e-08
1646.035 1.11401303471845e-07
1668.182 7.99300150425729e-08
1690.329 7.94160060631121e-08
1712.476 7.97478897255663e-08
1734.623 9.22675544829595e-08
1756.769 8.67451056130765e-08
1778.916 9.29619772569552e-08
1801.063 8.10421221662278e-08
1823.21 7.99404220351717e-08
1824.21 8.93602841370329e-08
1882.531 8.00493891764816e-08
1940.853 8.48375840514408e-08
1999.174 1.00287281093715e-07
2057.495 9.18831205664655e-08
2115.817 9.14499724497727e-08
2174.138 9.83429850216568e-08
2232.46 8.86583778091282e-08
2290.781 8.47914937708306e-08
2349.102 8.03319008635399e-08
2407.424 6.76856495674647e-08
2465.745 5.88806449869295e-08
2524.066 7.83618949826627e-08
2582.388 7.07102667789346e-08
2640.709 9.05820420798617e-08
2699.031 7.55835609912472e-08
2757.352 6.43724570942783e-08
2815.673 7.92905975214023e-08
2873.995 7.26110888527391e-08
2932.316 6.02764646915842e-08
2990.637 7.1451522742698e-08
3048.959 7.50773033994809e-08
3107.28 6.35072744025378e-08
3165.602 8.36868441593269e-08
3223.923 7.43927167405213e-08
3282.244 8.39430492954511e-08
3340.566 6.999179686912e-08
3398.887 6.22567458870579e-08
3457.208 7.67071745369187e-08
3515.53 7.90140898370479e-08
3573.851 7.26340961843778e-08
3632.173 4.49083602919996e-08
3690.494 4.31534963599779e-08
3748.815 6.70213251704544e-08
3807.137 7.07492898803212e-08
3865.458 7.09936515903801e-08
3923.779 6.49550407047478e-08
3982.101 6.54639707191422e-08
4040.422 6.53298904850426e-08
4098.744 7.65786506914795e-08
4157.065 7.20478254489951e-08
4215.386 5.80843973869097e-08
4273.708 5.65391415759083e-08
4332.029 6.60259134113277e-08
4390.35 6.66417693686741e-08
4448.672 4.86274657138249e-08
4506.993 6.42465044243577e-08
4565.315 5.36264775103428e-08
4623.636 6.08666854287991e-08
4681.957 4.28764264975963e-08
4740.279 5.12074606071458e-08
4798.6 4.90095990487667e-08
4799.6 6.78005937139715e-08
4953.131 5.70419286930256e-08
5106.663 4.38375152366933e-08
5260.194 4.65777167924961e-08
5413.725 4.88371302454268e-08
5567.257 4.30144357604786e-08
5720.788 5.59167392530503e-08
5874.32 6.26321769818459e-08
6027.851 4.89931597228048e-08
6181.382 4.63809473901034e-08
6334.914 4.47811479448519e-08
6488.445 5.38813246371676e-08
6641.976 5.40870832796765e-08
6795.508 3.75518705147619e-08
6949.039 2.81405360971402e-08
7102.571 3.14399350756626e-08
7256.102 3.63352269494526e-08
7409.633 4.33178432647466e-08
7563.165 4.41206274455346e-08
7716.696 4.34603286737518e-08
7870.227 4.45794907339763e-08
8023.759 3.98264078352105e-08
8177.29 3.9590856652862e-08
8330.822 4.02820831985478e-08
8484.353 3.98080670773526e-08
8637.884 4.1457676737156e-08
8791.416 4.02672437111284e-08
8944.947 4.08450790719193e-08
9098.478 3.83741027594521e-08
9252.01 3.50538823869195e-08
9405.541 3.82238763715579e-08
9559.073 3.83388422458597e-08
9712.604 4.99310931300174e-08
9866.135 4.2663109540467e-08
10019.667 3.41907936635731e-08
10173.198 3.5650271755063e-08
10326.729 4.3040932592766e-08
10480.261 3.5951889344268e-08
10633.792 3.77405424839678e-08
10787.324 4.46992976108974e-08
10940.855 4.64174157442321e-08
11094.386 4.49880219461915e-08
11247.918 4.03253320333246e-08
11401.449 3.16242639381147e-08
11554.98 2.78578879074671e-08
11708.512 3.3359428979163e-08
11862.043 3.09119688199854e-08
12015.575 2.57824022974295e-08
12169.106 3.40768338059441e-08
12322.637 4.09630831012731e-08
12476.169 3.12183980669065e-08
12629.7 3.63590316118785e-08
12630.7 3.48512499382077e-08
13034.822 3.47916638517452e-08
13438.943 3.77781775244211e-08
13843.065 4.06259887097669e-08
14247.186 3.84252243805789e-08
14651.308 3.96990224334891e-08
15055.429 3.80514654646527e-08
15459.551 3.0897819719693e-08
15863.673 2.99063390311949e-08
16267.794 2.99307903864636e-08
16671.916 3.89157923660565e-08
17076.037 3.5786594593188e-08
17480.159 2.70290813341319e-08
17884.28 3.03191913504164e-08
18288.402 3.55854751507897e-08
18692.524 3.77136147673833e-08
19096.645 3.53452756766152e-08
19500.767 3.87989861504124e-08
19904.888 4.0245255310481e-08
20309.01 3.59648874251038e-08
20713.131 2.8697535951051e-08
21117.253 2.17150705317583e-08
21521.375 2.58751445175923e-08
21925.496 3.26910322527737e-08
22329.618 2.92165669409753e-08
22733.739 2.30299990031303e-08
23137.861 2.27972271384375e-08
23541.982 2.07297400082862e-08
23946.104 2.10380136194908e-08
24350.225 2.64538953971497e-08
24754.347 2.84047492061401e-08
25158.469 2.74810398088717e-08
25562.59 3.18170158557e-08
25966.712 3.95887194745413e-08
26370.833 3.65327625441932e-08
26774.955 3.08171587867446e-08
27179.076 2.805874102702e-08
27583.198 2.7040739330756e-08
27987.32 2.40530995495355e-08
28391.441 2.05975330851037e-08
28795.563 2.3618447014216e-08
29199.684 2.28058064352628e-08
29603.806 2.31996770401579e-08
30007.927 2.74702011883579e-08
30412.049 2.40160938393051e-08
30816.171 2.11572625525981e-08
31220.292 2.48541798685418e-08
31624.414 2.51762013210918e-08
32028.535 2.25467656711062e-08
32432.657 2.14156716319253e-08
32836.778 2.28428775894395e-08
33240.9 2.51777800916688e-08
33241.9 2.09369112631015e-08
34305.559 2.03960384209679e-08
35369.218 2.23155906947956e-08
36432.876 2.43159473718545e-08
37496.535 2.29154189449044e-08
38560.194 2.12522468686413e-08
39623.853 2.10713782869e-08
40687.512 2.53175734848741e-08
41751.171 2.77613410248512e-08
42814.829 2.2040691706927e-08
43878.488 1.96746719227308e-08
44942.147 2.06696718729202e-08
46005.806 2.20546599631368e-08
47069.465 2.2323149998997e-08
48133.124 2.21058112506277e-08
49196.782 2.20162312473065e-08
50260.441 2.11474841993599e-08
51324.1 2.06877012093845e-08
52387.759 1.82498855067838e-08
53451.418 1.69569452779448e-08
54515.076 1.98868143738079e-08
55578.735 2.16988541027326e-08
56642.394 2.32610051260308e-08
57706.053 2.20732823129238e-08
58769.712 2.07054130919793e-08
59833.371 2.04096940552503e-08
60897.029 2.12237970249135e-08
61960.688 2.14431452823534e-08
63024.347 1.7040788495378e-08
64088.006 1.81508472435116e-08
65151.665 1.96542119324487e-08
66215.324 2.097505576261e-08
67278.982 2.14200314263453e-08
68342.641 1.96476809501233e-08
69406.3 1.72672776571926e-08
70469.959 1.61815411412555e-08
71533.618 1.56954407630054e-08
72597.276 1.53296840538234e-08
73660.935 1.52586110455254e-08
74724.594 1.76601597816806e-08
75788.253 1.60897110171713e-08
76851.912 1.60938226691702e-08
77915.571 1.67552704954728e-08
78979.229 1.66009894271331e-08
80042.888 1.57393852989355e-08
81106.547 1.42637764589431e-08
82170.206 1.43242659925112e-08
83233.865 1.93520926602365e-08
84297.524 2.26146006251788e-08
85361.182 2.02266679559661e-08
86424.841 1.90063558529799e-08
87488.5 1.93538166658645e-08
87489.5 1.67482085001788e-08
90289.039 1.79745067469611e-08
93088.578 1.66021936757019e-08
95888.118 1.44214702257976e-08
98687.657 1.40865025863099e-08
101487.196 1.43193245145133e-08
104286.735 1.47809479595637e-08
107086.275 1.42497772098203e-08
109885.814 1.48413795908196e-08
112685.353 1.42763269785312e-08
115484.892 1.39512144112964e-08
118284.431 1.14710737564819e-08
121083.971 1.14275876586524e-08
123883.51 1.3050111908705e-08
126683.049 1.19926499924469e-08
129482.588 1.13035009625443e-08
132282.127 1.05908948044487e-08
135081.667 1.15390292747365e-08
137881.206 1.23746752789072e-08
140680.745 1.05079560321063e-08
143480.284 9.94825472836342e-09
146279.824 1.13169418388455e-08
149079.363 1.26573389287912e-08
151878.902 1.63282415825912e-08
154678.441 1.70916098605953e-08
157477.98 1.68544373436592e-08
160277.52 1.55947175417e-08
163077.059 1.63832411209518e-08
165876.598 1.69764479925341e-08
168676.137 1.38304048549982e-08
171475.676 1.266828884609e-08
174275.216 1.08259022789766e-08
177074.755 1.08585898256884e-08
179874.294 9.79989122893838e-09
182673.833 7.32524903113911e-09
185473.373 6.95892421997588e-09
188272.912 8.98318840137642e-09
191072.451 1.11849059755079e-08
193871.99 1.05114337593486e-08
196671.529 1.06526436197328e-08
199471.069 1.10765913724595e-08
202270.608 9.82894520725214e-09
205070.147 9.20976584930944e-09
207869.686 9.97810338085109e-09
210669.225 1.02807976746424e-08
213468.765 1.00196604493754e-08
216268.304 9.88422430983619e-09
219067.843 1.11790544691344e-08
221867.382 1.17133668590559e-08
224666.922 1.07812551714352e-08
227466.461 9.91458054666753e-09
230266 7.90707608234689e-09
230267 1.15440998071314e-08
237635.294 1.18044165313163e-08
245003.588 1.27233614284054e-08
252371.882 7.55469166376925e-09
259740.176 8.50866545595305e-09
267108.471 7.09051076437111e-09
274476.765 7.99780314238221e-09
281845.059 1.01137099592511e-08
289213.353 1.15334570257834e-08
296581.647 9.19031492015051e-09
303949.941 8.45020522566701e-09
311318.235 6.36521009524391e-09
318686.529 8.48726744486583e-09
326054.824 8.97555634634967e-09
333423.118 8.92949821649372e-09
340791.412 9.88194785943377e-09
348159.706 8.40178365723088e-09
355528 7.04356559879958e-09
362896.294 1.00380195954664e-08
370264.588 8.68732081224124e-09
377632.882 8.1005206519098e-09
385001.176 9.61698349652209e-09
392369.471 1.38762661550953e-08
399737.765 1.11914437882887e-08
407106.059 9.13245707868398e-09
414474.353 8.54938100017836e-09
421842.647 9.32857643929794e-09
429210.941 8.1873659273595e-09
436579.235 7.83820778819976e-09
443947.529 6.51901998078097e-09
451315.824 6.58100089773993e-09
458684.118 7.68686258125598e-09
466052.412 8.05154954970323e-09
473420.706 8.05598530989294e-09
480789 7.19112718348143e-09
488157.294 6.18867567007147e-09
495525.588 6.80990194417618e-09
502893.882 9.38326741252133e-09
510262.176 1.06218214503128e-08
517630.471 7.51099303042277e-09
524998.765 5.8872394760669e-09
532367.059 7.58114546919459e-09
539735.353 8.47406201160584e-09
547103.647 5.19357340034141e-09
554471.941 5.38682860211242e-09
561840.235 6.58918670083692e-09
569208.529 4.49184940447594e-09
576576.824 6.675652732041e-09
583945.118 7.48966610621198e-09
591313.412 6.44146009273369e-09
598681.706 6.39284582642667e-09
606050 8.54298803707742e-09
606051 6.79935067063922e-09
625444.118 7.74452160841359e-09
644837.235 5.04220751674036e-09
664230.353 6.27958385027732e-09
683623.471 5.98227887893825e-09
703016.588 7.22158012989452e-09
722409.706 6.60102787498594e-09
741802.824 6.48594196842603e-09
761195.941 6.0479936282636e-09
780589.059 7.07211800582506e-09
799982.176 7.194758405725e-09
819375.294 6.06012501343643e-09
838768.412 6.97012023521701e-09
858161.529 5.44796881728208e-09
877554.647 6.84303089976493e-09
896947.765 5.42597899212315e-09
916340.882 6.24749630254393e-09
935734 6.61170391809363e-09
955127.118 4.45378278524566e-09
974520.235 6.0651236374655e-09
993913.353 7.0236971990546e-09
1013306.471 5.66878500355514e-09
1032699.588 6.02488740981252e-09
1052092.706 4.81851495523918e-09
1071485.824 4.05831987459285e-09
1090878.941 6.98561580970189e-09
1110272.059 4.53945966558099e-09
1129665.176 4.97624491633551e-09
1149058.294 4.97135485912106e-09
1168451.412 4.41206989400301e-09
1187844.529 6.12170477770686e-09
1207237.647 5.58354455752537e-09
1226630.765 5.58568360962542e-09
1246023.882 5.08760841179172e-09
1265417 6.71186646392365e-09
1284810.118 6.10480591371865e-09
1304203.235 4.39325677536652e-09
1323596.353 5.76919283525628e-09
1342989.471 4.32858652262366e-09
1362382.588 4.35321877939922e-09
1381775.706 4.57133262456904e-09
1401168.824 6.30892080216787e-09
1420561.941 4.44992264506626e-09
1439955.059 5.48519155098407e-09
1459348.176 3.89948425494163e-09
1478741.294 5.65464137166196e-09
1498134.412 6.27124612881016e-09
1517527.529 4.98209275371939e-09
1536920.647 5.37361487398949e-09
1556313.765 3.67489194517714e-09
1575706.882 3.86724456229504e-09
1595100 4.81875289323985e-09
1595100 6.34246813003698e-09
1646141.765 5.40856458689199e-09
1697183.529 4.92655836333962e-09
1748225.294 4.07479475033387e-09
1799267.059 4.48388765140229e-09
1850308.824 5.75852184576889e-09
1901350.588 4.43888664567303e-09
1952392.353 4.99367643318115e-09
2003434.118 4.66069116040352e-09
2054475.882 4.36088841314713e-09
2105517.647 4.95212124543904e-09
2156559.412 4.31768901165028e-09
2207601.176 2.94205386970148e-09
2258642.941 4.06125529229881e-09
2309684.706 3.46295199732481e-09
2360726.471 4.41745970270256e-09
2411768.235 5.39470168631633e-09
2462810 3.88563735714147e-09
2513851.765 5.07201980751933e-09
2564893.529 3.98605903695068e-09
2615935.294 4.1690176913566e-09
2666977.059 3.98740261629605e-09
2718018.824 4.23520933750629e-09
2769060.588 3.68433371882258e-09
2820102.353 3.28263985643874e-09
2871144.118 5.20574972968688e-09
2922185.882 4.51678933762759e-09
2973227.647 4.22009178415024e-09
3024269.412 4.30144149943592e-09
3075311.176 3.17928324284378e-09
3126352.941 4.09388072997583e-09
3177394.706 4.96486770303848e-09
3228436.471 3.14016685761176e-09
3279478.235 2.91528972910454e-09
3330520 3.871430711189e-09
3381561.765 3.33872287492619e-09
3432603.529 3.28239427743449e-09
3483645.294 3.55421399054735e-09
3534687.059 3.58701536704705e-09
3585728.824 3.55594291912332e-09
3636770.588 4.15519209559421e-09
3687812.353 3.76817078562808e-09
3738854.118 3.60545487596809e-09
3789895.882 3.58888378836323e-09
3840937.647 3.21170344908646e-09
3891979.412 3.0565737067587e-09
3943021.176 3.53668362964387e-09
3994062.941 3.04691835995046e-09
4045104.706 4.10014719008115e-09
4096146.471 3.97886148573506e-09
4147188.235 1.79105808522179e-09
4198230 3.23856493544057e-09
4198230 3.90995744043869e-09
4332570.588 2.98377017313885e-09
4466911.176 2.54860562752353e-09
4601251.765 2.6699796489938e-09
4735592.353 3.37684633002306e-09
4869932.941 3.2451459078302e-09
5004273.529 3.29905043738459e-09
5138614.118 3.60309902978418e-09
5272954.706 2.04608255791381e-09
5407295.294 4.14767818738041e-09
5541635.882 2.6562350886854e-09
5675976.471 2.51611494787796e-09
5810317.059 3.7166505469515e-09
5944657.647 3.75452219300521e-09
6078998.235 3.68487007847657e-09
6213338.824 4.25450087029332e-09
6347679.412 2.95907389265287e-09
6482020 2.42707571858029e-09
6616360.588 2.49104259652391e-09
6750701.176 1.72685453506823e-09
6885041.765 2.00083224293687e-09
7019382.353 3.27984377522067e-09
7153722.941 2.74334614430798e-09
7288063.529 3.14431991175103e-09
7422404.118 3.55560991352273e-09
7556744.706 2.27827655207745e-09
7691085.294 2.93568385423114e-09
7825425.882 2.62734462312947e-09
7959766.471 3.82045168193336e-09
8094107.059 2.82832250875876e-09
8228447.647 2.89810151228706e-09
8362788.235 2.28759594228743e-09
8497128.824 2.88090072991934e-09
8631469.412 3.11512753880428e-09
8765810 2.23618982592257e-09
8900150.588 3.08553666960182e-09
9034491.176 2.90732612090029e-09
9168831.765 3.08432984180394e-09
9303172.353 2.97577530770102e-09
9437512.941 2.37926406182344e-09
9571853.529 2.46856900718851e-09
9706194.118 2.31928290074321e-09
9840534.706 3.45381424644212e-09
9974875.294 2.41980219446049e-09
10109215.882 2.23576600570429e-09
10243556.471 2.27814125633669e-09
10377897.059 1.82105140583246e-09
10512237.647 2.97774992207025e-09
10646578.235 3.14510437367901e-09
10780918.824 2.86442762438815e-09
10915259.412 2.80996267152876e-09
11049600 2.58472941386991e-09
11049600 2.48392406013006e-09
11403174.51 2.12715740997071e-09
11756749.02 2.94414073000588e-09
12110323.529 2.01878331481526e-09
12463898.039 1.73682174030459e-09
12817472.549 2.2305224519496e-09
13171047.059 2.95661946466082e-09
13524621.569 2.18245013317607e-09
13878196.078 3.24053505197413e-09
14231770.588 2.64452939280806e-09
14585345.098 2.67217902988934e-09
14938919.608 2.47826252479198e-09
15292494.118 2.76293260465017e-09
15646068.627 1.95413298739452e-09
15999643.137 2.78194339513694e-09
16353217.647 2.49725234228818e-09
16706792.157 2.90192797462023e-09
17060366.667 2.49005796077903e-09
17413941.176 2.39904299734276e-09
17767515.686 1.41950195955508e-09
18121090.196 1.70367137984083e-09
18474664.706 1.93276896995917e-09
18828239.216 2.36818904246257e-09
19181813.725 2.27218191230786e-09
19535388.235 1.53179639904437e-09
19888962.745 1.87198192450043e-09
20242537.255 2.43236248421267e-09
20596111.765 2.2680107493226e-09
20949686.275 1.97810217216686e-09
21303260.784 2.50447428590854e-09
21656835.294 1.90348960294598e-09
22010409.804 1.90050327284903e-09
22363984.314 2.24229841519527e-09
22717558.824 2.27896546434629e-09
23071133.333 2.9134604200802e-09
23424707.843 2.42099460672137e-09
23778282.353 2.57170734484958e-09
24131856.863 2.26652783584586e-09
24485431.373 1.79664588635944e-09
24839005.882 1.88760218674224e-09
25192580.392 2.50643467651826e-09
25546154.902 2.28097340240896e-09
25899729.412 2.1324393742074e-09
26253303.922 2.97657183246009e-09
26606878.431 2.5136601958754e-09
26960452.941 1.99000873387379e-09
27314027.451 2.14758449799687e-09
27667601.961 1.79879177175327e-09
28021176.471 1.96890155055942e-09
28374750.98 2.12000229265226e-09
28728325.49 2.32858308178442e-09
29081900 2.36594835160131e-09
29081900 2.81320121860645e-09
30012498.039 1.94603226440772e-09
30943096.078 1.65860127090518e-09
31873694.118 1.7148861620108e-09
32804292.157 2.35703578693474e-09
33734890.196 2.35862814385168e-09
34665488.235 2.37753758609379e-09
35596086.275 2.29671887778596e-09
36526684.314 2.46616747644298e-09
37457282.353 1.32215103653351e-09
38387880.392 1.99916501404135e-09
39318478.431 1.60299633277706e-09
40249076.471 1.49198176439419e-09
41179674.51 2.4922932143023e-09
42110272.549 1.6548056524713e-09
43040870.588 2.41997660669996e-09
43971468.627 2.28116772712942e-09
44902066.667 2.09541418654161e-09
45832664.706 2.53014942195151e-09
46763262.745 2.19250766366051e-09
47693860.784 1.92822825681076e-09
48624458.824 1.80209784002017e-09
49555056.863 1.49835909560463e-09
50485654.902 1.58039203263895e-09
51416252.941 1.19416471954196e-09
52346850.98 1.36668237443816e-09
53277449.02 1.53914591798446e-09
54208047.059 1.30836423269977e-09
55138645.098 2.32486585089594e-09
56069243.137 1.50148100712035e-09
56999841.176 1.93341637039129e-09
57930439.216 1.7953463464235e-09
58861037.255 1.87309097533433e-09
59791635.294 1.78201308044361e-09
60722233.333 2.17289588198482e-09
61652831.373 1.56780693305008e-09
62583429.412 2.18030019748473e-09
63514027.451 1.7255953672529e-09
64444625.49 1.86758535034057e-09
65375223.529 1.51606652533373e-09
66305821.569 1.790825011268e-09
67236419.608 1.22121210731664e-09
68167017.647 1.58987425711579e-09
69097615.686 1.62849518985404e-09
70028213.725 1.5179842144617e-09
70958811.765 2.11785672443438e-09
71889409.804 2.24423997108106e-09
72820007.843 1.86004337592175e-09
73750605.882 1.38223489919581e-09
74681203.922 2.37086193036502e-09
75611801.961 2.14589029445072e-09
76542400 1.29090348163173e-09
76542400 1.67065768117643e-09
78991686.275 1.40449769180888e-09
81440972.549 2.11819691830847e-09
83890258.824 2.14486417818805e-09
86339545.098 2.07450012722405e-09
88788831.373 -0
91238117.647 9.99996397591511e-10
93687403.922 -0
96136690.196 -0
98585976.471 2.5349952449769e-09
101035262.745 -0
103484549.02 4.89849598851368e-09
105933835.294 1.88899404644582e-09
108383121.569 8.41302112572735e-10
110832407.843 4.89580716907447e-10
113281694.118 2.6065388852633e-09
115730980.392 8.76902956735629e-10
118180266.667 1.87010323113713e-09
120629552.941 1.86706488969858e-10
123078839.216 -0
125528125.49 6.81308804074318e-10
127977411.765 1.90461732489698e-09
130426698.039 -0
132875984.314 -0
135325270.588 -0
137774556.863 1.60265155535e-09
140223843.137 2.91073579068011e-09
142673129.412 2.50482402747826e-09
145122415.686 4.19950291510785e-09
147571701.961 2.46951363652264e-09
150020988.235 1.85387108696867e-09
152470274.51 -0
154919560.784 1.37447754733477e-09
157368847.059 -0
159818133.333 -0
162267419.608 -0
164716705.882 1.62971478015397e-09
167165992.157 3.00505240422654e-09
169615278.431 -0
172064564.706 -0
174513850.98 -0
176963137.255 2.74079948321299e-09
179412423.529 4.19474791945365e-09
181861709.804 -0
184310996.078 2.3613913143193e-09
186760282.353 3.94405065479089e-09
189209568.627 -0
191658854.902 -0
194108141.176 -0
196557427.451 -0
199006713.725 4.75280530344705e-09
201456000 -0
