Vd	Id,Vg=0V	Ig,Vg=0V	Is,Vg=0V	Iavdd,Vg=0V	Ignd,Vg=0V	Id,Vg=0.15V	Ig,Vg=0.15V	Is,Vg=0.15V	Iavdd,Vg=0.15V	Ignd,Vg=0.15V	Id,Vg=0.3V	Ig,Vg=0.3V	Is,Vg=0.3V	Iavdd,Vg=0.3V	Ignd,Vg=0.3V	Id,Vg=0.45V	Ig,Vg=0.45V	Is,Vg=0.45V	Iavdd,Vg=0.45V	Ignd,Vg=0.45V	Id,Vg=0.6V	Ig,Vg=0.6V	Is,Vg=0.6V	Iavdd,Vg=0.6V	Ignd,Vg=0.6V	Id,Vg=0.75V	Ig,Vg=0.75V	Is,Vg=0.75V	Iavdd,Vg=0.75V	Ignd,Vg=0.75V	Id,Vg=0.9V	Ig,Vg=0.9V	Is,Vg=0.9V	Iavdd,Vg=0.9V	Ignd,Vg=0.9V
0	-2.0308e-09	-1.1775e-10	-2.4517e-09	4.8282e-07	-4.7806e-07	1.6122e-07	1.314e-11	-1.6816e-07	4.903e-07	-4.853e-07	-1.692e-06	2.0908e-10	1.8377e-06	4.9226e-07	-4.871e-07	1.2052e-05	9.2579e-10	1.9166e-05	4.9354e-07	-4.886e-07	-1.582e-05	3.276e-09	3.4792e-05	4.96e-07	-4.9114e-07	-1.5928e-05	1.13078e-08	4.1708e-05	4.999e-07	-4.9498e-07	-1.7662e-05	4.35188e-08	4.7058e-05	5.027e-07	-4.9774e-07
0.005	5.0071e-09	-1.1951e-10	-9.7221e-09	4.8322e-07	-4.785e-07	6.7438e-07	1.061e-11	-7.7084e-07	4.9004e-07	-4.8518e-07	3.3774e-05	2.045e-10	-3.307e-05	4.9222e-07	-4.873e-07	7.4334e-05	9.0576e-10	-0.00031412	4.9354e-07	-4.8872e-07	7.6102e-05	3.1985e-09	-0.00063008	4.9558e-07	-4.9058e-07	5.4748e-05	1.10452e-08	-0.0007988	4.9916e-07	-4.9428e-07	4.8438e-05	4.23958e-08	-0.00088654	5.021e-07	-4.967e-07
0.01	1.15886e-08	-1.2122e-10	-1.62892e-08	4.8392e-07	-4.7918e-07	1.3095e-06	9.39e-12	-1.3106e-06	4.9e-07	-4.8512e-07	6.488e-05	2.0161e-10	-6.608e-05	4.9232e-07	-4.8746e-07	0.00064464	8.8622e-10	-0.0006447	4.936e-07	-4.8866e-07	0.0013106	3.1385e-09	-0.001308	4.9548e-07	-4.9066e-07	0.0016662	1.07982e-08	-0.0016674	4.9852e-07	-4.936e-07	0.0018504	4.12964e-08	-0.0018534	5.012e-07	-4.9628e-07
0.015	1.76416e-08	-1.2253e-10	-2.21018e-08	4.839e-07	-4.7926e-07	1.7834e-06	8.83e-12	-1.7841e-06	4.9008e-07	-4.852e-07	9.4754e-05	1.9592e-10	-9.5624e-05	4.9208e-07	-4.8714e-07	0.00096854	8.6802e-10	-0.00096766	4.9368e-07	-4.8884e-07	0.0019918	3.0717e-09	-0.0019892	4.9542e-07	-4.9048e-07	0.0025458	1.0534e-08	-0.002546	4.9866e-07	-4.9358e-07	0.0028332	4.0275e-08	-0.0028282	5.0104e-07	-4.9646e-07
0.02	2.28406e-08	-1.213e-10	-2.74712e-08	4.8416e-07	-4.794e-07	2.2233e-06	6.27e-12	-2.2106e-06	4.9012e-07	-4.8526e-07	0.00012244	1.9141e-10	-0.00012234	4.9226e-07	-4.8748e-07	0.001274	8.482e-10	-0.0012738	4.9342e-07	-4.8888e-07	0.0026522	3.0156e-09	-0.002652	4.952e-07	-4.9064e-07	0.0034056	1.03042e-08	-0.0034038	4.9834e-07	-4.9368e-07	0.0037952	3.92998e-08	-0.003797	5.009e-07	-4.9624e-07
0.025	2.78366e-08	-1.2164e-10	-3.24666e-08	4.8408e-07	-4.7946e-07	2.6106e-06	7.01e-12	-2.6075e-06	4.9016e-07	-4.8538e-07	0.00014698	1.878e-10	-0.0001467	4.922e-07	-4.8746e-07	0.0015718	8.3105e-10	-0.001571	4.937e-07	-4.887e-07	0.003317	2.9502e-09	-0.0033164	4.9518e-07	-4.9042e-07	0.0042756	1.0093e-08	-0.0042726	4.9828e-07	-4.9364e-07	0.0047678	3.82976e-08	-0.0047672	5.0084e-07	-4.96e-07
0.03	3.22734e-08	-1.2299e-10	-3.68716e-08	4.8442e-07	-4.7982e-07	2.9604e-06	6.76e-12	-2.9535e-06	4.9006e-07	-4.8528e-07	0.0001692	1.8358e-10	-0.00016912	4.9208e-07	-4.8746e-07	0.0018532	8.1469e-10	-0.0018526	4.9346e-07	-4.888e-07	0.003961	2.8889e-09	-0.003962	4.952e-07	-4.905e-07	0.0051242	9.8678e-09	-0.0051216	4.9818e-07	-4.9344e-07	0.0057212	3.73752e-08	-0.0057234	5.006e-07	-4.9598e-07
0.035	3.659e-08	-1.2182e-10	-4.09548e-08	4.8424e-07	-4.7982e-07	3.2763e-06	4.19e-12	-3.273e-06	4.9026e-07	-4.8548e-07	0.00018966	1.8155e-10	-0.00018978	4.9208e-07	-4.8746e-07	0.0021288	7.9906e-10	-0.0021266	4.9352e-07	-4.8884e-07	0.0046068	2.8442e-09	-0.004607	4.9518e-07	-4.9048e-07	0.0059848	9.663e-09	-0.005982	4.9788e-07	-4.9324e-07	0.0066928	3.64354e-08	-0.0066912	5.0058e-07	-4.959e-07
0.04	4.04714e-08	-1.2416e-10	-4.48552e-08	4.8436e-07	-4.8006e-07	3.5581e-06	3.39e-12	-3.5708e-06	4.9016e-07	-4.8568e-07	0.0002089	1.811e-10	-0.00020858	4.9216e-07	-4.8752e-07	0.0023854	7.8199e-10	-0.0023856	4.9344e-07	-4.8902e-07	0.0052304	2.7894e-09	-0.0052306	4.9536e-07	-4.9078e-07	0.0068242	9.435e-09	-0.0068204	4.9786e-07	-4.9324e-07	0.0076448	3.55732e-08	-0.0076466	5.0068e-07	-4.9588e-07
0.045	4.42132e-08	-1.235e-10	-4.85734e-08	4.8446e-07	-4.8004e-07	3.8405e-06	5.31e-12	-3.8458e-06	4.9038e-07	-4.8562e-07	0.0002261	1.7649e-10	-0.00022584	4.922e-07	-4.8762e-07	0.0026362	7.6977e-10	-0.0026356	4.9356e-07	-4.8898e-07	0.0058564	2.7317e-09	-0.0058564	4.9512e-07	-4.9066e-07	0.0076724	9.2217e-09	-0.007669	4.977e-07	-4.9326e-07	0.0086066	3.47102e-08	-0.0086054	5.0058e-07	-4.9594e-07
0.05	4.77408e-08	-1.2568e-10	-5.20508e-08	4.8472e-07	-4.803e-07	4.1068e-06	2.89e-12	-4.1063e-06	4.9002e-07	-4.855e-07	0.00024264	1.7215e-10	-0.00024176	4.9216e-07	-4.8774e-07	0.002873	7.5552e-10	-0.0028748	4.9336e-07	-4.8882e-07	0.00646	2.6643e-09	-0.0064624	4.9514e-07	-4.905e-07	0.0084994	9.0218e-09	-0.0084988	4.9776e-07	-4.9328e-07	0.0095506	3.38384e-08	-0.0095514	5.0054e-07	-4.9592e-07
0.055	5.12432e-08	-1.2443e-10	-5.53176e-08	4.8464e-07	-4.8016e-07	4.3383e-06	1.4e-13	-4.3461e-06	4.9018e-07	-4.855e-07	0.00025758	1.7191e-10	-0.0002577	4.921e-07	-4.878e-07	0.0031038	7.4164e-10	-0.0031002	4.9342e-07	-4.8896e-07	0.007067	2.6132e-09	-0.007066	4.9498e-07	-4.9052e-07	0.0093318	8.8401e-09	-0.0093346	4.9778e-07	-4.9318e-07	0.0105084	3.30504e-08	-0.0105068	5.0036e-07	-4.9574e-07
0.06	5.44114e-08	-1.2585e-10	-5.86282e-08	4.848e-07	-4.8048e-07	4.5731e-06	2.54e-12	-4.5784e-06	4.9e-07	-4.8556e-07	0.00027216	1.711e-10	-0.00027238	4.921e-07	-4.8762e-07	0.0033216	7.2993e-10	-0.003319	4.9344e-07	-4.8904e-07	0.0076514	2.5578e-09	-0.0076498	4.9526e-07	-4.9086e-07	0.0101534	8.6668e-09	-0.010152	4.9762e-07	-4.933e-07	0.0114486	3.22746e-08	-0.0114484	5.0022e-07	-4.9552e-07
0.065	5.76286e-08	-1.2681e-10	-6.18852e-08	4.8492e-07	-4.8036e-07	4.7879e-06	2.01e-12	-4.7966e-06	4.9024e-07	-4.8584e-07	0.00028596	1.6761e-10	-0.00028552	4.9226e-07	-4.8788e-07	0.0035286	7.195e-10	-0.0035296	4.9336e-07	-4.8916e-07	0.0082374	2.5118e-09	-0.0082352	4.951e-07	-4.9092e-07	0.0109776	8.4882e-09	-0.0109758	4.9748e-07	-4.9324e-07	0.012418	3.1498e-08	-0.012404	5.0002e-07	-4.9562e-07
0.07	6.0846e-08	-1.2635e-10	-6.50818e-08	4.849e-07	-4.8058e-07	5.0043e-06	2.5e-13	-5.0126e-06	4.9026e-07	-4.8574e-07	0.00029844	1.6541e-10	-0.00029842	4.9214e-07	-4.878e-07	0.0037288	7.0539e-10	-0.0037266	4.9348e-07	-4.8924e-07	0.0088024	2.4628e-09	-0.0088004	4.9522e-07	-4.9094e-07	0.0118	8.3097e-09	-0.011782	4.9752e-07	-4.9302e-07	0.01335	3.07652e-08	-0.01334	4.9982e-07	-4.9552e-07
0.075	6.39316e-08	-1.2767e-10	-6.8102e-08	4.8494e-07	-4.8088e-07	5.2147e-06	-8.3e-13	-5.2266e-06	4.9006e-07	-4.8572e-07	0.00031118	1.6427e-10	-0.00031114	4.9222e-07	-4.8786e-07	0.0039152	6.9313e-10	-0.003916	4.9336e-07	-4.8896e-07	0.00936	2.4167e-09	-0.0093604	4.952e-07	-4.909e-07	0.012602	8.1281e-09	-0.01259	4.9736e-07	-4.9308e-07	0.014282	3.00736e-08	-0.014268	4.9978e-07	-4.9544e-07
0.08	6.7167e-08	-1.2814e-10	-7.12382e-08	4.8492e-07	-4.8096e-07	5.4235e-06	-5e-14	-5.4266e-06	4.9018e-07	-4.858e-07	0.00032332	1.6311e-10	-0.0003228	4.922e-07	-4.8778e-07	0.0040984	6.8505e-10	-0.0041008	4.9348e-07	-4.8906e-07	0.0099114	2.3749e-09	-0.0099106	4.9496e-07	-4.909e-07	0.01341	7.9628e-09	-0.013398	4.9756e-07	-4.9326e-07	0.015216	2.9366e-08	-0.015212	4.9978e-07	-4.9552e-07
0.085	7.01842e-08	-1.2915e-10	-7.44538e-08	4.8522e-07	-4.81e-07	5.6404e-06	-1.22e-12	-5.6314e-06	4.9022e-07	-4.86e-07	0.00033434	1.614e-10	-0.0003351	4.9212e-07	-4.8788e-07	0.0042732	6.7619e-10	-0.0042754	4.9332e-07	-4.8934e-07	0.0104444	2.3317e-09	-0.0104438	4.9512e-07	-4.9092e-07	0.014196	7.8036e-09	-0.014184	4.973e-07	-4.9326e-07	0.016144	2.8688e-08	-0.016134	4.9974e-07	-4.9564e-07
0.09	7.36338e-08	-1.3084e-10	-7.76382e-08	4.851e-07	-4.8094e-07	5.8415e-06	-2.56e-12	-5.8229e-06	4.9038e-07	-4.8598e-07	0.0003458	1.5953e-10	-0.00034572	4.9202e-07	-4.8782e-07	0.004442	6.6649e-10	-0.0044446	4.9338e-07	-4.8942e-07	0.0109778	2.2831e-09	-0.0109768	4.9524e-07	-4.9074e-07	0.014988	7.6486e-09	-0.01498	4.9742e-07	-4.9308e-07	0.017074	2.80256e-08	-0.01706	4.996e-07	-4.9534e-07
0.095	7.65988e-08	-1.2838e-10	-8.0783e-08	4.852e-07	-4.8098e-07	6.0153e-06	-3.18e-12	-6.026e-06	4.9012e-07	-4.8602e-07	0.00035748	1.5878e-10	-0.0003562	4.922e-07	-4.88e-07	0.0046026	6.5679e-10	-0.0046034	4.9324e-07	-4.894e-07	0.01149	2.243e-09	-0.01149	4.9524e-07	-4.9108e-07	0.01576	7.5106e-09	-0.015746	4.976e-07	-4.9326e-07	0.017986	2.73926e-08	-0.01797	4.9994e-07	-4.9568e-07
0.1	7.99756e-08	-1.3156e-10	-8.36806e-08	4.8538e-07	-4.8112e-07	6.1957e-06	-1.46e-12	-6.2198e-06	4.9e-07	-4.8586e-07	0.00036792	1.5755e-10	-0.00036794	4.921e-07	-4.8814e-07	0.0047524	6.4774e-10	-0.0047544	4.935e-07	-4.892e-07	0.012018	2.202e-09	-0.012006	4.9518e-07	-4.9096e-07	0.01654	7.356e-09	-0.01653	4.973e-07	-4.931e-07	0.01891	2.67536e-08	-0.018898	4.9974e-07	-4.9562e-07
0.105	8.31538e-08	-1.3024e-10	-8.68954e-08	4.8548e-07	-4.8128e-07	6.3905e-06	-2.4e-12	-6.4297e-06	4.9006e-07	-4.8614e-07	0.00037816	1.5561e-10	-0.00037834	4.9202e-07	-4.881e-07	0.0049026	6.4055e-10	-0.0048992	4.936e-07	-4.8956e-07	0.012516	2.1615e-09	-0.012494	4.9506e-07	-4.909e-07	0.017302	7.2232e-09	-0.017286	4.9734e-07	-4.9314e-07	0.019816	2.61306e-08	-0.019806	4.996e-07	-4.9552e-07
0.11	8.6429e-08	-1.3372e-10	-9.03348e-08	4.8554e-07	-4.816e-07	6.604e-06	-3.54e-12	-6.6223e-06	4.9008e-07	-4.8606e-07	0.00038926	1.5405e-10	-0.00038884	4.919e-07	-4.879e-07	0.0050408	6.3322e-10	-0.0050392	4.9342e-07	-4.8952e-07	0.013002	2.1265e-09	-0.012994	4.953e-07	-4.9092e-07	0.018064	7.0512e-09	-0.018054	4.9738e-07	-4.934e-07	0.020732	2.559e-08	-0.020722	4.9962e-07	-4.9562e-07
0.115	8.98236e-08	-1.3153e-10	-9.3549e-08	4.8568e-07	-4.8152e-07	6.804e-06	-3.6e-12	-6.7935e-06	4.9012e-07	-4.8592e-07	0.00039952	1.5377e-10	-0.0003993	4.9208e-07	-4.879e-07	0.005175	6.245e-10	-0.0051754	4.9346e-07	-4.8926e-07	0.013472	2.0923e-09	-0.013458	4.9514e-07	-4.912e-07	0.01881	6.9419e-09	-0.018788	4.976e-07	-4.9354e-07	0.021634	2.5017e-08	-0.021616	4.997e-07	-4.957e-07
0.12	9.31654e-08	-1.3324e-10	-9.68152e-08	4.8548e-07	-4.8182e-07	6.9974e-06	-3.62e-12	-7.0205e-06	4.9024e-07	-4.8606e-07	0.00041038	1.5388e-10	-0.00040946	4.921e-07	-4.8792e-07	0.0053078	6.1719e-10	-0.0053098	4.9336e-07	-4.8936e-07	0.01394	2.055e-09	-0.01392	4.952e-07	-4.9104e-07	0.019562	6.8029e-09	-0.01955	4.9752e-07	-4.935e-07	0.022536	2.44634e-08	-0.022526	4.9984e-07	-4.9562e-07
0.125	9.66338e-08	-1.3618e-10	-1.001792e-07	4.8582e-07	-4.8202e-07	7.2215e-06	-3.94e-12	-7.2285e-06	4.9016e-07	-4.8612e-07	0.00042032	1.5192e-10	-0.00041998	4.9178e-07	-4.8786e-07	0.0054326	6.1346e-10	-0.0054294	4.9324e-07	-4.8934e-07	0.01439	2.0228e-09	-0.014372	4.953e-07	-4.9144e-07	0.020294	6.6812e-09	-0.020276	4.9734e-07	-4.9336e-07	0.023426	2.39292e-08	-0.023408	4.998e-07	-4.957e-07
0.13	1.002204e-07	-1.3245e-10	-1.034172e-07	4.8578e-07	-4.8208e-07	7.3989e-06	-5.52e-12	-7.4291e-06	4.901e-07	-4.8602e-07	0.00043052	1.5213e-10	-0.0004307	4.9198e-07	-4.88e-07	0.0055546	6.0648e-10	-0.005553	4.9328e-07	-4.895e-07	0.014826	1.9914e-09	-0.01481	4.9522e-07	-4.9126e-07	0.021018	6.5566e-09	-0.021002	4.9728e-07	-4.9338e-07	0.02431	2.34198e-08	-0.024294	4.9964e-07	-4.958e-07
0.135	1.03748e-07	-1.367e-10	-1.073302e-07	4.8572e-07	-4.818e-07	7.6044e-06	-5.5e-12	-7.6194e-06	4.8996e-07	-4.8614e-07	0.0004399	1.5135e-10	-0.00044036	4.918e-07	-4.88e-07	0.0056692	5.9852e-10	-0.0056668	4.935e-07	-4.8942e-07	0.015256	1.955e-09	-0.015252	4.9518e-07	-4.9126e-07	0.021742	6.4195e-09	-0.021726	4.9738e-07	-4.9372e-07	0.025204	2.2915e-08	-0.02519	4.9948e-07	-4.9558e-07
0.14	1.072838e-07	-1.3548e-10	-1.111728e-07	4.8578e-07	-4.8204e-07	7.7977e-06	-6.11e-12	-7.838e-06	4.8994e-07	-4.8632e-07	0.00045034	1.4921e-10	-0.00045008	4.9192e-07	-4.8816e-07	0.0057784	5.9414e-10	-0.0057772	4.9334e-07	-4.8954e-07	0.015672	1.9249e-09	-0.015662	4.9526e-07	-4.9144e-07	0.022446	6.3084e-09	-0.022436	4.9756e-07	-4.939e-07	0.026082	2.24368e-08	-0.026068	4.9968e-07	-4.9554e-07
0.145	1.111616e-07	-1.3963e-10	-1.14638e-07	4.8584e-07	-4.8208e-07	8.0256e-06	-6.52e-12	-8.0296e-06	4.9014e-07	-4.8614e-07	0.00046082	1.4859e-10	-0.00046024	4.9176e-07	-4.8812e-07	0.0058904	5.9013e-10	-0.0058882	4.9354e-07	-4.8974e-07	0.01608	1.8938e-09	-0.016068	4.9542e-07	-4.9146e-07	0.023162	6.2037e-09	-0.02315	4.9768e-07	-4.9368e-07	0.026958	2.1911e-08	-0.026948	4.996e-07	-4.958e-07
0.15	1.1528e-07	-1.3986e-10	-1.1814e-07	4.8634e-07	-4.825e-07	8.2702e-06	-6.26e-12	-8.2161e-06	4.9018e-07	-4.8642e-07	0.00047096	1.4851e-10	-0.00047038	4.9184e-07	-4.881e-07	0.005993	5.8495e-10	-0.0059938	4.9346e-07	-4.8984e-07	0.016478	1.8622e-09	-0.01646	4.953e-07	-4.9144e-07	0.023854	6.0748e-09	-0.023838	4.9752e-07	-4.9382e-07	0.027824	2.14388e-08	-0.027816	4.9978e-07	-4.9574e-07
0.155	1.193e-07	-1.424e-10	-1.224e-07	4.8634e-07	-4.8276e-07	8.4419e-06	-6.48e-12	-8.4364e-06	4.9e-07	-4.864e-07	0.00048158	1.4922e-10	-0.00048094	4.9186e-07	-4.8816e-07	0.0060998	5.7859e-10	-0.0060892	4.9372e-07	-4.9006e-07	0.01687	1.8406e-09	-0.016856	4.9534e-07	-4.9168e-07	0.024544	5.9824e-09	-0.024532	4.9752e-07	-4.94e-07	0.028698	2.10312e-08	-0.028688	4.9978e-07	-4.9572e-07
0.16	1.2318e-07	-1.4061e-10	-1.266e-07	4.8634e-07	-4.828e-07	8.6532e-06	-7.41e-12	-8.6994e-06	4.9018e-07	-4.8652e-07	0.00049122	1.4836e-10	-0.00049042	4.9176e-07	-4.8806e-07	0.0061954	5.7436e-10	-0.0061926	4.9366e-07	-4.8986e-07	0.017246	1.8234e-09	-0.01723	4.9534e-07	-4.9166e-07	0.025224	5.8757e-09	-0.025206	4.9772e-07	-4.9408e-07	0.029552	2.0592e-08	-0.029542	5e-07	-4.9622e-07
0.165	1.2684e-07	-1.4041e-10	-1.3058e-07	4.8638e-07	-4.8262e-07	8.8735e-06	-8.54e-12	-8.8891e-06	4.9018e-07	-4.8628e-07	0.00050102	1.4533e-10	-0.00050108	4.918e-07	-4.8824e-07	0.006289	5.7158e-10	-0.0062902	4.9342e-07	-4.9002e-07	0.01761	1.7978e-09	-0.017598	4.9536e-07	-4.9166e-07	0.025896	5.7733e-09	-0.025884	4.9792e-07	-4.9414e-07	0.030418	2.01692e-08	-0.0304	4.9984e-07	-4.9622e-07
0.17	1.3082e-07	-1.433e-10	-1.3436e-07	4.8618e-07	-4.828e-07	9.0761e-06	-7.64e-12	-9.0936e-06	4.9006e-07	-4.8636e-07	0.00051072	1.4547e-10	-0.00051122	4.9192e-07	-4.8846e-07	0.006384	5.6596e-10	-0.0063824	4.937e-07	-4.9002e-07	0.017976	1.7614e-09	-0.017964	4.9554e-07	-4.9194e-07	0.026556	5.6751e-09	-0.026542	4.9768e-07	-4.9414e-07	0.031258	1.97196e-08	-0.031244	4.9982e-07	-4.9628e-07
0.175	1.3474e-07	-1.4537e-10	-1.3794e-07	4.8624e-07	-4.8274e-07	9.3129e-06	-9.6e-12	-9.3173e-06	4.9022e-07	-4.8648e-07	0.0005208	1.4554e-10	-0.00052152	4.919e-07	-4.8844e-07	0.0064674	5.6197e-10	-0.0064666	4.9364e-07	-4.8984e-07	0.018322	1.7347e-09	-0.018318	4.954e-07	-4.9206e-07	0.027212	5.5588e-09	-0.027198	4.9786e-07	-4.9416e-07	0.03211	1.93022e-08	-0.032102	4.9996e-07	-4.962e-07
0.18	1.3892e-07	-1.4536e-10	-1.4234e-07	4.8628e-07	-4.8276e-07	9.5281e-06	-9.42e-12	-9.5446e-06	4.8996e-07	-4.8646e-07	0.0005308	1.4451e-10	-0.00053112	4.917e-07	-4.8844e-07	0.006559	5.5921e-10	-0.0065558	4.9334e-07	-4.899e-07	0.018656	1.7119e-09	-0.01864	4.9548e-07	-4.9194e-07	0.027852	5.4683e-09	-0.027836	4.9784e-07	-4.9436e-07	0.032944	1.8973e-08	-0.03293	4.9994e-07	-4.9654e-07
0.185	1.4274e-07	-1.4681e-10	-1.4598e-07	4.8632e-07	-4.8284e-07	9.7718e-06	-9.08e-12	-9.7377e-06	4.9e-07	-4.8672e-07	0.00054064	1.451e-10	-0.0005402	4.9178e-07	-4.886e-07	0.0066416	5.5597e-10	-0.006648	4.9352e-07	-4.9014e-07	0.018984	1.6922e-09	-0.01897	4.9546e-07	-4.9206e-07	0.028486	5.3877e-09	-0.028474	4.9788e-07	-4.945e-07	0.033772	1.85994e-08	-0.033766	5.0006e-07	-4.964e-07
0.19	1.4688e-07	-1.4868e-10	-1.5026e-07	4.8634e-07	-4.831e-07	9.9627e-06	-9.83e-12	-9.9947e-06	4.8994e-07	-4.8664e-07	0.0005505	1.4503e-10	-0.00055104	4.9196e-07	-4.8868e-07	0.0067352	5.5275e-10	-0.0067312	4.9362e-07	-4.9004e-07	0.019302	1.6691e-09	-0.019286	4.9572e-07	-4.9212e-07	0.02912	5.3058e-09	-0.029104	4.9808e-07	-4.9466e-07	0.034606	1.82108e-08	-0.034598	5.0018e-07	-4.967e-07
0.195	1.512e-07	-1.4776e-10	-1.5448e-07	4.865e-07	-4.8304e-07	1.01734e-05	-1.118e-11	-1.01996e-05	4.9016e-07	-4.8654e-07	0.00056144	1.4365e-10	-0.00056084	4.9176e-07	-4.8852e-07	0.006814	5.4972e-10	-0.0068146	4.9368e-07	-4.9024e-07	0.019616	1.6458e-09	-0.019596	4.9562e-07	-4.9214e-07	0.02973	5.2029e-09	-0.029724	4.9814e-07	-4.9466e-07	0.035424	1.7865e-08	-0.03541	5.004e-07	-4.9684e-07
0.2	1.5582e-07	-1.4959e-10	-1.5886e-07	4.8638e-07	-4.8312e-07	1.04207e-05	-1.111e-11	-1.04135e-05	4.8988e-07	-4.865e-07	0.0005704	1.4185e-10	-0.0005705	4.9174e-07	-4.884e-07	0.006893	5.4583e-10	-0.0068922	4.9376e-07	-4.901e-07	0.019912	1.624e-09	-0.019894	4.9562e-07	-4.9244e-07	0.030344	5.1118e-09	-0.030332	4.9826e-07	-4.947e-07	0.036246	1.75028e-08	-0.036236	5.0028e-07	-4.9686e-07
0.205	1.5946e-07	-1.5305e-10	-1.6264e-07	4.8638e-07	-4.83e-07	1.06035e-05	-1.14e-11	-1.06234e-05	4.9006e-07	-4.868e-07	0.00057928	1.4107e-10	-0.00057966	4.9184e-07	-4.8882e-07	0.0069722	5.4375e-10	-0.00697	4.9352e-07	-4.9018e-07	0.020198	1.6065e-09	-0.020184	4.9588e-07	-4.926e-07	0.03094	5.0493e-09	-0.030932	4.9826e-07	-4.949e-07	0.037054	1.71718e-08	-0.03704	5.004e-07	-4.9684e-07
0.21	1.6432e-07	-1.5574e-10	-1.6704e-07	4.8652e-07	-4.8332e-07	1.08651e-05	-1.113e-11	-1.08594e-05	4.8994e-07	-4.8662e-07	0.00058998	1.4169e-10	-0.00058942	4.9168e-07	-4.8834e-07	0.0070484	5.4156e-10	-0.007045	4.936e-07	-4.9026e-07	0.020482	1.5908e-09	-0.020472	4.9598e-07	-4.9264e-07	0.03154	4.97e-09	-0.031518	4.9814e-07	-4.9484e-07	0.037856	1.68546e-08	-0.037842	5.0058e-07	-4.9692e-07
0.215	1.6864e-07	-1.56e-10	-1.7138e-07	4.8654e-07	-4.8314e-07	1.1066e-05	-1.31e-11	-1.10549e-05	4.8994e-07	-4.8654e-07	0.00059902	1.4198e-10	-0.00059868	4.9174e-07	-4.8864e-07	0.0071214	5.3741e-10	-0.007118	4.9366e-07	-4.9036e-07	0.020754	1.5743e-09	-0.020736	4.9584e-07	-4.926e-07	0.03211	4.876e-09	-0.032096	4.9832e-07	-4.9514e-07	0.03865	1.65436e-08	-0.038644	5.005e-07	-4.9716e-07
0.22	1.7276e-07	-1.5617e-10	-1.7574e-07	4.8632e-07	-4.8314e-07	1.12616e-05	-1.281e-11	-1.12668e-05	4.8998e-07	-4.8686e-07	0.00060824	1.4224e-10	-0.00060812	4.9186e-07	-4.8856e-07	0.0071946	5.3515e-10	-0.007197	4.937e-07	-4.9056e-07	0.02102	1.5519e-09	-0.021008	4.9598e-07	-4.9262e-07	0.03269	4.7968e-09	-0.03268	4.9838e-07	-4.9526e-07	0.039446	1.62214e-08	-0.039426	5.007e-07	-4.9736e-07
0.225	1.7644e-07	-1.5783e-10	-1.796e-07	4.8668e-07	-4.8338e-07	1.14928e-05	-1.308e-11	-1.14785e-05	4.9e-07	-4.869e-07	0.00061778	1.3985e-10	-0.00061814	4.9178e-07	-4.8854e-07	0.0072666	5.3286e-10	-0.007266	4.937e-07	-4.9048e-07	0.021276	1.5349e-09	-0.021268	4.959e-07	-4.9278e-07	0.033244	4.7482e-09	-0.033232	4.9858e-07	-4.9502e-07	0.040232	1.59334e-08	-0.040214	5.0084e-07	-4.975e-07
0.23	1.8098e-07	-1.602e-10	-1.837e-07	4.8644e-07	-4.834e-07	1.1666e-05	-1.337e-11	-1.16937e-05	4.8996e-07	-4.8684e-07	0.00062702	1.3898e-10	-0.00062674	4.9176e-07	-4.8854e-07	0.0073362	5.3022e-10	-0.007337	4.9362e-07	-4.906e-07	0.021522	1.5207e-09	-0.021516	4.9602e-07	-4.9278e-07	0.033796	4.665e-09	-0.033788	4.9842e-07	-4.951e-07	0.041004	1.56398e-08	-0.040996	5.0098e-07	-4.9764e-07
0.235	1.848e-07	-1.6287e-10	-1.8766e-07	4.8666e-07	-4.833e-07	1.1886e-05	-1.466e-11	-1.1868e-05	4.8992e-07	-4.8678e-07	0.0006361	1.397e-10	-0.00063516	4.918e-07	-4.8868e-07	0.0074008	5.2667e-10	-0.0074044	4.937e-07	-4.9046e-07	0.021764	1.5084e-09	-0.021754	4.9598e-07	-4.929e-07	0.034338	4.6003e-09	-0.034324	4.9876e-07	-4.956e-07	0.041782	1.53554e-08	-0.041762	5.0096e-07	-4.9766e-07
0.24	1.8914e-07	-1.6413e-10	-1.9182e-07	4.8644e-07	-4.8346e-07	1.2096e-05	-1.614e-11	-1.2092e-05	4.8994e-07	-4.868e-07	0.00064482	1.3905e-10	-0.00064456	4.9184e-07	-4.8874e-07	0.0074672	5.2648e-10	-0.0074654	4.9358e-07	-4.9056e-07	0.021994	1.493e-09	-0.02198	4.9616e-07	-4.93e-07	0.034868	4.5403e-09	-0.034848	4.988e-07	-4.9546e-07	0.042536	1.50684e-08	-0.042526	5.0118e-07	-4.977e-07
0.245	1.9306e-07	-1.6636e-10	-1.9618e-07	4.8644e-07	-4.8356e-07	1.2302e-05	-1.75e-11	-1.227e-05	4.899e-07	-4.8698e-07	0.00065296	1.3921e-10	-0.00065246	4.917e-07	-4.8858e-07	0.0075362	5.2416e-10	-0.0075358	4.9382e-07	-4.9076e-07	0.02222	1.4762e-09	-0.022212	4.9614e-07	-4.9292e-07	0.035394	4.4715e-09	-0.03538	4.9896e-07	-4.9588e-07	0.043298	1.4872e-08	-0.043282	5.0122e-07	-4.9808e-07
0.25	1.9584e-07	-1.6654e-10	-1.9872e-07	4.8658e-07	-4.836e-07	1.2482e-05	-1.76e-11	-1.251e-05	4.8998e-07	-4.869e-07	0.00066122	1.3876e-10	-0.00066184	4.917e-07	-4.8874e-07	0.0075992	5.2149e-10	-0.0075952	4.9376e-07	-4.906e-07	0.022438	1.4608e-09	-0.022422	4.961e-07	-4.9306e-07	0.035898	4.395e-09	-0.035892	4.9894e-07	-4.961e-07	0.044042	1.46492e-08	-0.04403	5.0132e-07	-4.982e-07
0.255	2.0028e-07	-1.6842e-10	-2.0376e-07	4.8664e-07	-4.8346e-07	1.2696e-05	-1.641e-11	-1.2664e-05	4.901e-07	-4.8712e-07	0.00066944	1.3765e-10	-0.0006701	4.9168e-07	-4.8888e-07	0.0076608	5.1876e-10	-0.00766	4.9364e-07	-4.909e-07	0.02265	1.4527e-09	-0.022634	4.9638e-07	-4.9332e-07	0.036406	4.3446e-09	-0.036394	4.9906e-07	-4.962e-07	0.044794	1.43876e-08	-0.04478	5.014e-07	-4.982e-07
0.26	2.0432e-07	-1.717e-10	-2.0812e-07	4.8654e-07	-4.838e-07	1.287e-05	-1.807e-11	-1.2892e-05	4.9004e-07	-4.8686e-07	0.00067766	1.3717e-10	-0.00067804	4.9186e-07	-4.8866e-07	0.0077174	5.1837e-10	-0.0077182	4.9368e-07	-4.9096e-07	0.022846	1.4387e-09	-0.02284	4.9616e-07	-4.9332e-07	0.036888	4.2834e-09	-0.036876	4.9926e-07	-4.9616e-07	0.045522	1.41238e-08	-0.045506	5.0174e-07	-4.9858e-07
0.265	2.0876e-07	-1.7493e-10	-2.1152e-07	4.8654e-07	-4.8384e-07	1.3084e-05	-1.924e-11	-1.3102e-05	4.8998e-07	-4.8696e-07	0.00068632	1.372e-10	-0.00068616	4.9184e-07	-4.8876e-07	0.0077788	5.1613e-10	-0.0077708	4.9376e-07	-4.9068e-07	0.023048	1.4259e-09	-0.023032	4.9634e-07	-4.9336e-07	0.03738	4.2287e-09	-0.03737	4.9902e-07	-4.9634e-07	0.04626	1.38748e-08	-0.046244	5.0168e-07	-4.9834e-07
0.27	2.1254e-07	-1.7625e-10	-2.1518e-07	4.8684e-07	-4.8382e-07	1.33e-05	-1.917e-11	-1.3268e-05	4.8996e-07	-4.8732e-07	0.00069492	1.3697e-10	-0.00069422	4.9178e-07	-4.8888e-07	0.0078344	5.1303e-10	-0.0078356	4.9366e-07	-4.909e-07	0.023232	1.4184e-09	-0.023226	4.9636e-07	-4.9372e-07	0.037852	4.1625e-09	-0.037838	4.9934e-07	-4.9642e-07	0.04697	1.36416e-08	-0.046954	5.0194e-07	-4.9854e-07
0.275	2.1648e-07	-1.7797e-10	-2.1924e-07	4.8656e-07	-4.8386e-07	1.3488e-05	-2.08e-11	-1.3462e-05	4.8994e-07	-4.8708e-07	0.00070218	1.3688e-10	-0.00070222	4.9192e-07	-4.8878e-07	0.007887	5.126e-10	-0.0078902	4.9364e-07	-4.9086e-07	0.023418	1.4089e-09	-0.02341	4.965e-07	-4.937e-07	0.03832	4.1101e-09	-0.038306	4.9944e-07	-4.9648e-07	0.047684	1.34018e-08	-0.047678	5.0198e-07	-4.9878e-07
0.28	2.1992e-07	-1.7897e-10	-2.2216e-07	4.8662e-07	-4.838e-07	1.3614e-05	-2.32e-11	-1.3638e-05	4.9008e-07	-4.8716e-07	0.0007093	1.3658e-10	-0.00070906	4.9162e-07	-4.8878e-07	0.0079416	5.115e-10	-0.0079452	4.9384e-07	-4.911e-07	0.023602	1.3928e-09	-0.023582	4.9658e-07	-4.936e-07	0.03877	4.0525e-09	-0.038752	4.9962e-07	-4.9674e-07	0.048388	1.31866e-08	-0.048368	5.02e-07	-4.9896e-07
0.285	2.2368e-07	-1.8203e-10	-2.2618e-07	4.8682e-07	-4.839e-07	1.3838e-05	-2.201e-11	-1.3838e-05	4.9006e-07	-4.8698e-07	0.00071696	1.3499e-10	-0.0007171	4.9182e-07	-4.89e-07	0.0079964	5.1076e-10	-0.0079968	4.9364e-07	-4.9086e-07	0.02377	1.3821e-09	-0.023754	4.9668e-07	-4.9376e-07	0.039212	4.0032e-09	-0.039198	4.996e-07	-4.967e-07	0.049092	1.29694e-08	-0.049076	5.0238e-07	-4.991e-07
0.29	2.271e-07	-1.8502e-10	-2.2986e-07	4.8668e-07	-4.84e-07	1.3994e-05	-2.184e-11	-1.4004e-05	4.8994e-07	-4.8726e-07	0.0007236	1.3345e-10	-0.00072476	4.9178e-07	-4.8886e-07	0.008049	5.0801e-10	-0.0080448	4.937e-07	-4.911e-07	0.023928	1.3766e-09	-0.02392	4.9672e-07	-4.9396e-07	0.039642	3.9681e-09	-0.039624	4.9992e-07	-4.968e-07	0.04977	1.2782e-08	-0.04976	5.0254e-07	-4.9954e-07
0.295	2.313e-07	-1.8681e-10	-2.3372e-07	4.8658e-07	-4.8394e-07	1.4188e-05	-2.301e-11	-1.4138e-05	4.9014e-07	-4.874e-07	0.00073154	1.3418e-10	-0.00073214	4.9186e-07	-4.89e-07	0.0081	5.0535e-10	-0.0080992	4.9384e-07	-4.9118e-07	0.024096	1.369e-09	-0.024082	4.9692e-07	-4.9418e-07	0.040064	3.9195e-09	-0.040054	4.9972e-07	-4.9708e-07	0.050464	1.25896e-08	-0.050444	5.0248e-07	-4.9962e-07
0.3	2.3492e-07	-1.9116e-10	-2.365e-07	4.8682e-07	-4.8418e-07	1.4322e-05	-2.34e-11	-1.434e-05	4.9006e-07	-4.8718e-07	0.00073914	1.3409e-10	-0.00073898	4.917e-07	-4.8896e-07	0.0081498	5.0331e-10	-0.0081496	4.94e-07	-4.9104e-07	0.024252	1.3575e-09	-0.024242	4.968e-07	-4.94e-07	0.040474	3.8753e-09	-0.040458	5.001e-07	-4.973e-07	0.051128	1.23866e-08	-0.051116	5.0268e-07	-4.9976e-07
0.305	2.3752e-07	-1.9357e-10	-2.4066e-07	4.8662e-07	-4.84e-07	1.4498e-05	-2.659e-11	-1.4484e-05	4.9014e-07	-4.8738e-07	0.00074584	1.3433e-10	-0.0007464	4.9182e-07	-4.8894e-07	0.0081986	5.0226e-10	-0.0081998	4.9374e-07	-4.9104e-07	0.024396	1.3477e-09	-0.024386	4.9702e-07	-4.9412e-07	0.040866	3.8281e-09	-0.040856	5.0038e-07	-4.9754e-07	0.051788	1.22024e-08	-0.051776	5.0318e-07	-4.9988e-07
0.31	2.4102e-07	-1.9454e-10	-2.4408e-07	4.866e-07	-4.8416e-07	1.4646e-05	-2.671e-11	-1.4672e-05	4.8994e-07	-4.8726e-07	0.00075292	1.3355e-10	-0.00075228	4.9166e-07	-4.8906e-07	0.0082452	5.0187e-10	-0.008244	4.9384e-07	-4.9118e-07	0.024536	1.3384e-09	-0.024524	4.9698e-07	-4.9424e-07	0.041256	3.7853e-09	-0.041258	5.004e-07	-4.976e-07	0.052448	1.19976e-08	-0.05244	5.033e-07	-5.004e-07
0.315	2.4494e-07	-1.9566e-10	-2.4722e-07	4.8656e-07	-4.839e-07	1.4834e-05	-2.807e-11	-1.4832e-05	4.9008e-07	-4.8752e-07	0.00075852	1.3208e-10	-0.00075958	4.9182e-07	-4.8914e-07	0.0082932	5.0039e-10	-0.008292	4.9372e-07	-4.9104e-07	0.024684	1.3323e-09	-0.024666	4.9716e-07	-4.9444e-07	0.041636	3.7454e-09	-0.041624	5.004e-07	-4.9758e-07	0.05309	1.183e-08	-0.05308	5.0336e-07	-5.0038e-07
0.32	2.4796e-07	-2.016e-10	-2.506e-07	4.8688e-07	-4.8406e-07	1.5004e-05	-2.897e-11	-1.4962e-05	4.9006e-07	-4.8738e-07	0.0007656	1.3135e-10	-0.00076546	4.9184e-07	-4.8908e-07	0.0083402	4.9823e-10	-0.0083386	4.94e-07	-4.9134e-07	0.02481	1.3253e-09	-0.024802	4.9712e-07	-4.9442e-07	0.04202	3.6878e-09	-0.042004	5.0066e-07	-4.9802e-07	0.053732	1.16432e-08	-0.053722	5.032e-07	-5.0048e-07
0.325	2.5216e-07	-2.0414e-10	-2.5426e-07	4.8696e-07	-4.8408e-07	1.5124e-05	-2.872e-11	-1.5172e-05	4.9008e-07	-4.8722e-07	0.00077264	1.2989e-10	-0.00077226	4.9162e-07	-4.8934e-07	0.0083796	4.977e-10	-0.00838	4.9376e-07	-4.9146e-07	0.024946	1.3195e-09	-0.024934	4.9734e-07	-4.9476e-07	0.042376	3.6649e-09	-0.042362	5.0066e-07	-4.9808e-07	0.054358	1.1471e-08	-0.054346	5.0348e-07	-5.0066e-07
0.33	2.5634e-07	-2.0611e-10	-2.5666e-07	4.869e-07	-4.8418e-07	1.533e-05	-2.949e-11	-1.5292e-05	4.9002e-07	-4.8748e-07	0.00077916	1.3103e-10	-0.0007782	4.9164e-07	-4.8924e-07	0.0084174	4.9664e-10	-0.008421	4.94e-07	-4.9148e-07	0.025072	1.3121e-09	-0.025064	4.9726e-07	-4.9478e-07	0.04273	3.6027e-09	-0.042716	5.0088e-07	-4.9826e-07	0.054978	1.13074e-08	-0.054974	5.037e-07	-5.012e-07
0.335	2.584e-07	-2.1136e-10	-2.6024e-07	4.8674e-07	-4.8418e-07	1.5472e-05	-3.265e-11	-1.5436e-05	4.899e-07	-4.8734e-07	0.00078548	1.3102e-10	-0.00078522	4.9162e-07	-4.8924e-07	0.0084614	4.9325e-10	-0.0084648	4.939e-07	-4.9138e-07	0.025194	1.3042e-09	-0.02519	4.9734e-07	-4.9458e-07	0.043068	3.5882e-09	-0.04305	5.0114e-07	-4.985e-07	0.055588	1.11374e-08	-0.05558	5.0402e-07	-5.0144e-07
0.34	2.605e-07	-2.1249e-10	-2.6274e-07	4.8674e-07	-4.8418e-07	1.5634e-05	-3.468e-11	-1.5592e-05	4.9006e-07	-4.8738e-07	0.00079124	1.2982e-10	-0.0007904	4.9162e-07	-4.8912e-07	0.0085068	4.9196e-10	-0.0085058	4.9398e-07	-4.9138e-07	0.025318	1.299e-09	-0.0253	4.9744e-07	-4.9472e-07	0.043402	3.5571e-09	-0.043392	5.0098e-07	-4.986e-07	0.056196	1.09886e-08	-0.056184	5.043e-07	-5.0134e-07
0.345	2.6508e-07	-2.1363e-10	-2.6632e-07	4.8674e-07	-4.8428e-07	1.5756e-05	-3.414e-11	-1.5724e-05	4.8984e-07	-4.8746e-07	0.00079718	1.2964e-10	-0.00079704	4.917e-07	-4.8914e-07	0.008543	4.924e-10	-0.0085466	4.9414e-07	-4.9152e-07	0.025428	1.294e-09	-0.025416	4.9734e-07	-4.948e-07	0.043722	3.5085e-09	-0.043714	5.014e-07	-4.985e-07	0.056782	1.08268e-08	-0.056774	5.0414e-07	-5.0154e-07
0.35	2.6778e-07	-2.195e-10	-2.6994e-07	4.8668e-07	-4.8426e-07	1.5918e-05	-3.65e-11	-1.5854e-05	4.898e-07	-4.875e-07	0.00080138	1.2845e-10	-0.00080292	4.9178e-07	-4.8944e-07	0.0085878	4.9137e-10	-0.0085832	4.9402e-07	-4.915e-07	0.025546	1.2877e-09	-0.025534	4.9746e-07	-4.9484e-07	0.044032	3.4768e-09	-0.04402	5.0126e-07	-4.9892e-07	0.057372	1.06902e-08	-0.057362	5.0428e-07	-5.019e-07
0.355	2.7004e-07	-2.2493e-10	-2.7266e-07	4.8668e-07	-4.8422e-07	1.6076e-05	-3.745e-11	-1.6028e-05	4.9006e-07	-4.876e-07	0.0008094	1.2633e-10	-0.00080848	4.9162e-07	-4.8942e-07	0.0086244	4.8875e-10	-0.0086234	4.94e-07	-4.9176e-07	0.025648	1.282e-09	-0.025636	4.9766e-07	-4.9526e-07	0.044334	3.4606e-09	-0.044322	5.0138e-07	-4.9904e-07	0.057946	1.05376e-08	-0.057934	5.0474e-07	-5.021e-07
0.36	2.7382e-07	-2.2716e-10	-2.7474e-07	4.8678e-07	-4.8454e-07	1.62e-05	-3.824e-11	-1.6238e-05	4.8988e-07	-4.874e-07	0.00081422	1.2652e-10	-0.0008147	4.9164e-07	-4.8944e-07	0.0086632	4.8709e-10	-0.00866	4.942e-07	-4.9168e-07	0.025752	1.278e-09	-0.025736	4.976e-07	-4.9514e-07	0.044624	3.4303e-09	-0.044612	5.017e-07	-4.9908e-07	0.058512	1.03902e-08	-0.058502	5.0472e-07	-5.0208e-07
0.365	2.762e-07	-2.2894e-10	-2.7758e-07	4.8676e-07	-4.8456e-07	1.6374e-05	-3.903e-11	-1.6348e-05	4.8992e-07	-4.8748e-07	0.00082034	1.2901e-10	-0.00081928	4.916e-07	-4.892e-07	0.0087012	4.8768e-10	-0.008697	4.94e-07	-4.9158e-07	0.025858	1.2709e-09	-0.025838	4.9782e-07	-4.954e-07	0.04492	3.3958e-09	-0.0449	5.0164e-07	-4.9922e-07	0.059068	1.02578e-08	-0.059054	5.0508e-07	-5.0258e-07
0.37	2.789e-07	-2.3219e-10	-2.8128e-07	4.8698e-07	-4.846e-07	1.6472e-05	-4.122e-11	-1.6492e-05	4.8994e-07	-4.8752e-07	0.00082532	1.2846e-10	-0.00082582	4.9186e-07	-4.8954e-07	0.008734	4.8702e-10	-0.0087356	4.9404e-07	-4.9182e-07	0.025956	1.2761e-09	-0.025942	4.9792e-07	-4.9558e-07	0.045194	3.3708e-09	-0.045178	5.0186e-07	-4.9932e-07	0.059616	1.01254e-08	-0.059604	5.0528e-07	-5.0262e-07
0.375	2.8142e-07	-2.3678e-10	-2.8348e-07	4.8678e-07	-4.8452e-07	1.6598e-05	-4.401e-11	-1.6632e-05	4.8996e-07	-4.876e-07	0.00083148	1.2514e-10	-0.00083148	4.9186e-07	-4.894e-07	0.0087694	4.8368e-10	-0.008774	4.9426e-07	-4.918e-07	0.026054	1.261e-09	-0.026036	4.9788e-07	-4.9546e-07	0.045456	3.3422e-09	-0.045436	5.02e-07	-4.9958e-07	0.060148	1.00048e-08	-0.060134	5.055e-07	-5.0284e-07
0.38	2.8684e-07	-2.4027e-10	-2.8642e-07	4.8708e-07	-4.848e-07	1.6756e-05	-4.509e-11	-1.677e-05	4.8994e-07	-4.8768e-07	0.00083566	1.2401e-10	-0.00083678	4.9164e-07	-4.8962e-07	0.0088036	4.841e-10	-0.008809	4.9408e-07	-4.918e-07	0.026144	1.2596e-09	-0.026134	4.9788e-07	-4.9576e-07	0.045712	3.3146e-09	-0.0457	5.0198e-07	-4.9964e-07	0.060682	9.881e-09	-0.060672	5.056e-07	-5.0334e-07
0.385	2.885e-07	-2.4404e-10	-2.8944e-07	4.8722e-07	-4.8486e-07	1.6926e-05	-4.544e-11	-1.6928e-05	4.9008e-07	-4.8778e-07	0.00084252	1.2409e-10	-0.00084142	4.9168e-07	-4.894e-07	0.0088432	4.8342e-10	-0.0088418	4.9406e-07	-4.9188e-07	0.02623	1.2522e-09	-0.026218	4.9798e-07	-4.9576e-07	0.04596	3.2883e-09	-0.04596	5.0234e-07	-5.0008e-07	0.061194	9.7352e-09	-0.061186	5.062e-07	-5.035e-07
0.39	2.9126e-07	-2.4933e-10	-2.9496e-07	4.8698e-07	-4.847e-07	1.7086e-05	-4.777e-11	-1.7018e-05	4.9008e-07	-4.877e-07	0.00084766	1.2453e-10	-0.00084858	4.917e-07	-4.8944e-07	0.0088788	4.8178e-10	-0.0088754	4.944e-07	-4.9214e-07	0.026334	1.246e-09	-0.02631	4.9814e-07	-4.9576e-07	0.046206	3.2564e-09	-0.046196	5.026e-07	-5.0022e-07	0.061704	9.6077e-09	-0.061692	5.0634e-07	-5.0374e-07
0.395	2.9498e-07	-2.5195e-10	-2.9746e-07	4.8698e-07	-4.8496e-07	1.7138e-05	-4.997e-11	-1.7192e-05	4.9002e-07	-4.8788e-07	0.00085388	1.2322e-10	-0.0008526	4.9174e-07	-4.896e-07	0.008908	4.7969e-10	-0.0089112	4.9424e-07	-4.9216e-07	0.026406	1.2431e-09	-0.026396	4.9806e-07	-4.9576e-07	0.046432	3.2451e-09	-0.046426	5.0246e-07	-5.002e-07	0.0622	9.5023e-09	-0.06219	5.0646e-07	-5.0398e-07
0.4	2.9784e-07	-2.5457e-10	-3.01e-07	4.8716e-07	-4.8472e-07	1.731e-05	-5.287e-11	-1.732e-05	4.9008e-07	-4.8782e-07	0.00085838	1.2312e-10	-0.00085702	4.9164e-07	-4.8948e-07	0.0089464	4.7759e-10	-0.0089474	4.9414e-07	-4.9202e-07	0.026494	1.2365e-09	-0.026484	4.9828e-07	-4.96e-07	0.046672	3.204e-09	-0.04665	5.0296e-07	-5.0058e-07	0.062686	9.3317e-09	-0.062676	5.0668e-07	-5.043e-07
0.405	2.9934e-07	-2.5912e-10	-3.0074e-07	4.8696e-07	-4.8486e-07	1.7502e-05	-5.282e-11	-1.7496e-05	4.8978e-07	-4.8764e-07	0.00086462	1.2322e-10	-0.00086356	4.9178e-07	-4.8974e-07	0.0089804	4.7725e-10	-0.00898	4.9438e-07	-4.9216e-07	0.026576	1.2346e-09	-0.026564	4.9854e-07	-4.9606e-07	0.046878	3.1972e-09	-0.046868	5.029e-07	-5.0064e-07	0.063166	9.221e-09	-0.063156	5.0694e-07	-5.046e-07
0.41	3.0412e-07	-2.6601e-10	-3.0506e-07	4.8718e-07	-4.8474e-07	1.7578e-05	-5.406e-11	-1.7596e-05	4.8978e-07	-4.877e-07	0.0008698	1.2062e-10	-0.00086998	4.9164e-07	-4.8954e-07	0.0090124	4.7895e-10	-0.0090074	4.9424e-07	-4.9202e-07	0.026662	1.2343e-09	-0.026656	4.9842e-07	-4.9612e-07	0.047094	3.1652e-09	-0.047084	5.0288e-07	-5.0072e-07	0.063636	9.1246e-09	-0.063622	5.0712e-07	-5.0488e-07
0.415	3.0518e-07	-2.6992e-10	-3.078e-07	4.8716e-07	-4.8482e-07	1.7728e-05	-5.718e-11	-1.7744e-05	4.8982e-07	-4.877e-07	0.00087406	1.1862e-10	-0.00087456	4.9186e-07	-4.896e-07	0.0090446	4.7777e-10	-0.0090474	4.9448e-07	-4.924e-07	0.026736	1.2279e-09	-0.026724	4.9876e-07	-4.9642e-07	0.047298	3.1421e-09	-0.047286	5.0324e-07	-5.0106e-07	0.06409	9.0145e-09	-0.064074	5.0734e-07	-5.0496e-07
0.42	3.0798e-07	-2.7339e-10	-3.09e-07	4.8698e-07	-4.8478e-07	1.7898e-05	-5.954e-11	-1.7892e-05	4.8982e-07	-4.879e-07	0.00087872	1.2011e-10	-0.00087952	4.9184e-07	-4.8962e-07	0.0090806	4.7538e-10	-0.0090794	4.9422e-07	-4.9236e-07	0.026812	1.2183e-09	-0.026792	4.986e-07	-4.966e-07	0.047504	3.125e-09	-0.04749	5.0322e-07	-5.011e-07	0.064544	8.9252e-09	-0.064532	5.0726e-07	-5.0506e-07
0.425	3.1008e-07	-2.7772e-10	-3.1252e-07	4.8704e-07	-4.85e-07	1.8014e-05	-5.999e-11	-1.8012e-05	4.9002e-07	-4.8784e-07	0.00088532	1.2028e-10	-0.00088516	4.9162e-07	-4.896e-07	0.0091076	4.7483e-10	-0.0091116	4.945e-07	-4.9242e-07	0.026884	1.2223e-09	-0.026878	4.9886e-07	-4.9682e-07	0.04769	3.1072e-09	-0.047676	5.0346e-07	-5.0124e-07	0.06498	8.8456e-09	-0.064968	5.0742e-07	-5.0524e-07
0.43	3.1418e-07	-2.8264e-10	-3.1586e-07	4.869e-07	-4.8486e-07	1.8142e-05	-6.276e-11	-1.8126e-05	4.8996e-07	-4.8782e-07	0.00088846	1.1772e-10	-0.00089016	4.9168e-07	-4.8976e-07	0.0091448	4.7428e-10	-0.0091446	4.9454e-07	-4.9254e-07	0.026964	1.2224e-09	-0.026952	4.988e-07	-4.9664e-07	0.047876	3.1009e-09	-0.047866	5.0368e-07	-5.0138e-07	0.065404	8.7568e-09	-0.065392	5.0786e-07	-5.055e-07
0.435	3.1644e-07	-2.886e-10	-3.192e-07	4.8698e-07	-4.8502e-07	1.8278e-05	-6.61e-11	-1.8268e-05	4.8976e-07	-4.88e-07	0.00089518	1.1654e-10	-0.00089496	4.9182e-07	-4.8982e-07	0.0091798	4.7156e-10	-0.0091754	4.9442e-07	-4.9258e-07	0.027044	1.2114e-09	-0.027024	4.9894e-07	-4.9682e-07	0.048056	3.0682e-09	-0.048042	5.037e-07	-5.015e-07	0.06582	8.6692e-09	-0.065812	5.0796e-07	-5.0584e-07
0.44	3.2072e-07	-2.9235e-10	-3.2102e-07	4.8718e-07	-4.85e-07	1.8398e-05	-6.944e-11	-1.8424e-05	4.8994e-07	-4.8788e-07	0.0008998	1.1673e-10	-0.00089992	4.9182e-07	-4.8978e-07	0.0092056	4.713e-10	-0.0092052	4.9454e-07	-4.9266e-07	0.027094	1.2072e-09	-0.027092	4.9896e-07	-4.9716e-07	0.048232	3.0529e-09	-0.048218	5.0378e-07	-5.0196e-07	0.066232	8.5731e-09	-0.066222	5.082e-07	-5.0598e-07
0.445	3.2322e-07	-2.9833e-10	-3.2442e-07	4.8712e-07	-4.8496e-07	1.8588e-05	-7.013e-11	-1.8548e-05	4.8984e-07	-4.8806e-07	0.00090582	1.1518e-10	-0.00090494	4.9168e-07	-4.8968e-07	0.009237	4.7197e-10	-0.0092348	4.9456e-07	-4.9248e-07	0.02717	1.209e-09	-0.027164	4.9914e-07	-4.971e-07	0.048398	3.0545e-09	-0.048382	5.039e-07	-5.0196e-07	0.06663	8.4776e-09	-0.066616	5.0838e-07	-5.0618e-07
0.45	3.2618e-07	-3.0463e-10	-3.2776e-07	4.8714e-07	-4.8522e-07	1.8718e-05	-7.249e-11	-1.867e-05	4.8984e-07	-4.8788e-07	0.00091118	1.1566e-10	-0.00091046	4.915e-07	-4.8962e-07	0.0092618	4.6977e-10	-0.0092652	4.944e-07	-4.9252e-07	0.027256	1.2068e-09	-0.027236	4.9914e-07	-4.9714e-07	0.048556	3.0272e-09	-0.048548	5.0442e-07	-5.0214e-07	0.067022	8.4066e-09	-0.067008	5.086e-07	-5.065e-07
0.455	3.2858e-07	-3.0807e-10	-3.305e-07	4.8726e-07	-4.8516e-07	1.8866e-05	-7.572e-11	-1.8858e-05	4.9e-07	-4.8784e-07	0.00091572	1.1401e-10	-0.00091614	4.9158e-07	-4.896e-07	0.0092994	4.6603e-10	-0.0092944	4.9446e-07	-4.9282e-07	0.027316	1.1978e-09	-0.027292	4.991e-07	-4.9718e-07	0.048722	3.0132e-09	-0.048702	5.0442e-07	-5.0238e-07	0.067394	8.338e-09	-0.06739	5.088e-07	-5.0684e-07
0.46	3.328e-07	-3.1295e-10	-3.3316e-07	4.8704e-07	-4.852e-07	1.8938e-05	-7.844e-11	-1.8976e-05	4.8988e-07	-4.8816e-07	0.00092092	1.1246e-10	-0.00092084	4.9176e-07	-4.9002e-07	0.0093368	4.6707e-10	-0.0093318	4.9466e-07	-4.9286e-07	0.027388	1.1992e-09	-0.027376	4.9948e-07	-4.974e-07	0.048866	2.9988e-09	-0.048858	5.0448e-07	-5.0276e-07	0.067768	8.2625e-09	-0.067762	5.0932e-07	-5.0702e-07
0.465	3.3536e-07	-3.2044e-10	-3.3692e-07	4.8724e-07	-4.8512e-07	1.911e-05	-7.907e-11	-1.9084e-05	4.901e-07	-4.882e-07	0.00092666	1.118e-10	-0.00092604	4.9162e-07	-4.8988e-07	0.0093572	4.6774e-10	-0.0093528	4.9474e-07	-4.9294e-07	0.027456	1.1981e-09	-0.02744	4.9942e-07	-4.9772e-07	0.049018	2.985e-09	-0.049004	5.0466e-07	-5.028e-07	0.068132	8.2042e-09	-0.068114	5.0948e-07	-5.0744e-07
0.47	3.3816e-07	-3.2581e-10	-3.397e-07	4.8708e-07	-4.8538e-07	1.9226e-05	-8.15e-11	-1.9202e-05	4.899e-07	-4.8822e-07	0.0009316	1.0989e-10	-0.00092884	4.9156e-07	-4.8992e-07	0.0093904	4.6446e-10	-0.009393	4.9466e-07	-4.9278e-07	0.027512	1.1917e-09	-0.027504	4.995e-07	-4.976e-07	0.049154	2.9706e-09	-0.049154	5.05e-07	-5.0286e-07	0.068476	8.1373e-09	-0.068466	5.0972e-07	-5.0786e-07
0.475	3.3996e-07	-3.2994e-10	-3.4224e-07	4.87e-07	-4.8532e-07	1.936e-05	-8.573e-11	-1.9328e-05	4.9008e-07	-4.8806e-07	0.0009364	1.0847e-10	-0.00093688	4.9164e-07	-4.8978e-07	0.0094172	4.6351e-10	-0.0094186	4.9458e-07	-4.93e-07	0.02758	1.1861e-09	-0.027566	4.9958e-07	-4.9774e-07	0.049306	2.9538e-09	-0.04929	5.0494e-07	-5.0312e-07	0.068818	8.0619e-09	-0.068806	5.0984e-07	-5.0796e-07
0.48	3.435e-07	-3.3624e-10	-3.438e-07	4.8702e-07	-4.8524e-07	1.9486e-05	-8.918e-11	-1.95e-05	4.8994e-07	-4.8816e-07	0.00094172	1.0873e-10	-0.00094252	4.9176e-07	-4.9e-07	0.0094524	4.6444e-10	-0.0094566	4.9474e-07	-4.9304e-07	0.027646	1.1883e-09	-0.027634	4.9984e-07	-4.9796e-07	0.049434	2.95e-09	-0.04942	5.051e-07	-5.0316e-07	0.069152	8.0039e-09	-0.069136	5.1002e-07	-5.081e-07
0.485	3.4538e-07	-3.4347e-10	-3.4646e-07	4.873e-07	-4.8544e-07	1.963e-05	-9.164e-11	-1.9594e-05	4.9008e-07	-4.8824e-07	0.00094578	1.0749e-10	-0.00094674	4.9178e-07	-4.899e-07	0.009479	4.6243e-10	-0.0094786	4.9484e-07	-4.9314e-07	0.027708	1.1861e-09	-0.027688	4.999e-07	-4.98e-07	0.049562	2.9363e-09	-0.04955	5.055e-07	-5.0346e-07	0.06947	7.9489e-09	-0.069466	5.1026e-07	-5.086e-07
0.49	3.4922e-07	-3.4946e-10	-3.5136e-07	4.8732e-07	-4.855e-07	1.977e-05	-9.299e-11	-1.9792e-05	4.8996e-07	-4.8814e-07	0.00095272	1.0546e-10	-0.0009501	4.9152e-07	-4.9006e-07	0.0095046	4.603e-10	-0.0095058	4.95e-07	-4.9306e-07	0.02777	1.1816e-09	-0.027756	4.9984e-07	-4.9806e-07	0.049686	2.9252e-09	-0.049682	5.0534e-07	-5.0354e-07	0.069788	7.9206e-09	-0.069774	5.1056e-07	-5.0878e-07
0.495	3.5216e-07	-3.5297e-10	-3.5268e-07	4.8714e-07	-4.855e-07	1.9914e-05	-9.799e-11	-1.9934e-05	4.9008e-07	-4.8808e-07	0.00095384	1.0483e-10	-0.00095384	4.9156e-07	-4.901e-07	0.0095346	4.614e-10	-0.009534	4.9482e-07	-4.932e-07	0.027828	1.1782e-09	-0.027808	4.9984e-07	-4.9814e-07	0.04981	2.9149e-09	-0.0498	5.0576e-07	-5.038e-07	0.07008	7.8336e-09	-0.070076	5.1076e-07	-5.0914e-07
0.5	3.566e-07	-3.6135e-10	-3.564e-07	4.8732e-07	-4.854e-07	2.005e-05	-1.0022e-10	-2.01e-05	4.9012e-07	-4.8836e-07	0.00096192	1.0402e-10	-0.0009607	4.9164e-07	-4.9024e-07	0.0095546	4.6142e-10	-0.0095664	4.9482e-07	-4.9308e-07	0.027892	1.1784e-09	-0.027874	5.0008e-07	-4.9858e-07	0.049928	2.9083e-09	-0.049924	5.0594e-07	-5.0416e-07	0.070388	7.7735e-09	-0.070372	5.1116e-07	-5.091e-07
0.505	3.5784e-07	-3.6996e-10	-3.6258e-07	4.8706e-07	-4.854e-07	2.0212e-05	-1.0213e-10	-2.0202e-05	4.8996e-07	-4.8802e-07	0.00096628	1.0088e-10	-0.00096574	4.918e-07	-4.9004e-07	0.0095996	4.5888e-10	-0.0095954	4.9494e-07	-4.9314e-07	0.027952	1.1745e-09	-0.027936	5.0002e-07	-4.9848e-07	0.050056	2.8981e-09	-0.050044	5.0612e-07	-5.044e-07	0.070666	7.7228e-09	-0.070656	5.1118e-07	-5.0966e-07
0.51	3.6068e-07	-3.7577e-10	-3.6226e-07	4.872e-07	-4.8536e-07	2.0342e-05	-1.0518e-10	-2.0334e-05	4.8996e-07	-4.8838e-07	0.00097122	1.0055e-10	-0.00097048	4.9152e-07	-4.8998e-07	0.0096234	4.5745e-10	-0.0096222	4.9482e-07	-4.9316e-07	0.028006	1.1727e-09	-0.027994	5.0004e-07	-4.9858e-07	0.050168	2.8839e-09	-0.050152	5.0618e-07	-5.044e-07	0.070924	7.679e-09	-0.070916	5.1152e-07	-5.0966e-07
0.515	3.6222e-07	-3.8099e-10	-3.6458e-07	4.871e-07	-4.8548e-07	2.046e-05	-1.1144e-10	-2.0486e-05	4.9004e-07	-4.8812e-07	0.00097726	1.0041e-10	-0.00097574	4.9156e-07	-4.9014e-07	0.009652	4.5803e-10	-0.0096508	4.9504e-07	-4.9332e-07	0.028066	1.1703e-09	-0.028054	5.0024e-07	-4.9854e-07	0.05028	2.8821e-09	-0.050276	5.0644e-07	-5.0464e-07	0.071188	7.6144e-09	-0.071184	5.119e-07	-5.102e-07
0.52	3.6726e-07	-3.8945e-10	-3.678e-07	4.8732e-07	-4.854e-07	2.0562e-05	-1.1295e-10	-2.0648e-05	4.8988e-07	-4.8816e-07	0.00098064	9.689e-11	-0.00098182	4.9168e-07	-4.9024e-07	0.0096794	4.555e-10	-0.0096832	4.95e-07	-4.933e-07	0.028124	1.1796e-09	-0.0281	5.0032e-07	-4.9862e-07	0.050388	2.872e-09	-0.05038	5.0644e-07	-5.0472e-07	0.071458	7.5856e-09	-0.071444	5.1202e-07	-5.1036e-07
0.525	3.7006e-07	-3.9702e-10	-3.7174e-07	4.8742e-07	-4.8576e-07	2.0756e-05	-1.1713e-10	-2.0728e-05	4.9e-07	-4.8824e-07	0.00098624	9.504e-11	-0.00098664	4.9168e-07	-4.902e-07	0.0097104	4.5379e-10	-0.0097096	4.9496e-07	-4.9344e-07	0.02818	1.1653e-09	-0.028158	5.004e-07	-4.9886e-07	0.050498	2.8761e-09	-0.050486	5.067e-07	-5.0506e-07	0.071714	7.5368e-09	-0.071702	5.1226e-07	-5.1062e-07
0.53	3.7264e-07	-4.0201e-10	-3.7374e-07	4.8752e-07	-4.8564e-07	2.0934e-05	-1.2002e-10	-2.0922e-05	4.8986e-07	-4.8824e-07	0.00099224	9.701e-11	-0.00099278	4.9158e-07	-4.9014e-07	0.0097406	4.5452e-10	-0.0097388	4.9504e-07	-4.9354e-07	0.028234	1.162e-09	-0.028224	5.0056e-07	-4.989e-07	0.050592	2.8552e-09	-0.050588	5.0668e-07	-5.0514e-07	0.071958	7.4956e-09	-0.071948	5.1246e-07	-5.1072e-07
0.535	3.7706e-07	-4.1128e-10	-3.7904e-07	4.8714e-07	-4.8562e-07	2.1046e-05	-1.2396e-10	-2.1034e-05	4.9018e-07	-4.8858e-07	0.00099378	9.512e-11	-0.00099578	4.917e-07	-4.9004e-07	0.009768	4.5381e-10	-0.0097672	4.952e-07	-4.9378e-07	0.028298	1.1635e-09	-0.028284	5.0076e-07	-4.9902e-07	0.0507	2.8641e-09	-0.050692	5.0676e-07	-5.0522e-07	0.072198	7.4539e-09	-0.072196	5.129e-07	-5.111e-07
0.54	3.7896e-07	-4.1918e-10	-3.801e-07	4.8712e-07	-4.8562e-07	2.1142e-05	-1.2751e-10	-2.116e-05	4.8982e-07	-4.884e-07	0.00100254	8.989e-11	-0.00100216	4.9146e-07	-4.8996e-07	0.0097948	4.5241e-10	-0.0097956	4.9522e-07	-4.9378e-07	0.028352	1.1619e-09	-0.02834	5.0092e-07	-4.9922e-07	0.050806	2.8393e-09	-0.050792	5.0694e-07	-5.0544e-07	0.072434	7.4119e-09	-0.072418	5.1292e-07	-5.1132e-07
0.545	3.8232e-07	-4.2675e-10	-3.847e-07	4.8716e-07	-4.856e-07	2.1328e-05	-1.3079e-10	-2.1258e-05	4.8984e-07	-4.8852e-07	0.00100694	9.01e-11	-0.001007	4.9166e-07	-4.9018e-07	0.009822	4.5167e-10	-0.0098292	4.9508e-07	-4.936e-07	0.028408	1.1552e-09	-0.028396	5.008e-07	-4.9922e-07	0.050902	2.8278e-09	-0.05089	5.074e-07	-5.0586e-07	0.072662	7.3723e-09	-0.072652	5.134e-07	-5.117e-07
0.55	3.8556e-07	-4.3414e-10	-3.8644e-07	4.8722e-07	-4.8568e-07	2.1478e-05	-1.3623e-10	-2.1408e-05	4.8982e-07	-4.8836e-07	0.00101148	9.138e-11	-0.00101254	4.9146e-07	-4.901e-07	0.0098502	4.4963e-10	-0.0098492	4.9518e-07	-4.9388e-07	0.028474	1.1537e-09	-0.028452	5.0084e-07	-4.9934e-07	0.051	2.8281e-09	-0.050984	5.0764e-07	-5.06e-07	0.07288	7.3394e-09	-0.072864	5.1362e-07	-5.1194e-07
0.555	3.8734e-07	-4.4272e-10	-3.8934e-07	4.8722e-07	-4.857e-07	2.1588e-05	-1.409e-10	-2.1576e-05	4.901e-07	-4.8844e-07	0.0010157	8.692e-11	-0.00101672	4.915e-07	-4.9006e-07	0.0098786	4.486e-10	-0.0098702	4.9532e-07	-4.9382e-07	0.028524	1.1583e-09	-0.028512	5.0116e-07	-4.9952e-07	0.051094	2.8154e-09	-0.05109	5.076e-07	-5.061e-07	0.073082	7.3028e-09	-0.073078	5.1384e-07	-5.122e-07
0.56	3.9122e-07	-4.4983e-10	-3.9458e-07	4.8744e-07	-4.8572e-07	2.1718e-05	-1.4428e-10	-2.1722e-05	4.9002e-07	-4.887e-07	0.00102174	8.259e-11	-0.00102254	4.9144e-07	-4.9014e-07	0.0099092	4.4764e-10	-0.0099066	4.9512e-07	-4.9378e-07	0.028574	1.1512e-09	-0.02856	5.0104e-07	-4.9964e-07	0.051192	2.8142e-09	-0.051176	5.0778e-07	-5.062e-07	0.073294	7.2713e-09	-0.073282	5.1402e-07	-5.1248e-07
0.565	3.9454e-07	-4.5886e-10	-3.9662e-07	4.872e-07	-4.8574e-07	2.1794e-05	-1.4659e-10	-2.188e-05	4.8986e-07	-4.8856e-07	0.00102818	8.335e-11	-0.00102756	4.9144e-07	-4.9004e-07	0.009934	4.4738e-10	-0.0099308	4.9536e-07	-4.9396e-07	0.028628	1.1433e-09	-0.028618	5.013e-07	-4.9974e-07	0.051282	2.821e-09	-0.051268	5.0826e-07	-5.0646e-07	0.073494	7.2446e-09	-0.073482	5.1438e-07	-5.1272e-07
0.57	3.9906e-07	-4.6667e-10	-3.9908e-07	4.874e-07	-4.8576e-07	2.2022e-05	-1.5143e-10	-2.1972e-05	4.901e-07	-4.8846e-07	0.00103196	8.321e-11	-0.00103234	4.9168e-07	-4.9034e-07	0.0099642	4.4606e-10	-0.009954	4.953e-07	-4.9384e-07	0.028682	1.1525e-09	-0.02867	5.0116e-07	-4.9978e-07	0.051374	2.8145e-09	-0.051366	5.0808e-07	-5.066e-07	0.07369	7.2082e-09	-0.073684	5.1472e-07	-5.1322e-07
0.575	4.0108e-07	-4.7699e-10	-4.0176e-07	4.8726e-07	-4.8566e-07	2.2176e-05	-1.5741e-10	-2.22e-05	4.8988e-07	-4.8866e-07	0.00103818	7.86e-11	-0.00103776	4.915e-07	-4.9022e-07	0.0099912	4.4806e-10	-0.0099894	4.952e-07	-4.9384e-07	0.02874	1.1518e-09	-0.028732	5.0144e-07	-5.0012e-07	0.051468	2.7969e-09	-0.051448	5.0834e-07	-5.069e-07	0.07388	7.1914e-09	-0.073864	5.1482e-07	-5.1338e-07
0.58	4.053e-07	-4.8575e-10	-4.0482e-07	4.8728e-07	-4.861e-07	2.2316e-05	-1.6253e-10	-2.2364e-05	4.9008e-07	-4.885e-07	0.00104272	7.665e-11	-0.00104154	4.916e-07	-4.9048e-07	0.0100168	4.4303e-10	-0.0100142	4.9546e-07	-4.9402e-07	0.028794	1.1507e-09	-0.028782	5.014e-07	-5.003e-07	0.051542	2.7906e-09	-0.051526	5.085e-07	-5.0728e-07	0.074054	7.1615e-09	-0.074044	5.15e-07	-5.1382e-07
0.585	4.0814e-07	-4.93e-10	-4.0904e-07	4.8726e-07	-4.859e-07	2.248e-05	-1.6642e-10	-2.2482e-05	4.901e-07	-4.8882e-07	0.00104808	7.654e-11	-0.0010479	4.9168e-07	-4.9048e-07	0.0100478	4.4164e-10	-0.010043	4.9522e-07	-4.9406e-07	0.028846	1.138e-09	-0.028834	5.017e-07	-5.0012e-07	0.05163	2.786e-09	-0.051624	5.0868e-07	-5.075e-07	0.07423	7.1233e-09	-0.074224	5.152e-07	-5.1384e-07
0.59	4.1058e-07	-5.0015e-10	-4.121e-07	4.8726e-07	-4.8622e-07	2.265e-05	-1.7073e-10	-2.2586e-05	4.9006e-07	-4.8884e-07	0.00105206	7.335e-11	-0.00105092	4.917e-07	-4.905e-07	0.0100764	4.4212e-10	-0.0100716	4.954e-07	-4.9404e-07	0.028896	1.1442e-09	-0.028884	5.015e-07	-5.0024e-07	0.051712	2.7802e-09	-0.051696	5.0878e-07	-5.0764e-07	0.074408	7.108e-09	-0.0744	5.1576e-07	-5.1432e-07
0.595	4.1488e-07	-5.1149e-10	-4.1466e-07	4.874e-07	-4.8598e-07	2.2758e-05	-1.7538e-10	-2.2814e-05	4.9e-07	-4.8882e-07	0.0010581	6.945e-11	-0.00105814	4.9166e-07	-4.9046e-07	0.0100978	4.4184e-10	-0.0100952	4.9564e-07	-4.941e-07	0.02895	1.1412e-09	-0.028936	5.0164e-07	-5.006e-07	0.0518	2.7729e-09	-0.0518	5.0896e-07	-5.0792e-07	0.074582	7.0866e-09	-0.074568	5.1604e-07	-5.1462e-07
0.6	4.1692e-07	-5.2203e-10	-4.189e-07	4.8736e-07	-4.86e-07	2.2946e-05	-1.8023e-10	-2.291e-05	4.8994e-07	-4.8888e-07	0.00106344	6.906e-11	-0.0010629	4.9162e-07	-4.9032e-07	0.0101304	4.3986e-10	-0.010125	4.9532e-07	-4.9422e-07	0.029014	1.1343e-09	-0.028988	5.0198e-07	-5.0054e-07	0.05188	2.7685e-09	-0.051866	5.092e-07	-5.081e-07	0.074742	7.0612e-09	-0.074732	5.16e-07	-5.1472e-07
0.605	4.2172e-07	-5.3121e-10	-4.2284e-07	4.8728e-07	-4.8596e-07	2.3082e-05	-1.864e-10	-2.307e-05	4.8982e-07	-4.886e-07	0.00106732	6.579e-11	-0.00106752	4.9162e-07	-4.9034e-07	0.0101546	4.365e-10	-0.010153	4.9542e-07	-4.943e-07	0.029058	1.1349e-09	-0.029046	5.0188e-07	-5.0078e-07	0.051966	2.7626e-09	-0.05195	5.0938e-07	-5.0818e-07	0.074908	7.0463e-09	-0.074892	5.164e-07	-5.151e-07
0.61	4.2522e-07	-5.4043e-10	-4.2612e-07	4.873e-07	-4.8604e-07	2.3444e-05	-1.9287e-10	-2.3436e-05	4.8984e-07	-4.8878e-07	0.00107336	6.328e-11	-0.00107302	4.9152e-07	-4.906e-07	0.0101846	4.3603e-10	-0.0101844	4.9556e-07	-4.9448e-07	0.029108	1.1362e-09	-0.029096	5.0218e-07	-5.0084e-07	0.052052	2.7733e-09	-0.052036	5.0956e-07	-5.0848e-07	0.075056	7.0043e-09	-0.075042	5.1672e-07	-5.1538e-07
0.615	4.2928e-07	-5.504e-10	-4.2844e-07	4.8722e-07	-4.8608e-07	2.3578e-05	-1.9694e-10	-2.3612e-05	4.8984e-07	-4.886e-07	0.00107886	6.298e-11	-0.00107764	4.916e-07	-4.9046e-07	0.0102046	4.3682e-10	-0.0102152	4.9554e-07	-4.943e-07	0.029164	1.1301e-09	-0.029144	5.0204e-07	-5.009e-07	0.052124	2.768e-09	-0.052116	5.0996e-07	-5.0868e-07	0.075206	6.9787e-09	-0.075192	5.1696e-07	-5.1566e-07
0.62	4.3168e-07	-5.5998e-10	-4.3164e-07	4.8724e-07	-4.8628e-07	2.3746e-05	-2.0136e-10	-2.371e-05	4.8996e-07	-4.8876e-07	0.00108402	5.943e-11	-0.00108324	4.9164e-07	-4.9054e-07	0.010238	4.3479e-10	-0.0102354	4.9562e-07	-4.9426e-07	0.02922	1.1257e-09	-0.02921	5.0222e-07	-5.011e-07	0.052202	2.7718e-09	-0.052186	5.099e-07	-5.0868e-07	0.075352	6.983e-09	-0.07534	5.1708e-07	-5.1596e-07
0.625	4.3488e-07	-5.6929e-10	-4.3392e-07	4.8732e-07	-4.8608e-07	2.386e-05	-2.0662e-10	-2.3884e-05	4.8994e-07	-4.891e-07	0.00108948	5.558e-11	-0.00108988	4.9168e-07	-4.9068e-07	0.0102664	4.3178e-10	-0.0102658	4.9546e-07	-4.944e-07	0.029264	1.1319e-09	-0.029248	5.023e-07	-5.0128e-07	0.052278	2.7603e-09	-0.052266	5.1014e-07	-5.0886e-07	0.075496	6.9639e-09	-0.075486	5.175e-07	-5.1642e-07
0.63	4.3712e-07	-5.7954e-10	-4.3844e-07	4.8742e-07	-4.863e-07	2.4058e-05	-2.1349e-10	-2.4056e-05	4.8986e-07	-4.8882e-07	0.00109524	5.369e-11	-0.0010928	4.9184e-07	-4.9064e-07	0.010284	4.3097e-10	-0.0102866	4.9578e-07	-4.945e-07	0.029312	1.1328e-09	-0.029296	5.0254e-07	-5.0132e-07	0.052356	2.7449e-09	-0.05233	5.105e-07	-5.0918e-07	0.075638	6.95e-09	-0.07562	5.1778e-07	-5.1648e-07
0.635	4.4142e-07	-5.9237e-10	-4.4262e-07	4.8732e-07	-4.862e-07	2.4186e-05	-2.1894e-10	-2.418e-05	4.8986e-07	-4.887e-07	0.00109866	5.236e-11	-0.00109822	4.9166e-07	-4.9078e-07	0.0103134	4.3095e-10	-0.0103218	4.9556e-07	-4.9466e-07	0.029362	1.1239e-09	-0.029354	5.026e-07	-5.0166e-07	0.052432	2.7547e-09	-0.052414	5.1064e-07	-5.0946e-07	0.07578	6.927e-09	-0.07576	5.1794e-07	-5.1682e-07
0.64	4.4234e-07	-6.0426e-10	-4.4518e-07	4.8722e-07	-4.862e-07	2.4332e-05	-2.2593e-10	-2.439e-05	4.8974e-07	-4.8876e-07	0.00110478	4.708e-11	-0.00110444	4.9162e-07	-4.9058e-07	0.0103466	4.283e-10	-0.0103384	4.9566e-07	-4.9454e-07	0.029414	1.1216e-09	-0.0294	5.026e-07	-5.0146e-07	0.052498	2.74e-09	-0.052484	5.1088e-07	-5.097e-07	0.075896	6.9125e-09	-0.075896	5.182e-07	-5.1722e-07
0.645	4.4846e-07	-6.1184e-10	-4.4944e-07	4.8732e-07	-4.8634e-07	2.4524e-05	-2.3196e-10	-2.455e-05	4.8982e-07	-4.8878e-07	0.00111002	4.596e-11	-0.00111006	4.917e-07	-4.909e-07	0.0103706	4.274e-10	-0.0103762	4.9578e-07	-4.9478e-07	0.029468	1.1233e-09	-0.029454	5.027e-07	-5.0154e-07	0.05258	2.7437e-09	-0.05257	5.1076e-07	-5.097e-07	0.076028	6.9034e-09	-0.076016	5.1836e-07	-5.1758e-07
0.65	4.505e-07	-6.2331e-10	-4.5262e-07	4.8752e-07	-4.8642e-07	2.4716e-05	-2.3717e-10	-2.4616e-05	4.8982e-07	-4.8882e-07	0.00111822	4.374e-11	-0.00111788	4.9168e-07	-4.9084e-07	0.0103952	4.2815e-10	-0.0103996	4.9548e-07	-4.9444e-07	0.029512	1.1245e-09	-0.029498	5.0272e-07	-5.0172e-07	0.052654	2.7393e-09	-0.052636	5.109e-07	-5.0982e-07	0.076148	6.8888e-09	-0.076132	5.1872e-07	-5.1758e-07
0.655	4.5692e-07	-6.3549e-10	-4.569e-07	4.8734e-07	-4.8628e-07	2.488e-05	-2.44e-10	-2.4866e-05	4.8994e-07	-4.8886e-07	0.00112142	3.947e-11	-0.00112162	4.916e-07	-4.9066e-07	0.010428	4.2513e-10	-0.0104252	4.9562e-07	-4.946e-07	0.02955	1.1149e-09	-0.029552	5.0292e-07	-5.0196e-07	0.05272	2.7256e-09	-0.052716	5.113e-07	-5.1018e-07	0.076276	6.8802e-09	-0.07626	5.1892e-07	-5.1786e-07
0.66	4.5976e-07	-6.4628e-10	-4.6224e-07	4.8744e-07	-4.8652e-07	2.5028e-05	-2.5031e-10	-2.5014e-05	4.8988e-07	-4.8888e-07	0.00112628	3.558e-11	-0.00112686	4.9156e-07	-4.9086e-07	0.0104532	4.239e-10	-0.0104574	4.9582e-07	-4.9462e-07	0.029618	1.1167e-09	-0.029608	5.0294e-07	-5.02e-07	0.052798	2.7322e-09	-0.052794	5.1152e-07	-5.103e-07	0.076392	6.8581e-09	-0.076384	5.1932e-07	-5.1836e-07
0.665	4.6436e-07	-6.5838e-10	-4.6432e-07	4.875e-07	-4.8654e-07	2.5118e-05	-2.5738e-10	-2.521e-05	4.9006e-07	-4.8908e-07	0.00113146	3.292e-11	-0.00113078	4.917e-07	-4.9092e-07	0.0104824	4.2232e-10	-0.010485	4.9582e-07	-4.9484e-07	0.029674	1.1198e-09	-0.029654	5.0304e-07	-5.02e-07	0.052864	2.7193e-09	-0.052852	5.1152e-07	-5.1054e-07	0.076512	6.8432e-09	-0.076502	5.195e-07	-5.1852e-07
0.67	4.6548e-07	-6.7033e-10	-4.6704e-07	4.8726e-07	-4.8662e-07	2.528e-05	-2.6412e-10	-2.5294e-05	4.8994e-07	-4.8894e-07	0.001136	3.108e-11	-0.00113672	4.917e-07	-4.907e-07	0.0105144	4.2031e-10	-0.0105108	4.9586e-07	-4.9492e-07	0.029694	1.115e-09	-0.029702	5.0334e-07	-5.0226e-07	0.052936	2.7163e-09	-0.052924	5.1192e-07	-5.1092e-07	0.076624	6.8337e-09	-0.076618	5.198e-07	-5.1906e-07
0.675	4.7178e-07	-6.7994e-10	-4.6884e-07	4.8738e-07	-4.8638e-07	2.5442e-05	-2.7043e-10	-2.5522e-05	4.9014e-07	-4.889e-07	0.00114262	2.605e-11	-0.00114078	4.9184e-07	-4.9072e-07	0.0105394	4.1854e-10	-0.010541	4.9572e-07	-4.9486e-07	0.02976	1.1108e-09	-0.029748	5.0334e-07	-5.0256e-07	0.053012	2.7291e-09	-0.05299	5.1206e-07	-5.1106e-07	0.07674	6.8317e-09	-0.07672	5.2034e-07	-5.1942e-07
0.68	4.7188e-07	-6.929e-10	-4.7372e-07	4.8734e-07	-4.8664e-07	2.5596e-05	-2.7791e-10	-2.5592e-05	4.899e-07	-4.89e-07	0.00114812	2.236e-11	-0.00114724	4.9168e-07	-4.9064e-07	0.0105672	4.1796e-10	-0.0105658	4.9578e-07	-4.9484e-07	0.029806	1.1136e-09	-0.029796	5.037e-07	-5.0282e-07	0.053074	2.71e-09	-0.053064	5.121e-07	-5.1118e-07	0.076844	6.8023e-09	-0.076838	5.204e-07	-5.1946e-07
0.685	4.785e-07	-7.0646e-10	-4.788e-07	4.8722e-07	-4.8628e-07	2.5728e-05	-2.8457e-10	-2.5814e-05	4.8984e-07	-4.89e-07	0.0011516	2.041e-11	-0.00115158	4.9178e-07	-4.9082e-07	0.0105936	4.1688e-10	-0.0105898	4.9606e-07	-4.9496e-07	0.029872	1.1149e-09	-0.02985	5.0352e-07	-5.0266e-07	0.053142	2.7024e-09	-0.053134	5.1228e-07	-5.1132e-07	0.07695	6.8126e-09	-0.076938	5.2082e-07	-5.1988e-07
0.69	4.821e-07	-7.196e-10	-4.825e-07	4.8764e-07	-4.8678e-07	2.59e-05	-2.9119e-10	-2.5916e-05	4.9e-07	-4.8906e-07	0.0011584	1.758e-11	-0.00115674	4.9156e-07	-4.9074e-07	0.0106188	4.1411e-10	-0.01062	4.9602e-07	-4.9522e-07	0.029902	1.1088e-09	-0.02989	5.0392e-07	-5.0278e-07	0.053218	2.7053e-09	-0.053204	5.124e-07	-5.1154e-07	0.077056	6.8069e-09	-0.077044	5.211e-07	-5.2018e-07
0.695	4.8708e-07	-7.3009e-10	-4.8698e-07	4.8756e-07	-4.8648e-07	2.6084e-05	-3.002e-10	-2.5956e-05	4.8986e-07	-4.8888e-07	0.0011636	1.171e-11	-0.00116296	4.9162e-07	-4.9086e-07	0.0106472	4.1185e-10	-0.0106444	4.9586e-07	-4.9504e-07	0.02995	1.1055e-09	-0.029948	5.0374e-07	-5.028e-07	0.053278	2.7099e-09	-0.05327	5.1258e-07	-5.1184e-07	0.077158	6.7909e-09	-0.077148	5.2114e-07	-5.2056e-07
0.7	4.9034e-07	-7.4402e-10	-4.9026e-07	4.8738e-07	-4.8654e-07	2.619e-05	-3.0766e-10	-2.6216e-05	4.8982e-07	-4.893e-07	0.001169	7.16e-12	-0.00116866	4.9186e-07	-4.9098e-07	0.0106714	4.1115e-10	-0.010669	4.9604e-07	-4.9536e-07	0.029998	1.1068e-09	-0.029988	5.039e-07	-5.0328e-07	0.053358	2.7006e-09	-0.053336	5.1284e-07	-5.1204e-07	0.07727	6.7785e-09	-0.077254	5.2146e-07	-5.2086e-07
0.705	4.9476e-07	-7.5625e-10	-4.936e-07	4.874e-07	-4.8678e-07	2.6382e-05	-3.1279e-10	-2.6374e-05	4.9006e-07	-4.8898e-07	0.0011702	6.21e-12	-0.0011732	4.916e-07	-4.909e-07	0.010705	4.0812e-10	-0.0107072	4.959e-07	-4.9538e-07	0.030042	1.1038e-09	-0.030032	5.0396e-07	-5.0346e-07	0.053414	2.7108e-09	-0.053404	5.1308e-07	-5.1246e-07	0.077362	6.7772e-09	-0.077354	5.2182e-07	-5.2094e-07
0.71	4.983e-07	-7.7009e-10	-4.9848e-07	4.8762e-07	-4.8678e-07	2.6632e-05	-3.2292e-10	-2.6604e-05	4.8982e-07	-4.8902e-07	0.0011784	1.41e-12	-0.0011792	4.919e-07	-4.911e-07	0.010737	4.0674e-10	-0.0107324	4.9628e-07	-4.9532e-07	0.0301	1.102e-09	-0.030086	5.0404e-07	-5.0328e-07	0.05347	2.6909e-09	-0.053478	5.1324e-07	-5.1262e-07	0.07746	6.7713e-09	-0.077452	5.221e-07	-5.2148e-07
0.715	5.0198e-07	-7.8342e-10	-5.0244e-07	4.8762e-07	-4.8694e-07	2.6692e-05	-3.3224e-10	-2.676e-05	4.8988e-07	-4.8926e-07	0.0011842	-2.13e-12	-0.0011852	4.9176e-07	-4.9084e-07	0.0107666	4.0328e-10	-0.0107528	4.962e-07	-4.955e-07	0.03016	1.1031e-09	-0.030132	5.0432e-07	-5.035e-07	0.053566	2.6894e-09	-0.053538	5.1362e-07	-5.1266e-07	0.077558	6.7622e-09	-0.07754	5.2238e-07	-5.217e-07
0.72	5.0636e-07	-7.985e-10	-5.0464e-07	4.8768e-07	-4.8684e-07	2.7046e-05	-3.3821e-10	-2.6994e-05	4.9008e-07	-4.8904e-07	0.0011906	-7.61e-12	-0.0011892	4.9184e-07	-4.9112e-07	0.0107824	4.0177e-10	-0.0107798	4.9618e-07	-4.955e-07	0.030192	1.0997e-09	-0.030176	5.0434e-07	-5.0346e-07	0.053618	2.7036e-09	-0.053604	5.1356e-07	-5.1294e-07	0.077652	6.7609e-09	-0.077642	5.2244e-07	-5.2182e-07
0.725	5.1032e-07	-8.1143e-10	-5.0998e-07	4.8756e-07	-4.8672e-07	2.7106e-05	-3.4611e-10	-2.7128e-05	4.8994e-07	-4.891e-07	0.0011972	-1.236e-11	-0.0011982	4.9162e-07	-4.9096e-07	0.0108054	4.0109e-10	-0.010809	4.9646e-07	-4.9558e-07	0.030252	1.0982e-09	-0.03024	5.0434e-07	-5.0382e-07	0.053672	2.6819e-09	-0.053666	5.1364e-07	-5.1298e-07	0.077744	6.7611e-09	-0.077734	5.2298e-07	-5.222e-07
0.73	5.148e-07	-8.2399e-10	-5.1502e-07	4.8766e-07	-4.869e-07	2.743e-05	-3.547e-10	-2.7388e-05	4.8984e-07	-4.8908e-07	0.0012032	-1.618e-11	-0.0012022	4.9184e-07	-4.911e-07	0.0108288	4.0052e-10	-0.0108306	4.9622e-07	-4.9562e-07	0.030288	1.0955e-09	-0.030282	5.0448e-07	-5.0376e-07	0.053738	2.6793e-09	-0.053728	5.1408e-07	-5.1316e-07	0.077832	6.7487e-09	-0.077832	5.2322e-07	-5.2246e-07
0.735	5.1888e-07	-8.3934e-10	-5.186e-07	4.8756e-07	-4.8692e-07	2.7558e-05	-3.6433e-10	-2.7502e-05	4.8994e-07	-4.8914e-07	0.0012082	-1.917e-11	-0.0012078	4.9176e-07	-4.9112e-07	0.0108714	3.9647e-10	-0.0108744	4.9616e-07	-4.9558e-07	0.03033	1.0967e-09	-0.03033	5.0478e-07	-5.0398e-07	0.053806	2.681e-09	-0.053798	5.1422e-07	-5.1336e-07	0.077926	6.7298e-09	-0.07792	5.2336e-07	-5.2268e-07
0.74	5.2068e-07	-8.5543e-10	-5.2348e-07	4.8764e-07	-4.869e-07	2.7594e-05	-3.7247e-10	-2.7644e-05	4.8996e-07	-4.893e-07	0.0012108	-2.451e-11	-0.0012134	4.9178e-07	-4.9106e-07	0.0108822	3.9473e-10	-0.0108898	4.965e-07	-4.9578e-07	0.030398	1.0958e-09	-0.030372	5.0474e-07	-5.0406e-07	0.053874	2.6812e-09	-0.053858	5.1434e-07	-5.1382e-07	0.078014	6.7407e-09	-0.078006	5.238e-07	-5.2302e-07
0.745	5.2814e-07	-8.7003e-10	-5.2648e-07	4.877e-07	-4.8694e-07	2.7898e-05	-3.8002e-10	-2.7874e-05	4.8982e-07	-4.893e-07	0.0012208	-2.962e-11	-0.0012176	4.916e-07	-4.91e-07	0.0109184	3.9375e-10	-0.0109168	4.9634e-07	-4.958e-07	0.030438	1.0944e-09	-0.030426	5.0488e-07	-5.0424e-07	0.053938	2.6767e-09	-0.053916	5.145e-07	-5.1392e-07	0.078106	6.7335e-09	-0.078102	5.239e-07	-5.2344e-07
0.75	5.2986e-07	-8.8251e-10	-5.3262e-07	4.8752e-07	-4.8682e-07	2.799e-05	-3.9111e-10	-2.8044e-05	4.9e-07	-4.8912e-07	0.0012254	-3.472e-11	-0.001225	4.9164e-07	-4.911e-07	0.0109454	3.9037e-10	-0.010942	4.9644e-07	-4.9578e-07	0.030486	1.091e-09	-0.030468	5.0502e-07	-5.0448e-07	0.05399	2.6798e-09	-0.05398	5.1492e-07	-5.1426e-07	0.078192	6.7222e-09	-0.078176	5.2428e-07	-5.235e-07
0.755	5.3482e-07	-8.9979e-10	-5.3334e-07	4.8774e-07	-4.8702e-07	2.816e-05	-4.0063e-10	-2.8206e-05	4.9e-07	-4.892e-07	0.0012312	-3.98e-11	-0.001228	4.9198e-07	-4.912e-07	0.010973	3.8682e-10	-0.0109726	4.9656e-07	-4.9578e-07	0.030554	1.0894e-09	-0.030544	5.051e-07	-5.0454e-07	0.054062	2.6834e-09	-0.054048	5.1504e-07	-5.1442e-07	0.078272	6.7141e-09	-0.078268	5.2448e-07	-5.2382e-07
0.76	5.3934e-07	-9.1394e-10	-5.361e-07	4.8754e-07	-4.872e-07	2.839e-05	-4.0876e-10	-2.8314e-05	4.9008e-07	-4.8938e-07	0.0012362	-4.37e-11	-0.0012368	4.9198e-07	-4.9128e-07	0.0110026	3.8606e-10	-0.0110028	4.964e-07	-4.9594e-07	0.030592	1.0887e-09	-0.030576	5.0514e-07	-5.0482e-07	0.054122	2.6716e-09	-0.054106	5.1516e-07	-5.1464e-07	0.078358	6.7167e-09	-0.078342	5.2488e-07	-5.243e-07
0.765	5.4232e-07	-9.3003e-10	-5.4264e-07	4.8766e-07	-4.8696e-07	2.8628e-05	-4.1788e-10	-2.8652e-05	4.9e-07	-4.8922e-07	0.001243	-4.817e-11	-0.0012424	4.916e-07	-4.9112e-07	0.0110254	3.8481e-10	-0.0110192	4.9664e-07	-4.9592e-07	0.030624	1.0892e-09	-0.030614	5.0532e-07	-5.0486e-07	0.054196	2.6632e-09	-0.05418	5.1538e-07	-5.1474e-07	0.078432	6.7243e-09	-0.078436	5.253e-07	-5.2456e-07
0.77	5.4708e-07	-9.4613e-10	-5.4588e-07	4.878e-07	-4.8696e-07	2.8806e-05	-4.2836e-10	-2.8754e-05	4.899e-07	-4.8944e-07	0.0012478	-5.388e-11	-0.0012452	4.9166e-07	-4.9126e-07	0.011055	3.8099e-10	-0.0110538	4.9646e-07	-4.962e-07	0.030672	1.0859e-09	-0.03067	5.054e-07	-5.0502e-07	0.054248	2.665e-09	-0.054234	5.1546e-07	-5.149e-07	0.078528	6.7161e-09	-0.078512	5.255e-07	-5.249e-07
0.775	5.5428e-07	-9.6283e-10	-5.5284e-07	4.8762e-07	-4.8712e-07	2.8906e-05	-4.3822e-10	-2.8964e-05	4.8974e-07	-4.8948e-07	0.0012548	-5.962e-11	-0.001252	4.9172e-07	-4.914e-07	0.0110852	3.7762e-10	-0.011087	4.9658e-07	-4.9606e-07	0.030716	1.0862e-09	-0.03071	5.0556e-07	-5.0514e-07	0.054306	2.6688e-09	-0.054292	5.1588e-07	-5.1508e-07	0.078606	6.721e-09	-0.078598	5.2578e-07	-5.2526e-07
0.78	5.5922e-07	-9.7814e-10	-5.5734e-07	4.875e-07	-4.8684e-07	2.917e-05	-4.4775e-10	-2.9018e-05	4.9012e-07	-4.8944e-07	0.001258	-6.318e-11	-0.0012592	4.9188e-07	-4.9142e-07	0.0111014	3.7685e-10	-0.0111014	4.966e-07	-4.9614e-07	0.030768	1.0831e-09	-0.030758	5.0552e-07	-5.053e-07	0.054372	2.6639e-09	-0.054358	5.1592e-07	-5.1544e-07	0.0787	6.7198e-09	-0.078682	5.2624e-07	-5.2552e-07
0.785	5.6294e-07	-9.9527e-10	-5.635e-07	4.8776e-07	-4.8726e-07	2.9356e-05	-4.5798e-10	-2.9356e-05	4.8994e-07	-4.895e-07	0.0012654	-6.976e-11	-0.0012658	4.917e-07	-4.913e-07	0.01113	3.7353e-10	-0.0111304	4.967e-07	-4.9618e-07	0.03081	1.081e-09	-0.030806	5.057e-07	-5.051e-07	0.05443	2.6739e-09	-0.05443	5.1628e-07	-5.1578e-07	0.078774	6.7013e-09	-0.078754	5.2644e-07	-5.2614e-07
0.79	5.6624e-07	-1.0092e-09	-5.6578e-07	4.876e-07	-4.8728e-07	2.947e-05	-4.6811e-10	-2.9578e-05	4.897e-07	-4.8932e-07	0.0012684	-7.65e-11	-0.0012716	4.918e-07	-4.915e-07	0.0111596	3.7078e-10	-0.0111596	4.9668e-07	-4.9618e-07	0.030868	1.0801e-09	-0.03085	5.0562e-07	-5.0544e-07	0.054502	2.6609e-09	-0.054476	5.1632e-07	-5.1568e-07	0.078838	6.7158e-09	-0.078834	5.266e-07	-5.2614e-07
0.795	5.71e-07	-1.02616e-09	-5.694e-07	4.8774e-07	-4.8722e-07	2.9584e-05	-4.7924e-10	-2.9632e-05	4.8994e-07	-4.893e-07	0.0012768	-8.083e-11	-0.0012772	4.9162e-07	-4.9142e-07	0.0111914	3.6982e-10	-0.0111886	4.9686e-07	-4.9646e-07	0.030916	1.0774e-09	-0.0309	5.0604e-07	-5.053e-07	0.054562	2.6609e-09	-0.054538	5.1646e-07	-5.1594e-07	0.078918	6.7091e-09	-0.078898	5.2708e-07	-5.2656e-07
0.8	5.7658e-07	-1.04609e-09	-5.7698e-07	4.877e-07	-4.8702e-07	2.9892e-05	-4.8975e-10	-2.9968e-05	4.8984e-07	-4.8938e-07	0.0012834	-8.723e-11	-0.0012836	4.9174e-07	-4.9134e-07	0.0112174	3.6432e-10	-0.0112152	4.9688e-07	-4.9642e-07	0.030956	1.0753e-09	-0.030944	5.0592e-07	-5.0554e-07	0.05461	2.6554e-09	-0.054606	5.1686e-07	-5.1608e-07	0.07899	6.7152e-09	-0.078976	5.2714e-07	-5.2668e-07
0.805	5.7948e-07	-1.06296e-09	-5.7998e-07	4.877e-07	-4.8718e-07	3.01e-05	-4.9919e-10	-3.0096e-05	4.9008e-07	-4.8968e-07	0.0012892	-9.499e-11	-0.0012852	4.9184e-07	-4.9144e-07	0.0112462	3.6211e-10	-0.0112486	4.9682e-07	-4.964e-07	0.031008	1.0721e-09	-0.030986	5.063e-07	-5.0592e-07	0.054666	2.6578e-09	-0.05467	5.1676e-07	-5.1642e-07	0.079078	6.7006e-09	-0.07906	5.2742e-07	-5.273e-07
0.81	5.8764e-07	-1.07958e-09	-5.8466e-07	4.8784e-07	-4.872e-07	3.0338e-05	-5.1076e-10	-3.0234e-05	4.9004e-07	-4.8942e-07	0.0012958	-9.884e-11	-0.0012942	4.9178e-07	-4.914e-07	0.011275	3.5952e-10	-0.0112746	4.9702e-07	-4.9664e-07	0.03105	1.0762e-09	-0.031048	5.0606e-07	-5.06e-07	0.054726	2.6565e-09	-0.054734	5.1694e-07	-5.1648e-07	0.079148	6.7034e-09	-0.079132	5.279e-07	-5.2762e-07
0.815	5.8912e-07	-1.09806e-09	-5.9098e-07	4.875e-07	-4.8726e-07	3.043e-05	-5.2311e-10	-3.0506e-05	4.8992e-07	-4.8948e-07	0.0013016	-1.0516e-10	-0.0012988	4.9168e-07	-4.9158e-07	0.0113118	3.577e-10	-0.0113096	4.9712e-07	-4.9644e-07	0.031106	1.0715e-09	-0.031096	5.0634e-07	-5.0584e-07	0.054808	2.6664e-09	-0.05479	5.1732e-07	-5.1698e-07	0.07921	6.6932e-09	-0.07921	5.2818e-07	-5.2782e-07
0.82	5.9596e-07	-1.11592e-09	-5.9486e-07	4.8752e-07	-4.8742e-07	3.0728e-05	-5.3427e-10	-3.0718e-05	4.9002e-07	-4.8968e-07	0.0013078	-1.1289e-10	-0.0013078	4.9166e-07	-4.9132e-07	0.0113408	3.5411e-10	-0.0113438	4.9716e-07	-4.9664e-07	0.031144	1.0681e-09	-0.031142	5.0648e-07	-5.063e-07	0.054856	2.6462e-09	-0.054842	5.1744e-07	-5.1722e-07	0.079308	6.7077e-09	-0.079278	5.2866e-07	-5.2822e-07
0.825	5.9946e-07	-1.13209e-09	-5.9834e-07	4.878e-07	-4.8738e-07	3.0946e-05	-5.459e-10	-3.0938e-05	4.8998e-07	-4.896e-07	0.0013118	-1.1806e-10	-0.0013126	4.9174e-07	-4.9148e-07	0.0113678	3.5122e-10	-0.0113666	4.9698e-07	-4.9678e-07	0.031198	1.0709e-09	-0.031188	5.067e-07	-5.0638e-07	0.054914	2.6502e-09	-0.0549	5.1756e-07	-5.1748e-07	0.07937	6.7048e-09	-0.079368	5.287e-07	-5.2858e-07
0.83	6.0594e-07	-1.1516e-09	-6.0602e-07	4.8792e-07	-4.8738e-07	3.1096e-05	-5.5766e-10	-3.1114e-05	4.8978e-07	-4.8948e-07	0.001319	-1.227e-10	-0.0013154	4.9194e-07	-4.916e-07	0.0113924	3.474e-10	-0.0113826	4.9724e-07	-4.9672e-07	0.031254	1.0689e-09	-0.031238	5.067e-07	-5.0638e-07	0.055008	2.6486e-09	-0.05501	5.178e-07	-5.1762e-07	0.079438	6.7032e-09	-0.079424	5.2926e-07	-5.2884e-07
0.835	6.1254e-07	-1.1686e-09	-6.1154e-07	4.8764e-07	-4.8746e-07	3.1202e-05	-5.6836e-10	-3.1328e-05	4.8998e-07	-4.8952e-07	0.0013264	-1.32e-10	-0.0013256	4.9178e-07	-4.9162e-07	0.0114128	3.4452e-10	-0.0114428	4.9712e-07	-4.9702e-07	0.031308	1.0649e-09	-0.031278	5.0688e-07	-5.0672e-07	0.055072	2.6549e-09	-0.055056	5.1802e-07	-5.1758e-07	0.07951	6.6993e-09	-0.0795	5.2934e-07	-5.2906e-07
0.84	6.178e-07	-1.1906e-09	-6.1606e-07	4.8752e-07	-4.8734e-07	3.152e-05	-5.8003e-10	-3.155e-05	4.9004e-07	-4.8968e-07	0.0013312	-1.4001e-10	-0.0013308	4.9168e-07	-4.9166e-07	0.011466	3.4113e-10	-0.0114698	4.9706e-07	-4.9696e-07	0.031354	1.061e-09	-0.031338	5.0708e-07	-5.066e-07	0.055128	2.6434e-09	-0.055122	5.181e-07	-5.1784e-07	0.079592	6.7219e-09	-0.07957	5.2974e-07	-5.2954e-07
0.845	6.2348e-07	-1.2093e-09	-6.1948e-07	4.8764e-07	-4.875e-07	3.1834e-05	-5.9381e-10	-3.173e-05	4.898e-07	-4.895e-07	0.0013388	-1.4421e-10	-0.0013372	4.919e-07	-4.9158e-07	0.0114782	3.371e-10	-0.011476	4.974e-07	-4.9694e-07	0.0314	1.061e-09	-0.03139	5.0708e-07	-5.07e-07	0.055176	2.6456e-09	-0.055178	5.1836e-07	-5.1814e-07	0.07965	6.6975e-09	-0.07964	5.2994e-07	-5.2986e-07
0.85	6.2744e-07	-1.226e-09	-6.267e-07	4.8764e-07	-4.876e-07	3.193e-05	-6.0738e-10	-3.1982e-05	4.8978e-07	-4.8944e-07	0.0013442	-1.5328e-10	-0.0013452	4.9192e-07	-4.9156e-07	0.01154	3.3455e-10	-0.0115108	4.9746e-07	-4.9728e-07	0.031452	1.0606e-09	-0.031424	5.0736e-07	-5.072e-07	0.055252	2.6567e-09	-0.055236	5.186e-07	-5.1836e-07	0.079726	6.7067e-09	-0.079728	5.3022e-07	-5.2998e-07
0.855	6.316e-07	-1.2462e-09	-6.3144e-07	4.8786e-07	-4.8732e-07	3.2056e-05	-6.1791e-10	-3.207e-05	4.9e-07	-4.8962e-07	0.0013516	-1.6212e-10	-0.0013528	4.9174e-07	-4.9146e-07	0.011566	3.3184e-10	-0.0115398	4.9736e-07	-4.9706e-07	0.0315	1.057e-09	-0.031482	5.0728e-07	-5.073e-07	0.055306	2.6466e-09	-0.055292	5.191e-07	-5.189e-07	0.079802	6.7102e-09	-0.079786	5.3056e-07	-5.3038e-07
0.86	6.3698e-07	-1.2687e-09	-6.3408e-07	4.878e-07	-4.8752e-07	3.2288e-05	-6.2954e-10	-3.2382e-05	4.9006e-07	-4.8966e-07	0.0013588	-1.6674e-10	-0.0013568	4.918e-07	-4.9174e-07	0.011596	3.2754e-10	-0.0115796	4.973e-07	-4.9712e-07	0.03155	1.0566e-09	-0.031534	5.0736e-07	-5.0722e-07	0.055376	2.6567e-09	-0.055366	5.1914e-07	-5.1924e-07	0.079862	6.7077e-09	-0.079846	5.311e-07	-5.3074e-07
0.865	6.427e-07	-1.2872e-09	-6.4228e-07	4.8762e-07	-4.8758e-07	3.2566e-05	-6.4519e-10	-3.2518e-05	4.9002e-07	-4.8988e-07	0.0013654	-1.7447e-10	-0.0013648	4.9178e-07	-4.9174e-07	0.011638	3.2055e-10	-0.0115958	4.974e-07	-4.972e-07	0.031602	1.0539e-09	-0.031574	5.0768e-07	-5.0742e-07	0.055438	2.6417e-09	-0.055422	5.1928e-07	-5.1916e-07	0.079936	6.7114e-09	-0.079918	5.3124e-07	-5.309e-07
0.87	6.5026e-07	-1.3091e-09	-6.47e-07	4.8768e-07	-4.8738e-07	3.2836e-05	-6.5823e-10	-3.2876e-05	4.9004e-07	-4.8964e-07	0.0013716	-1.833e-10	-0.001372	4.9168e-07	-4.9174e-07	0.011666	3.1943e-10	-0.0116266	4.9758e-07	-4.9726e-07	0.031652	1.0526e-09	-0.031624	5.0772e-07	-5.075e-07	0.05549	2.6408e-09	-0.055444	5.1972e-07	-5.1926e-07	0.080004	6.7184e-09	-0.079982	5.3144e-07	-5.3126e-07
0.875	6.5526e-07	-1.3294e-09	-6.5014e-07	4.877e-07	-4.8762e-07	3.3042e-05	-6.6968e-10	-3.304e-05	4.8994e-07	-4.8976e-07	0.0013758	-1.91e-10	-0.0013774	4.9162e-07	-4.9154e-07	0.011694	3.1841e-10	-0.011677	4.976e-07	-4.974e-07	0.031706	1.05e-09	-0.031684	5.0776e-07	-5.0764e-07	0.055514	2.6377e-09	-0.055506	5.1968e-07	-5.195e-07	0.08007	6.7223e-09	-0.080054	5.3184e-07	-5.3182e-07
0.88	6.609e-07	-1.3482e-09	-6.579e-07	4.8776e-07	-4.8764e-07	3.3104e-05	-6.8257e-10	-3.3188e-05	4.8998e-07	-4.8974e-07	0.0013854	-1.9761e-10	-0.0013844	4.9178e-07	-4.9188e-07	0.011722	3.1213e-10	-0.0117004	4.977e-07	-4.9752e-07	0.031758	1.0479e-09	-0.031744	5.08e-07	-5.077e-07	0.05557	2.6363e-09	-0.055564	5.2022e-07	-5.199e-07	0.080132	6.717e-09	-0.080118	5.3228e-07	-5.3206e-07
0.885	6.6354e-07	-1.3717e-09	-6.609e-07	4.8796e-07	-4.8754e-07	3.344e-05	-6.9925e-10	-3.3424e-05	4.898e-07	-4.8978e-07	0.001393	-2.0676e-10	-0.0013924	4.9202e-07	-4.918e-07	0.011746	3.0994e-10	-0.011738	4.9776e-07	-4.9742e-07	0.031814	1.0467e-09	-0.031788	5.0802e-07	-5.0776e-07	0.055642	2.6373e-09	-0.055632	5.201e-07	-5.201e-07	0.080216	6.7178e-09	-0.080196	5.3262e-07	-5.3256e-07
0.89	6.726e-07	-1.3922e-09	-6.67e-07	4.878e-07	-4.8774e-07	3.3648e-05	-7.1231e-10	-3.362e-05	4.9006e-07	-4.897e-07	0.0013996	-2.1673e-10	-0.0013992	4.9206e-07	-4.9174e-07	0.011778	3.0491e-10	-0.011772	4.9758e-07	-4.9748e-07	0.031858	1.0444e-09	-0.031844	5.0802e-07	-5.08e-07	0.055692	2.637e-09	-0.055688	5.2056e-07	-5.2052e-07	0.080266	6.7315e-09	-0.080254	5.3278e-07	-5.3254e-07
0.895	6.7672e-07	-1.4142e-09	-6.7464e-07	4.8786e-07	-4.877e-07	3.3854e-05	-7.2377e-10	-3.3914e-05	4.8998e-07	-4.898e-07	0.001407	-2.2439e-10	-0.001405	4.9184e-07	-4.917e-07	0.011816	2.9778e-10	-0.011804	4.9772e-07	-4.9764e-07	0.031908	1.0425e-09	-0.031896	5.083e-07	-5.0814e-07	0.055758	2.6393e-09	-0.055746	5.2084e-07	-5.2064e-07	0.080338	6.7345e-09	-0.080322	5.3324e-07	-5.3318e-07
0.9	6.8124e-07	-1.4359e-09	-6.7912e-07	4.877e-07	-4.8762e-07	3.416e-05	-7.4016e-10	-3.417e-05	4.9e-07	-4.8996e-07	0.0014134	-2.3087e-10	-0.0014112	4.9176e-07	-4.9188e-07	0.011852	2.9348e-10	-0.011844	4.9764e-07	-4.9764e-07	0.031962	1.0397e-09	-0.031948	5.0826e-07	-5.0854e-07	0.055818	2.6332e-09	-0.055808	5.2114e-07	-5.2082e-07	0.08044	6.723e-09	-0.080424	5.3328e-07	-5.3332e-07
