101 2.94342495803201e-07
104.18 3.34931477998336e-07
107.361 3.2897133950558e-07
110.541 3.02515238028608e-07
113.721 2.99055905655802e-07
116.902 2.81564338472658e-07
120.082 2.5020388902301e-07
123.262 2.93999200413962e-07
126.443 3.47413151745268e-07
129.623 3.38753531729802e-07
132.803 2.67407399439537e-07
135.983 2.00033027145834e-07
139.164 1.91964348529207e-07
142.344 2.09339829636689e-07
145.524 2.541361048096e-07
148.705 3.33498251660601e-07
151.885 3.73106081040456e-07
155.065 3.3889274120752e-07
158.246 2.8476432397249e-07
161.426 2.66227054400874e-07
164.606 2.41207827438132e-07
167.787 2.35615869956352e-07
170.967 2.15232548649573e-07
174.147 2.32255894243013e-07
177.328 2.18918824584639e-07
180.508 1.90769506719019e-07
183.688 1.8344458346821e-07
186.868 1.76298233636827e-07
190.049 1.74225705247178e-07
193.229 1.74384553854201e-07
196.409 1.65394903666106e-07
199.59 1.82378516286094e-07
202.77 1.82191499987294e-07
205.95 2.15997151668599e-07
209.131 2.39053379648612e-07
212.311 2.26469609466699e-07
215.491 2.04732751019145e-07
218.672 1.54775581371248e-07
221.852 1.51285057194434e-07
225.032 1.76436501641463e-07
228.213 1.81579643774458e-07
231.393 1.84143529068658e-07
234.573 1.74202392846594e-07
237.753 2.00658285805182e-07
240.934 2.03504769801598e-07
244.114 1.52175554198018e-07
247.294 8.62015968522669e-08
250.475 9.41986369912633e-08
253.655 7.37966215175924e-08
256.835 6.7562629472799e-08
260.016 1.25962564566493e-07
263.196 1.57382748805974e-07
264.196 1.91999830714545e-07
272.598 1.88114139381549e-07
281.001 1.84745656390223e-07
289.403 1.82601539568997e-07
297.806 1.94696084460482e-07
306.208 1.92475396938823e-07
314.611 1.71100774289012e-07
323.013 1.446506278188e-07
331.415 1.43904833190596e-07
339.818 1.40561557646927e-07
348.22 1.1546708278365e-07
356.623 1.01218092804509e-07
365.025 1.03097394112709e-07
373.428 1.07848795945523e-07
381.83 1.24873896446998e-07
390.232 1.30453617122438e-07
398.635 1.21244301689649e-07
407.037 1.13946219772357e-07
415.44 1.23393647567961e-07
423.842 1.4810578523596e-07
432.245 1.38353457288923e-07
440.647 1.27058688227399e-07
449.049 1.27300115537407e-07
457.452 1.26266182485871e-07
465.854 1.22081945038317e-07
474.257 1.1393857045366e-07
482.659 1.0932789819189e-07
491.062 1.10343569157493e-07
499.464 1.13996018937101e-07
507.867 1.11328568538893e-07
516.269 9.93305194247647e-08
524.671 9.43816643462997e-08
533.074 8.20226061761433e-08
541.476 8.04458705514317e-08
549.879 9.78277890026889e-08
558.281 1.0437282468666e-07
566.684 1.05940185609344e-07
575.086 8.71943571280877e-08
583.488 7.76376020867271e-08
591.891 7.09145353288523e-08
600.293 7.45854997157703e-08
608.696 8.61888313399151e-08
617.098 1.01746916792384e-07
625.501 9.96892702591669e-08
633.903 9.66164417987817e-08
642.305 1.00251308612446e-07
650.708 1.02835584439564e-07
659.11 1.05357816145976e-07
667.513 1.01019782705668e-07
675.915 1.01033812913503e-07
684.318 9.62925908079824e-08
692.72 8.41338456397096e-08
693.72 7.25874274225022e-08
715.867 8.51366797525191e-08
738.014 8.91630315793518e-08
760.161 8.0257302220747e-08
782.307 7.33681663778499e-08
804.454 5.64522823499793e-08
826.601 8.04847967390515e-08
848.748 8.98703252160949e-08
870.895 6.26779562729855e-08
893.042 7.58936936212209e-08
915.189 5.47497700532339e-08
937.335 7.0870876997643e-08
959.482 5.23985687850237e-08
981.629 6.03044160671563e-08
1003.776 9.02060477196623e-08
1025.923 5.27241664345217e-08
1048.07 4.2779678731743e-08
1070.217 5.35717081509023e-08
1092.364 6.5905254437074e-08
1114.51 7.32446997311649e-08
1136.657 6.65674149516745e-08
1158.804 7.86930296837991e-08
1180.951 6.86944719427858e-08
1203.098 9.16599543970863e-08
1225.245 8.0156665565179e-08
1247.392 5.77095750705833e-08
1269.538 5.64556132656587e-08
1291.685 5.77964262620494e-08
1313.832 7.09158108702857e-08
1335.979 7.54744102776423e-08
1358.126 6.86162446070087e-08
1380.273 6.74964715177338e-08
1402.42 5.84307196827622e-08
1424.566 7.21323984731778e-08
1446.713 7.4664574812672e-08
1468.86 6.23540173460896e-08
1491.007 4.48332002687088e-08
1513.154 5.4304087940962e-08
1535.301 6.93785586758315e-08
1557.448 6.19784026922208e-08
1579.595 4.63251995959385e-08
1601.741 5.61463538658248e-08
1623.888 6.94292896578309e-08
1646.035 7.09207555797525e-08
1668.182 6.24195671906788e-08
1690.329 6.13170553213169e-08
1712.476 6.38010998762264e-08
1734.623 6.61304281607488e-08
1756.769 6.37877239189093e-08
1778.916 5.11743172930478e-08
1801.063 3.54418551048988e-08
1823.21 4.67415097120907e-08
1824.21 5.53996877018575e-08
1882.531 4.2668207394833e-08
1940.853 3.67059224023074e-08
1999.174 4.33162018495079e-08
2057.495 5.2512513993316e-08
2115.817 3.75572977204235e-08
2174.138 4.62774612351339e-08
2232.46 4.62627746848791e-08
2290.781 3.50981487158331e-08
2349.102 4.60684305681089e-08
2407.424 4.62733873941078e-08
2465.745 5.15887005603706e-08
2524.066 4.59003015025896e-08
2582.388 4.24783499735276e-08
2640.709 5.31909878463518e-08
2699.031 4.76526226829826e-08
2757.352 3.78214345805483e-08
2815.673 4.23683427915361e-08
2873.995 3.7458344039808e-08
2932.316 3.63242090725493e-08
2990.637 4.40371651515278e-08
3048.959 4.196257549644e-08
3107.28 2.92370133511656e-08
3165.602 3.42411184533484e-08
3223.923 3.37875504893056e-08
3282.244 3.608468565554e-08
3340.566 3.92318798722324e-08
3398.887 3.469084624138e-08
3457.208 5.09330749500175e-08
3515.53 5.20485913116509e-08
3573.851 3.7793544431044e-08
3632.173 3.43453424648059e-08
3690.494 3.71965168549577e-08
3748.815 3.64486925362656e-08
3807.137 3.1225611690561e-08
3865.458 3.21393241976216e-08
3923.779 2.92292056309706e-08
3982.101 3.48337490230113e-08
4040.422 3.22611681751914e-08
4098.744 3.32311645163568e-08
4157.065 3.25166049898957e-08
4215.386 2.93595440315266e-08
4273.708 3.48879462334732e-08
4332.029 2.74761984664206e-08
4390.35 2.77250090175802e-08
4448.672 3.53001296523828e-08
4506.993 2.51600170749554e-08
4565.315 2.00235477559651e-08
4623.636 2.76496706090709e-08
4681.957 3.16869620484844e-08
4740.279 2.83241526932658e-08
4798.6 3.41820976058904e-08
4799.6 2.92000076159869e-08
4953.131 3.12019490065646e-08
5106.663 2.97868716919002e-08
5260.194 3.78583700411694e-08
5413.725 3.77029832019767e-08
5567.257 2.91602827668286e-08
5720.788 2.26823569798463e-08
5874.32 2.54676962931899e-08
6027.851 2.45149543458406e-08
6181.382 2.43206712003884e-08
6334.914 2.36978275395343e-08
6488.445 2.30172829296835e-08
6641.976 2.83104545029988e-08
6795.508 2.47572433730149e-08
6949.039 2.08083793828662e-08
7102.571 2.00147403866421e-08
7256.102 1.97868175666709e-08
7409.633 1.99249785269104e-08
7563.165 2.63109195009909e-08
7716.696 2.58809623439927e-08
7870.227 3.1171300251402e-08
8023.759 2.93760075994271e-08
8177.29 2.27114255068497e-08
8330.822 2.07335700879113e-08
8484.353 2.29048176448518e-08
8637.884 1.99942126626837e-08
8791.416 1.92316711156592e-08
8944.947 1.77809877901462e-08
9098.478 2.23336556519538e-08
9252.01 3.11433673085142e-08
9405.541 3.16323339361846e-08
9559.073 2.37496574855914e-08
9712.604 2.19930931827228e-08
9866.135 2.19083977164633e-08
10019.667 2.20015357907066e-08
10173.198 2.01454256555073e-08
10326.729 2.36191743642003e-08
10480.261 2.3949717630484e-08
10633.792 2.11460886252407e-08
10787.324 2.59771541881949e-08
10940.855 2.51990614165307e-08
11094.386 1.81268921126363e-08
11247.918 2.05665090176281e-08
11401.449 1.93195990916319e-08
11554.98 1.70142427925757e-08
11708.512 1.85396586726952e-08
11862.043 2.12728729218248e-08
12015.575 2.00414303844596e-08
12169.106 1.83374908513993e-08
12322.637 1.8394253955545e-08
12476.169 1.66922349896005e-08
12629.7 1.50834146696406e-08
12630.7 1.59871783285013e-08
13034.822 2.11142805234382e-08
13438.943 2.0052136818963e-08
13843.065 1.75417659041618e-08
14247.186 1.59079934601089e-08
14651.308 1.73746299426837e-08
15055.429 1.60291436339859e-08
15459.551 1.69869922413097e-08
15863.673 1.94655860917265e-08
16267.794 1.77797008028106e-08
16671.916 1.95433915907864e-08
17076.037 2.01832849121685e-08
17480.159 1.50383951986425e-08
17884.28 1.59515814212534e-08
18288.402 2.12622289655337e-08
18692.524 1.83775311536654e-08
19096.645 1.22909900079863e-08
19500.767 1.14914175276544e-08
19904.888 1.42791502823994e-08
20309.01 1.48957946611239e-08
20713.131 1.30524131142585e-08
21117.253 1.50975395997801e-08
21521.375 1.59113936274584e-08
21925.496 1.35696227634503e-08
22329.618 1.12522826300587e-08
22733.739 1.27874725263305e-08
23137.861 1.36172786191915e-08
23541.982 1.2707559921916e-08
23946.104 1.54838006061987e-08
24350.225 1.64645850449925e-08
24754.347 1.65751698293412e-08
25158.469 1.75149930076892e-08
25562.59 1.54471860278406e-08
25966.712 1.43060951902873e-08
26370.833 1.32682274195998e-08
26774.955 1.09258067123978e-08
27179.076 9.90868109841144e-09
27583.198 9.55403846550676e-09
27987.32 1.23863416650774e-08
28391.441 1.44223195406806e-08
28795.563 1.32114006181062e-08
29199.684 1.1193514927084e-08
29603.806 1.01984069479004e-08
30007.927 1.23137590301754e-08
30412.049 1.56261858227373e-08
30816.171 1.75823586398344e-08
31220.292 1.7989349500883e-08
31624.414 1.69315320977558e-08
32028.535 1.23494939378836e-08
32432.657 9.26546384579245e-09
32836.778 1.00679023562698e-08
33240.9 9.81164403595081e-09
33241.9 1.48183140970864e-08
34305.559 1.42973963249774e-08
35369.218 1.3645474089162e-08
36432.876 1.31947109383864e-08
37496.535 1.17079447915526e-08
38560.194 1.13588946080785e-08
39623.853 1.43362850147662e-08
40687.512 1.48266874962986e-08
41751.171 1.41369581157241e-08
42814.829 1.25014074452375e-08
43878.488 1.25222458927433e-08
44942.147 9.74445075462084e-09
46005.806 7.486217803105e-09
47069.465 5.70748798483954e-09
48133.124 8.5757060691814e-09
49196.782 8.78189313248182e-09
50260.441 8.92603617955146e-09
51324.1 8.97744428086836e-09
52387.759 9.36730026859798e-09
53451.418 9.19100056537118e-09
54515.076 9.70032737021094e-09
55578.735 1.08093243880665e-08
56642.394 9.04980897317589e-09
57706.053 8.19645965662094e-09
58769.712 8.30524860320142e-09
59833.371 8.55547464692937e-09
60897.029 8.05702341401123e-09
61960.688 7.35967191924761e-09
63024.347 8.0537010860505e-09
64088.006 8.73226970540503e-09
65151.665 1.02118335752734e-08
66215.324 1.03781819652998e-08
67278.982 1.03612030944615e-08
68342.641 8.3817760369226e-09
69406.3 7.22898110006437e-09
70469.959 6.25995509832024e-09
71533.618 5.75867839985103e-09
72597.276 5.38045371787809e-09
73660.935 5.18429123337344e-09
74724.594 6.64838969650336e-09
75788.253 7.33628332348295e-09
76851.912 7.08362002377947e-09
77915.571 6.54662194246542e-09
78979.229 6.71779004672362e-09
80042.888 7.73435331815125e-09
81106.547 7.91615422269714e-09
82170.206 7.3058157464142e-09
83233.865 7.35962390732928e-09
84297.524 7.59390404207291e-09
85361.182 7.55883456202159e-09
86424.841 7.64449190143058e-09
87488.5 8.47595816711133e-09
87489.5 8.92732576182388e-09
90289.039 8.95043592194109e-09
93088.578 7.84161159937571e-09
95888.118 7.20342109877868e-09
98687.657 8.27758552588256e-09
101487.196 8.89319635344543e-09
104286.735 8.40069244024203e-09
107086.275 7.02564969718594e-09
109885.814 6.3620298134525e-09
112685.353 4.81165911993578e-09
115484.892 5.05655728782238e-09
118284.431 6.52886864227736e-09
121083.971 6.41925285100974e-09
123883.51 6.73196634501511e-09
126683.049 7.23176399683936e-09
129482.588 7.37291497714507e-09
132282.127 7.85470868873885e-09
135081.667 6.89024741312832e-09
137881.206 5.27417019456399e-09
140680.745 5.97455646537976e-09
143480.284 6.61513591189598e-09
146279.824 7.14649675805297e-09
149079.363 7.22511523746196e-09
151878.902 6.75648556495803e-09
154678.441 6.03493268531171e-09
157477.98 6.10744530376027e-09
160277.52 5.89503048483506e-09
163077.059 5.48932376421301e-09
165876.598 6.08905396391779e-09
168676.137 6.71481072373623e-09
171475.676 7.12695423611745e-09
174275.216 7.07016762612797e-09
177074.755 6.95135285614345e-09
179874.294 6.25146435839031e-09
182673.833 4.76129522866724e-09
185473.373 4.32828915468473e-09
188272.912 4.11527735449137e-09
191072.451 4.46751254865058e-09
193871.99 4.40772027157115e-09
196671.529 4.42269017303372e-09
199471.069 4.31405681359503e-09
202270.608 4.56487089155784e-09
205070.147 4.90602009874363e-09
207869.686 4.68213598248983e-09
210669.225 4.50391956015447e-09
213468.765 4.08499632358167e-09
216268.304 3.67102512801846e-09
219067.843 3.98270598932898e-09
221867.382 3.70267803488403e-09
224666.922 3.583844368785e-09
227466.461 3.8045676968378e-09
230266 4.22432187009082e-09
230267 4.87047904131509e-09
237635.294 3.57333559599798e-09
245003.588 3.94337615319557e-09
252371.882 7.60661417566287e-09
259740.176 1.24976354035243e-08
267108.471 5.60034313509491e-09
274476.765 4.93843481081972e-09
281845.059 3.29540981397539e-09
289213.353 3.29810693994823e-09
296581.647 4.99047131303742e-09
303949.941 4.55526750590011e-09
311318.235 5.50122995110539e-09
318686.529 3.75512773423037e-09
326054.824 4.89059726213526e-09
333423.118 3.59813275966105e-09
340791.412 4.6083635151095e-09
348159.706 4.00548177345247e-09
355528 5.78437723302821e-09
362896.294 4.65226026908499e-09
370264.588 4.0667468442761e-09
377632.882 3.04162221090851e-09
385001.176 4.19913655773248e-09
392369.471 3.6119337433792e-09
399737.765 3.97746843567644e-09
407106.059 3.9220433438054e-09
414474.353 3.24299647631259e-09
421842.647 3.23736045333989e-09
429210.941 3.32763222565982e-09
436579.235 2.13904083974424e-09
443947.529 4.1017764191092e-09
451315.824 2.88721764534513e-09
458684.118 3.24878118414303e-09
466052.412 2.50869521766645e-09
473420.706 2.5343707104474e-09
480789 3.39734113115846e-09
488157.294 3.65627014219982e-09
495525.588 4.06030796074474e-09
502893.882 4.12942963455899e-09
510262.176 3.54325792206271e-09
517630.471 3.98215088290027e-09
524998.765 3.78870932691704e-09
532367.059 2.93903740848186e-09
539735.353 2.64428783408229e-09
547103.647 3.13947858803315e-09
554471.941 2.17267819774303e-09
561840.235 2.75798510011627e-09
569208.529 3.21260517803382e-09
576576.824 2.93053340859494e-09
583945.118 2.73080075486086e-09
591313.412 3.49406605368502e-09
598681.706 2.19640083526655e-09
606050 2.80164875153185e-09
606051 2.35860511415298e-09
625444.118 3.3258766859566e-09
644837.235 2.50407582253253e-09
664230.353 2.76703561332846e-09
683623.471 2.87145630709726e-09
703016.588 3.53198362064961e-09
722409.706 3.15582791718606e-09
741802.824 3.0055739062848e-09
761195.941 2.40525477693183e-09
780589.059 3.00766739098683e-09
799982.176 2.25291366705972e-09
819375.294 2.83371976349411e-09
838768.412 2.43228109265167e-09
858161.529 4.07623600494265e-09
877554.647 2.98153719701892e-09
896947.765 2.38114186570352e-09
916340.882 2.5747915192063e-09
935734 2.47160507901849e-09
955127.118 1.70286349462839e-09
974520.235 2.02444907421067e-09
993913.353 2.97548457431202e-09
1013306.471 2.19571998637404e-09
1032699.588 2.21547292448623e-09
1052092.706 2.45133916187539e-09
1071485.824 2.21940480601334e-09
1090878.941 2.29777531515667e-09
1110272.059 1.99476433721816e-09
1129665.176 2.47437971196856e-09
1149058.294 2.3125830717425e-09
1168451.412 2.41040289227102e-09
1187844.529 2.77580680819867e-09
1207237.647 2.54388701985914e-09
1226630.765 2.21808243993959e-09
1246023.882 1.83686930087127e-09
1265417 2.20176788839729e-09
1284810.118 1.94171793375166e-09
1304203.235 2.63376395509326e-09
1323596.353 2.66642246581331e-09
1342989.471 9.79890281180267e-10
1362382.588 1.85744501973687e-09
1381775.706 2.57293743613573e-09
1401168.824 2.11806295610911e-09
1420561.941 2.44549265602995e-09
1439955.059 2.28757887223222e-09
1459348.176 2.25589545392852e-09
1478741.294 2.46610021805164e-09
1498134.412 2.13012425944442e-09
1517527.529 2.7926865617124e-09
1536920.647 2.25495070783056e-09
1556313.765 2.08121130666089e-09
1575706.882 2.13913811566157e-09
1595100 1.90181602691488e-09
1595100 2.02325294699224e-09
1646141.765 2.42828286568622e-09
1697183.529 1.64180825391962e-09
1748225.294 2.27608282761346e-09
1799267.059 2.14040002152616e-09
1850308.824 2.60574676928658e-09
1901350.588 2.08783394818408e-09
1952392.353 1.96093614643651e-09
2003434.118 2.14620625489291e-09
2054475.882 2.28951113221718e-09
2105517.647 2.18663390874191e-09
2156559.412 2.34633681923452e-09
2207601.176 2.23228413771094e-09
2258642.941 2.4036201586763e-09
2309684.706 2.06014074673157e-09
2360726.471 2.26901502688494e-09
2411768.235 1.62618874077446e-09
2462810 2.40763451087052e-09
2513851.765 1.5494711969254e-09
2564893.529 1.75938859172627e-09
2615935.294 2.22517348891867e-09
2666977.059 1.9078270239981e-09
2718018.824 1.87900882712285e-09
2769060.588 1.68976093173888e-09
2820102.353 2.52216718545211e-09
2871144.118 1.56581881520278e-09
2922185.882 1.98178473628356e-09
2973227.647 2.3859994318497e-09
3024269.412 2.17979856738895e-09
3075311.176 1.09961007369875e-09
3126352.941 2.30612901700753e-09
3177394.706 1.65742775630253e-09
3228436.471 1.15637624663212e-09
3279478.235 1.80741041244601e-09
3330520 2.23317123690911e-09
3381561.765 1.76328230549441e-09
3432603.529 1.80759422911667e-09
3483645.294 1.6744093036363e-09
3534687.059 1.46157761114403e-09
3585728.824 1.80040729096487e-09
3636770.588 1.5389675445181e-09
3687812.353 1.7527859100517e-09
3738854.118 2.22945906301216e-09
3789895.882 2.11601906514682e-09
3840937.647 1.88441017928811e-09
3891979.412 1.7308911745009e-09
3943021.176 1.50597413239509e-09
3994062.941 1.97654530813664e-09
4045104.706 1.56321580123615e-09
4096146.471 1.92412506639912e-09
4147188.235 2.14265002401238e-09
4198230 2.03185056863073e-09
4198230 1.69531171501408e-09
4332570.588 2.24134922699634e-09
4466911.176 1.72569895670569e-09
4601251.765 1.55966558339045e-09
4735592.353 1.8259547286967e-09
4869932.941 1.554632487527e-09
5004273.529 1.40571336640998e-09
5138614.118 1.3333890641161e-09
5272954.706 1.27923046910283e-09
5407295.294 1.50248457118183e-09
5541635.882 1.51580239743108e-09
5675976.471 1.47397229670033e-09
5810317.059 1.40062127465774e-09
5944657.647 1.4890714463785e-09
6078998.235 1.36909120284758e-09
6213338.824 1.38883506867989e-09
6347679.412 1.77304412511037e-09
6482020 1.86056879603203e-09
6616360.588 1.63996653642012e-09
6750701.176 1.60475423400226e-09
6885041.765 1.00609351745436e-09
7019382.353 1.91616958495257e-09
7153722.941 1.47303701467475e-09
7288063.529 2.0524629874025e-09
7422404.118 1.44480821751326e-09
7556744.706 1.69128890338643e-09
7691085.294 1.76370134591376e-09
7825425.882 1.46002808407448e-09
7959766.471 1.36662563808443e-09
8094107.059 1.64204359335845e-09
8228447.647 1.43625202716432e-09
8362788.235 1.76200206981841e-09
8497128.824 1.41740556954388e-09
8631469.412 2.03534151683053e-09
8765810 2.37537245979527e-09
8900150.588 1.48505193018902e-09
9034491.176 1.17031022736842e-09
9168831.765 1.66008017747099e-09
9303172.353 1.34101778206984e-09
9437512.941 1.4141375507043e-09
9571853.529 1.98785279094452e-09
9706194.118 1.96935146804291e-09
9840534.706 1.84040819721247e-09
9974875.294 2.06051585130306e-09
10109215.882 1.65650663504183e-09
10243556.471 1.40034606476899e-09
10377897.059 1.56630175014701e-09
10512237.647 1.30392350049694e-09
10646578.235 1.71877655386795e-09
10780918.824 2.12294734558528e-09
10915259.412 1.70745539170012e-09
11049600 1.77512890791651e-09
11049600 1.91701642341352e-09
11403174.51 1.75203966605644e-09
11756749.02 1.5522730902929e-09
12110323.529 1.87474036484088e-09
12463898.039 2.12786049526875e-09
12817472.549 1.64368478873539e-09
13171047.059 1.74802840358301e-09
13524621.569 1.40695853458237e-09
13878196.078 1.92563345087836e-09
14231770.588 2.1903800117041e-09
14585345.098 1.33353429744909e-09
14938919.608 1.66591799470662e-09
15292494.118 1.35810333240345e-09
15646068.627 1.63054554826128e-09
15999643.137 1.49740674803364e-09
16353217.647 1.483655792395e-09
16706792.157 1.61966363039498e-09
17060366.667 1.55170233336171e-09
17413941.176 1.83705880494342e-09
17767515.686 1.53199666506876e-09
18121090.196 2.24963573083016e-09
18474664.706 1.43201135698527e-09
18828239.216 1.95209531599784e-09
19181813.725 1.77401644959199e-09
19535388.235 6.38200592980646e-10
19888962.745 1.4982436204354e-09
20242537.255 1.11539363477769e-09
20596111.765 1.13233042626839e-09
20949686.275 1.76452088067338e-09
21303260.784 1.89684952311169e-09
21656835.294 1.25873829622041e-09
22010409.804 1.54396148011626e-09
22363984.314 1.51135048067504e-09
22717558.824 1.56590744126965e-09
23071133.333 1.69522302881569e-09
23424707.843 1.54785587337563e-09
23778282.353 1.71058117194445e-09
24131856.863 1.62806255844437e-09
24485431.373 1.92344404738611e-09
24839005.882 1.81901794481176e-09
25192580.392 1.32344370874973e-09
25546154.902 1.51592504836005e-09
25899729.412 1.13234577088889e-09
26253303.922 1.24619037881756e-09
26606878.431 1.75153627156756e-09
26960452.941 1.26792816153793e-09
27314027.451 1.37653071310135e-09
27667601.961 1.79907320869631e-09
28021176.471 1.5437853464699e-09
28374750.98 1.44175548923428e-09
28728325.49 1.94678918182405e-09
29081900 1.60006282191301e-09
29081900 1.68305854488835e-09
30012498.039 1.76005071971253e-09
30943096.078 1.70932832792571e-09
31873694.118 1.93511316713403e-09
32804292.157 1.73400455800553e-09
33734890.196 1.48239159913072e-09
34665488.235 1.74244218355428e-09
35596086.275 1.51563418746013e-09
36526684.314 1.45489675194926e-09
37457282.353 2.09801969965102e-09
38387880.392 1.2385451949379e-09
39318478.431 1.46346008786409e-09
40249076.471 1.37387760026639e-09
41179674.51 1.33154220273754e-09
42110272.549 1.77781783780712e-09
43040870.588 1.90015488627882e-09
43971468.627 1.41093361946764e-09
44902066.667 1.95655783161603e-09
45832664.706 9.39511967370548e-10
46763262.745 1.65348605852551e-09
47693860.784 1.10932601336518e-09
48624458.824 2.03346633860794e-09
49555056.863 1.08374411574189e-09
50485654.902 2.48726184877031e-09
51416252.941 1.18644679587982e-09
52346850.98 1.69534478010856e-09
53277449.02 1.90149308423328e-09
54208047.059 1.32902808887149e-09
55138645.098 1.48326273566975e-09
56069243.137 1.22167479604604e-09
56999841.176 1.76552436159927e-09
57930439.216 1.81666071598445e-09
58861037.255 2.00730423424759e-09
59791635.294 1.29996840841397e-09
60722233.333 1.79641110811925e-09
61652831.373 1.71372343379466e-09
62583429.412 1.41657059401156e-09
63514027.451 1.62911228080663e-09
64444625.49 1.3606595128632e-09
65375223.529 2.2983723601257e-09
66305821.569 1.57684646876895e-09
67236419.608 2.01000340056552e-09
68167017.647 1.24251875189405e-09
69097615.686 1.00063455701526e-09
70028213.725 9.99787909259798e-10
70958811.765 6.36800493738243e-10
71889409.804 1.34432745526749e-09
72820007.843 1.61961474567193e-09
73750605.882 1.74677469820399e-09
74681203.922 1.30877055916865e-09
75611801.961 1.41168726693789e-09
76542400 9.82834701559539e-10
76542400 2.11924617687539e-09
78991686.275 1.50989889560719e-09
81440972.549 2.23823452511706e-09
83890258.824 1.7581048476483e-09
86339545.098 9.58920868997368e-10
88788831.373 1.4628394033561e-09
91238117.647 1.801532207516e-09
93687403.922 -0
96136690.196 -0
98585976.471 -0
101035262.745 -0
103484549.02 -0
105933835.294 1.59506018901342e-09
108383121.569 1.72602366321276e-09
110832407.843 8.59555604095026e-10
113281694.118 1.40211734128809e-09
115730980.392 7.79574684359259e-10
118180266.667 -0
120629552.941 2.3055264988636e-09
123078839.216 2.85052529117045e-09
125528125.49 2.15478462527369e-09
127977411.765 1.51302560599861e-09
130426698.039 2.73906137944921e-09
132875984.314 -0
135325270.588 1.43528134503527e-09
137774556.863 5.40821764815732e-10
140223843.137 1.6494854305606e-09
142673129.412 -0
145122415.686 1.39041765162667e-09
147571701.961 2.32348371221976e-09
150020988.235 -0
152470274.51 2.63634719979194e-09
154919560.784 3.82388454641007e-09
157368847.059 2.62794757476571e-09
159818133.333 1.27783251563099e-09
162267419.608 4.69911946910823e-09
164716705.882 1.27531864469579e-09
167165992.157 2.76634631220431e-09
169615278.431 3.5747547091826e-09
172064564.706 1.24171369645231e-09
174513850.98 -0
176963137.255 -0
179412423.529 5.25692452142451e-09
181861709.804 2.00332577959423e-09
184310996.078 4.3626251026294e-10
186760282.353 4.3031158807581e-09
189209568.627 2.78649288958838e-09
191658854.902 3.76911724905922e-09
194108141.176 -0
196557427.451 -0
199006713.725 -0
201456000 3.61958759409295e-09
