101 4.11976359955415e-07
104.18 3.11172156991399e-07
107.361 3.31052896727775e-07
110.541 3.50423288929213e-07
113.721 3.58683248359516e-07
116.902 3.76674939960573e-07
120.082 3.5409559207295e-07
123.262 3.48373676779212e-07
126.443 3.2398452560336e-07
129.623 3.03385875888739e-07
132.803 3.64383524959606e-07
135.983 4.22122495049162e-07
139.164 4.19082620529206e-07
142.344 3.87495718446698e-07
145.524 3.76834415228075e-07
148.705 4.0640570500433e-07
151.885 4.15501581438057e-07
155.065 4.56855033304432e-07
158.246 4.06833094295868e-07
161.426 3.41452926319043e-07
164.606 3.07308541760758e-07
167.787 2.92464328950012e-07
170.967 3.71064541077437e-07
174.147 3.75363671751616e-07
177.328 3.34152048869816e-07
180.508 2.30633212660542e-07
183.688 2.62044019892231e-07
186.868 3.14119479100101e-07
190.049 3.21829396266821e-07
193.229 3.38564134297708e-07
196.409 2.82612268694325e-07
199.59 3.23542357330024e-07
202.77 3.37077804449775e-07
205.95 3.10801368141327e-07
209.131 3.11508859605365e-07
212.311 2.79118249847412e-07
215.491 2.82011488446227e-07
218.672 3.19516556517851e-07
221.852 3.68298134162067e-07
225.032 3.5119016848361e-07
228.213 2.95428745214744e-07
231.393 2.58387958461802e-07
234.573 2.2688245802234e-07
237.753 2.4454444715988e-07
240.934 2.29966924524717e-07
244.114 2.42922957268457e-07
247.294 2.6039039344013e-07
250.475 2.88148763834175e-07
253.655 2.91530799009778e-07
256.835 2.90598351040873e-07
260.016 2.74551753428344e-07
263.196 2.57464725964546e-07
264.196 2.49243828766669e-07
272.598 2.27134489103617e-07
281.001 2.30180976805783e-07
289.403 2.45415992102502e-07
297.806 2.29607640167534e-07
306.208 2.16524983090544e-07
314.611 1.91291083504739e-07
323.013 1.96954901893191e-07
331.415 2.25162834415782e-07
339.818 2.33293843677883e-07
348.22 2.17656663069083e-07
356.623 1.52646724918364e-07
365.025 1.32741247123398e-07
373.428 1.51973952026207e-07
381.83 1.56122472090961e-07
390.232 1.58032326359639e-07
398.635 1.65600300923708e-07
407.037 1.80966005255504e-07
415.44 2.05418860442662e-07
423.842 2.56680450753285e-07
432.245 2.47111048387735e-07
440.647 1.96889337626832e-07
449.049 2.03201441167753e-07
457.452 2.19294501350126e-07
465.854 2.22913212727776e-07
474.257 2.16027105068485e-07
482.659 2.22156494518557e-07
491.062 2.19923424515549e-07
499.464 2.02933853414951e-07
507.867 1.85088218267043e-07
516.269 1.81461072699608e-07
524.671 1.83921488708722e-07
533.074 1.97406580644207e-07
541.476 2.05276405648739e-07
549.879 2.0048395613714e-07
558.281 1.98906226225843e-07
566.684 1.92577299137221e-07
575.086 1.86751619347639e-07
583.488 1.80319981316481e-07
591.891 1.7984444144044e-07
600.293 1.79600096233905e-07
608.696 1.71651847995673e-07
617.098 1.84859391193565e-07
625.501 1.94706171046085e-07
633.903 2.05000405326464e-07
642.305 2.10431238314771e-07
650.708 2.00134815446193e-07
659.11 1.80853796490252e-07
667.513 1.42668586414302e-07
675.915 1.42607278408873e-07
684.318 1.57395684668318e-07
692.72 1.64221317109005e-07
693.72 1.91398597090285e-07
715.867 2.22896172403408e-07
738.014 1.9134826493855e-07
760.161 1.86869011110823e-07
782.307 1.78450320103218e-07
804.454 1.67431631990448e-07
826.601 1.68228144629463e-07
848.748 1.62118654139134e-07
870.895 1.74964258687884e-07
893.042 1.23824154929528e-07
915.189 1.2870225127015e-07
937.335 1.42412694398823e-07
959.482 1.39269878120066e-07
981.629 1.56330679289789e-07
1003.776 1.97361198106271e-07
1025.923 1.59201810452809e-07
1048.07 1.4362590361983e-07
1070.217 1.60079896579663e-07
1092.364 1.43280074191618e-07
1114.51 1.6456263787653e-07
1136.657 1.57656376865536e-07
1158.804 1.35449639116027e-07
1180.951 1.48307253885982e-07
1203.098 1.22372349816378e-07
1225.245 1.27838861454206e-07
1247.392 1.30701583197638e-07
1269.538 1.73127802009602e-07
1291.685 1.79653012668665e-07
1313.832 1.87692115951754e-07
1335.979 1.72140535425058e-07
1358.126 1.25860564576139e-07
1380.273 9.56732545578232e-08
1402.42 1.35652969252648e-07
1424.566 1.34999393711495e-07
1446.713 1.0401595884344e-07
1468.86 1.20994656213876e-07
1491.007 1.21811582711741e-07
1513.154 1.73723683153098e-07
1535.301 1.1461629623713e-07
1557.448 1.07936696022957e-07
1579.595 9.71563351906919e-08
1601.741 1.25794002519504e-07
1623.888 1.2093142287595e-07
1646.035 1.2035309766123e-07
1668.182 8.07302551114861e-08
1690.329 8.66041043950689e-08
1712.476 1.19076829134477e-07
1734.623 1.3849186288474e-07
1756.769 9.06021215769571e-08
1778.916 1.20712236245556e-07
1801.063 1.37340065006439e-07
1823.21 1.10993205059881e-07
1824.21 1.11851234899642e-07
1882.531 9.22039380291136e-08
1940.853 1.07710962917671e-07
1999.174 1.43923774935177e-07
2057.495 1.19916149123546e-07
2115.817 9.26743860020044e-08
2174.138 1.13095302423404e-07
2232.46 1.10239663451877e-07
2290.781 1.03435778351376e-07
2349.102 1.04340462024208e-07
2407.424 8.04460596728103e-08
2465.745 7.67850077773413e-08
2524.066 8.16962663806293e-08
2582.388 8.59055761486389e-08
2640.709 1.09271059362847e-07
2699.031 9.33143153443588e-08
2757.352 1.07339772523066e-07
2815.673 1.2930634485569e-07
2873.995 1.15048146662691e-07
2932.316 8.70208871409705e-08
2990.637 9.8356908039555e-08
3048.959 8.39427659069014e-08
3107.28 7.73040923415855e-08
3165.602 1.0395260298175e-07
3223.923 9.61659629790367e-08
3282.244 9.0403879265629e-08
3340.566 9.35440523837744e-08
3398.887 8.33035579418502e-08
3457.208 9.52150858924925e-08
3515.53 8.5141040106157e-08
3573.851 6.95015375143988e-08
3632.173 8.30775429497659e-08
3690.494 9.66592523652484e-08
3748.815 8.52583820331705e-08
3807.137 8.26219299478056e-08
3865.458 8.41403407931265e-08
3923.779 1.08143955950706e-07
3982.101 9.46302811058556e-08
4040.422 7.93107038068745e-08
4098.744 8.36246191931773e-08
4157.065 6.78373153950327e-08
4215.386 7.32614470428041e-08
4273.708 7.95295393493809e-08
4332.029 7.67473109479342e-08
4390.35 7.43870279588211e-08
4448.672 6.66907335515679e-08
4506.993 8.23939448088285e-08
4565.315 8.8258692983734e-08
4623.636 9.06436290107033e-08
4681.957 5.63871401708823e-08
4740.279 6.6829515072119e-08
4798.6 8.14736275635973e-08
4799.6 6.98461774293889e-08
4953.131 7.00879905156329e-08
5106.663 7.57534299341714e-08
5260.194 7.77315620658702e-08
5413.725 7.39446331346579e-08
5567.257 6.59468714410719e-08
5720.788 6.41009477852228e-08
5874.32 5.82440365896658e-08
6027.851 6.64251826266715e-08
6181.382 7.68632687394199e-08
6334.914 7.20244276295238e-08
6488.445 6.3713542745561e-08
6641.976 6.24162020241085e-08
6795.508 7.60645373658556e-08
6949.039 6.28315956733669e-08
7102.571 6.51844226257248e-08
7256.102 6.1171046384279e-08
7409.633 5.77443018446685e-08
7563.165 4.92988628468912e-08
7716.696 5.73721261212906e-08
7870.227 4.48316367986035e-08
8023.759 6.2610121631541e-08
8177.29 7.07377231581137e-08
8330.822 7.32263788173552e-08
8484.353 7.28228676229507e-08
8637.884 5.71692516716414e-08
8791.416 4.88916806586511e-08
8944.947 4.14517423949211e-08
9098.478 5.03476399668246e-08
9252.01 4.64893509620217e-08
9405.541 3.78938332973083e-08
9559.073 3.42701312695056e-08
9712.604 4.17587573080458e-08
9866.135 3.99201232946127e-08
10019.667 4.87890083599054e-08
10173.198 4.94813368663433e-08
10326.729 4.44142580699389e-08
10480.261 5.18084724982755e-08
10633.792 4.04917526449814e-08
10787.324 4.89192413992448e-08
10940.855 5.001230571406e-08
11094.386 4.6296131473296e-08
11247.918 4.5218009712415e-08
11401.449 4.13936429901713e-08
11554.98 3.70147529389575e-08
11708.512 3.91589152851506e-08
11862.043 4.55551837501222e-08
12015.575 5.24334857592299e-08
12169.106 5.06663270660496e-08
12322.637 4.10841235601296e-08
12476.169 3.72698101999272e-08
12629.7 4.70652800806862e-08
12630.7 4.00276803649747e-08
13034.822 3.52695574668362e-08
13438.943 3.38658206817575e-08
13843.065 4.26465217195033e-08
14247.186 4.19008792693125e-08
14651.308 3.92156125276405e-08
15055.429 3.40765481602261e-08
15459.551 4.20461007604543e-08
15863.673 4.33017505044481e-08
16267.794 3.54986829549437e-08
16671.916 3.25689242461236e-08
17076.037 4.09535876944938e-08
17480.159 3.51774942347123e-08
17884.28 2.03976331415115e-08
18288.402 2.67357282026145e-08
18692.524 3.19594064472387e-08
19096.645 4.92047173938543e-08
19500.767 5.55282006791714e-08
19904.888 4.76287115816104e-08
20309.01 4.45067571154157e-08
20713.131 4.11301491561399e-08
21117.253 3.86944611598031e-08
21521.375 3.61819113093596e-08
21925.496 3.69378657427645e-08
22329.618 3.72724216881636e-08
22733.739 3.49760832967589e-08
23137.861 3.32059821244014e-08
23541.982 3.13495946949842e-08
23946.104 3.89273022767017e-08
24350.225 4.33954189056644e-08
24754.347 3.77339803471072e-08
25158.469 3.07479355845626e-08
25562.59 3.05336396499715e-08
25966.712 3.48003179386719e-08
26370.833 3.24552077794141e-08
26774.955 2.81750204601868e-08
27179.076 2.32415869247212e-08
27583.198 2.35208126812951e-08
27987.32 2.53453415080943e-08
28391.441 1.94010152916797e-08
28795.563 2.68245280295072e-08
29199.684 3.13971222287723e-08
29603.806 3.58464053567597e-08
30007.927 3.57058948367799e-08
30412.049 3.10431491976912e-08
30816.171 2.80251499087359e-08
31220.292 2.96954239247251e-08
31624.414 2.94900684830188e-08
32028.535 3.05983980616725e-08
32432.657 3.18352021744099e-08
32836.778 3.09509011725246e-08
33240.9 2.94652777169204e-08
33241.9 3.90848831313943e-08
34305.559 3.86722721510471e-08
35369.218 3.66868345006038e-08
36432.876 3.73761723010618e-08
37496.535 3.57114413420029e-08
38560.194 2.96646400895784e-08
39623.853 2.10824980543423e-08
40687.512 1.91485385776136e-08
41751.171 1.92289040847782e-08
42814.829 2.09732657741867e-08
43878.488 2.11410203077623e-08
44942.147 2.00931287132087e-08
46005.806 2.35135675696545e-08
47069.465 2.7164380244029e-08
48133.124 2.66978443282455e-08
49196.782 2.27124810681843e-08
50260.441 1.69681287568881e-08
51324.1 1.9721991272075e-08
52387.759 2.22439643614892e-08
53451.418 2.29761426027483e-08
54515.076 2.40254049613747e-08
55578.735 2.44065588337866e-08
56642.394 1.97264672837822e-08
57706.053 1.92000429301576e-08
58769.712 1.80540650111688e-08
59833.371 1.90747368256438e-08
60897.029 1.92324746791716e-08
61960.688 2.00236885803668e-08
63024.347 2.59444035274987e-08
64088.006 2.51697237663526e-08
65151.665 2.15685395734602e-08
66215.324 1.79748496651404e-08
67278.982 1.57058666165344e-08
68342.641 1.11975052880981e-08
69406.3 1.25342540677209e-08
70469.959 1.45391957305894e-08
71533.618 2.02979350753721e-08
72597.276 2.01895656638153e-08
73660.935 1.86533623937072e-08
74724.594 1.68519176351933e-08
75788.253 1.9372133233867e-08
76851.912 2.46492006261819e-08
77915.571 2.54981304940102e-08
78979.229 2.38697389399257e-08
80042.888 2.03506612992438e-08
81106.547 1.67488034552834e-08
82170.206 1.34652218607597e-08
83233.865 1.48704094182618e-08
84297.524 1.3748788685908e-08
85361.182 1.33467049375775e-08
86424.841 1.47765245061649e-08
87488.5 1.67688268024368e-08
87489.5 1.14353721219259e-08
90289.039 1.24794638744468e-08
93088.578 1.29078397546849e-08
95888.118 1.39896576235074e-08
98687.657 1.11372344306836e-08
101487.196 9.96694234124192e-09
104286.735 1.1382686521587e-08
107086.275 1.96168363553249e-08
109885.814 1.80911590673013e-08
112685.353 1.52924986300399e-08
115484.892 1.32956128110087e-08
118284.431 6.90005688168804e-09
121083.971 1.71976716617362e-08
123883.51 2.64392054294695e-08
126683.049 2.84464926601779e-08
129482.588 2.53631734453013e-08
132282.127 0
135081.667 0
137881.206 8.73518846009014e-09
140680.745 2.05487199602249e-08
143480.284 1.97708177283802e-08
146279.824 0
149079.363 0
151878.902 0
154678.441 0
157477.98 0
160277.52 1.66326853924468e-08
163077.059 1.8082494313802e-08
165876.598 1.45722892951053e-08
168676.137 1.15240490421439e-08
171475.676 1.29223920084381e-08
174275.216 1.67854581693183e-08
177074.755 1.94538418893888e-08
179874.294 1.55754916764552e-08
182673.833 1.27719934799372e-08
185473.373 1.30413643130659e-08
188272.912 1.46654402433441e-08
191072.451 1.12585085907498e-08
193871.99 1.09774136790272e-08
196671.529 1.23715304043722e-08
199471.069 1.27506562428693e-08
202270.608 1.25335502742791e-08
205070.147 1.12186824952911e-08
207869.686 1.15703632483659e-08
210669.225 1.09296218491651e-08
213468.765 1.03387422631064e-08
216268.304 1.16181795237965e-08
219067.843 1.10803491128427e-08
221867.382 1.02206983108855e-08
224666.922 8.86367466418481e-09
227466.461 8.39548574649441e-09
230266 9.7078801518554e-09
230267 1.17257758881248e-08
237635.294 1.47753572007661e-08
245003.588 1.42956458783414e-08
252371.882 1.39842674325594e-08
259740.176 1.11759113607799e-08
267108.471 7.86797838214396e-09
274476.765 1.21900663857822e-08
281845.059 1.29235786277068e-08
289213.353 1.47843833151685e-08
296581.647 9.47776899350835e-09
303949.941 9.47175249125634e-09
311318.235 9.901649514589e-09
318686.529 1.02550307933104e-08
326054.824 1.26916730789407e-08
333423.118 1.20850718358818e-08
340791.412 9.87611926676552e-09
348159.706 1.17645735910882e-08
355528 8.10744145835549e-09
362896.294 1.15767706308758e-08
370264.588 6.63924714093924e-09
377632.882 9.72062511981927e-09
385001.176 8.8255296209722e-09
392369.471 9.98626635558302e-09
399737.765 8.93312565645327e-09
407106.059 9.20544657383658e-09
414474.353 7.4766277099318e-09
421842.647 8.46216386449982e-09
429210.941 9.36082408486456e-09
436579.235 7.42705747808339e-09
443947.529 9.98412972926254e-09
451315.824 6.91875982016591e-09
458684.118 7.18331747336496e-09
466052.412 7.93675799344383e-09
473420.706 9.83426821173443e-09
480789 7.77787663714438e-09
488157.294 7.95977983284534e-09
495525.588 6.81123389778493e-09
502893.882 7.54461194312863e-09
510262.176 5.00418274158842e-09
517630.471 8.29003034542949e-09
524998.765 5.77834645018873e-09
532367.059 9.02238816366319e-09
539735.353 7.36030012305171e-09
547103.647 8.01240473761541e-09
554471.941 9.34693843141155e-09
561840.235 9.72472516787042e-09
569208.529 3.45752840489015e-09
576576.824 6.6257791562755e-09
583945.118 6.30284039919727e-09
591313.412 6.96690395612232e-09
598681.706 8.96999834581358e-09
606050 9.76586030188643e-09
606051 5.88413801641284e-09
625444.118 7.30287058238605e-09
644837.235 7.20240608931651e-09
664230.353 8.22413840780704e-09
683623.471 9.57865813017344e-09
703016.588 6.16807495651997e-09
722409.706 8.01817520291742e-09
741802.824 7.81329924438517e-09
761195.941 8.60089338138439e-09
780589.059 5.83498244562245e-09
799982.176 8.68237365290181e-09
819375.294 6.49753893174869e-09
838768.412 6.49075948771483e-09
858161.529 4.76988353516815e-09
877554.647 5.23024710291959e-09
896947.765 8.31663787828926e-09
916340.882 7.1459901506171e-09
935734 5.34918877060595e-09
955127.118 7.49519307202225e-09
974520.235 6.84055501718061e-09
993913.353 6.39100231102492e-09
1013306.471 7.96363613123647e-09
1032699.588 7.92676882678634e-09
1052092.706 5.04678166302015e-09
1071485.824 7.05039222945321e-09
1090878.941 8.37827756549034e-09
1110272.059 5.84743189976971e-09
1129665.176 5.11233174406555e-09
1149058.294 6.1094771548525e-09
1168451.412 1.06823587415745e-08
1187844.529 7.71950231478223e-09
1207237.647 1.04353884380414e-08
1226630.765 7.06715352344558e-09
1246023.882 8.25843715992084e-09
1265417 8.79610198156256e-09
1284810.118 6.19987084057832e-09
1304203.235 7.18238744196916e-09
1323596.353 4.62069854707235e-09
1342989.471 4.18166389841203e-09
1362382.588 7.5615384950555e-09
1381775.706 6.26222122199249e-09
1401168.824 4.40179791286032e-09
1420561.941 6.97166459322157e-09
1439955.059 8.19648521939929e-09
1459348.176 5.59722405284831e-09
1478741.294 6.04984225160364e-09
1498134.412 5.50279550865944e-09
1517527.529 3.76924871287377e-09
1536920.647 7.34452561264389e-09
1556313.765 4.36285323318643e-09
1575706.882 6.57467587094019e-09
1595100 7.93077659010357e-09
1595100 4.14896438531058e-09
1646141.765 4.65671699424795e-09
1697183.529 4.43279926869111e-09
1748225.294 6.2608605634623e-09
1799267.059 5.79394646367731e-09
1850308.824 5.45168227397537e-09
1901350.588 4.43256533345104e-09
1952392.353 7.36243216711445e-09
2003434.118 5.00941269144008e-09
2054475.882 6.07756485972525e-09
2105517.647 4.95644447446681e-09
2156559.412 4.33874618010472e-09
2207601.176 3.43405401098366e-09
2258642.941 7.00103273383776e-09
2309684.706 5.19683194140817e-09
2360726.471 4.6622189510114e-09
2411768.235 6.43999365386749e-09
2462810 5.99487781975931e-09
2513851.765 5.98990616385046e-09
2564893.529 3.154492029917e-09
2615935.294 6.42331070190193e-09
2666977.059 4.59635955859911e-09
2718018.824 5.7859663591328e-09
2769060.588 6.01592877713087e-09
2820102.353 3.21706988768684e-09
2871144.118 5.48320527910786e-09
2922185.882 4.5536979531499e-09
2973227.647 4.71242376323946e-09
3024269.412 4.78707106709485e-09
3075311.176 6.07444953578083e-09
3126352.941 2.28364295340063e-09
3177394.706 4.61209322496142e-09
3228436.471 4.93300937087862e-09
3279478.235 4.80386577920644e-09
3330520 6.91841649300182e-09
3381561.765 4.60965762883985e-09
3432603.529 5.80290115355937e-09
3483645.294 4.04970059597822e-09
3534687.059 4.99293433244217e-09
3585728.824 3.90528591950338e-09
3636770.588 6.3455468129223e-09
3687812.353 4.21488684264092e-09
3738854.118 3.20051911277555e-09
3789895.882 3.39143866916359e-09
3840937.647 4.28630595399382e-09
3891979.412 5.11316942513097e-09
3943021.176 4.26973833783689e-09
3994062.941 4.42741914597902e-09
4045104.706 4.75003240184188e-09
4096146.471 3.99205303014092e-09
4147188.235 5.20984723329261e-09
4198230 5.32031537469303e-09
4198230 4.35955914095132e-09
4332570.588 3.5007578713922e-09
4466911.176 3.82673863881301e-09
4601251.765 4.71755155620936e-09
4735592.353 4.92907257189649e-09
4869932.941 3.19919885571982e-09
5004273.529 5.65311379213623e-09
5138614.118 2.76724479747406e-09
5272954.706 4.59242398322489e-09
5407295.294 4.77466940204791e-09
5541635.882 3.11481780179689e-09
5675976.471 3.07500736153748e-09
5810317.059 4.16879456468392e-09
5944657.647 3.54061786100317e-09
6078998.235 3.4120974624581e-09
6213338.824 4.22188661466912e-09
6347679.412 4.78959898831921e-09
6482020 4.01662059640259e-09
6616360.588 4.76807539828187e-09
6750701.176 4.43286265270089e-09
6885041.765 3.19951829638898e-09
7019382.353 3.70671681994381e-09
7153722.941 4.22264353665306e-09
7288063.529 5.2402951092684e-09
7422404.118 3.16913427071082e-09
7556744.706 5.45774906692297e-09
7691085.294 4.39167867910346e-09
7825425.882 2.59765606101049e-09
7959766.471 4.90668529250403e-09
8094107.059 3.59646958160682e-09
8228447.647 2.55834514232397e-09
8362788.235 2.54739753755869e-09
8497128.824 3.58761620957222e-09
8631469.412 3.58342488057992e-09
8765810 4.76051886512913e-09
8900150.588 3.42637506919438e-09
9034491.176 4.14864705478499e-09
9168831.765 3.59474002248306e-09
9303172.353 4.33019417315837e-09
9437512.941 3.73744517144967e-09
9571853.529 3.13208552526276e-09
9706194.118 4.97959033144119e-09
9840534.706 2.72553814519117e-09
9974875.294 4.36819423407386e-09
10109215.882 3.85516726409315e-09
10243556.471 4.31005251560589e-09
10377897.059 3.41914922740321e-09
10512237.647 4.22546043598617e-09
10646578.235 4.21233883132605e-09
10780918.824 3.37508690334731e-09
10915259.412 4.0286309785161e-09
11049600 5.26657765299265e-09
11049600 2.58453305518702e-09
11403174.51 4.00114623539475e-09
11756749.02 4.72176531290333e-09
12110323.529 2.80993784198972e-09
12463898.039 3.00569165205504e-09
12817472.549 3.05822311707751e-09
13171047.059 2.61661108818877e-09
13524621.569 2.44644992509119e-09
13878196.078 3.66318690687941e-09
14231770.588 4.82200471094729e-09
14585345.098 3.36363342356688e-09
14938919.608 4.32054047423046e-09
15292494.118 4.64876011958062e-09
15646068.627 4.79279194373129e-09
15999643.137 4.98450382046365e-09
16353217.647 3.52760032086236e-09
16706792.157 5.24873527780752e-09
17060366.667 4.31350294833445e-09
17413941.176 2.82649612264888e-09
17767515.686 4.30914973226019e-09
18121090.196 4.54185738330741e-09
18474664.706 3.89742508793351e-09
18828239.216 3.04347865772483e-09
19181813.725 2.828009593821e-09
19535388.235 2.31111333610408e-09
19888962.745 2.94367338858566e-09
20242537.255 4.40609687751754e-09
20596111.765 4.25115645069136e-09
20949686.275 3.96010024940725e-09
21303260.784 5.19344437272817e-09
21656835.294 3.63331587792138e-09
22010409.804 4.06332608329665e-09
22363984.314 4.84239835286383e-09
22717558.824 3.04362180621557e-09
23071133.333 3.08688182933405e-09
23424707.843 3.60121299352324e-09
23778282.353 4.49815156457867e-09
24131856.863 3.67940197710562e-09
24485431.373 4.2849158691056e-09
24839005.882 2.76271013568511e-09
25192580.392 3.11718819247453e-09
25546154.902 3.65674629562562e-09
25899729.412 3.45932043247681e-09
26253303.922 2.88647954396095e-09
26606878.431 2.55053233879395e-09
26960452.941 3.01393917557853e-09
27314027.451 3.05664082182341e-09
27667601.961 2.78360474918309e-09
28021176.471 3.05968055537456e-09
28374750.98 3.35037240540004e-09
28728325.49 2.86898882028493e-09
29081900 4.32082828097911e-09
29081900 2.7676651738814e-09
30012498.039 3.81508477900756e-09
30943096.078 4.40362308326592e-09
31873694.118 3.8829740277107e-09
32804292.157 2.37505699767956e-09
33734890.196 3.72461257064646e-09
34665488.235 3.57363798126313e-09
35596086.275 3.65303891911301e-09
36526684.314 2.36372981595463e-09
37457282.353 4.06761127922066e-09
38387880.392 3.01563031584374e-09
39318478.431 2.42626882296318e-09
40249076.471 2.02504447075112e-09
41179674.51 3.14629844348895e-09
42110272.549 2.84443309560882e-09
43040870.588 2.96672835669748e-09
43971468.627 3.40955642491135e-09
44902066.667 5.74585935652788e-09
45832664.706 3.33984177119492e-09
46763262.745 2.59310642147938e-09
47693860.784 2.21102965725496e-09
48624458.824 2.49248866583891e-09
49555056.863 3.65527305413001e-09
50485654.902 2.89304165453988e-09
51416252.941 2.84448263768404e-09
52346850.98 2.18122843772569e-09
53277449.02 1.0413543255858e-09
54208047.059 2.97937769814175e-09
55138645.098 2.46775514053548e-09
56069243.137 3.74084344208047e-09
56999841.176 0
57930439.216 1.59849551848289e-09
58861037.255 3.03000187805541e-09
59791635.294 2.96674468940609e-09
60722233.333 0
61652831.373 0
62583429.412 2.91577488886407e-09
63514027.451 4.26764470332941e-09
64444625.49 0
65375223.529 0
66305821.569 4.00769542653208e-09
67236419.608 0
68167017.647 0
69097615.686 4.55537789645749e-09
70028213.725 0
70958811.765 0
71889409.804 3.70156194822945e-09
72820007.843 4.64796518324185e-09
73750605.882 0
74681203.922 3.35951803855482e-09
75611801.961 1.10038668582771e-09
76542400 0
76542400 2.6249864576173e-09
78991686.275 0
81440972.549 2.55305091868955e-09
83890258.824 3.00483382762408e-09
86339545.098 3.49369188492762e-09
88788831.373 0
91238117.647 2.89866080479663e-09
93687403.922 0
96136690.196 9.41099814106175e-08
98585976.471 6.00407470217626e-09
101035262.745 0
103484549.02 1.4081121232102e-08
105933835.294 0
108383121.569 0
110832407.843 3.07415176846855e-10
113281694.118 0
115730980.392 2.48363445818194e-09
118180266.667 4.63089036501121e-09
120629552.941 4.40472757691706e-09
123078839.216 0
125528125.49 5.92179831050327e-09
127977411.765 0
130426698.039 0
132875984.314 1.95139337328022e-09
135325270.588 6.51256005085136e-09
137774556.863 4.38748886166325e-09
140223843.137 0
142673129.412 6.80022904626043e-09
145122415.686 4.25997185386559e-10
147571701.961 0
150020988.235 0
152470274.51 5.05938487673344e-09
154919560.784 5.29672070220102e-09
157368847.059 7.87435499059791e-09
159818133.333 0
162267419.608 6.63214592027657e-09
164716705.882 0
167165992.157 3.3444320095027e-09
169615278.431 0
172064564.706 0
174513850.98 3.71533098553926e-09
176963137.255 6.41131391045366e-09
179412423.529 0
181861709.804 0
184310996.078 7.08467368016798e-09
186760282.353 0
189209568.627 0
191658854.902 6.55952967136857e-09
194108141.176 5.81814369015585e-09
196557427.451 5.09249739569458e-09
199006713.725 4.9033869122966e-09
201456000 0
