101 2.02404720236219e-05
104.18 2.12972069337614e-05
107.361 2.37160633922318e-05
110.541 2.47166270246714e-05
113.721 2.21978976275855e-05
116.902 1.83093400829937e-05
120.082 1.63259882752404e-05
123.262 1.591905473741e-05
126.443 1.88752076555123e-05
129.623 1.84623509241781e-05
132.803 1.62172717998864e-05
135.983 1.64481505122806e-05
139.164 2.1571063793817e-05
142.344 2.23554985358066e-05
145.524 2.11368869635795e-05
148.705 2.07916784909155e-05
151.885 1.85523373506534e-05
155.065 1.82588240229193e-05
158.246 2.03588903466569e-05
161.426 2.27545680314666e-05
164.606 2.36646433789856e-05
167.787 2.32999869457635e-05
170.967 1.91908630220014e-05
174.147 1.66394950894178e-05
177.328 1.73501239918457e-05
180.508 1.41726503020955e-05
183.688 1.19486827893155e-05
186.868 1.45463138124427e-05
190.049 1.70824795138975e-05
193.229 1.43265524589425e-05
196.409 1.41136698754569e-05
199.59 1.13641557526934e-05
202.77 1.14772094304864e-05
205.95 1.21321193902082e-05
209.131 1.10555168754571e-05
212.311 1.30405682086986e-05
215.491 1.51646628434086e-05
218.672 1.780613779592e-05
221.852 1.81044428509206e-05
225.032 1.67394651378284e-05
228.213 1.37784938883165e-05
231.393 1.47255606106837e-05
234.573 1.56639679808538e-05
237.753 1.71618322730941e-05
240.934 1.6051239154818e-05
244.114 1.30075089290081e-05
247.294 1.20277551218512e-05
250.475 1.35517232121748e-05
253.655 1.5009966858855e-05
256.835 1.74469592671658e-05
260.016 1.53336733754436e-05
263.196 1.40890714158648e-05
264.196 1.57052810005249e-05
272.598 1.62370779251881e-05
281.001 1.58767839129401e-05
289.403 1.38358770657701e-05
297.806 1.35715625883785e-05
306.208 1.33633026528588e-05
314.611 1.3169477406493e-05
323.013 1.34571434209177e-05
331.415 1.47512323188905e-05
339.818 1.48363973218864e-05
348.22 1.45172161579344e-05
356.623 1.41845450959823e-05
365.025 1.3867768191736e-05
373.428 1.33002031888529e-05
381.83 1.08882709260438e-05
390.232 1.06259341176893e-05
398.635 1.14030355468341e-05
407.037 1.21987785713977e-05
415.44 1.32717645842949e-05
423.842 1.33625713379106e-05
432.245 1.38512887556474e-05
440.647 1.43504927793354e-05
449.049 1.40050873618657e-05
457.452 1.37728440221936e-05
465.854 1.1731779377755e-05
474.257 1.03185018856512e-05
482.659 8.97618090551676e-06
491.062 9.32941932869951e-06
499.464 1.04568170844662e-05
507.867 1.24486982336516e-05
516.269 1.27955994835859e-05
524.671 1.22249346463764e-05
533.074 1.17505335738833e-05
541.476 1.17202995220939e-05
549.879 1.12806822840765e-05
558.281 1.17524716905294e-05
566.684 1.1465898460311e-05
575.086 9.92657763227721e-06
583.488 9.25692495743829e-06
591.891 8.60640577366625e-06
600.293 7.93138225084256e-06
608.696 8.51188855882461e-06
617.098 1.03434596163051e-05
625.501 1.01152698872854e-05
633.903 9.44062142840336e-06
642.305 8.26550601840364e-06
650.708 8.4669969865307e-06
659.11 8.87511550069036e-06
667.513 1.04096895424432e-05
675.915 1.11745983677248e-05
684.318 1.10199933722597e-05
692.72 1.09288779634872e-05
693.72 8.72706615615507e-06
715.867 6.68721473871023e-06
738.014 8.8405726633794e-06
760.161 9.47155161164973e-06
782.307 8.16668759158296e-06
804.454 8.58177187415155e-06
826.601 1.03167555431734e-05
848.748 7.95303999722199e-06
870.895 9.91017390635646e-06
893.042 1.03201727558085e-05
915.189 7.93124435547906e-06
937.335 8.30988662760913e-06
959.482 8.26562442300712e-06
981.629 7.91211122148709e-06
1003.776 6.60170714250732e-06
1025.923 1.06643688383523e-05
1048.07 1.01321375347191e-05
1070.217 8.68928088101445e-06
1092.364 8.13532776617057e-06
1114.51 9.10277835377911e-06
1136.657 9.14251281667864e-06
1158.804 6.89739067694267e-06
1180.951 8.82897796496505e-06
1203.098 8.38234973117655e-06
1225.245 8.79583528253179e-06
1247.392 9.46786408894286e-06
1269.538 8.44968860723498e-06
1291.685 6.72338990640199e-06
1313.832 7.67344869254392e-06
1335.979 7.73990208797289e-06
1358.126 5.67423634092366e-06
1380.273 7.51183442048271e-06
1402.42 8.36197669079601e-06
1424.566 7.04670091489776e-06
1446.713 5.24873957592189e-06
1468.86 6.71729605701896e-06
1491.007 7.1778654093371e-06
1513.154 5.53667603880831e-06
1535.301 4.15897127594084e-06
1557.448 4.08885575403802e-06
1579.595 5.1357484511519e-06
1601.741 6.20294662566429e-06
1623.888 5.88255319651318e-06
1646.035 5.63998537946224e-06
1668.182 7.62749124949233e-06
1690.329 7.61141174698677e-06
1712.476 5.5792083069067e-06
1734.623 6.43072178228025e-06
1756.769 4.70045160543167e-06
1778.916 5.83969554021447e-06
1801.063 5.29151711739151e-06
1823.21 5.40501184204963e-06
1824.21 6.83474791733758e-06
1882.531 6.48267471559033e-06
1940.853 6.65633940634802e-06
1999.174 7.97719217767778e-06
2057.495 8.27818494043486e-06
2115.817 7.70890361498073e-06
2174.138 5.87783055127458e-06
2232.46 5.532164281891e-06
2290.781 4.90930789131336e-06
2349.102 5.74301460346485e-06
2407.424 6.57567537593365e-06
2465.745 5.16729413340483e-06
2524.066 4.99516390537396e-06
2582.388 6.1541628222778e-06
2640.709 5.72255260028984e-06
2699.031 4.46660289985712e-06
2757.352 6.2159525374722e-06
2815.673 6.24723166348803e-06
2873.995 3.80478234842241e-06
2932.316 4.74912841372885e-06
2990.637 5.43072782508138e-06
3048.959 4.38312995319712e-06
3107.28 4.74797521573235e-06
3165.602 4.8907990755968e-06
3223.923 4.86248121100987e-06
3282.244 6.52042321428106e-06
3340.566 6.16955667898756e-06
3398.887 4.93663426570732e-06
3457.208 5.13241350485862e-06
3515.53 5.7827551352475e-06
3573.851 6.46862167249291e-06
3632.173 5.88149772748952e-06
3690.494 5.36273130443667e-06
3748.815 4.76887596139094e-06
3807.137 4.37006421577313e-06
3865.458 3.78228321599627e-06
3923.779 5.10067377457089e-06
3982.101 4.19010809058036e-06
4040.422 4.68148696858915e-06
4098.744 4.14547542135032e-06
4157.065 4.37249271916152e-06
4215.386 5.21900167009753e-06
4273.708 5.4578701767464e-06
4332.029 5.40913050555182e-06
4390.35 5.31303915229629e-06
4448.672 4.34018818818559e-06
4506.993 5.02061296328962e-06
4565.315 5.53815522240944e-06
4623.636 4.59099067297507e-06
4681.957 4.09380728597299e-06
4740.279 4.90373407903806e-06
4798.6 5.82307369738703e-06
4799.6 4.66926453757689e-06
4953.131 4.01160234438324e-06
5106.663 4.17106722851895e-06
5260.194 4.04800949206808e-06
5413.725 3.07260182395276e-06
5567.257 3.91253757313643e-06
5720.788 4.8223985468625e-06
5874.32 4.37003201637907e-06
6027.851 3.79435207038601e-06
6181.382 4.98212055089956e-06
6334.914 4.90512026248035e-06
6488.445 4.45123480007056e-06
6641.976 4.39510162923158e-06
6795.508 2.86485363435548e-06
6949.039 2.8845866054214e-06
7102.571 3.19415799170495e-06
7256.102 3.4909233929558e-06
7409.633 3.43125778098246e-06
7563.165 3.69686065878572e-06
7716.696 3.38991955369801e-06
7870.227 4.32419705743633e-06
8023.759 4.02958649342102e-06
8177.29 3.27909649469321e-06
8330.822 3.51060632450465e-06
8484.353 3.19026712470588e-06
8637.884 3.21558085457097e-06
8791.416 3.49084257324123e-06
8944.947 3.87764421957192e-06
9098.478 3.5625519271406e-06
9252.01 4.16426826990617e-06
9405.541 3.48196592260518e-06
9559.073 2.38335943801428e-06
9712.604 4.2283999212094e-06
9866.135 4.74741529159626e-06
10019.667 4.2400338320508e-06
10173.198 3.67511569815689e-06
10326.729 3.61463752191852e-06
10480.261 3.69559046809325e-06
10633.792 3.2976389108816e-06
10787.324 3.46330594378664e-06
10940.855 3.93800506226019e-06
11094.386 4.00917813495322e-06
11247.918 4.04460228986385e-06
11401.449 2.94719086011374e-06
11554.98 4.24028113355531e-06
11708.512 4.20475578974349e-06
11862.043 3.91795021627342e-06
12015.575 3.91958041308779e-06
12169.106 3.67141045976597e-06
12322.637 3.64896027621224e-06
12476.169 3.6749504854022e-06
12629.7 2.91676365633652e-06
12630.7 2.54407648652781e-06
13034.822 2.13042130017541e-06
13438.943 2.73240670583279e-06
13843.065 3.04821499719759e-06
14247.186 3.39075918670009e-06
14651.308 2.98144474428335e-06
15055.429 2.60928486843303e-06
15459.551 2.65576632662481e-06
15863.673 3.70712571375468e-06
16267.794 4.2365190413415e-06
16671.916 3.75372417697734e-06
17076.037 2.85436385515269e-06
17480.159 2.69480543473627e-06
17884.28 2.93891905214704e-06
18288.402 3.05328893973696e-06
18692.524 2.61405165654777e-06
19096.645 2.51892112182366e-06
19500.767 2.45008044824332e-06
19904.888 1.78052716060236e-06
20309.01 1.58677642734548e-06
20713.131 2.01634704345248e-06
21117.253 2.11161156289048e-06
21521.375 2.39560522341842e-06
21925.496 2.24165468343143e-06
22329.618 2.45675091719585e-06
22733.739 3.12685047297608e-06
23137.861 3.03317232656349e-06
23541.982 2.91374455640563e-06
23946.104 2.94536367980885e-06
24350.225 2.79367465898042e-06
24754.347 2.77454234604021e-06
25158.469 2.6839351575687e-06
25562.59 2.02289224460262e-06
25966.712 1.94288481553246e-06
26370.833 2.11867966142456e-06
26774.955 2.39489361475159e-06
27179.076 2.55332099806785e-06
27583.198 2.60114932370433e-06
27987.32 2.89902657800166e-06
28391.441 2.93149187733713e-06
28795.563 2.67772737633796e-06
29199.684 2.14069120895076e-06
29603.806 1.796580377014e-06
30007.927 2.02128270972142e-06
30412.049 2.09641486859774e-06
30816.171 2.11020966079335e-06
31220.292 2.32610301209187e-06
31624.414 2.43357262373297e-06
32028.535 2.32629089384941e-06
32432.657 1.96096085100161e-06
32836.778 1.83842511685286e-06
33240.9 2.18968464341311e-06
33241.9 2.45955830440261e-06
34305.559 2.37188105975818e-06
35369.218 2.09149744138028e-06
36432.876 2.09208762279254e-06
37496.535 2.34203616315846e-06
38560.194 2.39337108106099e-06
39623.853 2.22870621512644e-06
40687.512 1.89437047828525e-06
41751.171 1.57111279086406e-06
42814.829 1.66620036382334e-06
43878.488 1.98207884227079e-06
44942.147 1.90322513811871e-06
46005.806 1.87906846928128e-06
47069.465 1.91676215801875e-06
48133.124 2.29157335021239e-06
49196.782 2.19134238749033e-06
50260.441 1.91194213805844e-06
51324.1 1.8180004872236e-06
52387.759 2.0197435675722e-06
53451.418 2.26994951822546e-06
54515.076 2.30858807606169e-06
55578.735 2.09134508479192e-06
56642.394 2.07071391764272e-06
57706.053 2.14081299489213e-06
58769.712 2.09340665958015e-06
59833.371 1.73556744323449e-06
60897.029 1.48416958933706e-06
61960.688 1.3228770993668e-06
63024.347 1.16570123532274e-06
64088.006 1.2525664152455e-06
65151.665 1.58204583650009e-06
66215.324 1.38625518734128e-06
67278.982 1.27648577006255e-06
68342.641 1.55577237241281e-06
69406.3 1.67838043723322e-06
70469.959 1.79632546704399e-06
71533.618 1.55367552220446e-06
72597.276 1.35895712568851e-06
73660.935 1.08790640792303e-06
74724.594 1.18722310473236e-06
75788.253 1.50985997842066e-06
76851.912 2.06737846257249e-06
77915.571 2.15320431180507e-06
78979.229 2.05941344462048e-06
80042.888 1.68525892776876e-06
81106.547 1.45298232285678e-06
82170.206 1.22850014299425e-06
83233.865 1.29332990125676e-06
84297.524 1.44549876368459e-06
85361.182 1.67113524860729e-06
86424.841 1.56038854749829e-06
87488.5 1.34040224352927e-06
87489.5 1.22712858136232e-06
90289.039 1.17456773268496e-06
93088.578 1.15596697709717e-06
95888.118 1.26057301163045e-06
98687.657 1.46522117520392e-06
101487.196 1.51000689974612e-06
104286.735 1.57020410611765e-06
107086.275 1.39746390222997e-06
109885.814 1.15547605895158e-06
112685.353 9.85819318420689e-07
115484.892 9.98883809889439e-07
118284.431 1.14262475236567e-06
121083.971 9.8396427771546e-07
123883.51 9.66709708214369e-07
126683.049 9.94984864137365e-07
129482.588 1.02889727181077e-06
132282.127 1.269483724889e-06
135081.667 1.32228961969622e-06
137881.206 1.134184538426e-06
140680.745 1.01107915810058e-06
143480.284 9.01254408112622e-07
146279.824 9.21184604817581e-07
149079.363 9.63488712135562e-07
151878.902 8.81334168882439e-07
154678.441 8.22726062315694e-07
157477.98 8.25116627035945e-07
160277.52 9.87342287926128e-07
163077.059 1.08348856592551e-06
165876.598 1.03691898263723e-06
168676.137 1.23342443527329e-06
171475.676 1.25069630720291e-06
174275.216 1.18105616435963e-06
177074.755 1.16105316447307e-06
179874.294 1.06829484238177e-06
182673.833 8.10336486862469e-07
185473.373 7.58645190517845e-07
188272.912 8.66491463215158e-07
191072.451 9.27025668134108e-07
193871.99 8.87137005233027e-07
196671.529 9.35237631067246e-07
199471.069 9.48445593529271e-07
202270.608 9.8028162736915e-07
205070.147 9.69011459922741e-07
207869.686 1.01980415282082e-06
210669.225 9.88206284380019e-07
213468.765 9.21480086679843e-07
216268.304 7.96011721781648e-07
219067.843 6.77051707290442e-07
221867.382 7.50920315255642e-07
224666.922 7.22515869166988e-07
227466.461 7.40563334755904e-07
230266 8.95616095998668e-07
230267 7.93334665783325e-07
237635.294 7.61701228950623e-07
245003.588 6.16847484070437e-07
252371.882 6.67400788228675e-07
259740.176 5.81668693982182e-07
267108.471 6.19379367756434e-07
274476.765 8.50417857986594e-07
281845.059 7.3379641548576e-07
289213.353 6.67799185454465e-07
296581.647 9.19001402427219e-07
303949.941 7.92152867998932e-07
311318.235 7.17124425126686e-07
318686.529 5.52321010799871e-07
326054.824 8.8237670382799e-07
333423.118 6.43512351627473e-07
340791.412 8.28325919635159e-07
348159.706 6.01037580155284e-07
355528 6.59188944391261e-07
362896.294 6.29686619713132e-07
370264.588 7.52035820289503e-07
377632.882 7.45726891319512e-07
385001.176 7.64973844071053e-07
392369.471 7.63271801425538e-07
399737.765 6.83690486261432e-07
407106.059 6.06867762016794e-07
414474.353 5.94947240598963e-07
421842.647 5.50539475266894e-07
429210.941 5.61089036395683e-07
436579.235 5.24274753608602e-07
443947.529 4.50144008198474e-07
451315.824 6.87082472095938e-07
458684.118 6.48746101456935e-07
466052.412 4.46044698385906e-07
473420.706 4.18369797236318e-07
480789 4.91309986246036e-07
488157.294 4.22731985510634e-07
495525.588 4.98794677756879e-07
502893.882 4.91831990704299e-07
510262.176 4.68828542303412e-07
517630.471 5.97629445606021e-07
524998.765 8.01951915206372e-07
532367.059 4.62737328839184e-07
539735.353 5.48203874228035e-07
547103.647 5.14915511595885e-07
554471.941 4.76860262001008e-07
561840.235 3.41916001009309e-07
569208.529 3.66815906209567e-07
576576.824 3.59031262509809e-07
583945.118 5.28326708428896e-07
591313.412 5.03791317781986e-07
598681.706 5.15485854830403e-07
606050 3.86618521649777e-07
606051 4.82830978916071e-07
625444.118 5.22570910256614e-07
644837.235 3.95468203938418e-07
664230.353 4.27806713174654e-07
683623.471 3.07999470373746e-07
703016.588 3.73852135050364e-07
722409.706 5.3256290198833e-07
741802.824 5.1640840594384e-07
761195.941 3.58450895778813e-07
780589.059 4.58207348506283e-07
799982.176 2.98819072710651e-07
819375.294 3.59666970360621e-07
838768.412 3.81140137528492e-07
858161.529 3.52728888977841e-07
877554.647 3.56471379036519e-07
896947.765 3.09628350979933e-07
916340.882 5.52130567450308e-07
935734 4.70194190279346e-07
955127.118 3.55324153471113e-07
974520.235 3.36913018804044e-07
993913.353 3.83091474082647e-07
1013306.471 4.22420715692168e-07
1032699.588 3.35123010585868e-07
1052092.706 3.86768883628789e-07
1071485.824 3.41187781256867e-07
1090878.941 3.45323469445214e-07
1110272.059 3.26830476039971e-07
1129665.176 3.61170957706358e-07
1149058.294 3.95566452304622e-07
1168451.412 3.03300684096873e-07
1187844.529 3.68828487900552e-07
1207237.647 3.57950888055177e-07
1226630.765 3.59308774378653e-07
1246023.882 2.97439771311315e-07
1265417 2.90157523984903e-07
1284810.118 2.72032169692557e-07
1304203.235 2.65895547605027e-07
1323596.353 2.07453716195227e-07
1342989.471 2.9117551247149e-07
1362382.588 2.68680243589782e-07
1381775.706 2.23391884910917e-07
1401168.824 1.88764232086586e-07
1420561.941 3.42770314198124e-07
1439955.059 3.17520157643977e-07
1459348.176 3.27630950119515e-07
1478741.294 3.03756534540522e-07
1498134.412 3.17165242755456e-07
1517527.529 3.32389977128312e-07
1536920.647 3.16890729740274e-07
1556313.765 3.61417540991042e-07
1575706.882 3.32325843175724e-07
1595100 2.87032745268287e-07
1595100 3.22655412623586e-07
1646141.765 2.92020723282167e-07
1697183.529 2.98292422641375e-07
1748225.294 2.80607448731779e-07
1799267.059 4.1888300881639e-07
1850308.824 2.73334045246859e-07
1901350.588 2.65371315268601e-07
1952392.353 2.6615690442918e-07
2003434.118 2.27643033111764e-07
2054475.882 3.36524399431979e-07
2105517.647 2.72090139530979e-07
2156559.412 2.51006408847678e-07
2207601.176 2.9967077870396e-07
2258642.941 3.31649804488972e-07
2309684.706 3.11396046798671e-07
2360726.471 2.0997438843891e-07
2411768.235 2.29935600427337e-07
2462810 2.5621300673253e-07
2513851.765 2.7114441380003e-07
2564893.529 3.16744241549053e-07
2615935.294 2.51798590339445e-07
2666977.059 2.71562294022203e-07
2718018.824 2.55505206503351e-07
2769060.588 2.25314279112796e-07
2820102.353 2.39380425876156e-07
2871144.118 2.54771851157302e-07
2922185.882 1.66099888318412e-07
2973227.647 1.83382078147811e-07
3024269.412 2.3647829400917e-07
3075311.176 3.25267065919371e-07
3126352.941 2.62481573424672e-07
3177394.706 2.62792040566577e-07
3228436.471 1.76367089345331e-07
3279478.235 3.81768448622936e-07
3330520 2.87205231779885e-07
3381561.765 1.94084669348178e-07
3432603.529 2.57645056110363e-07
3483645.294 2.28596797862773e-07
3534687.059 2.2651815165704e-07
3585728.824 1.26876751313578e-07
3636770.588 1.82811322919599e-07
3687812.353 2.94368175889946e-07
3738854.118 2.60765296726423e-07
3789895.882 1.98446134328651e-07
3840937.647 1.85195308260468e-07
3891979.412 2.20489150563898e-07
3943021.176 1.78635353293227e-07
3994062.941 2.63125762086212e-07
4045104.706 2.23335608125741e-07
4096146.471 1.04341670292572e-07
4147188.235 2.28542342392708e-07
4198230 1.743222538958e-07
4198230 2.74431000214644e-07
4332570.588 2.20833103150231e-07
4466911.176 2.55431601113142e-07
4601251.765 1.97617589432949e-07
4735592.353 1.73212413387033e-07
4869932.941 1.5747493061134e-07
5004273.529 2.28669443144439e-07
5138614.118 2.10576425939233e-07
5272954.706 1.43383852307012e-07
5407295.294 2.03388850071249e-07
5541635.882 2.22638445153072e-07
5675976.471 2.30609710734322e-07
5810317.059 1.96922361437501e-07
5944657.647 2.12675551648409e-07
6078998.235 1.56926619555154e-07
6213338.824 1.70764668490797e-07
6347679.412 2.02313373107793e-07
6482020 1.35688315529774e-07
6616360.588 1.9121109426065e-07
6750701.176 1.91557374452949e-07
6885041.765 1.91580407974724e-07
7019382.353 1.71525230777622e-07
7153722.941 2.12802576245781e-07
7288063.529 1.54841011679608e-07
7422404.118 2.04162065279361e-07
7556744.706 1.31843558017312e-07
7691085.294 1.54936937296785e-07
7825425.882 1.88756955636767e-07
7959766.471 1.80793865066596e-07
8094107.059 1.20779950933593e-07
8228447.647 1.78679461194632e-07
8362788.235 1.80513278023512e-07
8497128.824 1.09280010479216e-07
8631469.412 1.35611388187439e-07
8765810 1.28437664895156e-07
8900150.588 1.84944642589034e-07
9034491.176 1.75277888651217e-07
9168831.765 1.35815260445651e-07
9303172.353 1.33204580530423e-07
9437512.941 1.20510610756138e-07
9571853.529 1.737258419763e-07
9706194.118 1.38343503056119e-07
9840534.706 1.83857474001219e-07
9974875.294 1.48267947253214e-07
10109215.882 1.41128964131227e-07
10243556.471 1.70080640227053e-07
10377897.059 1.28231793196863e-07
10512237.647 2.00924555732639e-07
10646578.235 1.15243432003583e-07
10780918.824 1.75471577033831e-07
10915259.412 1.38512458505338e-07
11049600 1.2616038904465e-07
11049600 1.39728706315139e-07
11403174.51 1.9333271081477e-07
11756749.02 1.49474925999029e-07
12110323.529 1.40369014835426e-07
12463898.039 1.4087393760922e-07
12817472.549 1.47614724245666e-07
13171047.059 1.30601219314233e-07
13524621.569 1.25665738929591e-07
13878196.078 1.41759736119138e-07
14231770.588 1.40169161841563e-07
14585345.098 1.35144434902959e-07
14938919.608 1.26056707535105e-07
15292494.118 1.52636774748446e-07
15646068.627 1.74227569018791e-07
15999643.137 9.04631926219985e-08
16353217.647 1.41610044060158e-07
16706792.157 1.44257276338838e-07
17060366.667 1.34315139661759e-07
17413941.176 1.06470138539815e-07
17767515.686 1.3889514932881e-07
18121090.196 1.25942778935869e-07
18474664.706 1.45601170915676e-07
18828239.216 1.23259894474006e-07
19181813.725 1.12505892758132e-07
19535388.235 1.32869360697783e-07
19888962.745 1.26830264328353e-07
20242537.255 1.0878483041941e-07
20596111.765 1.10205313313353e-07
20949686.275 1.16046511664382e-07
21303260.784 1.2073744381885e-07
21656835.294 1.14459438307098e-07
22010409.804 1.26923623189302e-07
22363984.314 1.04872253326368e-07
22717558.824 1.30278672774219e-07
23071133.333 1.27051140604089e-07
23424707.843 1.47087511673019e-07
23778282.353 1.24971237568751e-07
24131856.863 1.28949566193266e-07
24485431.373 1.3662593197307e-07
24839005.882 1.29467613613196e-07
25192580.392 1.41963305749711e-07
25546154.902 1.25394820127378e-07
25899729.412 1.24518757312854e-07
26253303.922 1.55507292983107e-07
26606878.431 1.04243413361313e-07
26960452.941 1.55578087470267e-07
27314027.451 9.83692788430702e-08
27667601.961 1.19401842525847e-07
28021176.471 1.25135722111497e-07
28374750.98 1.3629038329717e-07
28728325.49 1.34298845350919e-07
29081900 1.13293340524499e-07
29081900 1.16688182224316e-07
30012498.039 1.60992803277442e-07
30943096.078 1.33782555134516e-07
31873694.118 1.36716632270407e-07
32804292.157 8.74402372484544e-08
33734890.196 1.30211208924725e-07
34665488.235 7.93469209032695e-08
35596086.275 1.75047910944234e-07
36526684.314 1.27925899928802e-07
37457282.353 1.30951097501661e-07
38387880.392 1.03456438369642e-07
39318478.431 1.25302149844725e-07
40249076.471 1.27346326827419e-07
41179674.51 1.22211480184146e-07
42110272.549 1.43356624489582e-07
43040870.588 1.22616483100962e-07
43971468.627 1.41355839114652e-07
44902066.667 1.11883828487816e-07
45832664.706 1.17480681372115e-07
46763262.745 1.21172727230767e-07
47693860.784 9.68357542585506e-08
48624458.824 9.22617566734646e-08
49555056.863 9.7734788434956e-08
50485654.902 1.09757878292904e-07
51416252.941 8.51402681555984e-08
52346850.98 9.30479750695522e-08
53277449.02 8.96035291221412e-08
54208047.059 8.09811064328736e-08
55138645.098 9.15923976936498e-08
56069243.137 9.18205647584984e-08
56999841.176 7.04849373362565e-08
57930439.216 8.80034035602124e-08
58861037.255 6.29121085446164e-08
59791635.294 5.6697375300452e-08
60722233.333 7.17954229063441e-08
61652831.373 6.68030337888303e-08
62583429.412 6.59886565007767e-08
63514027.451 7.33071649235196e-08
64444625.49 5.54601664894724e-08
65375223.529 4.45487939605339e-08
66305821.569 3.62739487367987e-08
67236419.608 5.24051155468309e-08
68167017.647 7.29498205237545e-08
69097615.686 5.0628449405286e-08
70028213.725 4.75814538558344e-08
70958811.765 2.86419202205002e-08
71889409.804 3.64650242688155e-08
72820007.843 4.22319221965127e-08
73750605.882 4.13363010610638e-08
74681203.922 4.32067251299482e-08
75611801.961 4.22092889850895e-08
76542400 3.86247522892057e-08
76542400 3.90305123832278e-08
78991686.275 3.61148688245202e-08
81440972.549 2.87040207530496e-08
83890258.824 2.06954822708653e-08
86339545.098 2.75751567650666e-08
88788831.373 3.57889879304459e-08
91238117.647 2.30013358268949e-08
93687403.922 1.97046188829041e-08
96136690.196 3.78198849325639e-07
98585976.471 3.16019639932378e-08
101035262.745 2.31728293933391e-08
103484549.02 -0
105933835.294 1.9639451554962e-08
108383121.569 1.09422386258023e-08
110832407.843 1.79027976266281e-08
113281694.118 5.12779009753714e-09
115730980.392 2.0038067067679e-08
118180266.667 1.39379134228872e-08
120629552.941 1.170328458183e-08
123078839.216 5.78686994752776e-09
125528125.49 1.18372506818771e-08
127977411.765 1.54167617165603e-08
130426698.039 8.454668554633e-09
132875984.314 1.502568387041e-08
135325270.588 4.73693287146862e-09
137774556.863 8.63152808811974e-09
140223843.137 8.2520459925221e-09
142673129.412 6.71756986066509e-09
145122415.686 7.32698967219035e-09
147571701.961 -0
150020988.235 -0
152470274.51 -0
154919560.784 3.65880828799488e-09
157368847.059 1.26110479699087e-08
159818133.333 5.84086678875447e-09
162267419.608 -0
164716705.882 -0
167165992.157 -0
169615278.431 -0
172064564.706 1.2476971359669e-09
174513850.98 5.02973700706021e-09
176963137.255 4.48956639309533e-09
179412423.529 7.82204971373233e-09
181861709.804 8.82199897020687e-09
184310996.078 3.90886207109077e-09
186760282.353 1.00002628277861e-08
189209568.627 7.52340921918886e-09
191658854.902 -0
194108141.176 -0
196557427.451 5.97079560769752e-09
199006713.725 7.64314424481672e-09
201456000 1.35764459880596e-09
