101 1368.48222655158
104.18 1160.50924237503
107.361 1343.61284561819
110.541 1543.69423375267
113.721 1415.29243535518
116.902 1218.84792587795
120.082 1138.95165635787
123.262 1401.30101624014
126.443 1278.06231712743
129.623 1208.89726927537
132.803 1097.97358180699
135.983 1305.27509828587
139.164 1201.79008356881
142.344 1060.662476818
145.524 1145.73635573957
148.705 1328.95384057778
151.885 1227.1973097437
155.065 1161.10733514803
158.246 1020.8639950338
161.426 1200.77322528365
164.606 1129.89695231199
167.787 1129.29094336401
170.967 1065.34148311735
174.147 1171.74872758461
177.328 1073.25736183407
180.508 970.142085860745
183.688 978.952778553134
186.868 1168.63718121883
190.049 1171.35058287881
193.229 1147.62164073565
196.409 1001.23008755569
199.59 1086.76791809181
202.77 1089.46694443651
205.95 996.002226844312
209.131 937.797756280623
212.311 1077.94311603986
215.491 1057.36346794819
218.672 1030.25419885701
221.852 947.24357389028
225.032 1065.17490711513
228.213 1077.12195448513
231.393 1046.92761487436
234.573 883.983562623284
237.753 1004.13833213947
240.934 1066.39712493112
244.114 993.14981421528
247.294 816.306601704549
250.475 888.615074918979
253.655 1047.37832833887
256.835 1110.39611212345
260.016 871.150642352523
263.196 856.450868432641
264.196 493.422174620375
272.598 484.918066184343
281.001 480.63130834249
289.403 455.235198572849
297.806 422.435470086183
306.208 387.236412759429
314.611 358.471290790273
323.013 345.131287806086
331.415 323.127390910941
339.818 311.542218516333
348.22 306.406133797827
356.623 307.082617906038
365.025 281.314288681239
373.428 241.113754344634
381.83 176.43046327359
390.232 164.369129249908
398.635 158.595795612441
407.037 167.608464968068
415.44 177.952548052143
423.842 191.277484941995
432.245 179.45559211805
440.647 129.990677130665
449.049 116.565021113664
457.452 114.718124762333
465.854 132.409208685958
474.257 132.586427860583
482.659 130.341965021584
491.062 129.735232522006
499.464 130.994972785729
507.867 136.978886906609
516.269 143.364395147569
524.671 143.920700249683
533.074 119.789294599792
541.476 116.372806608947
549.879 149.206019796798
558.281 157.094239847803
566.684 159.958358419163
575.086 162.527802995642
583.488 158.426985558733
591.891 155.105166170832
600.293 150.985557293909
608.696 149.824329655957
617.098 159.529398536647
625.501 161.231468561814
633.903 154.021315633714
642.305 151.065669762186
650.708 172.58161256481
659.11 191.35221648284
667.513 208.879232627773
675.915 195.350913319769
684.318 179.738964343145
692.72 184.214923941117
693.72 241.842669113764
715.867 272.389299970022
738.014 295.679521060182
760.161 271.648266727939
782.307 264.321918849373
804.454 254.204019105474
826.601 237.560832824261
848.748 221.121746386106
870.895 192.681705277315
893.042 241.21761901133
915.189 236.018217891233
937.335 221.04661585276
959.482 229.220331281519
981.629 197.257672986357
1003.776 197.151986130653
1025.923 184.775664232368
1048.07 149.491862106307
1070.217 183.361594782271
1092.364 166.934105520551
1114.51 173.797266486138
1136.657 164.887956733326
1158.804 181.056838023867
1180.951 169.802639919669
1203.098 156.877158583866
1225.245 160.877272409821
1247.392 158.836910181109
1269.538 157.758884183873
1291.685 166.812217872483
1313.832 146.044781228831
1335.979 147.310817734835
1358.126 123.395921847982
1380.273 105.932529638999
1402.42 103.000557021241
1424.566 122.318803629102
1446.713 110.246539679324
1468.86 80.6512635301845
1491.007 69.4902195931279
1513.154 79.2992151799363
1535.301 67.5552206703997
1557.448 64.4215361243111
1579.595 70.3619971479622
1601.741 109.819682893116
1623.888 111.380639312444
1646.035 99.2217878744157
1668.182 119.15499305667
1690.329 114.078248938476
1712.476 91.161784688934
1734.623 113.12648171322
1756.769 93.2805181031482
1778.916 101.764781943122
1801.063 111.336577417948
1823.21 104.631676534807
1824.21 72.22959613508
1882.531 70.0368074327327
1940.853 59.7094123153799
1999.174 53.8559358842881
2057.495 48.5736308988702
2115.817 48.8381274593877
2174.138 59.7145964026224
2232.46 65.5399663277406
2290.781 57.5059931006742
2349.102 45.3807426871723
2407.424 47.148531662324
2465.745 71.2370086408275
2524.066 70.6906526456297
2582.388 65.0580513931622
2640.709 53.0052649882826
2699.031 47.2206448291852
2757.352 56.5663474968329
2815.673 44.1278490790631
2873.995 63.1579920349031
2932.316 53.0437955549286
2990.637 66.515721980406
3048.959 57.7926930801584
3107.28 53.2528579630826
3165.602 43.2265279957508
3223.923 58.7043104093402
3282.244 56.1212674252966
3340.566 44.2538711222042
3398.887 48.1920840362796
3457.208 34.8851674180012
3515.53 46.1489114879286
3573.851 49.0081989479369
3632.173 51.0368341253273
3690.494 45.8641174948277
3748.815 40.7756505124269
3807.137 38.0312472563425
3865.458 40.2477456457229
3923.779 42.012702323307
3982.101 41.5090865231898
4040.422 43.0702205491794
4098.744 41.3890167842938
4157.065 50.9689399434016
4215.386 41.4968690880834
4273.708 39.7342512400357
4332.029 43.5659660783247
4390.35 52.126878981088
4448.672 59.5178638170768
4506.993 52.2664060807812
4565.315 45.6197699295523
4623.636 49.0866071162737
4681.957 40.3769548619497
4740.279 33.5678096525336
4798.6 34.4569266036851
4799.6 70.1198168868145
4953.131 53.1065353242436
5106.663 53.8486901808231
5260.194 62.7353269729208
5413.725 44.1032248533784
5567.257 53.4876190123313
5720.788 71.3247274366436
5874.32 38.2702924079594
6027.851 36.1446200444188
6181.382 76.0825350802439
6334.914 94.4720925311884
6488.445 68.5517182162293
6641.976 31.4015516298652
6795.508 47.8800483393189
6949.039 43.0867051585567
7102.571 49.1759136608106
7256.102 70.8199449774118
7409.633 72.1224393746846
7563.165 56.4122817782542
7716.696 43.817336655005
7870.227 34.7053189579375
8023.759 36.7022110354694
8177.29 46.3409956530855
8330.822 57.360177722091
8484.353 50.6556234893601
8637.884 46.510878862347
8791.416 59.2247656034416
8944.947 35.1397359561834
9098.478 25.500835084999
9252.01 42.6389752755926
9405.541 41.9718495701887
9559.073 36.6564068551929
9712.604 44.1807830005391
9866.135 54.1288736559232
10019.667 51.2216315855146
10173.198 40.9145397828277
10326.729 40.9821814865322
10480.261 35.2205313820768
10633.792 36.8809998347721
10787.324 62.7270581679552
10940.855 63.8968254416924
11094.386 59.6953197045418
11247.918 55.6774925481264
11401.449 52.4391149187985
11554.98 34.4819940373417
11708.512 43.4126376554688
11862.043 59.7092675025775
12015.575 63.5848276054804
12169.106 60.1010857487687
12322.637 50.4507138242479
12476.169 47.2217119554655
12629.7 54.1138733459817
12630.7 30.3806223654585
13034.822 31.6147948831433
13438.943 29.3414568534722
13843.065 23.9943053787268
14247.186 23.4194888732623
14651.308 23.0944366258864
15055.429 24.849958059017
15459.551 28.2380391359859
15863.673 30.3678151145314
16267.794 25.9112587550314
16671.916 22.2488426091537
17076.037 24.9375841679286
17480.159 26.5716175354465
17884.28 21.865266153043
18288.402 21.5948897880804
18692.524 23.6207496452792
19096.645 21.9385994225403
19500.767 20.2437925223705
19904.888 23.7933119819362
20309.01 27.984867138186
20713.131 25.5585287626215
21117.253 22.4581720588739
21521.375 20.7395156654515
21925.496 20.1103358714401
22329.618 20.9883813134116
22733.739 20.5295253137131
23137.861 19.3554399156254
23541.982 17.6758187721738
23946.104 14.6184113103061
24350.225 17.0959858917044
24754.347 20.8668664122533
25158.469 21.3262605376636
25562.59 19.1504827867513
25966.712 16.9138257845118
26370.833 16.8593821952486
26774.955 20.53154383517
27179.076 21.3219646133296
27583.198 24.8359470999069
27987.32 23.8109929418597
28391.441 22.2775360380138
28795.563 20.5016992002111
29199.684 21.8425782468856
29603.806 20.978545834226
30007.927 19.91292690955
30412.049 19.4818661750805
30816.171 17.8049457777213
31220.292 19.1224241730446
31624.414 19.4735100713313
32028.535 19.7516328184304
32432.657 13.8736147234675
32836.778 13.7304688483874
33240.9 19.2557228606952
33241.9 22.0477125301427
34305.559 21.640871503754
35369.218 20.930746532521
36432.876 20.300435159184
37496.535 19.4281227438499
38560.194 17.7179741347459
39623.853 15.4442120247039
40687.512 14.7217451137879
41751.171 15.4351147362583
42814.829 20.9350167844548
43878.488 22.0745140803021
44942.147 19.8622379756356
46005.806 17.2773621992636
47069.465 16.8051297506078
48133.124 13.2331623059149
49196.782 11.0091106493517
50260.441 10.7918289673115
51324.1 13.2784436182601
52387.759 14.5199314360209
53451.418 14.7056991765261
54515.076 13.05412349357
55578.735 15.0031270646344
56642.394 16.1759749991233
57706.053 15.087880590317
58769.712 14.9962328696147
59833.371 13.7560355141576
60897.029 15.3153872498858
61960.688 16.5284051271258
63024.347 13.5626860762849
64088.006 11.9695851110194
65151.665 12.6975648899398
66215.324 14.3589241911234
67278.982 15.5046990128621
68342.641 11.7605797382214
69406.3 10.6489273292767
70469.959 11.7154724153028
71533.618 12.9686298532526
72597.276 11.2274459007732
73660.935 10.1850523073932
74724.594 11.6063869816842
75788.253 12.7126815063139
76851.912 14.245418858974
77915.571 13.2461735796615
78979.229 12.4495516342083
80042.888 14.4774411827955
81106.547 16.5936050154246
82170.206 16.9315813601512
83233.865 14.2547228879851
84297.524 13.5351597993994
85361.182 13.4972781428683
86424.841 13.3603450007041
87488.5 12.5970228360417
87489.5 11.13941822726
90289.039 9.97122600466871
93088.578 9.39188324379751
95888.118 10.8087886150079
98687.657 11.2549957909837
101487.196 10.2421305763978
104286.735 9.67753034829077
107086.275 10.3873317395055
109885.814 9.10406239731026
112685.353 9.14939722900289
115484.892 9.6272373443019
118284.431 9.93547974574524
121083.971 10.7419294166118
123883.51 12.6039024761861
126683.049 14.1708058043514
129482.588 14.8568117834334
132282.127 15.1186433235945
135081.667 13.9458676943138
137881.206 11.1961336859845
140680.745 8.28142959653836
143480.284 8.1040599481982
146279.824 9.86772883751637
149079.363 9.95619346133151
151878.902 9.40008412856217
154678.441 8.34337130356612
157477.98 8.67058606376755
160277.52 9.22160761652842
163077.059 10.1156402267308
165876.598 10.8189594313159
168676.137 9.60292170222166
171475.676 8.8313806814314
174275.216 6.97097007836765
177074.755 6.44048325905503
179874.294 8.20043486704188
182673.833 9.10653895076797
185473.373 8.82300211067901
188272.912 7.91596094027462
191072.451 7.44518086579351
193871.99 4.90583141684209
196671.529 4.7443042463484
199471.069 6.18739052894886
202270.608 7.97317143408803
205070.147 8.14899368533411
207869.686 6.8074802516892
210669.225 7.05869286812246
213468.765 7.83436507267135
216268.304 9.3670933807665
219067.843 10.7692530540576
221867.382 9.84140448872081
224666.922 7.82761664580687
227466.461 7.04393790404225
230266 7.57538089449471
230267 8.10769759140001
237635.294 7.4449653017478
245003.588 9.03044290582134
252371.882 7.70817674970345
259740.176 6.56487742301475
267108.471 7.58166803667011
274476.765 8.56119445941092
281845.059 8.13675549818289
289213.353 7.4417341409338
296581.647 7.94955350681089
303949.941 5.28418761195483
311318.235 6.49115031959018
318686.529 5.1597506195509
326054.824 5.24219388183362
333423.118 7.06446809951438
340791.412 7.54720548518975
348159.706 6.31094533143187
355528 5.43874776421265
362896.294 5.72515611781043
370264.588 6.03984257342923
377632.882 5.1114951249384
385001.176 7.37653930209749
392369.471 7.37833861263207
399737.765 6.41792481532207
407106.059 6.84863020626929
414474.353 6.71724378183091
421842.647 6.38101077601475
429210.941 5.77086048943367
436579.235 6.54848787988691
443947.529 5.3537404028873
451315.824 5.98515382838584
458684.118 6.33443763731447
466052.412 5.93070250554818
473420.706 6.04389675015458
480789 6.31539368391661
488157.294 5.55478672596754
495525.588 3.86183282149891
502893.882 5.47529693022946
510262.176 5.54080521574554
517630.471 5.25170338960842
524998.765 5.5384159382728
532367.059 4.20900127240913
539735.353 5.88100878364517
547103.647 4.99315802371966
554471.941 5.74757193239144
561840.235 6.02406072821471
569208.529 3.58826945899939
576576.824 4.88607827738419
583945.118 4.14769774547436
591313.412 5.66028659531103
598681.706 5.85550231596806
606050 5.47010027623223
606051 5.12362780448957
625444.118 7.52421984581659
644837.235 4.93717184096598
664230.353 5.3315235690152
683623.471 5.24114456743423
703016.588 3.30825404073654
722409.706 4.43958755658364
741802.824 7.13196675117659
761195.941 3.56582956503829
780589.059 5.81029488077406
799982.176 4.51098565046813
819375.294 4.92306766182827
838768.412 4.50888126803485
858161.529 5.20253557793362
877554.647 3.58099586192666
896947.765 4.73539731851718
916340.882 4.08533490250069
935734 4.0605902832738
955127.118 3.53955491862877
974520.235 4.58042455868645
993913.353 6.53319659987118
1013306.471 4.86196562212125
1032699.588 4.13887215134171
1052092.706 4.16655785280112
1071485.824 4.11517713840781
1090878.941 5.3931016290749
1110272.059 4.77787902063237
1129665.176 3.89016987831836
1149058.294 3.56695808480601
1168451.412 4.88930898745785
1187844.529 4.19604019097711
1207237.647 3.12622252460878
1226630.765 3.8924701700143
1246023.882 4.97839825257022
1265417 5.69296798527796
1284810.118 2.04138023907844
1304203.235 4.39756865528149
1323596.353 3.86538377246939
1342989.471 3.60638007319405
1362382.588 4.26878803649301
1381775.706 3.5891184031643
1401168.824 4.22675715586193
1420561.941 5.06713013640874
1439955.059 4.29764305035322
1459348.176 4.20321686402419
1478741.294 2.99501765260655
1498134.412 4.31759596630452
1517527.529 3.74921194550387
1536920.647 4.77158592510497
1556313.765 2.90929045528157
1575706.882 4.621248402018
1595100 4.27671173678135
1595100 4.47041739878016
1646141.765 3.86825618373199
1697183.529 3.51569818207971
1748225.294 4.87345064799903
1799267.059 4.80502172286194
1850308.824 4.21284012906571
1901350.588 2.9695501870529
1952392.353 2.7007842552927
2003434.118 4.3480611575297
2054475.882 2.31962780246271
2105517.647 2.97731299187871
2156559.412 5.24232878929606
2207601.176 2.37184009843245
2258642.941 3.60855229560076
2309684.706 4.41115865046673
2360726.471 3.8016581053557
2411768.235 3.76205591762121
2462810 3.96255013194964
2513851.765 3.64690740066727
2564893.529 2.23261316904105
2615935.294 2.55970339098829
2666977.059 3.78566408932115
2718018.824 3.97410599350478
2769060.588 3.26335033524474
2820102.353 3.46173272366976
2871144.118 4.69827738774566
2922185.882 3.57136368504834
2973227.647 3.86964987860252
3024269.412 3.6169492482855
3075311.176 3.61213441070538
3126352.941 4.65326085044482
3177394.706 3.99647120648458
3228436.471 2.77762564399129
3279478.235 4.20386692144958
3330520 2.87347431413566
3381561.765 3.2539802253885
3432603.529 4.13895121533275
3483645.294 4.70357750039342
3534687.059 2.60850795426969
3585728.824 3.57290109564316
3636770.588 2.89742177569666
3687812.353 3.35933988244615
3738854.118 3.08320240328481
3789895.882 2.49386680561216
3840937.647 2.44053888693152
3891979.412 2.70310104720717
3943021.176 3.42613260325212
3994062.941 3.18954675279557
4045104.706 2.75884514651687
4096146.471 3.33085270189338
4147188.235 3.02225589201249
4198230 2.23030080833325
4198230 3.63461642425455
4332570.588 3.72483234745575
4466911.176 2.84261992643843
4601251.765 3.52004097198181
4735592.353 3.50888527886491
4869932.941 3.30387609496013
5004273.529 2.90396912069049
5138614.118 3.00289484676934
5272954.706 2.85031330777497
5407295.294 1.89018398326977
5541635.882 3.5136612909747
5675976.471 3.60298243300724
5810317.059 3.62392328323836
5944657.647 3.4469280870081
6078998.235 3.25621037063975
6213338.824 2.15980073920153
6347679.412 3.16324471885919
6482020 2.93411497788828
6616360.588 3.3855744006239
6750701.176 1.37588820421171
6885041.765 2.08963201908835
7019382.353 3.34436023421573
7153722.941 2.87582511033246
7288063.529 2.15824861431322
7422404.118 2.38531498772787
7556744.706 2.6065991870669
7691085.294 3.06113321903857
7825425.882 4.05005775134771
7959766.471 2.98446426303695
8094107.059 3.14932579548084
8228447.647 2.84811168464696
8362788.235 3.98434566317026
8497128.824 2.52856432807745
8631469.412 2.73372140985628
8765810 2.88636421005339
8900150.588 3.37266669916694
9034491.176 3.00863793750622
9168831.765 2.65377957108414
9303172.353 3.39913971805013
9437512.941 2.6391089856678
9571853.529 3.78364137028311
9706194.118 2.38738863750674
9840534.706 2.36569142503048
9974875.294 2.49981824211581
10109215.882 2.82622777799868
10243556.471 1.75702052966869
10377897.059 2.51518060089878
10512237.647 1.92628073447832
10646578.235 3.58918823188171
10780918.824 1.90170925976296
10915259.412 2.35852216995876
11049600 2.55907249916642
11049600 2.08610043840795
11403174.51 3.14039933360274
11756749.02 2.6661267103711
12110323.529 2.81741351033944
12463898.039 3.14727541587302
12817472.549 3.26216237171371
13171047.059 3.27164344312322
13524621.569 2.92995116842618
13878196.078 2.51601211822744
14231770.588 2.47992261484905
14585345.098 2.58161283861944
14938919.608 2.05065002728763
15292494.118 2.14456091773786
15646068.627 2.91382362550381
15999643.137 3.17256826554996
16353217.647 3.00223414129966
16706792.157 1.48833535993534
17060366.667 2.41384350795197
17413941.176 2.71584129562331
17767515.686 2.66521293168283
18121090.196 3.29504399883414
18474664.706 1.88865795054565
18828239.216 1.45091400713317
19181813.725 2.93730394373526
19535388.235 2.25742006649593
19888962.745 2.32589681944625
20242537.255 2.50674451482777
20596111.765 2.32327854155475
20949686.275 2.93515389736889
21303260.784 1.9109122393984
21656835.294 3.29944405618093
22010409.804 2.36173584385329
22363984.314 3.0261919157917
22717558.824 2.44965147513382
23071133.333 2.54925153154221
23424707.843 2.21411594533542
23778282.353 2.56209066288397
24131856.863 2.37697892342836
24485431.373 3.32898921906543
24839005.882 2.57366427435353
25192580.392 2.33036315553033
25546154.902 2.88021590322697
25899729.412 2.54349713343146
26253303.922 3.06059812895023
26606878.431 1.6129024543498
26960452.941 1.51673493990974
27314027.451 1.03013985043297
27667601.961 2.5854757523029
28021176.471 2.81496390713733
28374750.98 2.61628440797415
28728325.49 2.99417113065274
29081900 1.40837381934168
29081900 2.51664005485782
30012498.039 2.38621649253888
30943096.078 2.10246928304074
31873694.118 1.87171679496085
32804292.157 2.28357551278387
33734890.196 2.72961624950821
34665488.235 3.47273413999303
35596086.275 2.30584917789035
36526684.314 2.32515870849928
37457282.353 1.12372071332233
38387880.392 1.6463859907051
39318478.431 2.61288308860039
40249076.471 2.53559280554053
41179674.51 3.16352145608005
42110272.549 2.62525193554345
43040870.588 2.31089795716869
43971468.627 2.97171575612717
44902066.667 2.78001740257714
45832664.706 3.55144639934148
46763262.745 3.15334711088061
47693860.784 2.1450297700018
48624458.824 1.8811932620395
49555056.863 1.54210707145561
50485654.902 2.77837262435212
51416252.941 2.9634848110789
52346850.98 3.57437919432522
53277449.02 2.43409644458624
54208047.059 1.50430358484463
55138645.098 1.03234041326768
56069243.137 1.79261003316198
56999841.176 2.4473058051443
57930439.216 2.7471672971138
58861037.255 3.25955248443036
59791635.294 3.54085304579198
60722233.333 2.41680029704463
61652831.373 1.36409728410872
62583429.412 1.7335636424182
63514027.451 2.89301961978083
64444625.49 1.36312519704326
65375223.529 2.36307437324163
66305821.569 1.94775278864248
67236419.608 2.76167841844963
68167017.647 1.86331964708916
69097615.686 3.15587322870805
70028213.725 NaN
70958811.765 NaN
71889409.804 1.39280675103575
72820007.843 0.397990094780653
73750605.882 NaN
74681203.922 2.17468981727356
75611801.961 2.52718956320569
76542400 NaN
76542400 NaN
78991686.275 NaN
81440972.549 2.25518491083868
83890258.824 NaN
86339545.098 1.78434725397758
88788831.373 NaN
91238117.647 2.3654563932434
93687403.922 4.12791232662192
96136690.196 NaN
98585976.471 5.0975218200918
101035262.745 NaN
103484549.02 NaN
105933835.294 NaN
108383121.569 1.64178175946356
110832407.843 1.53922085835534
113281694.118 NaN
115730980.392 4.31735030519428
118180266.667 NaN
120629552.941 NaN
123078839.216 NaN
125528125.49 4.58228541582324
127977411.765 5.74917651316663
130426698.039 3.09348532973306
132875984.314 4.58523751635821
135325270.588 2.53399935680514
137774556.863 4.48980167212506
140223843.137 NaN
142673129.412 7.9027206896668
145122415.686 1.30941192378639
147571701.961 3.73990761171363
150020988.235 1.68830363372656
152470274.51 NaN
154919560.784 4.53454774564935
157368847.059 NaN
159818133.333 NaN
162267419.608 6.58682649759224
164716705.882 5.28927957111777
167165992.157 6.0783345480298
169615278.431 NaN
172064564.706 NaN
174513850.98 NaN
176963137.255 1.17036241514185
179412423.529 NaN
181861709.804 8.10267122095233
184310996.078 NaN
186760282.353 5.19362581491584
189209568.627 7.33552848363693
191658854.902 5.00185779821176
194108141.176 NaN
196557427.451 3.43400362209891
199006713.725 9.56996288310001
201456000 8.12430048909697
