101 3.3883632147541e-06
104.18 3.51483409777546e-06
107.361 3.51532087220939e-06
110.541 3.72615969219987e-06
113.721 3.51930365227313e-06
116.902 3.16472342969176e-06
120.082 3.40314527023042e-06
123.262 3.98193642916544e-06
126.443 4.46432988040189e-06
129.623 4.19909743445319e-06
132.803 3.72116895887262e-06
135.983 3.01403163836623e-06
139.164 3.32187680745005e-06
142.344 3.40316560658904e-06
145.524 3.48829007133294e-06
148.705 2.24552015931276e-06
151.885 -0
155.065 -0
158.246 2.07841338796689e-06
161.426 2.74124233575673e-06
164.606 2.88977096675844e-06
167.787 2.98797187958906e-06
170.967 3.06293331016378e-06
174.147 3.11421744393772e-06
177.328 3.10661517651849e-06
180.508 2.90685674486321e-06
183.688 2.69926611463649e-06
186.868 2.20280351926238e-06
190.049 2.45085594839621e-06
193.229 2.98908939036741e-06
196.409 3.66061698231401e-06
199.59 4.37193312580322e-06
202.77 4.44906045864587e-06
205.95 3.29848114100014e-06
209.131 2.78948889877275e-06
212.311 2.52768040513214e-06
215.491 2.45880012204002e-06
218.672 2.7716435338652e-06
221.852 2.81750942865625e-06
225.032 2.51452681712536e-06
228.213 2.61854284347703e-06
231.393 2.56209011288313e-06
234.573 3.06412237747753e-06
237.753 3.34816096178239e-06
240.934 3.3391609747486e-06
244.114 2.78169491010121e-06
247.294 2.27760487184432e-06
250.475 2.41484880276696e-06
253.655 2.36298138575169e-06
256.835 2.04443211444156e-06
260.016 2.41365849702169e-06
263.196 2.68582965770817e-06
264.196 2.84433972848365e-06
272.598 3.11028503792279e-06
281.001 3.31525584448404e-06
289.403 3.37828527372944e-06
297.806 3.29156812765295e-06
306.208 3.08388184305187e-06
314.611 2.72551746093347e-06
323.013 2.56419606677986e-06
331.415 2.54622411881987e-06
339.818 2.31438195589597e-06
348.22 2.00619713838565e-06
356.623 1.96156616208997e-06
365.025 2.11988278210574e-06
373.428 2.26639948476736e-06
381.83 2.05963373776003e-06
390.232 1.99148951827991e-06
398.635 2.28862512955129e-06
407.037 2.25447502800243e-06
415.44 2.19355272101837e-06
423.842 2.26991153521175e-06
432.245 2.18372132609015e-06
440.647 1.9660879553161e-06
449.049 1.87617397724272e-06
457.452 1.74330285526408e-06
465.854 1.84186697009848e-06
474.257 2.00862907877216e-06
482.659 2.12853158350047e-06
491.062 2.14045570291401e-06
499.464 1.89465097213397e-06
507.867 1.87454936674535e-06
516.269 1.95756235263342e-06
524.671 1.89681302146229e-06
533.074 1.95582104669833e-06
541.476 2.19594258980584e-06
549.879 2.27090618535505e-06
558.281 2.19681512501617e-06
566.684 2.03561118652886e-06
575.086 1.6400037146589e-06
583.488 1.61366550514938e-06
591.891 1.5924045130094e-06
600.293 1.81398739361908e-06
608.696 1.89188652052779e-06
617.098 1.72660860020951e-06
625.501 1.70231263405192e-06
633.903 1.75963336001548e-06
642.305 2.0084258228304e-06
650.708 2.00024454028952e-06
659.11 1.91326501916184e-06
667.513 1.6954039659858e-06
675.915 1.64427805890546e-06
684.318 1.5555356951293e-06
692.72 1.36794647163833e-06
693.72 2.1975246821636e-06
715.867 1.86109794494731e-06
738.014 1.55244024003392e-06
760.161 1.69637508128239e-06
782.307 1.70932282318911e-06
804.454 1.66762974281439e-06
826.601 1.41748670410424e-06
848.748 1.56815321140684e-06
870.895 1.68185301542223e-06
893.042 1.53550803962441e-06
915.189 1.59516640298241e-06
937.335 1.61959553801466e-06
959.482 1.39287338998961e-06
981.629 1.29065859143801e-06
1003.776 1.90600352112338e-06
1025.923 1.67363163500856e-06
1048.07 2.05933212104963e-06
1070.217 2.17637542461017e-06
1092.364 1.55894866934642e-06
1114.51 1.03902927177963e-06
1136.657 1.50231776222495e-06
1158.804 1.27410968278573e-06
1180.951 1.43649015857138e-06
1203.098 1.20661609760976e-06
1225.245 1.1635638358281e-06
1247.392 1.03766739674878e-06
1269.538 1.0876846691491e-06
1291.685 1.29847298410469e-06
1313.832 1.3804143847929e-06
1335.979 1.24346630860944e-06
1358.126 1.37536177967172e-06
1380.273 1.47017800966691e-06
1402.42 1.47302681371194e-06
1424.566 1.05714675687484e-06
1446.713 1.30285935812034e-06
1468.86 1.48678924330428e-06
1491.007 1.26288008158495e-06
1513.154 1.09270717857139e-06
1535.301 1.5636415612744e-06
1557.448 1.13009795535722e-06
1579.595 1.09423199830562e-06
1601.741 1.37407880078487e-06
1623.888 1.42607234038188e-06
1646.035 1.34251383738358e-06
1668.182 1.0784973289769e-06
1690.329 1.25447832825175e-06
1712.476 1.06484967951103e-06
1734.623 1.09325111886174e-06
1756.769 1.27410821377376e-06
1778.916 1.36993964999915e-06
1801.063 1.29820385182311e-06
1823.21 1.12698226004948e-06
1824.21 1.11884485923286e-06
1882.531 1.20874775263659e-06
1940.853 8.58233574259572e-07
1999.174 7.42087095596353e-07
2057.495 9.75736393965337e-07
2115.817 9.85658712543368e-07
2174.138 1.06996442494879e-06
2232.46 1.07316735748484e-06
2290.781 1.49286821943105e-06
2349.102 1.3242198991466e-06
2407.424 1.22849747046693e-06
2465.745 1.07027338330312e-06
2524.066 9.37621751988455e-07
2582.388 8.58312962021057e-07
2640.709 7.78599265543758e-07
2699.031 9.73378844057898e-07
2757.352 1.02690389466543e-06
2815.673 9.75670280075447e-07
2873.995 7.56046288876554e-07
2932.316 9.01527506511835e-07
2990.637 8.35570615637656e-07
3048.959 7.92744982441929e-07
3107.28 7.4967826332296e-07
3165.602 8.59664735326952e-07
3223.923 8.98351676165292e-07
3282.244 9.5188308270351e-07
3340.566 7.76699866287606e-07
3398.887 8.27422453216338e-07
3457.208 9.17297019003533e-07
3515.53 9.28219030665655e-07
3573.851 9.51745222583535e-07
3632.173 8.27105310465429e-07
3690.494 6.96124986692576e-07
3748.815 6.78631869799488e-07
3807.137 8.24233790349541e-07
3865.458 9.99864317321167e-07
3923.779 7.19651920999807e-07
3982.101 8.48665968232914e-07
4040.422 8.91710947823468e-07
4098.744 8.35577716521561e-07
4157.065 7.50379884359714e-07
4215.386 8.52895858542193e-07
4273.708 8.25267973102337e-07
4332.029 8.77061622997351e-07
4390.35 7.92180618370407e-07
4448.672 7.71502898820365e-07
4506.993 7.57538669631056e-07
4565.315 6.60667555440063e-07
4623.636 8.30601419583188e-07
4681.957 8.16451238109594e-07
4740.279 7.54287432092734e-07
4798.6 6.86593262536654e-07
4799.6 9.63077515072269e-07
4953.131 8.84880410294639e-07
5106.663 6.23837852672629e-07
5260.194 7.07914315638446e-07
5413.725 8.12255400860402e-07
5567.257 7.89888381344944e-07
5720.788 6.68465011315978e-07
5874.32 6.51798281270287e-07
6027.851 6.41686524727174e-07
6181.382 6.23163809738361e-07
6334.914 6.60009487395855e-07
6488.445 7.1115754901441e-07
6641.976 9.38087776109946e-07
6795.508 7.61590245455145e-07
6949.039 7.61047467774015e-07
7102.571 7.30531207423291e-07
7256.102 7.37484649346215e-07
7409.633 7.85327611461357e-07
7563.165 6.41149034039107e-07
7716.696 5.46917581306323e-07
7870.227 6.77217203172453e-07
8023.759 6.2977147763528e-07
8177.29 5.42807077531537e-07
8330.822 4.85198157947584e-07
8484.353 6.64391411824982e-07
8637.884 6.57179581484148e-07
8791.416 5.96133232913114e-07
8944.947 6.28545714390105e-07
9098.478 6.09395511520847e-07
9252.01 4.98723944780489e-07
9405.541 5.81130794340345e-07
9559.073 5.91212324136e-07
9712.604 5.47730144128167e-07
9866.135 5.17155719006668e-07
10019.667 6.35197530487144e-07
10173.198 6.11150314587408e-07
10326.729 5.32336690415614e-07
10480.261 5.38781121382338e-07
10633.792 5.15248397422673e-07
10787.324 6.2718338870991e-07
10940.855 7.07584030886378e-07
11094.386 6.43945193451615e-07
11247.918 4.95087545187751e-07
11401.449 4.86190582273422e-07
11554.98 5.08871485048063e-07
11708.512 5.58787518117116e-07
11862.043 5.89593040491821e-07
12015.575 5.62318551571351e-07
12169.106 4.88566773468317e-07
12322.637 4.54074688099646e-07
12476.169 3.93811683354233e-07
12629.7 4.24578929548299e-07
12630.7 4.65043700549383e-07
13034.822 4.58578700183958e-07
13438.943 4.36593447022985e-07
13843.065 4.3529913025934e-07
14247.186 4.457275291824e-07
14651.308 3.63842806524998e-07
15055.429 3.54561615233025e-07
15459.551 3.37796223793735e-07
15863.673 3.14985699887011e-07
16267.794 3.59039716564853e-07
16671.916 5.10849445572607e-07
17076.037 5.92672021733923e-07
17480.159 4.94150891884969e-07
17884.28 3.40049670398737e-07
18288.402 3.73113055924429e-07
18692.524 3.99308572371301e-07
19096.645 3.89943757632185e-07
19500.767 4.48680005066731e-07
19904.888 4.65128714352493e-07
20309.01 4.38541775436105e-07
20713.131 3.86235144882467e-07
21117.253 3.73271329638806e-07
21521.375 3.59320056262714e-07
21925.496 3.66396551760708e-07
22329.618 3.03488374354006e-07
22733.739 3.14168337478892e-07
23137.861 4.12609816512596e-07
23541.982 3.97157807760779e-07
23946.104 3.98990410968707e-07
24350.225 2.82607588165215e-07
24754.347 2.49799465307537e-07
25158.469 2.34730566559164e-07
25562.59 2.99404212244547e-07
25966.712 2.86191830683461e-07
26370.833 2.42126270756004e-07
26774.955 2.89716313198562e-07
27179.076 3.20456415189539e-07
27583.198 3.34595652033118e-07
27987.32 3.32926464357323e-07
28391.441 3.72654782242906e-07
28795.563 4.49183762154853e-07
29199.684 4.11144831198481e-07
29603.806 3.57338751206594e-07
30007.927 3.24209095225056e-07
30412.049 3.56655992664205e-07
30816.171 3.16158421397833e-07
31220.292 2.60106315857511e-07
31624.414 2.91782601926961e-07
32028.535 3.17863990303726e-07
32432.657 4.21848025215803e-07
32836.778 4.51374307685632e-07
33240.9 3.92214795556847e-07
33241.9 3.88685470954138e-07
34305.559 3.4299216927338e-07
35369.218 3.11919138262236e-07
36432.876 2.81234885584417e-07
37496.535 2.65546458956259e-07
38560.194 2.51853634097597e-07
39623.853 2.4873769411621e-07
40687.512 2.66059737398974e-07
41751.171 2.90794742215988e-07
42814.829 2.6823605987743e-07
43878.488 2.48288686348975e-07
44942.147 2.83496314890964e-07
46005.806 2.91893769938753e-07
47069.465 2.80514277729958e-07
48133.124 3.09485656260903e-07
49196.782 3.46485747591231e-07
50260.441 3.42511496664091e-07
51324.1 2.33388292885011e-07
52387.759 2.07561156535291e-07
53451.418 2.18685660705204e-07
54515.076 2.72665009023125e-07
55578.735 2.65840259976593e-07
56642.394 2.3640185430334e-07
57706.053 1.88489960399321e-07
58769.712 1.69566962656903e-07
59833.371 1.84829978314705e-07
60897.029 2.091950054351e-07
61960.688 2.20504802882291e-07
63024.347 2.41909258587677e-07
64088.006 2.68257965973669e-07
65151.665 2.71939305283725e-07
66215.324 2.59233703865695e-07
67278.982 2.24770489507335e-07
68342.641 2.22457445007894e-07
69406.3 2.44937302637956e-07
70469.959 2.65599038291794e-07
71533.618 2.62288845262804e-07
72597.276 2.5521578956663e-07
73660.935 2.69303795308718e-07
74724.594 2.46406370450172e-07
75788.253 2.01576402362786e-07
76851.912 1.66314281319608e-07
77915.571 1.66871133846623e-07
78979.229 1.53051076129629e-07
80042.888 2.29359198683421e-07
81106.547 2.64308544624649e-07
82170.206 2.90261905674915e-07
83233.865 2.8921766726986e-07
84297.524 2.7398029033674e-07
85361.182 2.05947491332711e-07
86424.841 1.82997143762813e-07
87488.5 1.76079590642841e-07
87489.5 2.26635751549789e-07
90289.039 2.00665238655995e-07
93088.578 1.5301780354683e-07
95888.118 1.70422014217811e-07
98687.657 2.0187523101928e-07
101487.196 1.98873334891583e-07
104286.735 2.06327216187507e-07
107086.275 2.31760987735133e-07
109885.814 2.28654776025434e-07
112685.353 2.37353979110172e-07
115484.892 2.27226537574116e-07
118284.431 2.17087098642393e-07
121083.971 2.19211802332842e-07
123883.51 2.18977784719325e-07
126683.049 1.93455127368514e-07
129482.588 1.86079609254551e-07
132282.127 2.01694886080123e-07
135081.667 1.99254234232359e-07
137881.206 1.81495100851394e-07
140680.745 1.60271954860569e-07
143480.284 1.45344064703536e-07
146279.824 1.41799635348066e-07
149079.363 1.51995939500402e-07
151878.902 1.81621230935284e-07
154678.441 2.11454384596869e-07
157477.98 2.14569722345141e-07
160277.52 1.998980969921e-07
163077.059 1.69754080491737e-07
165876.598 1.69458093940454e-07
168676.137 1.70269846843255e-07
171475.676 1.64906061192245e-07
174275.216 1.55496359617424e-07
177074.755 1.55218655713123e-07
179874.294 1.60869589272414e-07
182673.833 1.40599054177036e-07
185473.373 1.42970418391491e-07
188272.912 1.33807307115731e-07
191072.451 1.25526119829326e-07
193871.99 1.25958603887269e-07
196671.529 1.36662409280469e-07
199471.069 1.34405098317305e-07
202270.608 1.15382081579101e-07
205070.147 1.16356940764101e-07
207869.686 1.3008357000972e-07
210669.225 1.11675346623001e-07
213468.765 1.10036375690623e-07
216268.304 1.14852526018689e-07
219067.843 1.42759543535904e-07
221867.382 1.41065664732422e-07
224666.922 1.30730360823795e-07
227466.461 1.28655631042757e-07
230266 1.43118030632739e-07
230267 1.62945901576807e-07
237635.294 1.70008480128287e-07
245003.588 1.61239285590756e-07
252371.882 1.33181603038113e-07
259740.176 1.69617693009597e-07
267108.471 1.14297849445403e-07
274476.765 1.07048729978015e-07
281845.059 1.26023670848505e-07
289213.353 1.45924550494554e-07
296581.647 1.58146345805238e-07
303949.941 1.32537694333493e-07
311318.235 1.2192881939866e-07
318686.529 1.43961707462483e-07
326054.824 9.40661442316267e-08
333423.118 1.04274246503151e-07
340791.412 1.10117099596936e-07
348159.706 1.34036257255039e-07
355528 1.51907032996323e-07
362896.294 1.37441469820588e-07
370264.588 1.44344943454076e-07
377632.882 1.16449092397418e-07
385001.176 1.31566224432365e-07
392369.471 7.89122907198308e-08
399737.765 1.07078099297655e-07
407106.059 1.16336192718352e-07
414474.353 9.75020186675578e-08
421842.647 1.06187332462295e-07
429210.941 1.06476073423139e-07
436579.235 1.28258554318685e-07
443947.529 9.44385481335413e-08
451315.824 1.66402998076468e-07
458684.118 1.20318094729664e-07
466052.412 1.18817323172522e-07
473420.706 1.07880644833766e-07
480789 1.01420288209519e-07
488157.294 1.02470567321956e-07
495525.588 1.1077570224616e-07
502893.882 7.60498083672536e-08
510262.176 9.25798004243015e-08
517630.471 1.04766154629819e-07
524998.765 9.87082564032979e-08
532367.059 1.26899323187462e-07
539735.353 1.11925392581308e-07
547103.647 1.11000891521016e-07
554471.941 7.70378188899744e-08
561840.235 6.59572465586004e-08
569208.529 7.70182015931819e-08
576576.824 1.00974768707007e-07
583945.118 1.35221132006418e-07
591313.412 1.01812459758043e-07
598681.706 1.10704621590343e-07
606050 1.08725651204672e-07
606051 8.86207562065908e-08
625444.118 8.75449696216676e-08
644837.235 1.14190000882003e-07
664230.353 1.10221494217815e-07
683623.471 9.92066839798806e-08
703016.588 8.37502450492803e-08
722409.706 9.45555576313592e-08
741802.824 9.85065641372594e-08
761195.941 8.94451183707641e-08
780589.059 1.09749210402627e-07
799982.176 7.81814806337153e-08
819375.294 1.0754637762509e-07
838768.412 1.05832998179112e-07
858161.529 8.71069558286363e-08
877554.647 8.45325573304103e-08
896947.765 8.91663508387508e-08
916340.882 8.16336704260197e-08
935734 6.52544248240654e-08
955127.118 9.19075488707457e-08
974520.235 9.90242067236512e-08
993913.353 1.00708959449477e-07
1013306.471 7.29293954628667e-08
1032699.588 8.34731271943971e-08
1052092.706 7.10908110467506e-08
1071485.824 7.17128028376754e-08
1090878.941 8.81428646437799e-08
1110272.059 9.20139970589926e-08
1129665.176 8.40285680168578e-08
1149058.294 8.11520784955851e-08
1168451.412 7.63211970977605e-08
1187844.529 6.61665201498076e-08
1207237.647 7.41929641466325e-08
1226630.765 7.91816322769309e-08
1246023.882 7.53916673768481e-08
1265417 8.56595368970134e-08
1284810.118 8.98804643362505e-08
1304203.235 9.61272329126351e-08
1323596.353 6.83981035730729e-08
1342989.471 8.02478531012014e-08
1362382.588 5.54263328317362e-08
1381775.706 9.71321572699382e-08
1401168.824 7.98717643886493e-08
1420561.941 5.92234214447494e-08
1439955.059 7.13302828371008e-08
1459348.176 7.16787771312799e-08
1478741.294 9.48107573622703e-08
1498134.412 7.1151255116969e-08
1517527.529 7.99352722237136e-08
1536920.647 7.06794359082753e-08
1556313.765 8.71966403063862e-08
1575706.882 8.75732651277455e-08
1595100 6.66882140628455e-08
1595100 5.97507323877022e-08
1646141.765 7.9030251250065e-08
1697183.529 6.41045715518636e-08
1748225.294 5.84469109086699e-08
1799267.059 6.66661254507407e-08
1850308.824 8.01798237852092e-08
1901350.588 4.94725897418924e-08
1952392.353 6.58546616089514e-08
2003434.118 7.20232678667991e-08
2054475.882 7.52383182056484e-08
2105517.647 6.72903079339068e-08
2156559.412 7.54808935314759e-08
2207601.176 8.62366387916343e-08
2258642.941 7.50687687299925e-08
2309684.706 5.94554960123621e-08
2360726.471 6.65496925143152e-08
2411768.235 4.46155041453921e-08
2462810 5.13855438121978e-08
2513851.765 6.13862161506734e-08
2564893.529 5.91458049502583e-08
2615935.294 6.59959904792284e-08
2666977.059 6.70640775106428e-08
2718018.824 5.56146711476279e-08
2769060.588 7.66309187241286e-08
2820102.353 6.58955024923742e-08
2871144.118 7.53527318403978e-08
2922185.882 7.04382293007001e-08
2973227.647 7.09377044583803e-08
3024269.412 6.07325062985812e-08
3075311.176 6.75531002719646e-08
3126352.941 6.57912813746176e-08
3177394.706 6.50356609629786e-08
3228436.471 6.86845345343419e-08
3279478.235 6.8978887367048e-08
3330520 6.92018786355602e-08
3381561.765 5.34838620740116e-08
3432603.529 5.44782751945168e-08
3483645.294 2.51455642321166e-08
3534687.059 5.95304550690619e-08
3585728.824 6.4869679793876e-08
3636770.588 6.35475985297478e-08
3687812.353 6.4182023027742e-08
3738854.118 6.49043159790187e-08
3789895.882 4.52967034877109e-08
3840937.647 7.47239474400951e-08
3891979.412 5.29462124145297e-08
3943021.176 4.92811350534989e-08
3994062.941 6.03537540590476e-08
4045104.706 5.29467992571865e-08
4096146.471 4.42506280417386e-08
4147188.235 5.426897157839e-08
4198230 6.72972670607685e-08
4198230 6.87794964300437e-08
4332570.588 4.96945924352892e-08
4466911.176 6.13282002993272e-08
4601251.765 5.09330730442637e-08
4735592.353 5.18564961878886e-08
4869932.941 5.89384018083287e-08
5004273.529 5.5492974479442e-08
5138614.118 5.30935588656101e-08
5272954.706 6.10923268151279e-08
5407295.294 6.00702661364905e-08
5541635.882 4.62731116414187e-08
5675976.471 4.77430498650212e-08
5810317.059 6.63865096417691e-08
5944657.647 4.5142131125102e-08
6078998.235 4.04427156880185e-08
6213338.824 4.39813399503346e-08
6347679.412 3.62599185936097e-08
6482020 4.30680003257732e-08
6616360.588 2.67567748913373e-08
6750701.176 5.07999595927664e-08
6885041.765 4.73735552061221e-08
7019382.353 5.26145058708955e-08
7153722.941 4.03982221986079e-08
7288063.529 5.52677010323833e-08
7422404.118 4.85863411927673e-08
7556744.706 2.73146241165149e-08
7691085.294 5.62214656414256e-08
7825425.882 4.7418700395789e-08
7959766.471 4.3225012483052e-08
8094107.059 5.58892484251909e-08
8228447.647 4.6482826592219e-08
8362788.235 5.03458413505704e-08
8497128.824 4.6398631415837e-08
8631469.412 4.87445097425638e-08
8765810 5.24736582594429e-08
8900150.588 4.74087866747558e-08
9034491.176 4.90420653889934e-08
9168831.765 4.97703785224073e-08
9303172.353 2.2199453332026e-08
9437512.941 3.83174788466269e-08
9571853.529 3.76994204947702e-08
9706194.118 2.43748510939452e-08
9840534.706 5.48143230216583e-08
9974875.294 5.05958874181766e-08
10109215.882 4.03334930847701e-08
10243556.471 4.04870343389733e-08
10377897.059 3.52435400359498e-08
10512237.647 4.0882476706002e-08
10646578.235 3.86679104267518e-08
10780918.824 4.74747503661841e-08
10915259.412 5.11049170609639e-08
11049600 5.07273869576731e-08
11049600 2.50730005244686e-08
11403174.51 7.23582716441431e-08
11756749.02 3.50374433422974e-08
12110323.529 3.30439097167027e-08
12463898.039 4.29511738097028e-08
12817472.549 3.84223465144543e-08
13171047.059 3.19583883937723e-08
13524621.569 3.49721001347059e-08
13878196.078 4.07538595123894e-08
14231770.588 3.91153899506064e-08
14585345.098 2.39667604044539e-08
14938919.608 3.98420097079151e-08
15292494.118 4.67623359693675e-08
15646068.627 3.87737581682418e-08
15999643.137 4.15541961924172e-08
16353217.647 3.37891376288949e-08
16706792.157 3.94544681234496e-08
17060366.667 5.2880256001921e-08
17413941.176 5.22749802282382e-08
17767515.686 4.30175970208832e-08
18121090.196 4.10541447236147e-08
18474664.706 5.12583605863863e-08
18828239.216 3.76600593250077e-08
19181813.725 3.91549629648209e-08
19535388.235 3.4266426951919e-08
19888962.745 3.41094752785205e-08
20242537.255 3.32594759777616e-08
20596111.765 2.75411882954113e-08
20949686.275 4.91210489320902e-08
21303260.784 5.19690187831173e-08
21656835.294 3.99069401904869e-08
22010409.804 4.82687372360589e-08
22363984.314 3.64759366496585e-08
22717558.824 2.86147202952309e-08
23071133.333 3.85849652978463e-08
23424707.843 4.4406972996132e-08
23778282.353 2.88446908872049e-08
24131856.863 3.27934222707619e-08
24485431.373 3.0209911977548e-08
24839005.882 5.54349772872326e-08
25192580.392 6.00623937012504e-08
25546154.902 4.44647750181827e-08
25899729.412 5.03666737385496e-08
26253303.922 3.73810933314356e-08
26606878.431 3.56502383581723e-08
26960452.941 3.66504115840941e-08
27314027.451 5.10367014711678e-08
27667601.961 3.89390971464093e-08
28021176.471 5.35753273140202e-08
28374750.98 3.8387818645926e-08
28728325.49 4.21052941133476e-08
29081900 2.66065773727644e-08
29081900 3.99717126259158e-08
30012498.039 4.89976219655771e-08
30943096.078 3.91339253435277e-08
31873694.118 4.68447863897307e-08
32804292.157 6.26705672510972e-08
33734890.196 5.28593282765039e-08
34665488.235 4.69214973583793e-08
35596086.275 2.24887180837615e-08
36526684.314 5.43874421247185e-08
37457282.353 4.68459675406059e-08
38387880.392 5.78255181059496e-08
39318478.431 5.36722083533741e-08
40249076.471 5.4017306941758e-08
41179674.51 3.84383356658688e-08
42110272.549 4.80841926638516e-08
43040870.588 4.89413390211588e-08
43971468.627 5.05282372659763e-08
44902066.667 5.32335414270927e-08
45832664.706 4.50317269828051e-08
46763262.745 5.09721952623389e-08
47693860.784 4.60509596296983e-08
48624458.824 5.20865051342706e-08
49555056.863 4.1548377486086e-08
50485654.902 5.06177858918701e-08
51416252.941 2.97253574300781e-08
52346850.98 4.14096772394183e-08
53277449.02 4.19344118075644e-08
54208047.059 4.23839174441191e-08
55138645.098 4.40289760883898e-08
56069243.137 4.02075278131844e-08
56999841.176 2.5195548302349e-08
57930439.216 2.85463506839368e-08
58861037.255 -0
59791635.294 1.74208655278806e-08
60722233.333 3.53417829677168e-08
61652831.373 3.04799526700764e-08
62583429.412 4.06437151660131e-08
63514027.451 3.30972013653647e-08
64444625.49 1.69513588394176e-08
65375223.529 2.58410975750025e-08
66305821.569 2.32866365066319e-08
67236419.608 1.73778652576287e-08
68167017.647 1.52793849569314e-08
69097615.686 1.42179249252765e-08
70028213.725 2.62864799700987e-08
70958811.765 2.13759119481719e-08
71889409.804 1.15517225140323e-08
72820007.843 2.0644298175087e-08
73750605.882 -0
74681203.922 3.73474481046565e-09
75611801.961 1.87807849372703e-08
76542400 1.64349753931182e-08
76542400 1.42161799949213e-08
78991686.275 -0
81440972.549 2.37081758566533e-09
83890258.824 8.02146347061433e-09
86339545.098 1.39612685745422e-08
88788831.373 1.3128200580807e-08
91238117.647 1.31794305276328e-08
93687403.922 2.27205916151319e-08
96136690.196 -0
98585976.471 -0
101035262.745 -0
103484549.02 -0
105933835.294 -0
108383121.569 1.07712591328672e-08
110832407.843 3.19151356412657e-10
113281694.118 8.98461949703492e-09
115730980.392 -0
118180266.667 -0
120629552.941 -0
123078839.216 -0
125528125.49 5.59909509446089e-09
127977411.765 -0
130426698.039 6.58315418478703e-09
132875984.314 5.22563031188583e-09
135325270.588 -0
137774556.863 5.19965982201721e-09
140223843.137 -0
142673129.412 5.47054827683259e-09
145122415.686 2.17953751048245e-09
147571701.961 -0
150020988.235 -0
152470274.51 3.00287742868736e-09
154919560.784 5.41974981378292e-09
157368847.059 7.61034966054123e-09
159818133.333 -0
162267419.608 3.03555309919313e-09
164716705.882 -0
167165992.157 5.36779393867387e-09
169615278.431 6.88922941509455e-09
172064564.706 8.05165036986306e-09
174513850.98 -0
176963137.255 8.22886276634111e-09
179412423.529 4.75646455659653e-09
181861709.804 -0
184310996.078 -0
186760282.353 4.58455486608504e-09
189209568.627 -0
191658854.902 2.53969552332873e-09
194108141.176 8.00058075658255e-09
196557427.451 8.74442762806549e-09
199006713.725 -0
201456000 3.00261633139101e-09
