Vgs	Gm_Vds=0.01V	Gm_Vds=0.02V	Gm_Vds=0.03V	Gm_Vds=0.04V	Gm_Vds=0.05V	Gm_Vds=0.06V	Gm_Vds=0.07V	Gm_Vds=0.08V	Gm_Vds=0.09V	Gm_Vds=0.1V
-0.3	-7.49199999999999e-08	6.38600000000001e-08	-3.596e-08	-4.06e-09	-9.60000000000004e-09	3.122e-08	-2.456e-08	-4.27999999999999e-09	2.16e-09	2.798e-08
-0.295	-4.47283333333333e-08	3.0605e-08	-3.8385e-08	-2.741e-08	-2.679e-08	4.41733333333333e-08	-2.74616666666666e-08	-1.76333333333333e-08	-2.14316666666666e-08	-4.3500000000001e-10
-0.29	-3.70599999999985e-09	2.0755e-08	-4.65740000000001e-08	-3.80100000000001e-08	-4.40660000000001e-08	4.0507e-08	-4.75299999999993e-09	-5.41699999999996e-09	-3.17280000000001e-08	-2.52940000000001e-08
-0.285	2.49080000000001e-08	1.992e-08	-4.98960000000001e-08	-3.51010000000001e-08	-4.82910000000001e-08	3.11750000000001e-08	1.74490000000001e-08	1.1376e-08	-2.90130000000001e-08	-3.41510000000001e-08
-0.28	4.63400000000001e-08	2.6966e-08	-4.69900000000001e-08	-1.57420000000001e-08	-3.98490000000001e-08	1.04240000000001e-08	4.0342e-08	3.1836e-08	-1.27700000000001e-08	-2.95160000000001e-08
-0.275	5.34210000000001e-08	4.1096e-08	-3.73390000000001e-08	1.83159999999999e-08	-1.66950000000001e-08	-1.87029999999999e-08	5.7663e-08	5.1729e-08	1.56439999999999e-08	-7.57400000000013e-09
-0.27	4.6289e-08	5.1926e-08	-1.54840000000001e-08	4.67849999999999e-08	1.52719999999999e-08	-4.07759999999999e-08	6.2296e-08	6.2155e-08	4.40879999999999e-08	1.34839999999999e-08
-0.265	2.1109e-08	4.7133e-08	1.3125e-08	5.47549999999999e-08	4.4893e-08	-3.8638e-08	4.3936e-08	4.9133e-08	5.6816e-08	1.8416e-08
-0.26	-1.5757e-08	2.7006e-08	2.686e-08	4.2549e-08	5.9549e-08	-1.2859e-08	6.41499999999999e-09	1.5419e-08	4.8237e-08	2.1823e-08
-0.255	-4.0637e-08	3.948e-09	2.2191e-08	1.5115e-08	5.35629999999999e-08	1.7342e-08	-2.523e-08	-1.4859e-08	2.6091e-08	2.14e-08
-0.25	-5.0823e-08	-1.628e-08	1.1714e-08	-1.7153e-08	3.4402e-08	4.319e-08	-4.0196e-08	-3.1705e-08	1.91999999999998e-10	5.24699999999999e-09
-0.245	-5.4909e-08	-3.2763e-08	-3.77200000000002e-09	-3.8072e-08	1.0494e-08	6.1551e-08	-4.4097e-08	-3.9055e-08	-2.0874e-08	-3.473e-09
-0.24	-4.3688e-08	-3.817e-08	-1.9017e-08	-4.0999e-08	-1.458e-08	5.9751e-08	-2.9956e-08	-2.9035e-08	-2.7916e-08	7.991e-09
-0.235	-1.7049e-08	-3.2357e-08	-1.6168e-08	-2.9063e-08	-3.1728e-08	3.7714e-08	3.07800000000002e-09	-1.88999999999988e-10	-1.8934e-08	2.94948e-08
-0.23	4.838e-09	-2.4547e-08	5.31999999999998e-09	-8.46500000000002e-09	-3.3383e-08	1.6542e-08	3.4266e-08	3.1761e-08	-7.26000000000016e-10	5.78806e-08
-0.225	1.8113e-08	-1.2475e-08	2.9338e-08	1.5196e-08	-2.6167e-08	5.62200000000003e-09	5.545e-08	4.8975e-08	1.6509e-08	7.82102e-08
-0.22	3.0358e-08	1.0463e-08	4.7755e-08	3.7485e-08	-1.3811e-08	-3.23699999999998e-09	7.0304e-08	4.4515e-08	2.4903e-08	8.25154999999999e-08
-0.215	4.0541e-08	3.0774e-08	5.9702e-08	5.5592e-08	7.56700000000003e-09	-1.3513e-08	6.7946e-08	3.4263e-08	3.021e-08	8.36567999999999e-08
-0.21	4.5846e-08	3.2849e-08	6.3461e-08	6.7045e-08	3.34310000000001e-08	-1.8603e-08	4.4662e-08	2.7146e-08	3.7788e-08	7.56189e-08
-0.205	4.5962e-08	2.5274e-08	5.9318e-08	6.8937e-08	5.5548e-08	-1.4545e-08	1.993e-08	1.6337e-08	5.4322e-08	5.64124e-08
-0.2	4.2838e-08	1.6834e-08	5.0213e-08	6.4212e-08	7.1912e-08	-6.01900000000003e-09	4.24799999999998e-09	2.56561e-08	8.2719e-08	5.04898e-08
-0.195	3.7948e-08	2.38300000000003e-09	3.754e-08	5.5329e-08	8.1722e-08	9.11499999999996e-09	-4.25400000000002e-09	6.74933999999999e-08	1.03709e-07	5.73015e-08
-0.19	3.2665e-08	-7.81799999999999e-09	2.4095e-08	4.2196e-08	7.6647e-08	3.4607e-08	1.74964e-08	9.98574999999999e-08	1.088e-07	5.98222e-08
-0.185	1.321e-08	3.82000000000003e-09	1.4041e-08	2.983e-08	5.5173e-08	6.57603e-08	7.10257000000001e-08	1.115432e-07	1.07145e-07	5.71783e-08
-0.18	-9.11700000000006e-09	2.89770000000001e-08	5.16599999999998e-09	2.1399e-08	3.2311e-08	9.42312000000001e-08	1.075962e-07	1.22243e-07	9.206e-08	5.3121e-08
-0.175	-5.74300000000006e-09	5.19e-08	-3.588e-09	1.3465e-08	1.7005e-08	1.129065e-07	1.200589e-07	1.203979e-07	6.4361e-08	5.2007e-08
-0.17	-1.07000000000007e-09	6.9538e-08	-4.994e-09	8.073e-09	1.0614e-08	1.221216e-07	1.32517e-07	1.031306e-07	5.2505e-08	6.0636e-08
-0.165	-1.03960000000001e-08	8.1124e-08	2.544e-09	1.2014e-08	3.40009999999999e-08	1.24541e-07	1.318236e-07	9.51955e-08	6.3056e-08	7.8135e-08
-0.16	-5.57900000000004e-09	8.503e-08	1.4749e-08	3.72243e-08	8.66159999999999e-08	1.184427e-07	1.143183e-07	1.001778e-07	8.1444e-08	1.00057e-07
-0.155	6.153e-09	7.6069e-08	3.5058e-08	8.05796000000001e-08	1.20308e-07	1.064478e-07	1.042908e-07	1.05467e-07	1.06782e-07	1.31902e-07
-0.15	-1.69899999999999e-09	5.1507e-08	6.29370000000001e-08	1.111673e-07	1.22504e-07	9.32375e-08	1.022011e-07	1.09724e-07	1.47107e-07	1.73013e-07
-0.145	-1.645e-09	2.9681e-08	9.7631e-08	1.28922e-07	1.34667e-07	9.77504e-08	1.13453e-07	1.26923e-07	1.90254e-07	2.05881e-07
-0.14	2.3069e-08	2.4184e-08	1.36019e-07	1.53543e-07	1.56653e-07	1.31469e-07	1.46208e-07	1.58808e-07	2.14887e-07	2.38229e-07
-0.135	5.1488e-08	3.58201e-08	1.59404e-07	1.652107e-07	1.60616e-07	1.68789e-07	1.69522e-07	1.83283e-07	2.4346e-07	2.75569e-07
-0.13	7.571e-08	7.05742e-08	1.64807e-07	1.591424e-07	1.60749e-07	1.88603e-07	1.86592e-07	2.16564e-07	2.81072e-07	3.06837e-07
-0.125	9.5394e-08	1.166251e-07	1.66571e-07	1.706167e-07	1.88727e-07	2.13462e-07	2.33122e-07	2.67382e-07	3.09951e-07	3.46854e-07
-0.12	9.7405e-08	1.52277e-07	1.63613e-07	1.96327e-07	2.27958e-07	2.46557e-07	2.7876e-07	3.12345e-07	3.52258e-07	3.87379e-07
-0.115	7.5727e-08	1.73765e-07	1.55473e-07	2.08121e-07	2.36891e-07	2.64281e-07	3.08431e-07	3.61179e-07	4.02287e-07	4.2628e-07
-0.11	6.94956e-08	1.799499e-07	1.60353e-07	2.24102e-07	2.45455e-07	2.98487e-07	3.61818e-07	4.13386e-07	4.47921e-07	4.88036e-07
-0.105	9.35152e-08	1.719868e-07	1.94753e-07	2.50964e-07	3.03667e-07	3.57612e-07	4.23918e-07	4.63812e-07	5.1099e-07	5.47904e-07
-0.1	1.139866e-07	1.626119e-07	2.4932e-07	2.82532e-07	3.74032e-07	4.165e-07	4.81144e-07	5.28431e-07	5.7199e-07	6.02568e-07
-0.095	1.34353e-07	1.75197e-07	2.95573e-07	3.34765e-07	4.11359e-07	4.85867e-07	5.46737e-07	5.88818e-07	6.31796e-07	6.99376e-07
-0.09	1.69238e-07	2.14411e-07	3.38028e-07	3.90048e-07	4.7133e-07	5.52171e-07	6.03484e-07	6.5208e-07	7.3247e-07	7.99478e-07
-0.085	1.875654e-07	2.53011e-07	3.82694e-07	4.47703e-07	5.57177e-07	6.04758e-07	6.7727e-07	7.57078e-07	8.3302e-07	8.88396e-07
-0.08	1.805178e-07	2.87362e-07	4.20211e-07	5.2623e-07	6.16818e-07	6.94472e-07	7.88278e-07	8.62994e-07	9.29152e-07	1.023176e-06
-0.075	1.842164e-07	3.47956e-07	4.71737e-07	5.9677e-07	6.94982e-07	8.03384e-07	8.90972e-07	9.67966e-07	1.073144e-06	1.163594e-06
-0.07	2.08107e-07	4.17677e-07	5.36117e-07	6.67648e-07	8.0844e-07	8.94574e-07	1.009704e-06	1.117846e-06	1.221086e-06	1.305502e-06
-0.065	2.44902e-07	4.56826e-07	6.09427e-07	7.77666e-07	9.07026e-07	1.026676e-06	1.167454e-06	1.268854e-06	1.37697e-06	1.502938e-06
-0.06	2.83317e-07	5.14163e-07	7.1889e-07	8.84082e-07	1.025906e-06	1.184162e-06	1.318928e-06	1.42881e-06	1.586874e-06	1.711896e-06
-0.055	3.25069e-07	6.0921e-07	8.2895e-07	9.92016e-07	1.188312e-06	1.333086e-06	1.496532e-06	1.645858e-06	1.801962e-06	1.920278e-06
-0.05	3.79309e-07	6.86282e-07	9.2308e-07	1.150192e-06	1.343184e-06	1.528554e-06	1.716754e-06	1.87735e-06	2.036038e-06	2.185938e-06
-0.045	4.28228e-07	7.67724e-07	1.064366e-06	1.311494e-06	1.525868e-06	1.75162e-06	1.939454e-06	2.131648e-06	2.341034e-06	2.50008e-06
-0.04	4.85713e-07	8.93086e-07	1.220152e-06	1.48179e-06	1.757506e-06	1.97716e-06	2.20582e-06	2.456852e-06	2.667132e-06	2.853248e-06
-0.035	5.65669e-07	1.015222e-06	1.3639e-06	1.704704e-06	1.990662e-06	2.262154e-06	2.523416e-06	2.812758e-06	3.01621e-06	3.276586e-06
-0.03	6.42226e-07	1.144476e-06	1.56793e-06	1.940898e-06	2.264606e-06	2.596378e-06	2.846308e-06	3.182824e-06	3.433138e-06	3.759438e-06
-0.025	7.31578e-07	1.321406e-06	1.801726e-06	2.206574e-06	2.612602e-06	2.954598e-06	3.227348e-06	3.612606e-06	3.882988e-06	4.291214e-06
-0.02	8.50672e-07	1.502846e-06	2.033298e-06	2.54398e-06	2.978652e-06	3.379144e-06	3.698928e-06	4.101898e-06	4.377574e-06	4.8828e-06
-0.015	9.65638e-07	1.706112e-06	2.33736e-06	2.907704e-06	3.3717e-06	3.857024e-06	4.218198e-06	4.647962e-06	4.9794e-06	5.5456e-06
-0.01	1.097264e-06	1.961666e-06	2.689112e-06	3.298146e-06	3.841322e-06	4.355212e-06	4.821898e-06	5.2904e-06	5.6854e-06	6.291e-06
-0.005	1.264494e-06	2.239018e-06	3.037074e-06	3.758576e-06	4.374592e-06	4.932594e-06	5.5464e-06	6.0422e-06	6.5162e-06	7.1344e-06
0	1.4345e-06	2.554676e-06	3.44433e-06	4.264778e-06	4.967154e-06	5.6312e-06	6.3472e-06	6.8984e-06	7.492e-06	8.11e-06
0.005	1.638596e-06	2.91442e-06	3.928648e-06	4.81918e-06	5.6562e-06	6.4312e-06	7.2294e-06	7.8806e-06	8.569e-06	9.2406e-06
0.01	1.881012e-06	3.293586e-06	4.458674e-06	5.4924e-06	6.4814e-06	7.3594e-06	8.236e-06	9.0104e-06	9.7808e-06	1.05434e-05
0.015	2.130752e-06	3.728096e-06	5.0906e-06	6.302e-06	7.423e-06	8.4456e-06	9.3598e-06	1.02908e-05	1.11808e-05	1.20504e-05
0.02	2.43988e-06	4.261014e-06	5.8514e-06	7.221e-06	8.4574e-06	9.6386e-06	1.0627e-05	1.17366e-05	1.2736e-05	1.37784e-05
0.025	2.794586e-06	4.877866e-06	6.6976e-06	8.2508e-06	9.633e-06	1.09458e-05	1.20822e-05	1.33728e-05	1.44822e-05	1.5712e-05
0.03	3.161424e-06	5.597e-06	7.6528e-06	9.4162e-06	1.09696e-05	1.2453e-05	1.37396e-05	1.5191e-05	1.64872e-05	1.78838e-05
0.035	3.593216e-06	6.4346e-06	8.7188e-06	1.07402e-05	1.24486e-05	1.4148e-05	1.56522e-05	1.7262e-05	1.874e-05	2.04232e-05
0.04	4.112094e-06	7.3598e-06	9.8804e-06	1.2215e-05	1.41506e-05	1.60884e-05	1.78554e-05	1.97286e-05	2.13704e-05	2.33704e-05
0.045	4.696776e-06	8.3742e-06	1.1243e-05	1.3887e-05	1.61528e-05	1.83756e-05	2.03612e-05	2.25452e-05	2.44512e-05	2.664e-05
0.05	5.3428e-06	9.5044e-06	1.2875e-05	1.58588e-05	1.84414e-05	2.10182e-05	2.32688e-05	2.56732e-05	2.78262e-05	3.03046e-05
0.055	6.065e-06	1.07724e-05	1.47032e-05	1.8074e-05	2.10884e-05	2.4031e-05	2.66464e-05	2.92702e-05	3.1613e-05	3.4497e-05
0.06	6.8788e-06	1.2223e-05	1.67546e-05	2.05974e-05	2.4156e-05	2.74006e-05	3.04822e-05	3.33802e-05	3.6049e-05	3.92488e-05
0.065	7.8214e-06	1.39188e-05	1.91284e-05	2.35752e-05	2.76386e-05	3.11766e-05	3.47214e-05	3.79336e-05	4.1049e-05	4.4598e-05
0.07	8.9098e-06	1.5847e-05	2.18416e-05	2.68558e-05	3.1515e-05	3.54868e-05	3.93868e-05	4.31176e-05	4.66492e-05	5.0716e-05
0.075	1.01602e-05	1.80538e-05	2.49192e-05	3.04828e-05	3.58112e-05	4.04386e-05	4.4727e-05	4.9128e-05	5.3146e-05	5.7757e-05
0.08	1.16144e-05	2.06698e-05	2.84296e-05	3.4765e-05	4.06832e-05	4.60392e-05	5.0876e-05	5.5819e-05	6.0599e-05	6.577e-05
0.085	1.32572e-05	2.36406e-05	3.2374e-05	3.96262e-05	4.62016e-05	5.2381e-05	5.7812e-05	6.3438e-05	6.902e-05	7.4795e-05
0.09	1.50976e-05	2.6922e-05	3.68148e-05	4.50568e-05	5.2528e-05	5.9624e-05	6.5781e-05	7.2296e-05	7.8551e-05	8.4978e-05
0.095	1.71512e-05	3.06878e-05	4.17544e-05	5.1405e-05	5.9777e-05	6.7678e-05	7.5056e-05	8.212e-05	8.9187e-05	9.6405e-05
0.1	1.94516e-05	3.4992e-05	4.73076e-05	5.8655e-05	6.7985e-05	7.6795e-05	8.5526e-05	9.3392e-05	0.000101147	0.000109509
0.105	2.21264e-05	3.96412e-05	5.3767e-05	6.6688e-05	7.7454e-05	8.7297e-05	9.7186e-05	0.00010654	0.000115164	0.000124615
0.11	2.516e-05	4.47456e-05	6.1181e-05	7.5626e-05	8.8303e-05	9.9169e-05	0.000110262	0.000121098	0.000131035	0.000141356
0.115	2.84806e-05	5.0871e-05	6.9515e-05	8.5618e-05	0.000100287	0.000112703	0.000125306	0.000137265	0.000148252	0.000160516
0.12	3.21282e-05	5.8013e-05	7.8942e-05	9.71619999999999e-05	0.000113745	0.000128041	0.000142503	0.000155657	0.000168076	0.000182947
0.125	3.63594e-05	6.5714e-05	8.9588e-05	0.000110504	0.000129149	0.000145515	0.000161604	0.000176451	0.000190981	0.000207848
0.13	4.13068e-05	7.4509e-05	0.000101349	0.000125249	0.000146221	0.000165401	0.000183311	0.000199933	0.000216612	0.000235285
0.135	4.69858e-05	8.4833e-05	0.000114717	0.000142084	0.000165235	0.000187684	0.000208187	0.000226776	0.000245834	0.000266795
0.14	5.3518e-05	9.5929e-05	0.000130227	0.000161352	0.00018701	0.000212921	0.000236068	0.000257264	0.000278766	0.00030233
0.145	6.0537e-05	0.000107943	0.00014776	0.000182378	0.000212051	0.000241999	0.00026691	0.000292009	0.000315734	0.000341473
0.15	6.8216e-05	0.000121733	0.000167085	0.000206459	0.000240772	0.000273902	0.000301475	0.000330605	0.000357327	0.000385868
0.155	7.7111e-05	0.000137664	0.000189168	0.000234199	0.000273043	0.000308566	0.000341966	0.00037289	0.000403332	0.000436681
0.16	8.6946e-05	0.000155658	0.000214546	0.000264392	0.000308705	0.000348361	0.000388335	0.000421034	0.000455418	0.0004937
0.165	9.78920000000001e-05	0.000175917	0.000242574	0.000297988	0.000348865	0.000392959	0.000439166	0.000476	0.00051504	0.00055766
0.17	0.00011046	0.000199402	0.00027336	0.000336429	0.000394247	0.000442932	0.0004955	0.00053822	0.00058174	0.00062882
0.175	0.000124489	0.000225419	0.000308172	0.000379532	0.000444237	0.0005007	0.00055884	0.00060772	0.00065552	0.00070768
0.18	0.000139668	0.000253132	0.000347335	0.00042771	0.00050074	0.00056608	0.00062824	0.00068476	0.00073796	0.00079776
0.185	0.000156467	0.000284232	0.000390391	0.00048262	0.00056544	0.0006386	0.00070498	0.0007726	0.0008319	0.00089936
0.19	0.00017492	0.000319048	0.000438941	0.00054436	0.00063648	0.00071838	0.00079386	0.00086972	0.0009359	0.0010105
0.195	0.000195242	0.000356515	0.00049378	0.00061186	0.00071436	0.00080516	0.000893500000000001	0.00097438	0.0010509	0.00113492
0.2	0.000218555	0.000398848	0.0005539	0.00068554	0.00080156	0.00090152	0.00100132	0.00109324	0.00118252	0.00127538
0.205	0.000244558	0.00044694	0.0006191	0.00076624	0.00089724	0.00100994	0.00112322	0.00122632	0.0013275	0.00142736
0.21	0.000272838	0.00049976	0.00069176	0.00085626	0.00100312	0.00113236	0.00126206	0.00137172	0.00148514	0.00159612
0.215	0.00030399	0.00055812	0.00077402	0.00095776	0.00112392	0.00127238	0.00141278	0.00153694	0.00166488	0.00179026
0.22	0.000337994	0.0006228	0.00086518	0.00107018	0.00125882	0.00142838	0.00157968	0.00172436	0.0018681	0.0020069
0.225	0.000375071	0.00069444	0.000964260000000001	0.00119572	0.00140848	0.00159726	0.00176676	0.00193066	0.0020901	0.00224592
0.23	0.00041596	0.00077352	0.00107462	0.0013374	0.00157506	0.00178394	0.00197154	0.0021588	0.00233394	0.00250878
0.235	0.00045954	0.00085872	0.0011981	0.00149054	0.00175518	0.00198926	0.00220056	0.0024084	0.00260318	0.00279072
0.24	0.00050688	0.0009519	0.00133298	0.00165588	0.00195286	0.00221096	0.0024527	0.00267712	0.00289664	0.0030942
0.245	0.00056034	0.00105582	0.00147962	0.0018413	0.00217156	0.0024533	0.00271924	0.00297166	0.00321236	0.00343266
0.25	0.000618119999999999	0.00116776	0.0016387	0.00204528	0.00240288	0.00272084	0.00301234	0.0032932	0.00355494	0.00380682
0.255	0.0006804	0.00128756	0.00181158	0.00226292	0.0026512	0.00301192	0.00333998	0.0036425	0.0039332	0.0042126
0.26	0.000749859999999999	0.00142008	0.00200024	0.00249776	0.00292944	0.003324	0.00368808	0.004031	0.0043474	0.0046578
0.265	0.000823939999999999	0.00156468	0.00220144	0.002751	0.00322918	0.003658	0.0040582	0.0044464	0.0047872	0.0051426
0.27	0.00090224	0.0017127	0.00241452	0.00302108	0.00354394	0.0040212	0.0044626	0.0048802	0.005262	0.0056532
0.275	0.000986940000000002	0.00186902	0.00264408	0.00330920000000001	0.00389040000000001	0.00441520000000001	0.00490200000000001	0.00535360000000001	0.00578080000000001	0.00618500000000001
0.28	0.00107464	0.00203998	0.00288768	0.00361820000000001	0.00426500000000001	0.00483740000000001	0.00537720000000001	0.00586800000000001	0.00632760000000001	0.00675620000000001
0.285	0.00116436	0.002222	0.00313766	0.00394680000000001	0.00465300000000001	0.00528880000000001	0.00587920000000001	0.00640240000000001	0.00690860000000001	0.00737940000000001
0.29	0.00125838	0.00240952	0.0033952	0.00428520000000001	0.00505880000000001	0.00576020000000001	0.00639860000000001	0.00696240000000001	0.00752900000000001	0.00803640000000001
0.295	0.00135502	0.00260558	0.0036786	0.0046416	0.0054912	0.0062582	0.0069504	0.0075734	0.008183	0.0087286
0.3	0.0014534	0.00281512	0.0039832	0.0050214	0.0059436	0.00678219999999999	0.00753659999999999	0.00821999999999999	0.00887419999999999	0.00946139999999999
0.305	0.00156236	0.00303116	0.0042874	0.0054146	0.0064168	0.00732419999999999	0.00814179999999999	0.00889099999999999	0.00960039999999999	0.0102182
0.31	0.00168096	0.003247	0.004606	0.0058214	0.00691839999999999	0.00788919999999999	0.00876319999999999	0.00958819999999999	0.0103404	0.0110148
0.315	0.00179694	0.003465	0.00495	0.00624739999999999	0.00743699999999999	0.00848079999999999	0.00941319999999999	0.0103108	0.0111036	0.011859
0.32	0.00191302	0.0036896	0.0052834	0.00668239999999999	0.00795939999999999	0.00908359999999999	0.0100914	0.0110532	0.011889	0.0127112
0.325	0.00203352	0.0039134	0.00560399999999999	0.00712339999999999	0.00848479999999999	0.00969259999999999	0.0107902	0.0118004	0.0126878	0.0135714
0.33	0.00214802	0.0041398	0.005946	0.0075744	0.0090202	0.0103154	0.0114936	0.0125688	0.0135246	0.014485
0.335	0.00225586	0.00437400000000001	0.00629560000000001	0.00801660000000001	0.00954920000000001	0.0109454	0.012214	0.0133792	0.0144046	0.0154228
0.34	0.0023642	0.00461220000000001	0.00663000000000001	0.00844520000000001	0.0100844	0.0115886	0.0129672	0.0141856	0.0153132	0.0163386
0.345	0.0024728	0.00484360000000001	0.00697100000000001	0.00889040000000001	0.0106486	0.0122376	0.0137162	0.0149714	0.0162116	0.0172748
0.35	0.0025758	0.00506180000000001	0.00731840000000001	0.00934500000000001	0.0112104	0.0128932	0.0144436	0.0158044	0.0170876	0.0182524
0.355	0.0026624	0.0052766	0.0076382	0.009778	0.0117582	0.01355	0.0151654	0.0166458	0.0179792	0.019222
0.36	0.0027498	0.005479	0.00794319999999999	0.0101986	0.012303	0.0141694	0.0158782	0.0174288	0.0188684	0.0201686
0.365	0.0028512	0.0056584	0.00824759999999999	0.010623	0.0128276	0.0147618	0.0165812	0.0182212	0.0197054	0.0211018
0.37	0.0029494	0.0058328	0.00853259999999999	0.0110306	0.0133106	0.0153482	0.0172992	0.0190294	0.0205708	0.022024
0.375	0.003047	0.0060116	0.00880859999999999	0.0114016	0.0137644	0.0159262	0.0180086	0.0197818	0.021478	0.022936
0.38	0.0031402	0.00617659999999999	0.00907859999999999	0.0117474	0.0142004	0.016496	0.0186724	0.020496	0.022322	0.023822
0.385	0.0031966	0.00632399999999999	0.00930979999999999	0.0120822	0.0146348	0.0170626	0.019296	0.021196	0.023104	0.02469
0.39	0.0032356	0.00646219999999999	0.00952159999999999	0.0124086	0.015058	0.017602	0.019868	0.021882	0.02386	0.025546
0.395	0.0032888	0.0065866	0.0097246	0.0126856	0.0154446	0.018082	0.020378	0.022556	0.024566	0.026384
0.4	0.0033238	0.00669420000000001	0.00988100000000002	0.0129264	0.0158072	0.018486	0.020838	0.023178	0.025206	0.027156
0.405	0.0033488	0.00678460000000001	0.010019	0.0131668	0.016126	0.018832	0.021276	0.02373	0.025814	0.027834
0.41	0.00339660000000001	0.00686880000000001	0.0101706	0.0133908	0.016396	0.019182	0.021744	0.024258	0.02645	0.02851
0.415	0.00342380000000001	0.00694000000000001	0.0102996	0.0135708	0.01662	0.019486	0.022196	0.024754	0.027066	0.0292
0.42	0.0034256	0.006982	0.0103938	0.013712	0.016804	0.01973	0.022592	0.025178	0.027578	0.02981
0.425	0.0034552	0.00700539999999999	0.0104682	0.013826	0.01698	0.019994	0.022956	0.025548	0.02806	0.03037
0.43	0.0034836	0.00701679999999999	0.0105374	0.013902	0.017142	0.020238	0.02326	0.0259	0.028528	0.030924
0.435	0.0034796	0.00701939999999999	0.0105832	0.013946	0.017256	0.020384	0.023468	0.026242	0.028868	0.03137
0.44	0.00348	0.00702779999999999	0.010578	0.013964	0.01734	0.020506	0.023624	0.026522	0.029166	0.03174
0.445	0.0034794	0.00703619999999999	0.01056	0.013972	0.017414	0.020644	0.023728	0.026712	0.029482	0.032078
0.45	0.0034526	0.00703339999999999	0.010554	0.013992	0.017426	0.02072	0.023774	0.026856	0.029676	0.032336
0.455	0.0033974	0.0070104	0.010502	0.014	0.017378	0.020736	0.023854	0.026976	0.0298	0.03256
0.46	0.0033298	0.00694040000000001	0.010406	0.013956	0.017332	0.020728	0.023898	0.02705	0.029928	0.032768
0.465	0.0032876	0.00684340000000001	0.010322	0.013882	0.01728	0.020688	0.023842	0.027044	0.02998	0.0329020000000001
0.47	0.0032684	0.00676280000000001	0.010234	0.013796	0.017188	0.020606	0.023802	0.026992	0.029996	0.0329820000000001
0.475	0.003238	0.00668360000000001	0.010142	0.013668	0.017074	0.020476	0.023786	0.026946	0.030044	0.0330280000000001
0.48	0.0032164	0.0066002	0.010064	0.013502	0.016958	0.020324	0.023694	0.02686	0.030032	0.032992
0.485	0.0032146	0.0065424	0.009968	0.013356	0.016806	0.02018	0.023552	0.026712	0.029948	0.032894
0.49	0.0031816	0.0064852	0.009852	0.013214	0.0166	0.020014	0.02341	0.026576	0.02986	0.03276
0.495	0.003103	0.006398	0.00973599999999999	0.013054	0.016408	0.01983	0.02322	0.026454	0.029718	0.03259
0.5	0.0030144	0.00629999999999999	0.00958399999999999	0.012898	0.016256	0.01964	0.022962	0.026262	0.02949	0.032438
0.505	0.0029622	0.00619199999999999	0.00941199999999999	0.012742	0.016084	0.019412	0.02269	0.026012	0.02923	0.032326
0.51	0.0029198	0.00607399999999999	0.00926399999999998	0.012574	0.015874	0.019156	0.02245	0.025742	0.02895	0.03214
0.515	0.002849	0.00595799999999999	0.00911999999999999	0.012388	0.015648	0.018896	0.022194	0.025434	0.028636	0.031858
0.52	0.0027794	0.00584999999999999	0.00895599999999999	0.012186	0.015386	0.01861	0.021884	0.025108	0.028308	0.03158
0.525	0.0027304	0.00572999999999999	0.008802	0.011976	0.015102	0.018318	0.02157	0.0248	0.027976	0.031244
0.53	0.0026964	0.005598	0.008658	0.011754	0.014834	0.018056	0.02127	0.024498	0.02765	0.030792
0.535	0.002679	0.00549799999999999	0.00850599999999999	0.011508	0.01457	0.017766	0.02094	0.024152	0.027322	0.030398
0.54	0.0026564	0.00541999999999999	0.00834599999999999	0.011268	0.014314	0.017436	0.020604	0.023782	0.026928	0.030072
0.545	0.0026002	0.005342	0.008176	0.011044	0.01407	0.017118	0.020306	0.023436	0.026516	0.029676
0.55	0.0025284	0.00524600000000001	0.00801000000000001	0.010828	0.013824	0.0168	0.01997	0.023078	0.026144	0.029294
0.555	0.00243160000000001	0.00511200000000002	0.00783200000000003	0.01062	0.0135700000000001	0.016488	0.0195540000000001	0.0226780000000001	0.0257040000000001	0.0289400000000001
0.56	0.00232580000000001	0.00495800000000002	0.00765400000000003	0.010404	0.0133060000000001	0.016186	0.0191580000000001	0.0222660000000001	0.0252320000000001	0.0284680000000001
0.565	0.00227740000000001	0.00483800000000002	0.00749200000000003	0.010188	0.0130460000000001	0.0158640000000001	0.018802	0.0218720000000001	0.0248440000000001	0.0279440000000001
0.57	0.00227160000000001	0.00473800000000002	0.00732400000000003	0.010006	0.0127860000000001	0.0155620000000001	0.01842	0.0214660000000001	0.0244300000000001	0.0274760000000001
0.575	0.0022588	0.004624	0.00715200000000001	0.00981400000000001	0.012508	0.015286	0.018078	0.0210460000000001	0.02395	0.0269960000000001
0.58	0.0022342	0.00454	0.00699399999999999	0.00958999999999999	0.01221	0.01495	0.017764	0.020606	0.02352	0.026474
0.585	0.0021926	0.004476	0.006838	0.009388	0.011928	0.014612	0.0174	0.02018	0.023106	0.025988
0.59	0.0021146	0.00436199999999999	0.00668199999999999	0.009174	0.011684	0.01434	0.017042	0.019802	0.022668	0.025546
0.595	0.0020262	0.004222	0.00654199999999999	0.008904	0.01144	0.014038	0.016714	0.01939	0.022232	0.025056
0.6	0.0019618	0.004154	0.006394	0.008644	0.01119	0.013712	0.016372	0.018964	0.021794	0.0245279999999999
0.605	0.001901	0.004116	0.00625199999999999	0.00844999999999999	0.010948	0.013432	0.01603	0.018604	0.021358	0.024068
0.61	0.0018476	0.004022	0.00614199999999999	0.00829199999999999	0.010718	0.013164	0.01569	0.018246	0.020918	0.023618
0.615	0.0018202	0.00392199999999999	0.00601599999999999	0.00817999999999999	0.010496	0.012868	0.01532	0.017848	0.020462	0.023112
0.62	0.0017936	0.00381999999999999	0.005864	0.00808	0.010258	0.012564	0.014944	0.01748	0.019992	0.022652
0.625	0.0017598	0.003684	0.005724	0.007926	0.010002	0.012298	0.014582	0.017118	0.01955	0.022218
0.63	0.0017496	0.003592	0.005574	0.00773400000000001	0.00975399999999998	0.012034	0.01425	0.016734	0.019136	0.021718
0.635	0.00174	0.003522	0.00538800000000001	0.00752200000000001	0.00951999999999998	0.011728	0.013948	0.016344	0.018728	0.021192
0.64	0.0017016	0.003392	0.005252	0.007314	0.00926799999999999	0.01144	0.013652	0.01593	0.018338	0.020692
0.645	0.0016456	0.0033	0.005186	0.007122	0.00904400000000001	0.011186	0.01335	0.01554	0.017972	0.020246
0.65	0.0015702	0.00327199999999999	0.00509199999999999	0.00692	0.00887000000000001	0.010906	0.013044	0.015206	0.017576	0.019844
0.655	0.0014996	0.00317199999999999	0.00497599999999999	0.00673599999999999	0.00868	0.010636	0.01275	0.014906	0.017144	0.01944
0.66	0.0014552	0.00306399999999999	0.00488199999999999	0.00659199999999999	0.00848199999999999	0.010416	0.012482	0.014614	0.016734	0.019068
0.665	0.0014132	0.003048	0.00478199999999999	0.00643399999999998	0.00830799999999998	0.010204	0.01222	0.014296	0.01636	0.01872
0.67	0.001378	0.00303000000000001	0.00464199999999999	0.00625399999999999	0.00812599999999998	0.00997799999999998	0.01193	0.013982	0.016044	0.018304
0.675	0.0013796	0.00295800000000001	0.00451	0.00610800000000001	0.00790999999999999	0.009754	0.01165	0.013682	0.015752	0.017844
0.68	0.0013806	0.00287800000000001	0.00441200000000001	0.00602400000000002	0.00773800000000002	0.00954800000000002	0.01138	0.0133360000000001	0.015434	0.0174180000000001
0.685	0.001359	0.00280600000000001	0.00429000000000001	0.00593400000000003	0.00758800000000003	0.00932800000000003	0.0110640000000001	0.0129980000000001	0.0151080000000001	0.0170200000000001
0.69	0.001336	0.00273800000000002	0.00415800000000001	0.00579600000000003	0.00739000000000004	0.00910400000000003	0.0107880000000001	0.0127420000000001	0.0147660000000001	0.0166460000000001
0.695	0.0012992	0.00266200000000001	0.00408000000000001	0.00567000000000003	0.00723000000000003	0.00889800000000004	0.010604	0.012476	0.0143740000000001	0.0162980000000001
0.7	0.001271	0.002568	0.00400200000000001	0.005574	0.00712400000000002	0.00869000000000002	0.010398	0.012186	0.013998	0.015954
0.705	0.001235	0.00251	0.003914	0.00545399999999998	0.00697800000000001	0.008498	0.010186	0.01193	0.013676	0.01561
0.71	0.001175	0.002474	0.003872	0.00529999999999998	0.00680599999999999	0.008338	0.010028	0.01167	0.013356	0.0153
0.715	0.001145	0.00241199999999999	0.003796	0.00513799999999998	0.006668	0.00816	0.009826	0.011392	0.013038	0.014998
0.72	0.001149	0.00234199999999999	0.003672	0.00500399999999999	0.00650000000000001	0.00798199999999999	0.009562	0.011086	0.012746	0.014646
0.725	0.0011196	0.00228399999999999	0.003582	0.00491799999999999	0.00632	0.007848	0.00933199999999999	0.010774	0.012478	0.01431
0.73	0.0010616	0.00221999999999999	0.003498	0.004802	0.00618	0.00765600000000001	0.00911399999999997	0.01055	0.012238	0.014024
0.735	0.00104	0.00218399999999999	0.00339999999999999	0.00465	0.006006	0.00741000000000001	0.00885799999999998	0.010382	0.012012	0.01369
0.74	0.001027	0.00219	0.00334999999999999	0.004546	0.00583199999999999	0.007232	0.008646	0.010192	0.01176	0.013322
0.745	0.0010022	0.002154	0.003312	0.00447	0.00569999999999998	0.007076	0.008478	0.00999999999999998	0.011476	0.012984
0.75	0.0009776	0.002092	0.00324	0.004368	0.00555799999999999	0.00687799999999999	0.008268	0.00979400000000001	0.011222	0.012664
0.755	0.000974600000000001	0.00206800000000001	0.003164	0.004262	0.00541799999999999	0.00671599999999998	0.008064	0.00954200000000001	0.010998	0.01238
0.76	0.000963200000000001	0.002032	0.0031	0.004202	0.00533799999999999	0.00661399999999998	0.00791399999999999	0.00927999999999999	0.010734	0.012132
0.765	0.000949800000000001	0.00195	0.00301	0.004164	0.005282	0.00649399999999999	0.00775199999999998	0.009066	0.010488	0.011902
0.77	0.000970999999999998	0.00188	0.0029	0.00408999999999999	0.005198	0.00633599999999999	0.00757399999999998	0.008884	0.01029	0.011912
0.775	0.000962799999999997	0.001834	0.00283	0.00398599999999999	0.005106	0.00618399999999999	0.00743599999999998	0.00869199999999998	0.010034	0.01215
0.78	0.000892599999999998	0.00178799999999999	0.002766	0.00389599999999999	0.00500399999999999	0.00607	0.007308	0.00848599999999999	0.00975199999999998	0.012096
0.785	0.000817399999999998	0.001732	0.00268999999999999	0.00380399999999999	0.00488	0.005956	0.00716600000000001	0.00827800000000003	0.00953399999999999	0.011786
0.79	0.000767599999999997	0.001674	0.002656	0.00368999999999999	0.00475200000000001	0.005808	0.00701399999999999	0.00808400000000004	0.009328	0.011508
0.795	0.000701999999999998	0.00165399999999999	0.002642	0.00358199999999999	0.004652	0.00566399999999999	0.00686399999999998	0.00794600000000002	0.00916800000000001	0.011024
0.8	0.000666000000000003	0.001674	0.002612	0.003488	0.004544	0.005548	0.006716	0.00784000000000003	0.00904400000000004	0.01036
0.805	0.000702000000000006	0.00166400000000001	0.00259000000000001	0.00341400000000001	0.00442600000000001	0.00543600000000001	0.00654400000000002	0.00767800000000002	0.00883400000000006	0.00996000000000002
0.81	0.000752000000000006	0.001618	0.00253200000000001	0.00335200000000001	0.00433800000000001	0.00532000000000001	0.00638200000000001	0.00749799999999999	0.00863000000000006	0.00982000000000002
0.815	0.000772000000000006	0.001602	0.00243000000000002	0.00326400000000002	0.00422800000000001	0.00523800000000001	0.00623400000000002	0.00733199999999999	0.00849800000000004	0.00964000000000001
0.82	0.000784000000000004	0.00158200000000001	0.00235800000000001	0.00319400000000001	0.00409800000000001	0.00518600000000001	0.00609400000000004	0.00714199999999999	0.00828600000000002	0.00936000000000003
0.825	0.000781999999999999	0.001518	0.002294	0.00317999999999999	0.00403200000000001	0.005092	0.00597000000000003	0.00696599999999998	0.00805199999999998	0.00910000000000002
0.83	0.000745999999999997	0.001498	0.002212	0.00313999999999999	0.004	0.004948	0.00585200000000002	0.00687199999999998	0.00793599999999996	0.00898
0.835	0.000705999999999998	0.0015	0.002178	0.00306799999999999	0.003926	0.00481599999999999	0.00572800000000001	0.006788	0.00778799999999997	0.00887999999999999
0.84	0.000686	0.001416	0.00218399999999999	0.003032	0.003866	0.00472999999999999	0.005622	0.006636	0.00756599999999999	0.00873999999999999
0.845	0.000664	0.001346	0.00216199999999999	0.00297800000000001	0.003812	0.004636	0.005526	0.00650000000000001	0.007412	0.00858
0.85	0.000637999999999999	0.001368	0.002126	0.00287000000000001	0.00366799999999999	0.004494	0.00538599999999998	0.00637000000000002	0.00727600000000001	0.00834000000000001
0.855	0.000639999999999998	0.00134600000000001	0.00208999999999999	0.00278200000000001	0.00351799999999999	0.004374	0.00526199999999997	0.00620800000000001	0.00710600000000002	0.00808000000000001
0.86	0.000591999999999999	0.00126	0.00202999999999999	0.00272000000000001	0.00344999999999999	0.004298	0.00517	0.00609999999999999	0.00698400000000001	0.00784000000000001
0.865	0.000526	0.00124599999999999	0.001922	0.00268000000000001	0.00337799999999998	0.00419	0.00506000000000001	0.00598999999999998	0.00688000000000001	0.00766
0.87	0.000566000000000001	0.00127599999999999	0.00183600000000001	0.002646	0.00329999999999999	0.00408999999999999	0.00494599999999999	0.00579399999999999	0.00673400000000001	0.00765999999999999
0.875	0.000620000000000002	0.001226	0.00183000000000001	0.002578	0.00329000000000001	0.00408999999999999	0.004886	0.00562599999999999	0.006586	0.00767999999999999
0.88	0.000602	0.00115199999999999	0.00182400000000001	0.00252799999999999	0.00327800000000001	0.004054	0.00483400000000001	0.00552200000000001	0.00645599999999999	0.0075
0.885	0.000607999999999997	0.00115599999999999	0.001818	0.00251199999999998	0.00322000000000001	0.00392000000000001	0.004732	0.005414	0.00632999999999999	0.00727999999999999
0.89	0.000599999999999995	0.001166	0.001864	0.00247199999999998	0.003176	0.00378400000000001	0.00462999999999999	0.00536999999999999	0.00622400000000002	0.00711999999999997
0.895	0.000423333333333327	0.00107333333333333	0.00185666666666666	0.00246999999999999	0.00312666666666664	0.00359000000000001	0.00454333333333335	0.00542999999999996	0.00616333333333339	0.00679999999999994
0.9	0.000379999999999998	0.00110000000000002	0.00189999999999999	0.00243999999999999	0.00309999999999998	0.00346000000000001	0.00438000000000001	0.0054199999999999	0.00614000000000013	0.00679999999999986
