"Frequency"	"Magnitude"
1.010000000000E+02	3.574103E+01
1.041800000000E+02	3.573367E+01
1.073610000000E+02	3.571809E+01
1.105410000000E+02	3.571333E+01
1.137210000000E+02	3.576522E+01
1.169020000000E+02	3.576537E+01
1.200820000000E+02	3.579474E+01
1.232620000000E+02	3.580244E+01
1.264430000000E+02	3.583225E+01
1.296230000000E+02	3.582137E+01
1.328030000000E+02	3.579826E+01
1.359830000000E+02	3.591802E+01
1.391640000000E+02	3.587497E+01
1.423440000000E+02	3.585997E+01
1.455240000000E+02	3.587125E+01
1.487050000000E+02	3.588438E+01
1.518850000000E+02	3.592258E+01
1.550650000000E+02	3.591926E+01
1.582460000000E+02	3.588882E+01
1.614260000000E+02	3.592144E+01
1.646060000000E+02	3.593657E+01
1.677870000000E+02	3.594104E+01
1.709670000000E+02	3.596921E+01
1.741470000000E+02	3.594079E+01
1.773280000000E+02	3.593286E+01
1.805080000000E+02	3.592725E+01
1.836880000000E+02	3.594515E+01
1.868680000000E+02	3.595353E+01
1.900490000000E+02	3.596276E+01
1.932290000000E+02	3.598050E+01
1.964090000000E+02	3.597361E+01
1.995900000000E+02	3.596234E+01
2.027700000000E+02	3.597117E+01
2.059500000000E+02	3.598524E+01
2.091310000000E+02	3.598088E+01
2.123110000000E+02	3.599752E+01
2.154910000000E+02	3.599294E+01
2.186720000000E+02	3.599455E+01
2.218520000000E+02	3.598977E+01
2.250320000000E+02	3.600121E+01
2.282130000000E+02	3.601179E+01
2.313930000000E+02	3.600479E+01
2.345730000000E+02	3.600711E+01
2.377530000000E+02	3.599681E+01
2.409340000000E+02	3.598436E+01
2.441140000000E+02	3.603277E+01
2.472940000000E+02	3.601535E+01
2.504750000000E+02	3.602491E+01
2.536550000000E+02	3.602204E+01
2.568350000000E+02	3.602769E+01
2.600160000000E+02	3.602308E+01
2.631960000000E+02	3.602038E+01
2.641960000000E+02	3.604363E+01
2.725980000000E+02	3.604480E+01
2.810010000000E+02	3.600287E+01
2.894030000000E+02	3.603851E+01
2.978060000000E+02	3.602851E+01
3.062080000000E+02	3.605267E+01
3.146110000000E+02	3.605218E+01
3.230130000000E+02	3.604963E+01
3.314150000000E+02	3.605750E+01
3.398180000000E+02	3.606446E+01
3.482200000000E+02	3.604793E+01
3.566230000000E+02	3.606986E+01
3.650250000000E+02	3.605365E+01
3.734280000000E+02	3.606544E+01
3.818300000000E+02	3.608325E+01
3.902320000000E+02	3.606586E+01
3.986350000000E+02	3.606913E+01
4.070370000000E+02	3.607109E+01
4.154400000000E+02	3.606841E+01
4.238420000000E+02	3.607429E+01
4.322450000000E+02	3.606860E+01
4.406470000000E+02	3.605394E+01
4.490490000000E+02	3.604572E+01
4.574520000000E+02	3.610015E+01
4.658540000000E+02	3.608355E+01
4.742570000000E+02	3.606108E+01
4.826590000000E+02	3.611116E+01
4.910620000000E+02	3.609230E+01
4.994640000000E+02	3.608141E+01
5.078670000000E+02	3.609267E+01
5.162690000000E+02	3.606451E+01
5.246710000000E+02	3.609529E+01
5.330740000000E+02	3.608582E+01
5.414760000000E+02	3.606479E+01
5.498790000000E+02	3.608187E+01
5.582810000000E+02	3.608075E+01
5.666840000000E+02	3.606390E+01
5.750860000000E+02	3.607542E+01
5.834880000000E+02	3.609146E+01
5.918910000000E+02	3.608951E+01
6.002930000000E+02	3.607168E+01
6.086960000000E+02	3.609300E+01
6.170980000000E+02	3.607667E+01
6.255010000000E+02	3.608273E+01
6.339030000000E+02	3.610292E+01
6.423050000000E+02	3.605867E+01
6.507080000000E+02	3.608210E+01
6.591100000000E+02	3.609323E+01
6.675130000000E+02	3.608027E+01
6.759150000000E+02	3.608232E+01
6.843180000000E+02	3.608852E+01
6.927200000000E+02	3.608508E+01
6.937200000000E+02	3.605647E+01
7.158670000000E+02	3.609195E+01
7.380140000000E+02	3.610416E+01
7.601610000000E+02	3.610759E+01
7.823070000000E+02	3.607224E+01
8.044540000000E+02	3.606789E+01
8.266010000000E+02	3.608004E+01
8.487480000000E+02	3.608678E+01
8.708950000000E+02	3.607410E+01
8.930420000000E+02	3.607656E+01
9.151890000000E+02	3.609765E+01
9.373350000000E+02	3.609872E+01
9.594820000000E+02	3.609174E+01
9.816290000000E+02	3.609967E+01
1.003776000000E+03	3.608914E+01
1.025923000000E+03	3.610220E+01
1.048070000000E+03	3.609796E+01
1.070217000000E+03	3.610132E+01
1.092364000000E+03	3.608206E+01
1.114510000000E+03	3.610757E+01
1.136657000000E+03	3.609036E+01
1.158804000000E+03	3.608421E+01
1.180951000000E+03	3.609733E+01
1.203098000000E+03	3.607639E+01
1.225245000000E+03	3.607215E+01
1.247392000000E+03	3.610806E+01
1.269538000000E+03	3.609418E+01
1.291685000000E+03	3.609334E+01
1.313832000000E+03	3.608905E+01
1.335979000000E+03	3.610225E+01
1.358126000000E+03	3.609107E+01
1.380273000000E+03	3.608187E+01
1.402420000000E+03	3.608434E+01
1.424566000000E+03	3.609296E+01
1.446713000000E+03	3.608580E+01
1.468860000000E+03	3.608080E+01
1.491007000000E+03	3.606953E+01
1.513154000000E+03	3.607435E+01
1.535301000000E+03	3.607587E+01
1.557448000000E+03	3.608563E+01
1.579595000000E+03	3.607690E+01
1.601741000000E+03	3.607644E+01
1.623888000000E+03	3.609523E+01
1.646035000000E+03	3.608040E+01
1.668182000000E+03	3.608796E+01
1.690329000000E+03	3.607271E+01
1.712476000000E+03	3.607421E+01
1.734623000000E+03	3.609893E+01
1.756769000000E+03	3.608456E+01
1.778916000000E+03	3.607497E+01
1.801063000000E+03	3.608292E+01
1.823210000000E+03	3.609041E+01
1.824210000000E+03	3.610276E+01
1.882531000000E+03	3.611231E+01
1.940853000000E+03	3.606362E+01
1.999174000000E+03	3.604470E+01
2.057495000000E+03	3.610064E+01
2.115817000000E+03	3.608007E+01
2.174138000000E+03	3.609050E+01
2.232460000000E+03	3.610569E+01
2.290781000000E+03	3.609964E+01
2.349102000000E+03	3.602839E+01
2.407424000000E+03	3.609326E+01
2.465745000000E+03	3.608742E+01
2.524066000000E+03	3.607258E+01
2.582388000000E+03	3.607200E+01
2.640709000000E+03	3.608441E+01
2.699031000000E+03	3.607713E+01
2.757352000000E+03	3.607573E+01
2.815673000000E+03	3.610077E+01
2.873995000000E+03	3.609071E+01
2.932316000000E+03	3.606379E+01
2.990637000000E+03	3.605916E+01
3.048959000000E+03	3.606288E+01
3.107280000000E+03	3.608083E+01
3.165602000000E+03	3.607193E+01
3.223923000000E+03	3.606281E+01
3.282244000000E+03	3.607507E+01
3.340566000000E+03	3.607343E+01
3.398887000000E+03	3.606646E+01
3.457208000000E+03	3.608712E+01
3.515530000000E+03	3.607702E+01
3.573851000000E+03	3.606010E+01
3.632173000000E+03	3.606907E+01
3.690494000000E+03	3.605315E+01
3.748815000000E+03	3.605792E+01
3.807137000000E+03	3.606852E+01
3.865458000000E+03	3.607496E+01
3.923779000000E+03	3.606430E+01
3.982101000000E+03	3.606112E+01
4.040422000000E+03	3.607115E+01
4.098744000000E+03	3.604728E+01
4.157065000000E+03	3.604462E+01
4.215386000000E+03	3.606107E+01
4.273708000000E+03	3.604145E+01
4.332029000000E+03	3.606160E+01
4.390350000000E+03	3.605153E+01
4.448672000000E+03	3.605363E+01
4.506993000000E+03	3.605627E+01
4.565315000000E+03	3.603237E+01
4.623636000000E+03	3.603768E+01
4.681957000000E+03	3.602596E+01
4.740279000000E+03	3.603395E+01
4.798600000000E+03	3.605042E+01
4.799600000000E+03	3.606475E+01
4.953131000000E+03	3.608855E+01
5.106663000000E+03	3.602859E+01
5.260194000000E+03	3.604348E+01
5.413725000000E+03	3.604084E+01
5.567257000000E+03	3.604772E+01
5.720788000000E+03	3.605949E+01
5.874320000000E+03	3.601867E+01
6.027851000000E+03	3.604085E+01
6.181382000000E+03	3.600079E+01
6.334914000000E+03	3.604718E+01
6.488445000000E+03	3.602694E+01
6.641976000000E+03	3.603966E+01
6.795508000000E+03	3.603812E+01
6.949039000000E+03	3.600662E+01
7.102571000000E+03	3.600879E+01
7.256102000000E+03	3.601567E+01
7.409633000000E+03	3.601892E+01
7.563165000000E+03	3.599597E+01
7.716696000000E+03	3.602051E+01
7.870227000000E+03	3.601669E+01
8.023759000000E+03	3.601773E+01
8.177290000000E+03	3.601292E+01
8.330822000000E+03	3.602730E+01
8.484353000000E+03	3.600812E+01
8.637884000000E+03	3.600330E+01
8.791416000000E+03	3.601181E+01
8.944947000000E+03	3.601396E+01
9.098478000000E+03	3.600380E+01
9.252010000000E+03	3.601124E+01
9.405541000000E+03	3.599050E+01
9.559073000000E+03	3.599686E+01
9.712604000000E+03	3.599680E+01
9.866135000000E+03	3.600804E+01
1.001966700000E+04	3.597431E+01
1.017319800000E+04	3.602244E+01
1.032672900000E+04	3.600871E+01
1.048026100000E+04	3.599594E+01
1.063379200000E+04	3.596379E+01
1.078732400000E+04	3.598314E+01
1.094085500000E+04	3.600188E+01
1.109438600000E+04	3.599720E+01
1.124791800000E+04	3.600253E+01
1.140144900000E+04	3.598763E+01
1.155498000000E+04	3.600208E+01
1.170851200000E+04	3.600488E+01
1.186204300000E+04	3.598565E+01
1.201557500000E+04	3.601984E+01
1.216910600000E+04	3.601403E+01
1.232263700000E+04	3.600236E+01
1.247616900000E+04	3.599224E+01
1.262970000000E+04	3.599067E+01
1.263070000000E+04	3.599400E+01
1.303482200000E+04	3.594909E+01
1.343894300000E+04	3.599200E+01
1.384306500000E+04	3.594442E+01
1.424718600000E+04	3.599677E+01
1.465130800000E+04	3.598545E+01
1.505542900000E+04	3.600012E+01
1.545955100000E+04	3.603692E+01
1.586367300000E+04	3.599612E+01
1.626779400000E+04	3.599350E+01
1.667191600000E+04	3.599518E+01
1.707603700000E+04	3.598898E+01
1.748015900000E+04	3.600719E+01
1.788428000000E+04	3.597418E+01
1.828840200000E+04	3.598074E+01
1.869252400000E+04	3.596049E+01
1.909664500000E+04	3.596117E+01
1.950076700000E+04	3.601587E+01
1.990488800000E+04	3.600905E+01
2.030901000000E+04	3.599693E+01
2.071313100000E+04	3.599607E+01
2.111725300000E+04	3.602131E+01
2.152137500000E+04	3.597696E+01
2.192549600000E+04	3.602471E+01
2.232961800000E+04	3.597251E+01
2.273373900000E+04	3.597932E+01
2.313786100000E+04	3.596732E+01
2.354198200000E+04	3.597924E+01
2.394610400000E+04	3.601145E+01
2.435022500000E+04	3.596505E+01
2.475434700000E+04	3.600642E+01
2.515846900000E+04	3.598084E+01
2.556259000000E+04	3.598632E+01
2.596671200000E+04	3.600425E+01
2.637083300000E+04	3.595660E+01
2.677495500000E+04	3.597227E+01
2.717907600000E+04	3.598690E+01
2.758319800000E+04	3.599824E+01
2.798732000000E+04	3.596932E+01
2.839144100000E+04	3.601345E+01
2.879556300000E+04	3.601465E+01
2.919968400000E+04	3.596186E+01
2.960380600000E+04	3.601494E+01
3.000792700000E+04	3.602746E+01
3.041204900000E+04	3.599117E+01
3.081617100000E+04	3.599857E+01
3.122029200000E+04	3.598738E+01
3.162441400000E+04	3.602862E+01
3.202853500000E+04	3.599450E+01
3.243265700000E+04	3.599437E+01
3.283677800000E+04	3.597789E+01
3.324090000000E+04	3.597731E+01
3.324190000000E+04	3.596871E+01
3.430555900000E+04	3.595837E+01
3.536921800000E+04	3.601058E+01
3.643287600000E+04	3.598339E+01
3.749653500000E+04	3.598941E+01
3.856019400000E+04	3.599020E+01
3.962385300000E+04	3.604762E+01
4.068751200000E+04	3.603139E+01
4.175117100000E+04	3.599456E+01
4.281482900000E+04	3.600751E+01
4.387848800000E+04	3.596962E+01
4.494214700000E+04	3.599301E+01
4.600580600000E+04	3.602191E+01
4.706946500000E+04	3.600015E+01
4.813312400000E+04	3.599984E+01
4.919678200000E+04	3.599006E+01
5.026044100000E+04	3.597036E+01
5.132410000000E+04	3.601806E+01
5.238775900000E+04	3.598299E+01
5.345141800000E+04	3.600435E+01
5.451507600000E+04	3.599842E+01
5.557873500000E+04	3.600915E+01
5.664239400000E+04	3.601863E+01
5.770605300000E+04	3.600770E+01
5.876971200000E+04	3.595109E+01
5.983337100000E+04	3.595924E+01
6.089702900000E+04	3.594851E+01
6.196068800000E+04	3.599279E+01
6.302434700000E+04	3.597218E+01
6.408800600000E+04	3.599701E+01
6.515166500000E+04	3.597202E+01
6.621532400000E+04	3.596661E+01
6.727898200000E+04	3.600637E+01
6.834264100000E+04	3.598185E+01
6.940630000000E+04	3.598072E+01
7.046995900000E+04	3.599100E+01
7.153361800000E+04	3.599111E+01
7.259727600000E+04	3.596741E+01
7.366093500000E+04	3.601099E+01
7.472459400000E+04	3.597028E+01
7.578825300000E+04	3.596248E+01
7.685191200000E+04	3.597448E+01
7.791557100000E+04	3.598197E+01
7.897922900000E+04	3.599852E+01
8.004288800000E+04	3.601512E+01
8.110654700000E+04	3.601535E+01
8.217020600000E+04	3.602129E+01
8.323386500000E+04	3.596329E+01
8.429752400000E+04	3.600305E+01
8.536118200000E+04	3.594688E+01
8.642484100000E+04	3.596248E+01
8.748850000000E+04	3.600519E+01
8.748950000000E+04	3.595752E+01
9.028903900000E+04	3.605233E+01
9.308857800000E+04	3.599884E+01
9.588811800000E+04	3.602240E+01
9.868765700000E+04	3.599394E+01
1.014871960000E+05	3.601087E+01
1.042867350000E+05	3.606738E+01
1.070862750000E+05	3.599601E+01
1.098858140000E+05	3.600492E+01
1.126853530000E+05	3.602961E+01
1.154848920000E+05	3.594930E+01
1.182844310000E+05	3.598676E+01
1.210839710000E+05	3.599625E+01
1.238835100000E+05	3.601379E+01
1.266830490000E+05	3.603027E+01
1.294825880000E+05	3.596292E+01
1.322821270000E+05	3.597502E+01
1.350816670000E+05	3.599589E+01
1.378812060000E+05	3.595625E+01
1.406807450000E+05	3.596115E+01
1.434802840000E+05	3.589927E+01
1.462798240000E+05	3.601841E+01
1.490793630000E+05	3.594117E+01
1.518789020000E+05	3.606808E+01
1.546784410000E+05	3.597682E+01
1.574779800000E+05	3.602747E+01
1.602775200000E+05	3.596598E+01
1.630770590000E+05	3.597733E+01
1.658765980000E+05	3.598971E+01
1.686761370000E+05	3.607205E+01
1.714756760000E+05	3.599932E+01
1.742752160000E+05	3.597203E+01
1.770747550000E+05	3.602239E+01
1.798742940000E+05	3.602678E+01
1.826738330000E+05	3.598001E+01
1.854733730000E+05	3.602968E+01
1.882729120000E+05	3.602049E+01
1.910724510000E+05	3.597127E+01
1.938719900000E+05	3.595214E+01
1.966715290000E+05	3.602254E+01
1.994710690000E+05	3.594124E+01
2.022706080000E+05	3.596474E+01
2.050701470000E+05	3.598487E+01
2.078696860000E+05	3.595291E+01
2.106692250000E+05	3.600518E+01
2.134687650000E+05	3.593088E+01
2.162683040000E+05	3.595813E+01
2.190678430000E+05	3.599647E+01
2.218673820000E+05	3.596527E+01
2.246669220000E+05	3.599056E+01
2.274664610000E+05	3.598964E+01
2.302660000000E+05	3.595457E+01
2.302670000000E+05	3.594114E+01
2.376352940000E+05	3.595209E+01
2.450035880000E+05	3.603893E+01
2.523718820000E+05	3.596238E+01
2.597401760000E+05	3.594730E+01
2.671084710000E+05	3.599266E+01
2.744767650000E+05	3.588979E+01
2.818450590000E+05	3.595419E+01
2.892133530000E+05	3.593897E+01
2.965816470000E+05	3.597377E+01
3.039499410000E+05	3.595029E+01
3.113182350000E+05	3.592015E+01
3.186865290000E+05	3.595898E+01
3.260548240000E+05	3.598423E+01
3.334231180000E+05	3.598734E+01
3.407914120000E+05	3.597353E+01
3.481597060000E+05	3.599871E+01
3.555280000000E+05	3.599965E+01
3.628962940000E+05	3.590989E+01
3.702645880000E+05	3.599121E+01
3.776328820000E+05	3.599460E+01
3.850011760000E+05	3.600706E+01
3.923694710000E+05	3.594862E+01
3.997377650000E+05	3.593986E+01
4.071060590000E+05	3.599939E+01
4.144743530000E+05	3.594969E+01
4.218426470000E+05	3.594013E+01
4.292109410000E+05	3.591096E+01
4.365792350000E+05	3.584592E+01
4.439475290000E+05	3.597394E+01
4.513158240000E+05	3.598470E+01
4.586841180000E+05	3.601528E+01
4.660524120000E+05	3.597578E+01
4.734207060000E+05	3.602549E+01
4.807890000000E+05	3.591797E+01
4.881572940000E+05	3.595246E+01
4.955255880000E+05	3.594793E+01
5.028938820000E+05	3.596552E+01
5.102621760000E+05	3.597633E+01
5.176304710000E+05	3.599804E+01
5.249987650000E+05	3.593922E+01
5.323670590000E+05	3.597751E+01
5.397353530000E+05	3.598168E+01
5.471036470000E+05	3.598918E+01
5.544719410000E+05	3.599587E+01
5.618402350000E+05	3.591474E+01
5.692085290000E+05	3.597450E+01
5.765768240000E+05	3.591488E+01
5.839451180000E+05	3.590793E+01
5.913134120000E+05	3.590804E+01
5.986817060000E+05	3.597041E+01
6.060500000000E+05	3.596070E+01
6.060510000000E+05	3.588234E+01
6.254441180000E+05	3.603342E+01
6.448372350000E+05	3.594207E+01
6.642303530000E+05	3.595321E+01
6.836234710000E+05	3.602996E+01
7.030165880000E+05	3.602140E+01
7.224097060000E+05	3.593332E+01
7.418028240000E+05	3.602365E+01
7.611959410000E+05	3.598802E+01
7.805890590000E+05	3.603591E+01
7.999821760000E+05	3.604933E+01
8.193752940000E+05	3.601408E+01
8.387684120000E+05	3.593474E+01
8.581615290000E+05	3.605058E+01
8.775546470000E+05	3.601352E+01
8.969477650000E+05	3.608187E+01
9.163408820000E+05	3.601723E+01
9.357340000000E+05	3.601675E+01
9.551271180000E+05	3.600381E+01
9.745202350000E+05	3.595880E+01
9.939133530000E+05	3.596758E+01
1.013306471000E+06	3.606253E+01
1.032699588000E+06	3.607844E+01
1.052092706000E+06	3.605957E+01
1.071485824000E+06	3.605216E+01
1.090878941000E+06	3.608413E+01
1.110272059000E+06	3.603159E+01
1.129665176000E+06	3.602644E+01
1.149058294000E+06	3.596592E+01
1.168451412000E+06	3.602102E+01
1.187844529000E+06	3.603122E+01
1.207237647000E+06	3.597130E+01
1.226630765000E+06	3.597502E+01
1.246023882000E+06	3.605367E+01
1.265417000000E+06	3.603123E+01
1.284810118000E+06	3.598068E+01
1.304203235000E+06	3.596933E+01
1.323596353000E+06	3.599458E+01
1.342989471000E+06	3.604652E+01
1.362382588000E+06	3.599385E+01
1.381775706000E+06	3.600504E+01
1.401168824000E+06	3.595745E+01
1.420561941000E+06	3.601160E+01
1.439955059000E+06	3.599203E+01
1.459348176000E+06	3.595584E+01
1.478741294000E+06	3.599131E+01
1.498134412000E+06	3.610229E+01
1.517527529000E+06	3.601337E+01
1.536920647000E+06	3.603757E+01
1.556313765000E+06	3.603739E+01
1.575706882000E+06	3.597638E+01
1.595100000000E+06	3.605241E+01
1.595100000000E+06	3.604841E+01
1.646141765000E+06	3.599193E+01
1.697183529000E+06	3.597547E+01
1.748225294000E+06	3.598159E+01
1.799267059000E+06	3.605675E+01
1.850308824000E+06	3.603108E+01
1.901350588000E+06	3.602307E+01
1.952392353000E+06	3.601007E+01
2.003434118000E+06	3.600079E+01
2.054475882000E+06	3.601289E+01
2.105517647000E+06	3.599916E+01
2.156559412000E+06	3.593763E+01
2.207601176000E+06	3.593951E+01
2.258642941000E+06	3.604430E+01
2.309684706000E+06	3.595455E+01
2.360726471000E+06	3.601308E+01
2.411768235000E+06	3.598530E+01
2.462810000000E+06	3.603377E+01
2.513851765000E+06	3.605683E+01
2.564893529000E+06	3.602375E+01
2.615935294000E+06	3.601060E+01
2.666977059000E+06	3.600827E+01
2.718018824000E+06	3.607269E+01
2.769060588000E+06	3.600701E+01
2.820102353000E+06	3.595544E+01
2.871144118000E+06	3.608836E+01
2.922185882000E+06	3.601439E+01
2.973227647000E+06	3.599833E+01
3.024269412000E+06	3.605256E+01
3.075311176000E+06	3.602070E+01
3.126352941000E+06	3.598857E+01
3.177394706000E+06	3.601371E+01
3.228436471000E+06	3.607208E+01
3.279478235000E+06	3.599117E+01
3.330520000000E+06	3.603968E+01
3.381561765000E+06	3.602020E+01
3.432603529000E+06	3.605246E+01
3.483645294000E+06	3.605466E+01
3.534687059000E+06	3.602085E+01
3.585728824000E+06	3.609490E+01
3.636770588000E+06	3.603015E+01
3.687812353000E+06	3.600620E+01
3.738854118000E+06	3.596276E+01
3.789895882000E+06	3.605192E+01
3.840937647000E+06	3.609469E+01
3.891979412000E+06	3.604111E+01
3.943021176000E+06	3.605211E+01
3.994062941000E+06	3.601817E+01
4.045104706000E+06	3.608242E+01
4.096146471000E+06	3.598216E+01
4.147188235000E+06	3.608329E+01
4.198230000000E+06	3.608786E+01
4.198230000000E+06	3.607055E+01
4.332570588000E+06	3.601720E+01
4.466911176000E+06	3.608723E+01
4.601251765000E+06	3.612384E+01
4.735592353000E+06	3.601931E+01
4.869932941000E+06	3.606650E+01
5.004273529000E+06	3.609840E+01
5.138614118000E+06	3.604901E+01
5.272954706000E+06	3.610305E+01
5.407295294000E+06	3.610631E+01
5.541635882000E+06	3.611034E+01
5.675976471000E+06	3.606375E+01
5.810317059000E+06	3.604995E+01
5.944657647000E+06	3.611618E+01
6.078998235000E+06	3.605446E+01
6.213338824000E+06	3.610233E+01
6.347679412000E+06	3.610584E+01
6.482020000000E+06	3.610186E+01
6.616360588000E+06	3.610211E+01
6.750701176000E+06	3.613074E+01
6.885041765000E+06	3.610653E+01
7.019382353000E+06	3.611983E+01
7.153722941000E+06	3.612458E+01
7.288063529000E+06	3.614109E+01
7.422404118000E+06	3.616411E+01
7.556744706000E+06	3.618941E+01
7.691085294000E+06	3.613066E+01
7.825425882000E+06	3.615260E+01
7.959766471000E+06	3.618518E+01
8.094107059000E+06	3.609944E+01
8.228447647000E+06	3.612566E+01
8.362788235000E+06	3.621913E+01
8.497128824000E+06	3.621765E+01
8.631469412000E+06	3.618229E+01
8.765810000000E+06	3.620215E+01
8.900150588000E+06	3.621422E+01
9.034491176000E+06	3.622669E+01
9.168831765000E+06	3.624588E+01
9.303172353000E+06	3.623576E+01
9.437512941000E+06	3.622762E+01
9.571853529000E+06	3.622997E+01
9.706194118000E+06	3.626956E+01
9.840534706000E+06	3.624559E+01
9.974875294000E+06	3.619475E+01
1.010921588200E+07	3.627765E+01
1.024355647100E+07	3.630707E+01
1.037789705900E+07	3.629010E+01
1.051223764700E+07	3.631219E+01
1.064657823500E+07	3.627506E+01
1.078091882400E+07	3.629466E+01
1.091525941200E+07	3.634769E+01
1.104960000000E+07	3.631546E+01
1.104960000000E+07	3.636725E+01
1.140317451000E+07	3.634286E+01
1.175674902000E+07	3.633720E+01
1.211032352900E+07	3.636832E+01
1.246389803900E+07	3.646793E+01
1.281747254900E+07	3.641426E+01
1.317104705900E+07	3.646931E+01
1.352462156900E+07	3.646609E+01
1.387819607800E+07	3.649221E+01
1.423177058800E+07	3.653167E+01
1.458534509800E+07	3.660086E+01
1.493891960800E+07	3.661316E+01
1.529249411800E+07	3.659257E+01
1.564606862700E+07	3.668494E+01
1.599964313700E+07	3.674075E+01
1.635321764700E+07	3.672080E+01
1.670679215700E+07	3.678157E+01
1.706036666700E+07	3.677454E+01
1.741394117600E+07	3.685279E+01
1.776751568600E+07	3.690796E+01
1.812109019600E+07	3.690075E+01
1.847466470600E+07	3.700218E+01
1.882823921600E+07	3.697662E+01
1.918181372500E+07	3.707801E+01
1.953538823500E+07	3.705202E+01
1.988896274500E+07	3.707585E+01
2.024253725500E+07	3.706409E+01
2.059611176500E+07	3.713730E+01
2.094968627500E+07	3.724566E+01
2.130326078400E+07	3.722027E+01
2.165683529400E+07	3.731868E+01
2.201040980400E+07	3.738549E+01
2.236398431400E+07	3.736682E+01
2.271755882400E+07	3.738121E+01
2.307113333300E+07	3.752152E+01
2.342470784300E+07	3.758241E+01
2.377828235300E+07	3.752345E+01
2.413185686300E+07	3.760938E+01
2.448543137300E+07	3.764604E+01
2.483900588200E+07	3.766813E+01
2.519258039200E+07	3.775506E+01
2.554615490200E+07	3.775253E+01
2.589972941200E+07	3.783922E+01
2.625330392200E+07	3.785919E+01
2.660687843100E+07	3.788063E+01
2.696045294100E+07	3.806045E+01
2.731402745100E+07	3.810734E+01
2.766760196100E+07	3.808981E+01
2.802117647100E+07	3.813873E+01
2.837475098000E+07	3.821904E+01
2.872832549000E+07	3.823400E+01
2.908190000000E+07	3.824298E+01
2.908190000000E+07	3.830058E+01
3.001249803900E+07	3.841847E+01
3.094309607800E+07	3.855601E+01
3.187369411800E+07	3.869788E+01
3.280429215700E+07	3.881490E+01
3.373489019600E+07	3.887744E+01
3.466548823500E+07	3.896162E+01
3.559608627500E+07	3.904763E+01
3.652668431400E+07	3.908643E+01
3.745728235300E+07	3.917699E+01
3.838788039200E+07	3.928515E+01
3.931847843100E+07	3.924545E+01
4.024907647100E+07	3.919832E+01
4.117967451000E+07	3.918271E+01
4.211027254900E+07	3.914448E+01
4.304087058800E+07	3.916581E+01
4.397146862700E+07	3.896763E+01
4.490206666700E+07	3.883417E+01
4.583266470600E+07	3.865654E+01
4.676326274500E+07	3.849996E+01
4.769386078400E+07	3.821716E+01
4.862445882400E+07	3.795576E+01
4.955505686300E+07	3.772066E+01
5.048565490200E+07	3.735902E+01
5.141625294100E+07	3.714924E+01
5.234685098000E+07	3.675375E+01
5.327744902000E+07	3.657135E+01
5.420804705900E+07	3.627376E+01
5.513864509800E+07	3.592142E+01
5.606924313700E+07	3.559137E+01
5.699984117600E+07	3.526612E+01
5.793043921600E+07	3.486372E+01
5.886103725500E+07	3.457160E+01
5.979163529400E+07	3.423706E+01
6.072223333300E+07	3.382655E+01
6.165283137300E+07	3.352396E+01
6.258342941200E+07	3.326338E+01
6.351402745100E+07	3.285946E+01
6.444462549000E+07	3.253127E+01
6.537522352900E+07	3.214091E+01
6.630582156900E+07	3.183221E+01
6.723641960800E+07	3.158274E+01
6.816701764700E+07	3.129823E+01
6.909761568600E+07	3.100773E+01
7.002821372500E+07	3.068134E+01
7.095881176500E+07	3.035665E+01
7.188940980400E+07	3.011500E+01
7.282000784300E+07	2.982689E+01
7.375060588200E+07	2.954370E+01
7.468120392200E+07	2.927265E+01
7.561180196100E+07	2.899973E+01
7.654240000000E+07	2.873233E+01
7.654240000000E+07	2.872854E+01
7.899168627500E+07	2.798106E+01
8.144097254900E+07	2.742692E+01
8.389025882400E+07	2.685150E+01
8.633954509800E+07	2.628381E+01
8.878883137300E+07	2.576302E+01
9.123811764700E+07	2.529995E+01
9.368740392200E+07	2.486477E+01
9.613669019600E+07	2.438003E+01
9.858597647100E+07	2.403257E+01
1.010352627450E+08	2.354363E+01
1.034845490200E+08	2.315900E+01
1.059338352940E+08	2.272865E+01
1.083831215690E+08	2.235176E+01
1.108324078430E+08	2.185637E+01
1.132816941180E+08	2.157610E+01
1.157309803920E+08	2.113517E+01
1.181802666670E+08	2.072459E+01
1.206295529410E+08	2.023624E+01
1.230788392160E+08	1.984820E+01
1.255281254900E+08	1.929868E+01
1.279774117650E+08	1.892853E+01
1.304266980390E+08	1.841128E+01
1.328759843140E+08	1.789709E+01
1.353252705880E+08	1.735134E+01
1.377745568630E+08	1.692399E+01
1.402238431370E+08	1.639083E+01
1.426731294120E+08	1.590248E+01
1.451224156860E+08	1.547892E+01
1.475717019610E+08	1.501281E+01
1.500209882350E+08	1.461518E+01
1.524702745100E+08	1.418713E+01
1.549195607840E+08	1.378550E+01
1.573688470590E+08	1.336308E+01
1.598181333330E+08	1.309286E+01
1.622674196080E+08	1.269976E+01
1.647167058820E+08	1.237895E+01
1.671659921570E+08	1.215253E+01
1.696152784310E+08	1.186220E+01
1.720645647060E+08	1.157426E+01
1.745138509800E+08	1.139331E+01
1.769631372550E+08	1.121820E+01
1.794124235290E+08	1.102634E+01
1.818617098040E+08	1.089389E+01
1.843109960780E+08	1.077756E+01
1.867602823530E+08	1.069911E+01
1.892095686270E+08	1.064687E+01
1.916588549020E+08	1.070177E+01
1.941081411760E+08	1.054282E+01
1.965574274510E+08	1.056957E+01
1.990067137250E+08	1.056993E+01
2.014560000000E+08	1.062946E+01
