101 8.12003437673517e-07
104.18 7.15756985476356e-07
107.361 7.00325743387069e-07
110.541 6.96396265855434e-07
113.721 6.8910451783161e-07
116.902 6.11329747279202e-07
120.082 5.65696254089287e-07
123.262 7.20409651669804e-07
126.443 8.1854919536953e-07
129.623 7.79751988542312e-07
132.803 6.90806729370516e-07
135.983 7.77823365866706e-07
139.164 7.43579323298611e-07
142.344 6.6338188242232e-07
145.524 5.78864024781441e-07
148.705 5.06878934146035e-07
151.885 4.85840092130655e-07
155.065 5.19846312569207e-07
158.246 5.19602127565993e-07
161.426 4.41482917384123e-07
164.606 4.29907988745965e-07
167.787 3.62863416614729e-07
170.967 3.90929002731711e-07
174.147 5.05571668714035e-07
177.328 4.95373590186852e-07
180.508 4.56059702039053e-07
183.688 4.35400255163114e-07
186.868 4.94835561051744e-07
190.049 5.77578249398705e-07
193.229 6.11536494579923e-07
196.409 4.94516702090984e-07
199.59 4.62674289403339e-07
202.77 4.68386693920343e-07
205.95 5.34544134999133e-07
209.131 5.00624388610863e-07
212.311 5.15455202486048e-07
215.491 5.56844613894189e-07
218.672 4.76201239228832e-07
221.852 4.79674974605733e-07
225.032 5.46410946535308e-07
228.213 5.62162929022184e-07
231.393 5.16779383709209e-07
234.573 4.76956201159101e-07
237.753 4.04578371978872e-07
240.934 4.15773396529268e-07
244.114 4.30228696583218e-07
247.294 4.78678538722488e-07
250.475 4.20849768893897e-07
253.655 2.77338546067818e-07
256.835 3.13251444458414e-07
260.016 4.00820191027604e-07
263.196 5.10148336478969e-07
264.196 3.69754121739144e-07
272.598 4.32408237705256e-07
281.001 4.74732473400402e-07
289.403 5.2587657043575e-07
297.806 5.05057317940545e-07
306.208 4.61439459331717e-07
314.611 4.10440894771784e-07
323.013 3.87858986602398e-07
331.415 4.12041268123435e-07
339.818 4.35708504369502e-07
348.22 4.43659763426398e-07
356.623 4.14123054583273e-07
365.025 3.85076006568475e-07
373.428 3.75030038009881e-07
381.83 3.72329030405876e-07
390.232 3.54673445629768e-07
398.635 3.14669349611464e-07
407.037 3.03464407229963e-07
415.44 3.24172809734366e-07
423.842 4.03151286446172e-07
432.245 4.14734824336859e-07
440.647 3.93382901394737e-07
449.049 3.83505926146492e-07
457.452 3.62054176932052e-07
465.854 3.34343703912749e-07
474.257 3.36869455214545e-07
482.659 3.35007979281967e-07
491.062 3.18609971956287e-07
499.464 3.21751931004818e-07
507.867 3.05831146706715e-07
516.269 3.00309387902494e-07
524.671 2.94466165079975e-07
533.074 3.42447677398802e-07
541.476 3.59884027635769e-07
549.879 3.19118539769843e-07
558.281 3.14809514784275e-07
566.684 3.00419348507425e-07
575.086 2.6561610254238e-07
583.488 3.03621696786025e-07
591.891 3.38879471734241e-07
600.293 3.60257628310687e-07
608.696 3.59624906967107e-07
617.098 3.42198489416839e-07
625.501 3.43901894117056e-07
633.903 3.4164307400377e-07
642.305 3.33579299664479e-07
650.708 3.43358759906996e-07
659.11 3.39696785646057e-07
667.513 2.62154107140442e-07
675.915 2.36595551223675e-07
684.318 2.67309671969138e-07
692.72 2.88644096046757e-07
693.72 2.6703149002746e-07
715.867 2.55371867022411e-07
738.014 2.18512259449509e-07
760.161 2.12786337530198e-07
782.307 3.40775574248373e-07
804.454 2.59992807544258e-07
826.601 2.05961895529124e-07
848.748 2.62552137095016e-07
870.895 2.83955699450118e-07
893.042 2.447157959421e-07
915.189 1.97529761071654e-07
937.335 2.40917681605344e-07
959.482 2.48078443675429e-07
981.629 2.31782646880519e-07
1003.776 1.89295126277649e-07
1025.923 2.08007425438594e-07
1048.07 2.11748105076453e-07
1070.217 2.10494547000899e-07
1092.364 1.46437081616264e-07
1114.51 2.43017471734261e-07
1136.657 1.82910119724909e-07
1158.804 2.35922215226889e-07
1180.951 2.08324090262726e-07
1203.098 1.97397661073431e-07
1225.245 2.60893989869046e-07
1247.392 2.18676452187808e-07
1269.538 2.04394443566483e-07
1291.685 2.30869441558094e-07
1313.832 1.6473597385763e-07
1335.979 2.16201902547909e-07
1358.126 1.94418785339572e-07
1380.273 1.38140652102242e-07
1402.42 1.0346213550863e-07
1424.566 1.31786381581558e-07
1446.713 1.82478633784752e-07
1468.86 1.8198119730214e-07
1491.007 1.81208468648899e-07
1513.154 2.11518353078926e-07
1535.301 1.73957023980811e-07
1557.448 1.49458143951629e-07
1579.595 1.70220990459523e-07
1601.741 1.59288742841174e-07
1623.888 1.28874857519038e-07
1646.035 1.08361332150593e-07
1668.182 1.43188473115144e-07
1690.329 1.44969605801407e-07
1712.476 1.52154185440753e-07
1734.623 1.8443184082038e-07
1756.769 1.76778314905189e-07
1778.916 1.88356560420844e-07
1801.063 2.13458210904259e-07
1823.21 1.81954400913461e-07
1824.21 1.77133145765816e-07
1882.531 1.63471167813845e-07
1940.853 1.8969207981534e-07
1999.174 1.43418571654828e-07
2057.495 1.16351196235179e-07
2115.817 1.26350391248455e-07
2174.138 1.49851336163391e-07
2232.46 1.54658638954601e-07
2290.781 1.30601289957552e-07
2349.102 1.13189296432074e-07
2407.424 1.03390229857564e-07
2465.745 1.11560401938463e-07
2524.066 1.26739382165485e-07
2582.388 1.50859553740944e-07
2640.709 1.36108729236189e-07
2699.031 1.31719111235362e-07
2757.352 1.16484373867241e-07
2815.673 1.302339719629e-07
2873.995 9.56076558596245e-08
2932.316 1.27470928840845e-07
2990.637 1.33785807312941e-07
3048.959 1.02470707783481e-07
3107.28 1.26582168586398e-07
3165.602 1.20237135850461e-07
3223.923 1.26876895959338e-07
3282.244 1.3322087428056e-07
3340.566 1.01494962946736e-07
3398.887 1.2178655632595e-07
3457.208 1.19467983807576e-07
3515.53 8.62507817392572e-08
3573.851 1.00696011769867e-07
3632.173 1.03890764154972e-07
3690.494 9.8737023118999e-08
3748.815 1.17913491770098e-07
3807.137 1.16722550738882e-07
3865.458 1.02359785702501e-07
3923.779 1.01426788147012e-07
3982.101 9.98738753094056e-08
4040.422 1.27568761658591e-07
4098.744 1.0495715743621e-07
4157.065 8.00187543691732e-08
4215.386 1.20265938297773e-07
4273.708 1.16646755513509e-07
4332.029 8.80095740040069e-08
4390.35 9.44237102165927e-08
4448.672 1.02278885807524e-07
4506.993 1.20665573541746e-07
4565.315 1.19536362692284e-07
4623.636 9.8160194294481e-08
4681.957 8.61045829514349e-08
4740.279 1.00720661099621e-07
4798.6 1.17930426598663e-07
4799.6 9.72692019401492e-08
4953.131 1.07445841021941e-07
5106.663 1.12370095332897e-07
5260.194 1.09287829509566e-07
5413.725 9.69026413605545e-08
5567.257 9.42215658511229e-08
5720.788 9.42259945278994e-08
5874.32 7.95008937970052e-08
6027.851 7.37591597844706e-08
6181.382 7.84563103868836e-08
6334.914 8.64386022729789e-08
6488.445 9.48492893770074e-08
6641.976 1.10272064138002e-07
6795.508 9.88721339459216e-08
6949.039 8.3994203038928e-08
7102.571 1.02046185059539e-07
7256.102 1.05447745239228e-07
7409.633 7.98019620316921e-08
7563.165 6.70468563457652e-08
7716.696 9.29830734367821e-08
7870.227 9.25589396439953e-08
8023.759 9.09488897090845e-08
8177.29 6.79438856695277e-08
8330.822 5.92970345698454e-08
8484.353 5.25234834263235e-08
8637.884 6.62860754649627e-08
8791.416 7.27858021417983e-08
8944.947 6.95430817299251e-08
9098.478 5.16855578934237e-08
9252.01 6.37970745712739e-08
9405.541 8.75741300953409e-08
9559.073 7.37063734265489e-08
9712.604 8.13632785409694e-08
9866.135 8.1055715706065e-08
10019.667 6.62024390471702e-08
10173.198 5.18001680752807e-08
10326.729 7.56469593009261e-08
10480.261 7.76822477850377e-08
10633.792 7.61913133044939e-08
10787.324 5.58108728576101e-08
10940.855 6.98986179366907e-08
11094.386 6.86467186707948e-08
11247.918 8.06071745173163e-08
11401.449 8.70687630604756e-08
11554.98 8.05047720567154e-08
11708.512 6.31553683679158e-08
11862.043 6.25913265583447e-08
12015.575 5.21221774802236e-08
12169.106 6.59466309568709e-08
12322.637 7.16386348283132e-08
12476.169 6.54353958441938e-08
12629.7 4.9915861590863e-08
12630.7 4.43181926360626e-08
13034.822 5.48658853717252e-08
13438.943 6.37359739519517e-08
13843.065 6.27040528237698e-08
14247.186 6.05734891687368e-08
14651.308 6.7238007516676e-08
15055.429 7.35221550826213e-08
15459.551 6.70808646371647e-08
15863.673 5.91676999218418e-08
16267.794 5.67729494103118e-08
16671.916 4.64657964033879e-08
17076.037 5.05368053819507e-08
17480.159 5.14534683664163e-08
17884.28 5.94023665028239e-08
18288.402 6.32280953029424e-08
18692.524 5.64125274565331e-08
19096.645 4.46326474576899e-08
19500.767 5.20640730508267e-08
19904.888 4.46136714437336e-08
20309.01 3.91828641144344e-08
20713.131 4.42768366445602e-08
21117.253 4.71945178445483e-08
21521.375 5.13409706400884e-08
21925.496 5.29420011314611e-08
22329.618 5.36690277835586e-08
22733.739 4.77689916383118e-08
23137.861 4.12614071042503e-08
23541.982 3.97468367723292e-08
23946.104 5.14244268225784e-08
24350.225 5.37062853364278e-08
24754.347 4.8353589317641e-08
25158.469 3.60056298840883e-08
25562.59 4.02619945370236e-08
25966.712 4.01823406926699e-08
26370.833 3.85814297141706e-08
26774.955 3.82810533146159e-08
27179.076 3.59331496038008e-08
27583.198 4.35327247371462e-08
27987.32 5.11549441214116e-08
28391.441 4.34872333241425e-08
28795.563 4.38261034132036e-08
29199.684 4.78421558935289e-08
29603.806 4.81191809238178e-08
30007.927 4.73658663194887e-08
30412.049 5.09593236789183e-08
30816.171 5.62269221635185e-08
31220.292 4.68739992422637e-08
31624.414 4.43724807053965e-08
32028.535 4.04247364715817e-08
32432.657 3.06577896281451e-08
32836.778 3.14434674001621e-08
33240.9 3.58269167044729e-08
33241.9 5.18485170997428e-08
34305.559 5.29256027646319e-08
35369.218 4.92191705266914e-08
36432.876 4.28920685103864e-08
37496.535 3.90951121833624e-08
38560.194 3.44342651770093e-08
39623.853 3.60142162039879e-08
40687.512 4.01007866793031e-08
41751.171 4.54115264882904e-08
42814.829 4.45029632430876e-08
43878.488 3.8494983435319e-08
44942.147 3.4706009842268e-08
46005.806 2.95306630335947e-08
47069.465 2.49706670665945e-08
48133.124 2.92613908018776e-08
49196.782 3.6574076077582e-08
50260.441 4.3358040525937e-08
51324.1 4.26282651866573e-08
52387.759 3.8021752238056e-08
53451.418 3.24944464523948e-08
54515.076 3.60957544220007e-08
55578.735 4.05003758978165e-08
56642.394 3.97352833279307e-08
57706.053 3.63813391175762e-08
58769.712 3.5790171016244e-08
59833.371 3.47576226971609e-08
60897.029 3.45365843698195e-08
61960.688 3.23590371313313e-08
63024.347 2.8627686939331e-08
64088.006 2.96673095681864e-08
65151.665 3.25192749221343e-08
66215.324 3.35984504389063e-08
67278.982 3.19724411119267e-08
68342.641 2.64716990663236e-08
69406.3 2.26067073141045e-08
70469.959 2.26421853963791e-08
71533.618 2.68860273936646e-08
72597.276 2.81243423055632e-08
73660.935 2.6155447183439e-08
74724.594 1.90076049035305e-08
75788.253 2.32795766523489e-08
76851.912 2.0790270507241e-08
77915.571 1.73741026962135e-08
78979.229 1.63578547975675e-08
80042.888 2.1944269431603e-08
81106.547 2.72109979179207e-08
82170.206 2.9674384868636e-08
83233.865 3.31348379021877e-08
84297.524 3.17726604799437e-08
85361.182 2.63352473453605e-08
86424.841 2.88579178079578e-08
87488.5 3.03282975696764e-08
87489.5 1.80001277337457e-08
90289.039 1.94569334589805e-08
93088.578 2.07666013007976e-08
95888.118 2.27007081497064e-08
98687.657 2.18775491803313e-08
101487.196 2.11242548024031e-08
104286.735 2.78339171902674e-08
107086.275 2.90558656086363e-08
109885.814 2.48225477982249e-08
112685.353 2.24604504494316e-08
115484.892 2.24278481499784e-08
118284.431 2.27550259894998e-08
121083.971 2.18661959125133e-08
123883.51 2.13072061792246e-08
126683.049 1.85531202105001e-08
129482.588 1.59524258651432e-08
132282.127 1.58562646814287e-08
135081.667 1.71884870752046e-08
137881.206 1.81718628160522e-08
140680.745 1.78881707462945e-08
143480.284 1.71174431682738e-08
146279.824 1.61612775086506e-08
149079.363 1.56206133582036e-08
151878.902 1.92128363233899e-08
154678.441 2.28603306029204e-08
157477.98 2.37484699954923e-08
160277.52 2.36318301955721e-08
163077.059 2.14551536001969e-08
165876.598 2.02894955583923e-08
168676.137 1.68997813683719e-08
171475.676 1.60031043634357e-08
174275.216 1.72722711122207e-08
177074.755 1.70256708449602e-08
179874.294 1.82772535996251e-08
182673.833 1.63964314290399e-08
185473.373 1.62107933125484e-08
188272.912 1.71311335273986e-08
191072.451 1.79677814696441e-08
193871.99 2.05362311197418e-08
196671.529 2.31428380990015e-08
199471.069 2.45186059859404e-08
202270.608 2.42969118829947e-08
205070.147 2.03698618993123e-08
207869.686 1.85960212664617e-08
210669.225 1.77146054926384e-08
213468.765 1.67389065961644e-08
216268.304 1.58083478882649e-08
219067.843 1.41646148878051e-08
221867.382 1.37644299181516e-08
224666.922 1.59399705995043e-08
227466.461 1.68873045522245e-08
230266 1.58554226719614e-08
230267 1.70881801665989e-08
237635.294 1.29935547023019e-08
245003.588 1.48240849424254e-08
252371.882 1.72384529643409e-08
259740.176 1.6285518998181e-08
267108.471 1.22873725496681e-08
274476.765 1.44560691943725e-08
281845.059 1.42554748649107e-08
289213.353 1.40284558856781e-08
296581.647 1.28489155499962e-08
303949.941 1.29144686959785e-08
311318.235 1.27805749835897e-08
318686.529 1.27089990034715e-08
326054.824 1.72623746848973e-08
333423.118 1.76701575199778e-08
340791.412 1.52864865184619e-08
348159.706 1.3138007529827e-08
355528 1.90087131426095e-08
362896.294 1.52676997228817e-08
370264.588 1.43373797519394e-08
377632.882 1.38305905698566e-08
385001.176 1.87230077556266e-08
392369.471 1.3595330406474e-08
399737.765 1.25117650524958e-08
407106.059 1.06590448349555e-08
414474.353 1.39142565056456e-08
421842.647 1.74455973547178e-08
429210.941 1.27394981280809e-08
436579.235 1.39040984122776e-08
443947.529 1.05927507339943e-08
451315.824 1.19867405114217e-08
458684.118 1.54817300484988e-08
466052.412 1.54147816748625e-08
473420.706 1.24646605895839e-08
480789 1.47390644175227e-08
488157.294 1.07085726953259e-08
495525.588 1.02257350339374e-08
502893.882 1.36868880723913e-08
510262.176 1.25044641626912e-08
517630.471 1.11616770549945e-08
524998.765 1.16433105475127e-08
532367.059 1.15032970102558e-08
539735.353 1.26468191769116e-08
547103.647 1.35456745394999e-08
554471.941 1.11242222769971e-08
561840.235 1.30508827658436e-08
569208.529 1.13445981620073e-08
576576.824 1.1639170656679e-08
583945.118 1.14982506695838e-08
591313.412 1.06854264115524e-08
598681.706 1.5211342452849e-08
606050 1.40518410817469e-08
606051 1.24378847551856e-08
625444.118 1.02112577364527e-08
644837.235 1.2294802786288e-08
664230.353 1.08616751148331e-08
683623.471 1.04044205254685e-08
703016.588 1.35201816518236e-08
722409.706 1.05048393730369e-08
741802.824 8.36308877706296e-09
761195.941 1.01670030293743e-08
780589.059 8.57811121080318e-09
799982.176 1.12030495402838e-08
819375.294 7.34752345828476e-09
838768.412 9.55638276598005e-09
858161.529 6.80144597728666e-09
877554.647 9.13180370819102e-09
896947.765 1.03350161881038e-08
916340.882 1.1350195235097e-08
935734 9.52399344694374e-09
955127.118 8.98592038997736e-09
974520.235 9.20430130917838e-09
993913.353 1.13645107731816e-08
1013306.471 1.02556720036543e-08
1032699.588 1.0800000371877e-08
1052092.706 1.01237368753086e-08
1071485.824 7.36921460542719e-09
1090878.941 1.02713694380276e-08
1110272.059 8.16993381157377e-09
1129665.176 9.16885822544974e-09
1149058.294 7.95092266014152e-09
1168451.412 7.85734507376711e-09
1187844.529 1.01124023784702e-08
1207237.647 9.17355366752324e-09
1226630.765 1.04059411321149e-08
1246023.882 5.66840984327151e-09
1265417 8.99088879724242e-09
1284810.118 9.58361067997454e-09
1304203.235 5.8538521026025e-09
1323596.353 7.7639855698035e-09
1342989.471 5.95939416974958e-09
1362382.588 6.95425140551577e-09
1381775.706 9.00735124242234e-09
1401168.824 7.76617744929415e-09
1420561.941 7.4260238570374e-09
1439955.059 8.24992431708652e-09
1459348.176 6.94928675516485e-09
1478741.294 6.86581928289189e-09
1498134.412 8.51380973110992e-09
1517527.529 9.13445977085325e-09
1536920.647 6.04618155972697e-09
1556313.765 8.81720303472175e-09
1575706.882 9.15425021210772e-09
1595100 7.01189628195003e-09
1595100 9.19185208072725e-09
1646141.765 6.7946527042851e-09
1697183.529 1.03186781537499e-08
1748225.294 7.47192065942646e-09
1799267.059 6.9500669337912e-09
1850308.824 7.35503312642427e-09
1901350.588 8.95633315045444e-09
1952392.353 6.99218095849228e-09
2003434.118 5.42092174233394e-09
2054475.882 5.22345893277733e-09
2105517.647 7.21757294739675e-09
2156559.412 8.66473973076996e-09
2207601.176 7.76468265779221e-09
2258642.941 4.50518267341646e-09
2309684.706 6.78636809790872e-09
2360726.471 5.98175447756151e-09
2411768.235 5.84836847669744e-09
2462810 6.97074056473276e-09
2513851.765 5.15940931380457e-09
2564893.529 5.71212455607622e-09
2615935.294 4.5712291102282e-09
2666977.059 6.48998453983608e-09
2718018.824 7.13227283213325e-09
2769060.588 6.08863767352234e-09
2820102.353 3.75169850540476e-09
2871144.118 4.51747902026855e-09
2922185.882 6.09825590878613e-09
2973227.647 5.75714846317888e-09
3024269.412 4.67457249398365e-09
3075311.176 7.42416073431272e-09
3126352.941 6.42287267198681e-09
3177394.706 5.63621347340484e-09
3228436.471 6.67457137014121e-09
3279478.235 4.04087163731143e-09
3330520 5.60625715580818e-09
3381561.765 6.04962576107547e-09
3432603.529 5.62789983185337e-09
3483645.294 5.38249777677349e-09
3534687.059 6.69512768327212e-09
3585728.824 6.31189686114168e-09
3636770.588 4.25883639667729e-09
3687812.353 4.52701796512693e-09
3738854.118 5.25444489158943e-09
3789895.882 5.69785776722855e-09
3840937.647 5.4657184293324e-09
3891979.412 5.5561353115442e-09
3943021.176 4.18815972690621e-09
3994062.941 5.2309184453959e-09
4045104.706 4.27029474151794e-09
4096146.471 4.17345742242102e-09
4147188.235 4.77986116089238e-09
4198230 6.17645195885641e-09
4198230 3.84015588501906e-09
4332570.588 5.3222436775042e-09
4466911.176 6.29436075776186e-09
4601251.765 5.19635756685567e-09
4735592.353 4.99361921629969e-09
4869932.941 5.02255685872196e-09
5004273.529 5.48374745258873e-09
5138614.118 4.41605712904518e-09
5272954.706 3.31053356880886e-09
5407295.294 3.51690336919918e-09
5541635.882 4.68892472113475e-09
5675976.471 4.32117063880433e-09
5810317.059 4.59800908894636e-09
5944657.647 5.2793668380031e-09
6078998.235 4.80813949566837e-09
6213338.824 3.46611240160884e-09
6347679.412 4.83130808442262e-09
6482020 4.55236278092763e-09
6616360.588 4.43749681134682e-09
6750701.176 4.98181355863045e-09
6885041.765 3.79931994795779e-09
7019382.353 4.59386784849511e-09
7153722.941 4.1378166441274e-09
7288063.529 4.24792911955408e-09
7422404.118 4.63681892129021e-09
7556744.706 3.239619530981e-09
7691085.294 4.64089791878922e-09
7825425.882 4.11548634779269e-09
7959766.471 4.76344191631987e-09
8094107.059 3.49794410858525e-09
8228447.647 3.63259208625393e-09
8362788.235 3.93655269023134e-09
8497128.824 4.40124500419863e-09
8631469.412 2.78160637548643e-09
8765810 3.24587690504158e-09
8900150.588 3.2165837509439e-09
9034491.176 4.4879926983335e-09
9168831.765 3.57166151692012e-09
9303172.353 4.22392091347848e-09
9437512.941 4.34444111054704e-09
9571853.529 4.20306007031908e-09
9706194.118 2.97468099509221e-09
9840534.706 3.52830224336048e-09
9974875.294 3.59188136783886e-09
10109215.882 3.77519581701736e-09
10243556.471 4.19626652892745e-09
10377897.059 3.39944618534414e-09
10512237.647 3.1476335661069e-09
10646578.235 4.13939122711345e-09
10780918.824 3.94847621357992e-09
10915259.412 2.85827682254404e-09
11049600 3.57352460363543e-09
11049600 3.8691563958453e-09
11403174.51 2.04825401853711e-09
11756749.02 3.24586453387379e-09
12110323.529 3.22114164207999e-09
12463898.039 2.88391726301056e-09
12817472.549 3.15116691491505e-09
13171047.059 1.96165329209605e-09
13524621.569 2.79733235912502e-09
13878196.078 3.64495416399245e-09
14231770.588 3.45401972451795e-09
14585345.098 3.05407968904302e-09
14938919.608 2.66844906877542e-09
15292494.118 3.069407545663e-09
15646068.627 3.06018501991242e-09
15999643.137 3.06899288830201e-09
16353217.647 3.2848572755207e-09
16706792.157 2.88113994393123e-09
17060366.667 3.87083951984665e-09
17413941.176 3.36646016599455e-09
17767515.686 2.76479485169595e-09
18121090.196 2.55792331841882e-09
18474664.706 3.19932416975186e-09
18828239.216 2.69971708030378e-09
19181813.725 2.49423870654754e-09
19535388.235 3.40257870958293e-09
19888962.745 2.73009136488357e-09
20242537.255 3.30722070452304e-09
20596111.765 2.87091796373409e-09
20949686.275 3.12112948710372e-09
21303260.784 3.17991754066968e-09
21656835.294 2.37925295171412e-09
22010409.804 3.63707934568157e-09
22363984.314 2.2159508462144e-09
22717558.824 3.84158465815334e-09
23071133.333 1.85954530986574e-09
23424707.843 2.84272410062096e-09
23778282.353 2.78805643735622e-09
24131856.863 2.34353364933806e-09
24485431.373 2.50871866400842e-09
24839005.882 2.19837971426991e-09
25192580.392 2.596118871177e-09
25546154.902 3.07905147311748e-09
25899729.412 2.31504756262707e-09
26253303.922 2.70537365996282e-09
26606878.431 3.0109508262912e-09
26960452.941 3.40596209167104e-09
27314027.451 2.27471223390324e-09
27667601.961 1.72892390600857e-09
28021176.471 2.74102248479002e-09
28374750.98 2.34197892786663e-09
28728325.49 2.83490699386969e-09
29081900 2.21255368846838e-09
29081900 3.17249007790406e-09
30012498.039 2.05536696479526e-09
30943096.078 2.10143876276301e-09
31873694.118 2.84672170721016e-09
32804292.157 1.94898490586332e-09
33734890.196 2.58461298637632e-09
34665488.235 2.41799574272256e-09
35596086.275 2.54967584077209e-09
36526684.314 2.47305740566683e-09
37457282.353 2.41246637112771e-09
38387880.392 2.93504127694435e-09
39318478.431 2.58780037354531e-09
40249076.471 2.0976407397276e-09
41179674.51 2.4856932369794e-09
42110272.549 2.10312975293641e-09
43040870.588 2.65767380322444e-09
43971468.627 2.38330104911081e-09
44902066.667 2.06622522548845e-09
45832664.706 1.87472025442237e-09
46763262.745 2.63903205552539e-09
47693860.784 2.30534542240503e-09
48624458.824 2.84747730165804e-09
49555056.863 2.48957555796447e-09
50485654.902 2.3597354577387e-09
51416252.941 2.77517362661028e-09
52346850.98 3.00940843237765e-09
53277449.02 2.46736957999662e-09
54208047.059 2.20990493160258e-09
55138645.098 2.46783113991564e-09
56069243.137 1.72447780194026e-09
56999841.176 1.91535207380187e-09
57930439.216 2.79643218367645e-09
58861037.255 2.58927786254453e-09
59791635.294 2.39207248058153e-09
60722233.333 2.36227180129195e-09
61652831.373 2.11043535714515e-09
62583429.412 2.32463133030848e-09
63514027.451 1.39260430393666e-09
64444625.49 2.20998765598472e-09
65375223.529 1.54443023898508e-09
66305821.569 1.84649534028929e-09
67236419.608 1.79635266996946e-09
68167017.647 2.26821128026792e-09
69097615.686 2.3718045163751e-09
70028213.725 2.15200308012476e-09
70958811.765 1.72346571366654e-09
71889409.804 2.44763811459647e-09
72820007.843 2.38009130336829e-09
73750605.882 1.97761708035985e-09
74681203.922 1.68364456119349e-09
75611801.961 1.90456651827474e-09
76542400 1.39934290739437e-09
76542400 1.30614120923803e-09
78991686.275 1.89356337782987e-09
81440972.549 1.77329274429661e-09
83890258.824 2.49251606962407e-09
86339545.098 2.0677309945116e-09
88788831.373 2.61542147447308e-09
91238117.647 1.88298937422243e-09
93687403.922 2.75299803444952e-09
96136690.196 2.9248849050787e-09
98585976.471 -0
101035262.745 2.36454766118553e-09
103484549.02 1.96575966980958e-09
105933835.294 2.19880749207641e-09
108383121.569 2.43518922596844e-09
110832407.843 1.37008032402979e-09
113281694.118 2.03990647430995e-09
115730980.392 2.04774883779197e-09
118180266.667 2.14616149858349e-09
120629552.941 1.15667733424187e-09
123078839.216 1.63834727002207e-09
125528125.49 1.1996335280529e-09
127977411.765 2.21579136491868e-09
130426698.039 2.13497325765809e-09
132875984.314 2.03978370628529e-09
135325270.588 1.69335473901124e-09
137774556.863 1.78563183708291e-09
140223843.137 1.99115554194443e-09
142673129.412 -0
145122415.686 2.63179987226679e-09
147571701.961 2.18364507169875e-09
150020988.235 3.281966599708e-09
152470274.51 2.30075218074774e-09
154919560.784 2.24121979994632e-09
157368847.059 3.69466608299911e-09
159818133.333 2.80908939160394e-09
162267419.608 1.36576174437587e-09
164716705.882 -0
167165992.157 3.0746428928144e-09
169615278.431 -0
172064564.706 -0
174513850.98 -0
176963137.255 1.47774030903484e-09
179412423.529 3.27540618186435e-09
181861709.804 4.58716959179122e-10
184310996.078 -0
186760282.353 3.70946377423187e-09
189209568.627 2.32384059038051e-09
191658854.902 1.35986802875824e-09
194108141.176 1.39085115489424e-09
196557427.451 -0
199006713.725 3.35272869719638e-09
201456000 4.45037457816788e-09
