101 2.21656445622519e-07
104.18 1.51018000056043e-07
107.361 2.02071198297535e-07
110.541 2.56331933580382e-07
113.721 2.29081526699154e-07
116.902 1.71485583828956e-07
120.082 1.68328537899088e-07
123.262 1.72370820044597e-07
126.443 2.15839067195948e-07
129.623 2.36236425216242e-07
132.803 2.38106056210521e-07
135.983 2.24046055960749e-07
139.164 2.03266074057973e-07
142.344 1.74705620107949e-07
145.524 1.97263592448689e-07
148.705 1.9302111834622e-07
151.885 1.59682604438298e-07
155.065 1.43240583048121e-07
158.246 1.97328452087401e-07
161.426 2.38553694804015e-07
164.606 2.27921513591886e-07
167.787 2.02214267730352e-07
170.967 1.87872585839968e-07
174.147 1.68481766774979e-07
177.328 1.71917814258682e-07
180.508 1.83951173597334e-07
183.688 2.17857530681857e-07
186.868 2.07616112759709e-07
190.049 1.77532533152383e-07
193.229 1.84563100303485e-07
196.409 1.92860703763215e-07
199.59 1.56569636015329e-07
202.77 1.34825799373036e-07
205.95 1.35184448921208e-07
209.131 1.78217335708631e-07
212.311 2.39778769072706e-07
215.491 2.64927051632212e-07
218.672 2.50924036142545e-07
221.852 2.17969062548063e-07
225.032 2.18993796120527e-07
228.213 2.0759065324083e-07
231.393 2.18431678645476e-07
234.573 1.99602116848764e-07
237.753 2.06006068967371e-07
240.934 1.5927251092775e-07
244.114 1.23682497267377e-07
247.294 1.19153233586096e-07
250.475 1.29567388406822e-07
253.655 1.24413575890359e-07
256.835 1.23157210559282e-07
260.016 1.27636611068549e-07
263.196 1.48153117881115e-07
264.196 1.69945991091241e-07
272.598 1.45117195410124e-07
281.001 1.1824297085475e-07
289.403 1.16230174730098e-07
297.806 1.30018091487102e-07
306.208 1.22288697357206e-07
314.611 1.02025897003557e-07
323.013 1.21611525239857e-07
331.415 1.44898895945438e-07
339.818 1.45757065020578e-07
348.22 1.35482784063035e-07
356.623 1.18533212633211e-07
365.025 1.2296221330574e-07
373.428 1.32702770325454e-07
381.83 1.36771979141203e-07
390.232 1.49600862750967e-07
398.635 1.89704872546336e-07
407.037 1.96479773733448e-07
415.44 1.92844156285111e-07
423.842 1.85651327417251e-07
432.245 1.76336149830507e-07
440.647 1.50244814718508e-07
449.049 1.3722458260665e-07
457.452 1.47961706887906e-07
465.854 1.76651027036769e-07
474.257 1.74666779698905e-07
482.659 1.60804323263597e-07
491.062 1.23797254643378e-07
499.464 1.22462200161699e-07
507.867 1.23750527871699e-07
516.269 1.28879008816794e-07
524.671 1.34915432148481e-07
533.074 1.26958133187278e-07
541.476 1.18353815822919e-07
549.879 1.06082167981029e-07
558.281 8.78918983698425e-08
566.684 7.9116332803697e-08
575.086 9.01629042010016e-08
583.488 1.01871352121746e-07
591.891 1.22527655009496e-07
600.293 1.48197136250925e-07
608.696 1.50016679455627e-07
617.098 1.32962482001166e-07
625.501 1.1806632360865e-07
633.903 1.1117329084562e-07
642.305 1.18509139486136e-07
650.708 1.22197593946574e-07
659.11 1.20282740810835e-07
667.513 9.71647819770676e-08
675.915 8.82171017652798e-08
684.318 1.0228013704118e-07
692.72 1.15019046488763e-07
693.72 1.02575730599195e-07
715.867 8.73436255728508e-08
738.014 9.76739933970922e-08
760.161 1.10900826302046e-07
782.307 9.9502437362665e-08
804.454 1.1652553624174e-07
826.601 1.20708542974013e-07
848.748 8.53676109218083e-08
870.895 1.10729521686281e-07
893.042 1.01668128326442e-07
915.189 9.47457094149159e-08
937.335 9.17175005745472e-08
959.482 9.57512580804562e-08
981.629 7.96222051227294e-08
1003.776 1.00793462908724e-07
1025.923 8.00561975925459e-08
1048.07 8.48851374152014e-08
1070.217 1.07700644671451e-07
1092.364 8.97948750954453e-08
1114.51 1.05614437711027e-07
1136.657 9.69040826976233e-08
1158.804 8.20198208392127e-08
1180.951 8.69453850739882e-08
1203.098 8.79368365533394e-08
1225.245 6.99508504895547e-08
1247.392 8.58611814119887e-08
1269.538 8.48483947998343e-08
1291.685 7.16569840776867e-08
1313.832 9.19420748873013e-08
1335.979 8.95807040025396e-08
1358.126 9.18667991166581e-08
1380.273 6.57071602268849e-08
1402.42 9.07405212956315e-08
1424.566 1.31149614207803e-07
1446.713 1.03809209174939e-07
1468.86 1.00528063324581e-07
1491.007 9.03574509423364e-08
1513.154 6.12412203272085e-08
1535.301 5.56017732659349e-08
1557.448 6.48920643095706e-08
1579.595 6.89942382303755e-08
1601.741 7.16653210862098e-08
1623.888 9.17588415404384e-08
1646.035 6.41415214902542e-08
1668.182 6.86120384717188e-08
1690.329 6.13133215914937e-08
1712.476 5.40958322195753e-08
1734.623 8.55659143207136e-08
1756.769 6.95135947923105e-08
1778.916 6.94797379767733e-08
1801.063 8.4800577931932e-08
1823.21 8.68636175403108e-08
1824.21 8.6115774713288e-08
1882.531 8.35401350703352e-08
1940.853 8.73430206019811e-08
1999.174 6.82655983512894e-08
2057.495 5.45575277318795e-08
2115.817 3.9649479692206e-08
2174.138 7.01992786702582e-08
2232.46 5.99605578590887e-08
2290.781 7.3151674984682e-08
2349.102 6.99216973447798e-08
2407.424 5.70977137574533e-08
2465.745 5.35880307940133e-08
2524.066 5.13704425793602e-08
2582.388 5.81074864905473e-08
2640.709 7.03462561821437e-08
2699.031 6.86720519599948e-08
2757.352 5.15760011436169e-08
2815.673 5.46284028881898e-08
2873.995 5.56808150049933e-08
2932.316 6.2051501174167e-08
2990.637 5.38780038317782e-08
3048.959 5.15531750202763e-08
3107.28 5.31529952385663e-08
3165.602 4.87813099875083e-08
3223.923 6.34035633054304e-08
3282.244 5.400810916206e-08
3340.566 5.16517346840165e-08
3398.887 5.62366964551187e-08
3457.208 4.70312276701184e-08
3515.53 5.24018144819557e-08
3573.851 4.99949835186548e-08
3632.173 5.52555730408633e-08
3690.494 5.81155113671986e-08
3748.815 4.65301111420498e-08
3807.137 4.52951868091488e-08
3865.458 4.72024608114714e-08
3923.779 5.3686965340079e-08
3982.101 5.86168283695559e-08
4040.422 6.68119890744882e-08
4098.744 5.46384434746408e-08
4157.065 4.77658223107959e-08
4215.386 5.27760372519834e-08
4273.708 4.67480673307518e-08
4332.029 4.63639670078814e-08
4390.35 4.92478144862447e-08
4448.672 4.17693687121801e-08
4506.993 4.84637819375744e-08
4565.315 4.93913004806578e-08
4623.636 5.24878819747759e-08
4681.957 6.33839106422325e-08
4740.279 4.83541507933646e-08
4798.6 4.44243382443072e-08
4799.6 5.0373610229005e-08
4953.131 4.22515557065372e-08
5106.663 3.99766367440279e-08
5260.194 4.18240948504423e-08
5413.725 4.50314092024883e-08
5567.257 3.64846083184475e-08
5720.788 4.0530607538801e-08
5874.32 5.35891404620536e-08
6027.851 5.0402116855693e-08
6181.382 4.9544604240787e-08
6334.914 4.95414982184676e-08
6488.445 3.99846706033129e-08
6641.976 3.34249162693948e-08
6795.508 3.15666196353109e-08
6949.039 2.79187268929899e-08
7102.571 3.67118311209448e-08
7256.102 4.47106447903669e-08
7409.633 4.13962742763173e-08
7563.165 3.71024671862758e-08
7716.696 3.07214680573641e-08
7870.227 4.44864919513778e-08
8023.759 4.36196450435696e-08
8177.29 2.79759119425433e-08
8330.822 2.54303591857917e-08
8484.353 3.62985261685254e-08
8637.884 4.06845629648271e-08
8791.416 3.56447235497005e-08
8944.947 3.86290799963822e-08
9098.478 3.66102512073398e-08
9252.01 3.60127941802533e-08
9405.541 3.13737294193576e-08
9559.073 2.34534610958029e-08
9712.604 3.29528418671457e-08
9866.135 3.78833071524167e-08
10019.667 3.70651261425331e-08
10173.198 3.33972936816002e-08
10326.729 2.78542842396461e-08
10480.261 2.71319970529467e-08
10633.792 2.89202917899768e-08
10787.324 3.94959976828088e-08
10940.855 3.40854274436626e-08
11094.386 3.10504541266509e-08
11247.918 3.30743720492466e-08
11401.449 3.42992429419129e-08
11554.98 3.53919025174005e-08
11708.512 3.61960957244564e-08
11862.043 3.31776886280615e-08
12015.575 3.22003357010708e-08
12169.106 2.82499852157115e-08
12322.637 2.55284868560641e-08
12476.169 2.10001503298275e-08
12629.7 2.49319782558899e-08
12630.7 2.13780948705753e-08
13034.822 2.57206442468776e-08
13438.943 2.09821581663825e-08
13843.065 1.92729639888335e-08
14247.186 2.33160919813857e-08
14651.308 2.7899122578294e-08
15055.429 3.39964833542602e-08
15459.551 2.81311790567063e-08
15863.673 2.20048093511073e-08
16267.794 1.84856837494759e-08
16671.916 1.94753595900347e-08
17076.037 2.29302094319103e-08
17480.159 2.70939903989978e-08
17884.28 2.59321685087944e-08
18288.402 2.58937243973609e-08
18692.524 2.1859551346663e-08
19096.645 2.11087663686465e-08
19500.767 2.67825777669613e-08
19904.888 2.58095501698276e-08
20309.01 2.1805047762827e-08
20713.131 2.28186929003267e-08
21117.253 2.34640976430603e-08
21521.375 2.34614460466811e-08
21925.496 2.23451884343897e-08
22329.618 2.2551561369082e-08
22733.739 2.31280303690413e-08
23137.861 2.26896835623637e-08
23541.982 1.9904721702162e-08
23946.104 2.33370505174835e-08
24350.225 2.42681399792996e-08
24754.347 2.48597598917017e-08
25158.469 2.58920247404194e-08
25562.59 2.20491367992898e-08
25966.712 2.01546965524283e-08
26370.833 2.48010646481685e-08
26774.955 2.38009478110986e-08
27179.076 2.14768400247537e-08
27583.198 1.98225622200164e-08
27987.32 2.25069958156534e-08
28391.441 2.26210289834874e-08
28795.563 1.99072024517761e-08
29199.684 2.09120764189551e-08
29603.806 2.24725800295643e-08
30007.927 2.27415736120342e-08
30412.049 2.1955669378483e-08
30816.171 2.07825178639979e-08
31220.292 2.29656328770973e-08
31624.414 2.51953872122174e-08
32028.535 2.16991354897904e-08
32432.657 1.53348390692068e-08
32836.778 1.44141192394785e-08
33240.9 2.02534756981926e-08
33241.9 2.20159806829049e-08
34305.559 2.27869558189885e-08
35369.218 2.09122950592627e-08
36432.876 1.47841877484736e-08
37496.535 1.52193452319653e-08
38560.194 1.68154676399902e-08
39623.853 1.78373877930187e-08
40687.512 1.8482268931754e-08
41751.171 1.84933333791728e-08
42814.829 1.74252468692942e-08
43878.488 1.6302183108142e-08
44942.147 1.56609874854469e-08
46005.806 1.64414047275171e-08
47069.465 1.58886457733125e-08
48133.124 1.49324309153695e-08
49196.782 1.42297563131908e-08
50260.441 1.23478864607636e-08
51324.1 1.09406970903527e-08
52387.759 1.10122736686835e-08
53451.418 1.00474537535249e-08
54515.076 1.09407809393474e-08
55578.735 1.20066616325338e-08
56642.394 1.60233679081825e-08
57706.053 1.64763125856639e-08
58769.712 1.62591128701992e-08
59833.371 1.68138594327379e-08
60897.029 1.63593723492937e-08
61960.688 1.52960437260748e-08
63024.347 1.42228998709189e-08
64088.006 1.44860413706603e-08
65151.665 1.42162010345384e-08
66215.324 1.36214750964951e-08
67278.982 1.27009598410542e-08
68342.641 1.06063587189326e-08
69406.3 1.07704973623143e-08
70469.959 1.12911108748136e-08
71533.618 9.27629692704776e-09
72597.276 8.96458080315699e-09
73660.935 1.12656876673107e-08
74724.594 1.46348510058192e-08
75788.253 1.45348789761795e-08
76851.912 1.01129310309072e-08
77915.571 7.84302811360033e-09
78979.229 6.89957591732076e-09
80042.888 8.13737924548818e-09
81106.547 9.59968452152847e-09
82170.206 1.11427770888257e-08
83233.865 1.3057937841199e-08
84297.524 1.30730402875107e-08
85361.182 1.38997754593631e-08
86424.841 1.33892816073786e-08
87488.5 1.23946537222265e-08
87489.5 1.15538485044851e-08
90289.039 1.17031967832745e-08
93088.578 1.15852682829511e-08
95888.118 1.15846154849846e-08
98687.657 1.32030630990452e-08
101487.196 1.31250195741883e-08
104286.735 1.22231926449455e-08
107086.275 1.04735621765568e-08
109885.814 9.80290376520751e-09
112685.353 1.1291316891695e-08
115484.892 1.20268956800587e-08
118284.431 1.49235631150017e-08
121083.971 1.57772209350931e-08
123883.51 1.37305792972446e-08
126683.049 1.23634387073533e-08
129482.588 1.15570577393011e-08
132282.127 9.34386489418604e-09
135081.667 8.53828395535085e-09
137881.206 9.44790940288663e-09
140680.745 1.00233105830352e-08
143480.284 9.58203095917505e-09
146279.824 7.70998487984732e-09
149079.363 7.63428844738937e-09
151878.902 9.99265954551281e-09
154678.441 1.10075091020274e-08
157477.98 1.09857458681538e-08
160277.52 9.08632509215948e-09
163077.059 7.34885623836069e-09
165876.598 8.48064619173638e-09
168676.137 9.33719828412585e-09
171475.676 8.86697163112412e-09
174275.216 7.55832373960936e-09
177074.755 6.88946523293306e-09
179874.294 6.98973169115177e-09
182673.833 8.09314454624013e-09
185473.373 8.34281651640502e-09
188272.912 8.16479849355691e-09
191072.451 7.70632435108676e-09
193871.99 8.2709896866064e-09
196671.529 7.46668436001355e-09
199471.069 7.08047298956501e-09
202270.608 6.84539067368777e-09
205070.147 6.64368626868291e-09
207869.686 7.62682050849291e-09
210669.225 7.81322937986464e-09
213468.765 7.95974352701399e-09
216268.304 8.68499995706041e-09
219067.843 7.86345504981262e-09
221867.382 7.74107365332178e-09
224666.922 8.6840138432623e-09
227466.461 9.07415725647887e-09
230266 9.32051443781539e-09
230267 7.73884649218394e-09
237635.294 1.00872887447306e-08
245003.588 6.43693602077927e-09
252371.882 5.51565293504837e-09
259740.176 7.02337428086404e-09
267108.471 4.71658498829839e-09
274476.765 7.63548021298242e-09
281845.059 5.94139843058773e-09
289213.353 6.54425179750999e-09
296581.647 7.51221818644203e-09
303949.941 8.16818257761239e-09
311318.235 8.27078888149522e-09
318686.529 5.79180052502468e-09
326054.824 5.32103117470089e-09
333423.118 8.05189909976103e-09
340791.412 7.40804949474403e-09
348159.706 6.10706222804708e-09
355528 4.6963061425938e-09
362896.294 6.40589311319154e-09
370264.588 6.41237524956457e-09
377632.882 7.75945245442453e-09
385001.176 5.09080692466319e-09
392369.471 5.04000718369632e-09
399737.765 6.67223288997208e-09
407106.059 6.22674618326976e-09
414474.353 6.06301957996837e-09
421842.647 5.54422980692005e-09
429210.941 5.97724791577922e-09
436579.235 7.51805553449072e-09
443947.529 4.64842354847573e-09
451315.824 4.41271494968462e-09
458684.118 4.24004853971212e-09
466052.412 6.9224041011957e-09
473420.706 8.02579467046546e-09
480789 6.99971401907973e-09
488157.294 6.17357829791522e-09
495525.588 8.04147332673006e-09
502893.882 7.97238562606098e-09
510262.176 4.94639804364044e-09
517630.471 5.19658921795181e-09
524998.765 3.84788406079549e-09
532367.059 5.20482304027272e-09
539735.353 5.89346299193724e-09
547103.647 5.6741777257953e-09
554471.941 4.92899704585892e-09
561840.235 5.44399014732335e-09
569208.529 5.399982719266e-09
576576.824 4.88167791465782e-09
583945.118 5.33701723267548e-09
591313.412 4.6453205204843e-09
598681.706 4.6387184576465e-09
606050 5.51574768498952e-09
606051 5.93535586099163e-09
625444.118 4.57478262581553e-09
644837.235 4.46703396102981e-09
664230.353 4.31683258118865e-09
683623.471 5.51306026045845e-09
703016.588 4.34250453106484e-09
722409.706 6.07115285750637e-09
741802.824 4.32683136729166e-09
761195.941 6.16742154324303e-09
780589.059 5.70399492581337e-09
799982.176 5.1983079301552e-09
819375.294 4.70102930280698e-09
838768.412 4.02793438003899e-09
858161.529 4.00801693114445e-09
877554.647 4.65983107480348e-09
896947.765 4.54790634297124e-09
916340.882 4.79979856596546e-09
935734 4.27033887802533e-09
955127.118 4.52129357391358e-09
974520.235 4.42824103867986e-09
993913.353 3.65172798013865e-09
1013306.471 3.09338460723812e-09
1032699.588 4.36409477256619e-09
1052092.706 4.72403134600431e-09
1071485.824 2.95366733963928e-09
1090878.941 3.94356101303643e-09
1110272.059 4.02169219009909e-09
1129665.176 4.08793276999547e-09
1149058.294 3.16700187695744e-09
1168451.412 3.6940099379222e-09
1187844.529 3.81828536166337e-09
1207237.647 3.59605968964747e-09
1226630.765 2.85398677733812e-09
1246023.882 3.18973026051545e-09
1265417 3.69367808628922e-09
1284810.118 4.0355801564607e-09
1304203.235 3.31436868405142e-09
1323596.353 3.73489506269018e-09
1342989.471 3.57977499458206e-09
1362382.588 2.69197021332424e-09
1381775.706 4.48210536848494e-09
1401168.824 3.86879228655659e-09
1420561.941 3.79644308854889e-09
1439955.059 3.6931209024076e-09
1459348.176 3.0930551528916e-09
1478741.294 3.07438334465874e-09
1498134.412 3.0656201687954e-09
1517527.529 3.41862586143559e-09
1536920.647 3.54911891430858e-09
1556313.765 2.8666793477607e-09
1575706.882 4.02900872715735e-09
1595100 2.23922273977656e-09
1595100 3.58149158669684e-09
1646141.765 2.99156556437959e-09
1697183.529 3.31421175486826e-09
1748225.294 3.17732278756124e-09
1799267.059 3.44331369227928e-09
1850308.824 3.20781751615075e-09
1901350.588 2.98965264131565e-09
1952392.353 3.54345576364589e-09
2003434.118 2.95840390504865e-09
2054475.882 3.85206516718298e-09
2105517.647 2.89815796635176e-09
2156559.412 3.40934020107921e-09
2207601.176 1.80882478161585e-09
2258642.941 2.82891930477952e-09
2309684.706 2.84621422087469e-09
2360726.471 1.99926504071652e-09
2411768.235 2.55851800681228e-09
2462810 2.61005389523578e-09
2513851.765 2.75771286866638e-09
2564893.529 2.40826938804551e-09
2615935.294 2.30055832567945e-09
2666977.059 3.35747455289009e-09
2718018.824 3.03962185021436e-09
2769060.588 2.10121909209597e-09
2820102.353 3.2843304123681e-09
2871144.118 2.34645251866018e-09
2922185.882 3.08980608749943e-09
2973227.647 2.08244214278313e-09
3024269.412 2.59801970490078e-09
3075311.176 1.72000736910816e-09
3126352.941 2.44156919906262e-09
3177394.706 2.84777356242014e-09
3228436.471 1.83352550614528e-09
3279478.235 2.80757232437806e-09
3330520 3.07473041457435e-09
3381561.765 2.20696412054621e-09
3432603.529 1.89164865150437e-09
3483645.294 2.38133057099991e-09
3534687.059 1.85711153172701e-09
3585728.824 2.39705132424405e-09
3636770.588 2.18822479412064e-09
3687812.353 2.67550227286964e-09
3738854.118 1.89337852944751e-09
3789895.882 3.31764592666665e-09
3840937.647 2.57824066397464e-09
3891979.412 2.3783339137874e-09
3943021.176 2.60715008760005e-09
3994062.941 2.91351175000034e-09
4045104.706 2.45095702543739e-09
4096146.471 2.51123055427303e-09
4147188.235 2.70205041073522e-09
4198230 1.94277233926588e-09
4198230 1.78519427590341e-09
4332570.588 2.57346774252839e-09
4466911.176 2.18512180690904e-09
4601251.765 2.40043342557972e-09
4735592.353 2.90923833711599e-09
4869932.941 1.9005699940482e-09
5004273.529 2.31088932984611e-09
5138614.118 2.48500137644239e-09
5272954.706 1.75970687906872e-09
5407295.294 1.69165864949397e-09
5541635.882 2.43670548521232e-09
5675976.471 1.56838787380601e-09
5810317.059 1.6230017051057e-09
5944657.647 2.20016416310687e-09
6078998.235 1.83258987875362e-09
6213338.824 2.28431593993222e-09
6347679.412 1.84888790093335e-09
6482020 2.03945906833275e-09
6616360.588 2.18286524284738e-09
6750701.176 2.11838653101202e-09
6885041.765 1.54154766594801e-09
7019382.353 2.38296807803597e-09
7153722.941 1.81399744851859e-09
7288063.529 2.1791546604762e-09
7422404.118 2.09842077674405e-09
7556744.706 2.06934256589792e-09
7691085.294 2.1159455584932e-09
7825425.882 1.55465944697939e-09
7959766.471 1.411156231051e-09
8094107.059 2.18206068592203e-09
8228447.647 1.73478147472121e-09
8362788.235 1.52300171852052e-09
8497128.824 2.61068664221136e-09
8631469.412 1.97942758252076e-09
8765810 1.98256063144693e-09
8900150.588 1.94588458817594e-09
9034491.176 1.6020220536185e-09
9168831.765 2.49763365349603e-09
9303172.353 1.56894930720381e-09
9437512.941 2.38577491602073e-09
9571853.529 1.79748744134947e-09
9706194.118 1.86096558105123e-09
9840534.706 1.59121902674248e-09
9974875.294 1.97420210217566e-09
10109215.882 2.0081415231851e-09
10243556.471 1.83597412244821e-09
10377897.059 1.53810640654949e-09
10512237.647 1.51041810043888e-09
10646578.235 1.62994468240918e-09
10780918.824 1.7912885339888e-09
10915259.412 2.13775638675117e-09
11049600 1.97590886817611e-09
11049600 1.92250810455954e-09
11403174.51 1.23461512891624e-09
11756749.02 1.61270172018129e-09
12110323.529 1.55973606876327e-09
12463898.039 1.67397614197885e-09
12817472.549 1.76773569888044e-09
13171047.059 1.59499724705486e-09
13524621.569 1.85888679015673e-09
13878196.078 1.57855186449247e-09
14231770.588 1.16532542958929e-09
14585345.098 1.92389147918174e-09
14938919.608 1.6324156956675e-09
15292494.118 1.60758352870537e-09
15646068.627 1.72454820727064e-09
15999643.137 1.89193222955142e-09
16353217.647 1.99733606891262e-09
16706792.157 1.64541562087042e-09
17060366.667 1.64947092598838e-09
17413941.176 1.45060825092518e-09
17767515.686 1.67121656023356e-09
18121090.196 1.28746540338752e-09
18474664.706 2.09724544045309e-09
18828239.216 1.48091263599457e-09
19181813.725 1.5589358447044e-09
19535388.235 1.11550459712557e-09
19888962.745 1.41584633223216e-09
20242537.255 1.67268951373777e-09
20596111.765 1.43972547252014e-09
20949686.275 1.62197131965321e-09
21303260.784 1.94682871961364e-09
21656835.294 1.51554353707808e-09
22010409.804 1.74301822115457e-09
22363984.314 1.21841616273827e-09
22717558.824 1.26901829507709e-09
23071133.333 1.24075738703004e-09
23424707.843 2.03019040029204e-09
23778282.353 1.51398987148681e-09
24131856.863 1.45271269363663e-09
24485431.373 1.60429294054476e-09
24839005.882 1.45426963474333e-09
25192580.392 1.57887520792719e-09
25546154.902 1.58390640333765e-09
25899729.412 1.45071900752728e-09
26253303.922 1.47551705601139e-09
26606878.431 1.68985636723115e-09
26960452.941 1.81314815759336e-09
27314027.451 1.32378657378555e-09
27667601.961 1.39920675875449e-09
28021176.471 1.43774556701898e-09
28374750.98 1.40712113868767e-09
28728325.49 1.42639636378309e-09
29081900 1.66038665827225e-09
29081900 1.37128513752104e-09
30012498.039 1.60737722275221e-09
30943096.078 1.57050505488252e-09
31873694.118 1.55398160816103e-09
32804292.157 1.70361532163205e-09
33734890.196 1.67079270197354e-09
34665488.235 1.59934220064319e-09
35596086.275 1.92982635997535e-09
36526684.314 9.3578479019418e-10
37457282.353 1.17811792888807e-09
38387880.392 1.52727383860381e-09
39318478.431 1.38170398957078e-09
40249076.471 1.45604868899517e-09
41179674.51 2.10488416683378e-09
42110272.549 9.66708560568215e-10
43040870.588 1.22199173302333e-09
43971468.627 1.67950345885289e-09
44902066.667 1.25681720991567e-09
45832664.706 1.29991439431346e-09
46763262.745 1.69954287042585e-09
47693860.784 1.49628761921525e-09
48624458.824 1.91644971306148e-09
49555056.863 1.41147430906718e-09
50485654.902 1.39782453434054e-09
51416252.941 9.85345740203126e-10
52346850.98 1.63440054323543e-09
53277449.02 1.07465171611717e-09
54208047.059 1.77856404315379e-09
55138645.098 1.2909441403963e-09
56069243.137 1.37747125104231e-09
56999841.176 1.69148304743662e-09
57930439.216 1.0323005654576e-09
58861037.255 1.38470037872544e-09
59791635.294 1.56099997985232e-09
60722233.333 9.68040949358387e-10
61652831.373 1.37058363511735e-09
62583429.412 1.49604509973102e-09
63514027.451 1.48710854274176e-09
64444625.49 1.71007830554444e-09
65375223.529 1.22264503989877e-09
66305821.569 1.44662873071937e-09
67236419.608 9.95377171260453e-10
68167017.647 1.38311641931031e-09
69097615.686 1.40707787934774e-09
70028213.725 1.43317242642991e-09
70958811.765 1.52970885580352e-09
71889409.804 1.15138109029998e-09
72820007.843 9.09502167184964e-10
73750605.882 1.17918577791849e-09
74681203.922 1.2482404153982e-09
75611801.961 9.94311505269014e-10
76542400 8.43632704538572e-10
76542400 8.17282564080571e-10
78991686.275 1.60585971892995e-09
81440972.549 1.06430518015192e-09
83890258.824 1.50947905681955e-09
86339545.098 1.06649864010033e-09
88788831.373 2.45314488507163e-09
91238117.647 1.70801175919274e-09
93687403.922 2.46201839040843e-09
96136690.196 1.08824916973719e-08
98585976.471 9.51021863247371e-10
101035262.745 5.11005090918982e-10
103484549.02 -0
105933835.294 1.56307070763291e-09
108383121.569 1.9032702611599e-09
110832407.843 1.77654406911622e-09
113281694.118 8.27192976526273e-10
115730980.392 1.12024337669896e-09
118180266.667 5.86348490362554e-10
120629552.941 1.08141219610851e-09
123078839.216 1.37735031517885e-09
125528125.49 1.29649642623295e-09
127977411.765 1.32935881531384e-09
130426698.039 1.60510644724483e-09
132875984.314 1.08546707086483e-09
135325270.588 1.39378087140863e-09
137774556.863 1.90573398689182e-09
140223843.137 1.28777005662877e-09
142673129.412 1.41427414985696e-09
145122415.686 8.12565532297671e-10
147571701.961 1.19908984594647e-09
150020988.235 2.2307931444884e-09
152470274.51 2.57471449847912e-09
154919560.784 -0
157368847.059 1.24148514673764e-09
159818133.333 1.1612457386385e-09
162267419.608 2.47446102280098e-09
164716705.882 -0
167165992.157 2.76981049674219e-09
169615278.431 -0
172064564.706 -0
174513850.98 1.71360809720877e-09
176963137.255 2.23189282150299e-09
179412423.529 2.014067121364e-09
181861709.804 -0
184310996.078 2.49889945413376e-09
186760282.353 3.58438349128669e-09
189209568.627 -0
191658854.902 -0
194108141.176 -0
196557427.451 1.37203795527556e-09
199006713.725 3.9021838655845e-09
201456000 -0
