101 7.9684758636115e-06
104.18 8.60191136629127e-06
107.361 9.49001850202411e-06
110.541 1.06916452576206e-05
113.721 1.06141034590068e-05
116.902 9.96621244756121e-06
120.082 1.01317242819991e-05
123.262 9.86711146888348e-06
126.443 1.06267171962455e-05
129.623 9.42949755225585e-06
132.803 8.50886815014602e-06
135.983 8.08171271398858e-06
139.164 8.38970616362027e-06
142.344 8.24116883651916e-06
145.524 6.07302640892529e-06
148.705 4.96874867401793e-06
151.885 4.64242778934686e-06
155.065 7.00971391433338e-06
158.246 7.75209524320651e-06
161.426 8.05706995934704e-06
164.606 7.95874442314827e-06
167.787 5.71174726983017e-06
170.967 4.50240783531111e-06
174.147 5.37294293484479e-06
177.328 6.27785026943429e-06
180.508 6.37085074375916e-06
183.688 6.17461701252021e-06
186.868 5.97402097977681e-06
190.049 6.18335495472095e-06
193.229 7.07955385180907e-06
196.409 7.71769532052879e-06
199.59 7.42266483686814e-06
202.77 6.6081235188253e-06
205.95 4.67577002727969e-06
209.131 3.87981206790653e-06
212.311 4.82757259479057e-06
215.491 5.55726158331181e-06
218.672 5.25828473719488e-06
221.852 4.62115992549918e-06
225.032 4.36606080445188e-06
228.213 4.58920394231313e-06
231.393 4.60804740099745e-06
234.573 5.10473787429089e-06
237.753 6.57155248039135e-06
240.934 5.89858089986946e-06
244.114 4.99336925264971e-06
247.294 4.55155475405987e-06
250.475 4.97682714262089e-06
253.655 5.23882059160342e-06
256.835 4.72446256548531e-06
260.016 5.52539669174594e-06
263.196 5.84704878557725e-06
264.196 6.0617884926209e-06
272.598 6.26519303931459e-06
281.001 6.58738094935579e-06
289.403 6.41489762529884e-06
297.806 5.79399545711006e-06
306.208 5.25119250570466e-06
314.611 4.14805712936018e-06
323.013 3.88982540817866e-06
331.415 4.00050981488235e-06
339.818 4.11636516546819e-06
348.22 4.12866805848227e-06
356.623 3.34886731044925e-06
365.025 2.65493237690153e-06
373.428 2.46505340317972e-06
381.83 2.9940654637419e-06
390.232 3.20612681725812e-06
398.635 3.87008323842976e-06
407.037 3.99426041927854e-06
415.44 4.05144910812181e-06
423.842 3.66625652243474e-06
432.245 3.37135904526424e-06
440.647 4.06974210636145e-06
449.049 4.24689441886075e-06
457.452 3.99944118404959e-06
465.854 3.485843217167e-06
474.257 3.24768237296447e-06
482.659 3.14631541212514e-06
491.062 3.34682205393012e-06
499.464 3.3719475508856e-06
507.867 3.56613607207781e-06
516.269 3.40580222797034e-06
524.671 3.15323262283743e-06
533.074 3.07679593664461e-06
541.476 3.34261045013744e-06
549.879 3.7904982686482e-06
558.281 3.49070590684045e-06
566.684 3.37873327268312e-06
575.086 3.81924345838651e-06
583.488 3.67215876994458e-06
591.891 3.36219617605736e-06
600.293 2.9966284839605e-06
608.696 3.04063721583986e-06
617.098 2.95146517214485e-06
625.501 2.94680333725463e-06
633.903 2.78254031720818e-06
642.305 2.3025624157161e-06
650.708 1.88768024794455e-06
659.11 1.60003959294143e-06
667.513 1.58066323916548e-06
675.915 1.91472968686136e-06
684.318 2.32731416797836e-06
692.72 2.30708081779844e-06
693.72 2.78852217786235e-06
715.867 2.75658580682666e-06
738.014 2.88771187104756e-06
760.161 3.79867531415831e-06
782.307 3.01362858164e-06
804.454 3.08399624290104e-06
826.601 2.74847097283682e-06
848.748 2.82457215974858e-06
870.895 2.37020074441176e-06
893.042 2.98719796601816e-06
915.189 1.93580415383375e-06
937.335 2.97539462847506e-06
959.482 2.90279615698777e-06
981.629 2.83797249792904e-06
1003.776 2.99483582914921e-06
1025.923 2.89606311204795e-06
1048.07 2.2971288534168e-06
1070.217 2.33309164624309e-06
1092.364 2.68194856129237e-06
1114.51 2.74507655892034e-06
1136.657 2.33568900702482e-06
1158.804 2.27280360517533e-06
1180.951 2.59500144809112e-06
1203.098 2.60007244271739e-06
1225.245 1.92155221924148e-06
1247.392 2.56301516373465e-06
1269.538 2.56094026533075e-06
1291.685 2.41846730562544e-06
1313.832 1.92951464716493e-06
1335.979 2.64638347980677e-06
1358.126 2.40515134738211e-06
1380.273 2.67251701563563e-06
1402.42 2.08788563668354e-06
1424.566 1.94490727716464e-06
1446.713 2.32297825935003e-06
1468.86 1.64679451261175e-06
1491.007 1.82349133166751e-06
1513.154 2.39605076284955e-06
1535.301 1.92631903898012e-06
1557.448 1.46907009971919e-06
1579.595 1.88700854455466e-06
1601.741 2.36809912720118e-06
1623.888 1.34358713179562e-06
1646.035 1.08511233213294e-06
1668.182 1.67929920804553e-06
1690.329 1.8009580468895e-06
1712.476 1.99611621078133e-06
1734.623 1.84749482804863e-06
1756.769 1.55120470535934e-06
1778.916 1.67862717911666e-06
1801.063 2.56458000097775e-06
1823.21 2.07156321846773e-06
1824.21 2.00891802429437e-06
1882.531 2.43877463082748e-06
1940.853 2.52399123911859e-06
1999.174 2.17980552339751e-06
2057.495 1.94410570866426e-06
2115.817 2.02318880488618e-06
2174.138 1.81036868149659e-06
2232.46 1.8313227006106e-06
2290.781 1.47079385639865e-06
2349.102 1.34461570618963e-06
2407.424 1.39949418921942e-06
2465.745 1.09660767321501e-06
2524.066 1.5390948041971e-06
2582.388 1.41155591207341e-06
2640.709 1.65287215355332e-06
2699.031 1.61252292676622e-06
2757.352 1.76530472254099e-06
2815.673 1.58949193931925e-06
2873.995 1.08526000864332e-06
2932.316 1.34598764918943e-06
2990.637 1.48930093610604e-06
3048.959 1.10173156147374e-06
3107.28 1.31030658552767e-06
3165.602 1.3526550396987e-06
3223.923 1.67585999412211e-06
3282.244 1.510502290854e-06
3340.566 9.81182506622853e-07
3398.887 1.17498858846327e-06
3457.208 1.79293412374563e-06
3515.53 1.56539281682623e-06
3573.851 1.41261756203236e-06
3632.173 1.16047570689622e-06
3690.494 9.04530553423067e-07
3748.815 8.81313958153811e-07
3807.137 1.43481281874288e-06
3865.458 1.6461341063498e-06
3923.779 1.34761463111192e-06
3982.101 8.55905441307753e-07
4040.422 1.06420639671773e-06
4098.744 1.45820350327113e-06
4157.065 1.24328469955163e-06
4215.386 9.7849661271528e-07
4273.708 9.25612353004488e-07
4332.029 1.27295384359538e-06
4390.35 1.21027171108378e-06
4448.672 8.54075667139675e-07
4506.993 9.09610575692789e-07
4565.315 1.01033154634914e-06
4623.636 1.16188644691397e-06
4681.957 1.43330336985483e-06
4740.279 1.34593221803641e-06
4798.6 1.30899858794443e-06
4799.6 1.27005965035977e-06
4953.131 1.13809833814812e-06
5106.663 8.90799879514937e-07
5260.194 8.36312179274988e-07
5413.725 8.63806097483826e-07
5567.257 8.48279190893711e-07
5720.788 1.14497752408235e-06
5874.32 1.12858256067804e-06
6027.851 1.0150845575815e-06
6181.382 7.91142300749798e-07
6334.914 7.20196627321855e-07
6488.445 8.1193351070343e-07
6641.976 9.14857973466931e-07
6795.508 8.39713552651974e-07
6949.039 7.89686142395448e-07
7102.571 6.7478727982427e-07
7256.102 7.10237433526535e-07
7409.633 8.70082444952211e-07
7563.165 8.66920972650809e-07
7716.696 6.82802612853947e-07
7870.227 6.82749190631407e-07
8023.759 7.27072776187363e-07
8177.29 6.57437020284396e-07
8330.822 8.29292011974526e-07
8484.353 9.09431028582185e-07
8637.884 7.99719760618848e-07
8791.416 8.37817829060461e-07
8944.947 6.61347076688997e-07
9098.478 8.24265680853742e-07
9252.01 1.06937080527615e-06
9405.541 9.09317420970011e-07
9559.073 8.26279902600473e-07
9712.604 8.83359442318932e-07
9866.135 9.50555413547103e-07
10019.667 8.91907699224485e-07
10173.198 8.73733524538922e-07
10326.729 8.54646181783406e-07
10480.261 8.42622661387449e-07
10633.792 8.21775122405205e-07
10787.324 8.73664251239328e-07
10940.855 7.77731686813625e-07
11094.386 6.96533217784026e-07
11247.918 8.87416232924553e-07
11401.449 7.92397306100152e-07
11554.98 7.26482428580923e-07
11708.512 9.87472505201768e-07
11862.043 1.09211904892028e-06
12015.575 1.11236562581113e-06
12169.106 8.36141370783577e-07
12322.637 8.52011637412317e-07
12476.169 8.26825673971224e-07
12629.7 8.18203409646959e-07
12630.7 5.25075758799636e-07
13034.822 5.03573066411905e-07
13438.943 6.43505014099308e-07
13843.065 8.18812288591262e-07
14247.186 8.54329698444046e-07
14651.308 9.93179979003927e-07
15055.429 9.48481997331647e-07
15459.551 8.02605543954768e-07
15863.673 6.55508778460618e-07
16267.794 7.49849286372788e-07
16671.916 8.06200526500535e-07
17076.037 8.17799400821993e-07
17480.159 6.94017150249348e-07
17884.28 6.18952253548998e-07
18288.402 7.26371706728955e-07
18692.524 7.95155702048366e-07
19096.645 7.5502209793463e-07
19500.767 6.28840475341699e-07
19904.888 6.097154968144e-07
20309.01 5.96464881127554e-07
20713.131 5.43289566059764e-07
21117.253 5.9979865172156e-07
21521.375 6.76059632742443e-07
21925.496 6.54699834758841e-07
22329.618 5.51703427767837e-07
22733.739 4.91870272178548e-07
23137.861 4.86780627069073e-07
23541.982 5.38176006272165e-07
23946.104 5.16170842077287e-07
24350.225 3.81737382405431e-07
24754.347 3.44435444467488e-07
25158.469 3.46448057290974e-07
25562.59 3.69442711282896e-07
25966.712 4.31042454124506e-07
26370.833 4.22412330103229e-07
26774.955 5.07188050417852e-07
27179.076 5.24102956844453e-07
27583.198 4.96615675867568e-07
27987.32 5.73925542459007e-07
28391.441 6.01794673676986e-07
28795.563 6.45121205619389e-07
29199.684 6.19605549088489e-07
29603.806 5.32869527734924e-07
30007.927 5.1186366367162e-07
30412.049 4.43857061445571e-07
30816.171 3.6719444118234e-07
31220.292 3.83685921294175e-07
31624.414 4.33621765332297e-07
32028.535 4.79060946741946e-07
32432.657 5.22045285850858e-07
32836.778 5.44395783033689e-07
33240.9 5.4066363450059e-07
33241.9 5.01321691422725e-07
34305.559 4.36263578531362e-07
35369.218 3.61256666809182e-07
36432.876 4.38564933311293e-07
37496.535 4.61364525629715e-07
38560.194 4.59369677538004e-07
39623.853 4.61041047060653e-07
40687.512 4.58715983311076e-07
41751.171 4.76996818563401e-07
42814.829 5.05633782258463e-07
43878.488 5.08877515957564e-07
44942.147 4.30296758413259e-07
46005.806 3.76248060097604e-07
47069.465 3.51939888718963e-07
48133.124 3.77605975441735e-07
49196.782 4.01548409422844e-07
50260.441 4.21540225371135e-07
51324.1 4.2981301553388e-07
52387.759 3.8459292002376e-07
53451.418 3.71479752202515e-07
54515.076 3.44710431855733e-07
55578.735 2.9961430988848e-07
56642.394 3.12123806399229e-07
57706.053 3.67830174129159e-07
58769.712 4.10251576486361e-07
59833.371 4.14057779267363e-07
60897.029 4.05713642123281e-07
61960.688 3.95898194026487e-07
63024.347 3.61329247112781e-07
64088.006 3.71984300351931e-07
65151.665 4.54752404148931e-07
66215.324 4.64938330982852e-07
67278.982 4.31133714687219e-07
68342.641 3.79741274515912e-07
69406.3 3.75545488509386e-07
70469.959 3.87234546065124e-07
71533.618 3.44798182646048e-07
72597.276 3.25681615076504e-07
73660.935 3.37981360563638e-07
74724.594 3.98027120911848e-07
75788.253 4.28844617992816e-07
76851.912 3.88860834106885e-07
77915.571 3.63151936995808e-07
78979.229 3.53386551240883e-07
80042.888 3.52323757960373e-07
81106.547 3.51824853309029e-07
82170.206 3.7714262456132e-07
83233.865 4.13283697701944e-07
84297.524 4.40601254649822e-07
85361.182 4.44926832634825e-07
86424.841 3.94422393210814e-07
87488.5 3.38147380973196e-07
87489.5 3.46504064461066e-07
90289.039 3.17832885977685e-07
93088.578 2.80272149584092e-07
95888.118 2.59208192561333e-07
98687.657 2.70113191087607e-07
101487.196 2.90457536879503e-07
104286.735 3.36094582099443e-07
107086.275 3.01957970848993e-07
109885.814 2.3445298898176e-07
112685.353 2.02568224398823e-07
115484.892 2.27277661564368e-07
118284.431 2.69951264198207e-07
121083.971 2.51490129978621e-07
123883.51 2.65687291314579e-07
126683.049 2.74614165491045e-07
129482.588 2.86258322134619e-07
132282.127 2.60122483029843e-07
135081.667 1.79469269093451e-07
137881.206 1.99583169404947e-07
140680.745 2.55134329570346e-07
143480.284 2.51418879596142e-07
146279.824 2.57894672967217e-07
149079.363 2.76145338197583e-07
151878.902 3.10379294178252e-07
154678.441 3.05853967814998e-07
157477.98 2.83810043882819e-07
160277.52 2.65776543392964e-07
163077.059 2.58018480335153e-07
165876.598 2.26354421137769e-07
168676.137 2.26692596941758e-07
171475.676 2.45390365709268e-07
174275.216 2.9175629528234e-07
177074.755 3.04010006020387e-07
179874.294 3.02708668423804e-07
182673.833 3.27861957976359e-07
185473.373 3.33235878769585e-07
188272.912 2.8153684086584e-07
191072.451 2.0196751629254e-07
193871.99 1.78113642959845e-07
196671.529 1.7996274912775e-07
199471.069 1.75984221910315e-07
202270.608 1.58192617220056e-07
205070.147 1.74191351211333e-07
207869.686 1.53198296746214e-07
210669.225 1.65738968822086e-07
213468.765 1.84124029712472e-07
216268.304 2.0873248276412e-07
219067.843 2.36505097522637e-07
221867.382 2.59877701379226e-07
224666.922 2.60795729500287e-07
227466.461 2.48318314957318e-07
230266 2.56987576118277e-07
230267 2.92045983668011e-07
237635.294 2.50351060616612e-07
245003.588 2.26657221413014e-07
252371.882 1.76886615972994e-07
259740.176 2.050663379737e-07
267108.471 2.10630167244152e-07
274476.765 1.90129082212013e-07
281845.059 2.04063045781246e-07
289213.353 1.97432613523768e-07
296581.647 1.76730766952574e-07
303949.941 2.31318008514058e-07
311318.235 2.36573386797521e-07
318686.529 2.00014654440066e-07
326054.824 2.00745539866662e-07
333423.118 2.26377126812952e-07
340791.412 2.0308195759607e-07
348159.706 1.71938950104219e-07
355528 2.18018148693051e-07
362896.294 2.07395921787576e-07
370264.588 2.53086469718498e-07
377632.882 1.99756659610662e-07
385001.176 2.05435765723779e-07
392369.471 1.99943196847592e-07
399737.765 1.77806226224098e-07
407106.059 1.88703920926031e-07
414474.353 2.18770141294556e-07
421842.647 2.09600034903905e-07
429210.941 1.59144078929731e-07
436579.235 2.20799554504301e-07
443947.529 1.85945397430206e-07
451315.824 1.05370932093934e-07
458684.118 1.95806519938877e-07
466052.412 2.26345354642481e-07
473420.706 2.07196072270374e-07
480789 1.7100095091541e-07
488157.294 1.34408037978128e-07
495525.588 1.3200979083631e-07
502893.882 1.71966526005726e-07
510262.176 2.24744040283913e-07
517630.471 1.82859398025335e-07
524998.765 1.98649851042313e-07
532367.059 1.29179116317993e-07
539735.353 1.66135761216734e-07
547103.647 1.57759596723178e-07
554471.941 2.04160345343751e-07
561840.235 1.95186209445134e-07
569208.529 2.04013372902847e-07
576576.824 2.31326652388096e-07
583945.118 1.5729981785567e-07
591313.412 1.40707430074124e-07
598681.706 1.74681164969946e-07
606050 1.38927266058329e-07
606051 1.55096727932785e-07
625444.118 1.62321625287161e-07
644837.235 1.81591972641948e-07
664230.353 1.87323193495165e-07
683623.471 1.3948972935453e-07
703016.588 1.68610618610506e-07
722409.706 1.24224186477579e-07
741802.824 1.36043749270239e-07
761195.941 1.51723487445972e-07
780589.059 1.2375048712088e-07
799982.176 1.6264781032551e-07
819375.294 1.29614204852227e-07
838768.412 1.5792802308922e-07
858161.529 1.50262665882881e-07
877554.647 1.19196048943798e-07
896947.765 1.55625703286949e-07
916340.882 1.78566602302097e-07
935734 1.58860726738077e-07
955127.118 1.61412148072452e-07
974520.235 1.38755899425862e-07
993913.353 1.37386359555015e-07
1013306.471 1.40274986677283e-07
1032699.588 1.38288658784408e-07
1052092.706 1.16615712818127e-07
1071485.824 1.10035235982218e-07
1090878.941 1.48517775869096e-07
1110272.059 1.07822259832701e-07
1129665.176 1.76161196115939e-07
1149058.294 1.18360168526172e-07
1168451.412 1.09753944590041e-07
1187844.529 1.47514675508566e-07
1207237.647 1.02811259500237e-07
1226630.765 1.29492442609744e-07
1246023.882 1.14964214017237e-07
1265417 1.20234810345306e-07
1284810.118 1.07957765889968e-07
1304203.235 1.60570238364014e-07
1323596.353 1.02340742489456e-07
1342989.471 1.12416270312175e-07
1362382.588 8.13488479662349e-08
1381775.706 1.32480105611769e-07
1401168.824 8.78456764965471e-08
1420561.941 8.91457321257299e-08
1439955.059 1.24058227764224e-07
1459348.176 1.40989951225832e-07
1478741.294 1.34012927125222e-07
1498134.412 1.42596267346974e-07
1517527.529 1.24820081307333e-07
1536920.647 1.42839008904677e-07
1556313.765 1.28041877028621e-07
1575706.882 1.28867265663649e-07
1595100 1.17381462494245e-07
1595100 1.58751264085586e-07
1646141.765 1.27517704709581e-07
1697183.529 8.0028174427196e-08
1748225.294 1.47277936614108e-07
1799267.059 7.68933723631471e-08
1850308.824 8.17089490112332e-08
1901350.588 1.02535687293778e-07
1952392.353 1.10629847226506e-07
2003434.118 9.91641642090725e-08
2054475.882 8.70927950345636e-08
2105517.647 9.76471771419512e-08
2156559.412 1.00578072437414e-07
2207601.176 7.61432519660725e-08
2258642.941 8.56116035897004e-08
2309684.706 8.37183552487553e-08
2360726.471 8.72675487529242e-08
2411768.235 1.02808598763041e-07
2462810 9.78566729858158e-08
2513851.765 9.70635214311309e-08
2564893.529 1.11272135761014e-07
2615935.294 1.10159955802306e-07
2666977.059 1.0948421191404e-07
2718018.824 8.03449298106514e-08
2769060.588 6.3012891525084e-08
2820102.353 8.7800500038936e-08
2871144.118 1.17252690294065e-07
2922185.882 6.11967940094087e-08
2973227.647 1.47284330019651e-07
3024269.412 1.09168095735924e-07
3075311.176 9.21287659979878e-08
3126352.941 1.24344476385396e-07
3177394.706 1.04099997774197e-07
3228436.471 7.121805015537e-08
3279478.235 8.90317540049364e-08
3330520 7.51196733760092e-08
3381561.765 7.1109930722262e-08
3432603.529 6.16210542284332e-08
3483645.294 1.3717010853352e-07
3534687.059 9.06432720321729e-08
3585728.824 9.10612656600187e-08
3636770.588 9.97334432542244e-08
3687812.353 6.74743181771887e-08
3738854.118 9.06631294972686e-08
3789895.882 8.69855082092e-08
3840937.647 9.78132971417153e-08
3891979.412 6.16006356394348e-08
3943021.176 9.91412614237256e-08
3994062.941 8.30853916497425e-08
4045104.706 7.57838692049667e-08
4096146.471 7.81432816080308e-08
4147188.235 6.01896509147744e-08
4198230 6.03596277194285e-08
4198230 9.39946118109996e-08
4332570.588 8.05801128101171e-08
4466911.176 1.10718733394523e-07
4601251.765 6.71682758651791e-08
4735592.353 9.25951389419774e-08
4869932.941 6.95336405229706e-08
5004273.529 8.72074784070632e-08
5138614.118 7.7916350877364e-08
5272954.706 7.17099275748121e-08
5407295.294 9.05017113705857e-08
5541635.882 7.52189333049499e-08
5675976.471 6.79748395066005e-08
5810317.059 4.5496591236918e-08
5944657.647 6.96485125996299e-08
6078998.235 6.57763061861944e-08
6213338.824 8.0569797979303e-08
6347679.412 9.64771191006448e-08
6482020 4.34364799449955e-08
6616360.588 7.66803482003277e-08
6750701.176 4.8892784667826e-08
6885041.765 6.13459317993916e-08
7019382.353 6.78185974744973e-08
7153722.941 7.12947415670504e-08
7288063.529 7.88453685169446e-08
7422404.118 7.82101197297639e-08
7556744.706 5.40888071216634e-08
7691085.294 6.4770917033925e-08
7825425.882 6.48300500073292e-08
7959766.471 5.54097067579977e-08
8094107.059 7.58929711892478e-08
8228447.647 6.68100896197521e-08
8362788.235 8.44473673432062e-08
8497128.824 5.30723605665633e-08
8631469.412 4.80383274776412e-08
8765810 6.1571616905986e-08
8900150.588 6.0075668917387e-08
9034491.176 4.86935736054934e-08
9168831.765 5.33347967135903e-08
9303172.353 5.60343769559366e-08
9437512.941 6.86759171528419e-08
9571853.529 6.23043581172321e-08
9706194.118 7.53088941717298e-08
9840534.706 6.14830790104229e-08
9974875.294 5.30954328825748e-08
10109215.882 8.41502423808684e-08
10243556.471 6.87738197321975e-08
10377897.059 7.62586784327692e-08
10512237.647 4.84477110222299e-08
10646578.235 6.67047059804329e-08
10780918.824 7.81228316231612e-08
10915259.412 4.44613458276096e-08
11049600 6.21093581059891e-08
11049600 3.53807316383084e-08
11403174.51 6.41397434135724e-08
11756749.02 5.65345797584673e-08
12110323.529 5.24621613337651e-08
12463898.039 5.51596257151198e-08
12817472.549 5.29275050633307e-08
13171047.059 4.33471043749776e-08
13524621.569 3.98869649468708e-08
13878196.078 3.60041911030244e-08
14231770.588 4.7323044226233e-08
14585345.098 6.69031011971613e-08
14938919.608 4.45102675966175e-08
15292494.118 4.20633363780288e-08
15646068.627 5.57184706388115e-08
15999643.137 5.7690181278208e-08
16353217.647 5.28398325045831e-08
16706792.157 6.77702909185493e-08
17060366.667 6.71490306044696e-08
17413941.176 4.84145687278695e-08
17767515.686 4.59676617905893e-08
18121090.196 5.23923025477827e-08
18474664.706 5.51144534140292e-08
18828239.216 6.52802773495556e-08
19181813.725 5.27766488184453e-08
19535388.235 5.39011196080304e-08
19888962.745 6.2324916067264e-08
20242537.255 2.51272824535404e-08
20596111.765 5.45117218161608e-08
20949686.275 6.37136878248426e-08
21303260.784 5.24477072755778e-08
21656835.294 5.98040618428615e-08
22010409.804 6.71944112443982e-08
22363984.314 3.0998213659803e-08
22717558.824 6.38736868488144e-08
23071133.333 3.75237739891219e-08
23424707.843 4.81343245934209e-08
23778282.353 6.34043273554006e-08
24131856.863 4.54420959852778e-08
24485431.373 5.38135268729202e-08
24839005.882 5.20654433140908e-08
25192580.392 4.61197332021587e-08
25546154.902 6.70315896068197e-08
25899729.412 4.87645174619989e-08
26253303.922 5.87121526639511e-08
26606878.431 4.57171152543498e-08
26960452.941 6.54287338670251e-08
27314027.451 4.54823947656849e-08
27667601.961 5.95581710698776e-08
28021176.471 5.31838068081771e-08
28374750.98 6.70220602594787e-08
28728325.49 4.14349446086621e-08
29081900 5.82228859999099e-08
29081900 4.52403310528294e-08
30012498.039 2.67547219478899e-08
30943096.078 5.12960909684695e-08
31873694.118 5.82708322254874e-08
32804292.157 5.84330192518092e-08
33734890.196 2.54951948803593e-08
34665488.235 4.26772591806257e-08
35596086.275 5.8364970988061e-08
36526684.314 5.35456030132456e-08
37457282.353 3.72027670103005e-08
38387880.392 5.72697397882136e-08
39318478.431 5.33800599198849e-08
40249076.471 6.26606713598314e-08
41179674.51 4.29061696535871e-08
42110272.549 6.07979392748759e-08
43040870.588 5.49205257507464e-08
43971468.627 5.4212984296576e-08
44902066.667 6.10422819565062e-08
45832664.706 4.48852616268648e-08
46763262.745 6.37585068490825e-08
47693860.784 5.54897465809847e-08
48624458.824 5.03554364729817e-08
49555056.863 4.14828545950878e-08
50485654.902 3.23934652759781e-08
51416252.941 3.1402132704783e-08
52346850.98 4.11883211196681e-08
53277449.02 2.56625474857038e-08
54208047.059 3.63686825892608e-08
55138645.098 4.62223694844823e-08
56069243.137 2.04294985433686e-08
56999841.176 3.27231855885151e-08
57930439.216 3.24379102118062e-08
58861037.255 3.20951096370646e-08
59791635.294 3.83828604476946e-08
60722233.333 1.56316664875118e-08
61652831.373 3.27029789784218e-08
62583429.412 1.34186367450051e-08
63514027.451 3.29621086363115e-08
64444625.49 2.48778950085312e-08
65375223.529 3.00261953845954e-08
66305821.569 2.58288705954035e-08
67236419.608 1.78505164155214e-08
68167017.647 2.68217341800265e-08
69097615.686 -0
70028213.725 1.31421847843348e-08
70958811.765 1.02915759387229e-08
71889409.804 6.6850137597839e-09
72820007.843 1.22120125749403e-08
73750605.882 1.7436974186045e-08
74681203.922 1.97907091220325e-08
75611801.961 1.00824668993307e-08
76542400 6.20550794015284e-09
76542400 -0
78991686.275 6.09526938534303e-09
81440972.549 1.26341558427423e-08
83890258.824 1.5318441859716e-08
86339545.098 5.80372108330509e-09
88788831.373 3.63000543061577e-09
91238117.647 1.00000153611632e-08
93687403.922 3.00799205095359e-08
96136690.196 6.4656693811382e-08
98585976.471 1.69310942461023e-08
101035262.745 9.95018486590577e-09
103484549.02 -0
105933835.294 -0
108383121.569 7.90375392924147e-09
110832407.843 8.45878168405474e-09
113281694.118 8.66406597349651e-09
115730980.392 1.22560022094585e-08
118180266.667 1.10870326491578e-08
120629552.941 -0
123078839.216 -0
125528125.49 5.08356407715099e-09
127977411.765 -0
130426698.039 8.45888746557724e-10
132875984.314 -0
135325270.588 7.02571743513863e-09
137774556.863 4.86583432085999e-09
140223843.137 7.49116014854842e-09
142673129.412 -0
145122415.686 -0
147571701.961 4.30947908991331e-09
150020988.235 6.98059287580188e-09
152470274.51 -0
154919560.784 8.80419293234772e-10
157368847.059 -0
159818133.333 3.89745741060759e-09
162267419.608 9.39467529709782e-09
164716705.882 -0
167165992.157 -0
169615278.431 -0
172064564.706 7.07111794380379e-09
174513850.98 1.26227237792997e-09
176963137.255 4.98283127856954e-09
179412423.529 -0
181861709.804 3.65552704336872e-09
184310996.078 9.23332618528686e-09
186760282.353 4.11880997817331e-09
189209568.627 8.11516719716754e-09
191658854.902 6.95609397171027e-09
194108141.176 -0
196557427.451 1.03565397619639e-08
199006713.725 1.78277142879927e-09
201456000 6.30960324792098e-09
