101 387.683287052818
104.18 370.486874635335
107.361 293.272821179748
110.541 327.6721763505
113.721 323.740372573838
116.902 300.682827841543
120.082 319.703534830348
123.262 313.751769559061
126.443 302.125674473006
129.623 291.516258212208
132.803 335.310016962174
135.983 355.748021053515
139.164 336.506018733934
142.344 362.212544018269
145.524 481.665823818596
148.705 515.150261782248
151.885 414.905789128046
155.065 317.459965959657
158.246 275.154939919251
161.426 294.784865201421
164.606 372.822440813707
167.787 398.185393718874
170.967 376.238157765207
174.147 298.330688207774
177.328 267.356520369276
180.508 302.203294645584
183.688 311.89979596154
186.868 328.715855981079
190.049 355.202295037873
193.229 311.423537844395
196.409 278.407648543921
199.59 270.794065031751
202.77 263.023121389248
205.95 185.495346201017
209.131 142.980826069159
212.311 174.948528056106
215.491 218.904468244626
218.672 215.718908807934
221.852 218.560267086849
225.032 222.077938889975
228.213 238.94969376537
231.393 282.085797581594
234.573 296.478258038077
237.753 320.239036253554
240.934 311.051695633851
244.114 287.283048826625
247.294 199.993487717154
250.475 188.140016233093
253.655 231.580417122395
256.835 218.718920916879
260.016 224.449561690633
263.196 255.592412945565
264.196 207.619328125039
272.598 229.534881713048
281.001 238.064071895831
289.403 248.15907288944
297.806 274.924869434724
306.208 276.266113140761
314.611 206.172827495036
323.013 189.081194010537
331.415 229.926614842944
339.818 237.046431530362
348.22 227.613525796164
356.623 209.940342093021
365.025 189.708297217722
373.428 177.023971901209
381.83 184.208334011749
390.232 190.782092238565
398.635 238.950843435097
407.037 257.502205981848
415.44 256.08694939189
423.842 229.270100564295
432.245 218.132345942626
440.647 214.273350987652
449.049 222.072806184923
457.452 220.702691296153
465.854 172.450794594091
474.257 150.639144476275
482.659 132.885416944186
491.062 131.396215855443
499.464 152.213463617028
507.867 166.0847368232
516.269 160.410268137799
524.671 145.526018120593
533.074 148.350989067496
541.476 161.963735215404
549.879 172.626664097181
558.281 177.888395934488
566.684 173.7196521457
575.086 168.858080982742
583.488 175.281974520566
591.891 174.59861558724
600.293 156.744658323173
608.696 172.289101064303
617.098 202.475322582771
625.501 191.658351707503
633.903 179.785886875011
642.305 181.662628706965
650.708 192.436189592609
659.11 205.874887776176
667.513 219.44913717149
675.915 209.896751914095
684.318 179.973463809149
692.72 163.155808691601
693.72 126.801847870724
715.867 109.976632545943
738.014 149.15460055201
760.161 131.061164216293
782.307 175.376500294211
804.454 103.902327194494
826.601 127.983690381836
848.748 126.467387594228
870.895 121.461415817984
893.042 148.196927689917
915.189 143.478774184279
937.335 100.369330723551
959.482 141.595788373655
981.629 113.665207276817
1003.776 184.349948069246
1025.923 134.865967729975
1048.07 155.130709408575
1070.217 128.789720589457
1092.364 135.32349723362
1114.51 133.765797873571
1136.657 133.814313802185
1158.804 99.9850586596221
1180.951 166.017145735681
1203.098 147.064401264573
1225.245 137.965945912225
1247.392 121.716080011281
1269.538 164.629874614047
1291.685 152.711445663096
1313.832 133.306013101142
1335.979 107.470398571249
1358.126 83.7789454428472
1380.273 137.928460341497
1402.42 124.829145113841
1424.566 101.558601181505
1446.713 115.783330310879
1468.86 150.119222592515
1491.007 136.75348111817
1513.154 123.107331866677
1535.301 116.623309804648
1557.448 96.0176533271954
1579.595 120.317179668784
1601.741 95.0661123530507
1623.888 106.651427019026
1646.035 103.966530215894
1668.182 116.231720777908
1690.329 121.131918898418
1712.476 87.9435430289611
1734.623 85.3964497982731
1756.769 89.6506753336845
1778.916 138.778258048467
1801.063 104.974946591157
1823.21 92.0788262365534
1824.21 105.485800013746
1882.531 98.3740547125055
1940.853 75.6383049910462
1999.174 99.4602001181364
2057.495 116.234929199376
2115.817 91.2804947128463
2174.138 68.1692658733249
2232.46 82.9531193749724
2290.781 74.9620149703388
2349.102 76.8024469689878
2407.424 99.9139689737845
2465.745 85.0595100872817
2524.066 93.8895547586192
2582.388 118.456879636969
2640.709 99.5342342858082
2699.031 95.0971202161417
2757.352 100.088165623454
2815.673 102.324852132852
2873.995 63.4490742757416
2932.316 58.0916069342825
2990.637 78.230176991965
3048.959 78.109930651591
3107.28 80.1297565857938
3165.602 109.663545565442
3223.923 101.508937857599
3282.244 71.1392262269814
3340.566 77.0542417345039
3398.887 84.4538233734789
3457.208 87.4999446084352
3515.53 69.786241366712
3573.851 87.7696035037321
3632.173 77.0848715878729
3690.494 65.1185558073872
3748.815 79.1385331424287
3807.137 99.9689737324089
3865.458 96.3963854659179
3923.779 71.705118035674
3982.101 70.4702535017112
4040.422 58.9935020901439
4098.744 71.0951076978596
4157.065 101.340125104821
4215.386 85.5711652080688
4273.708 64.6288043971061
4332.029 73.5666636996724
4390.35 75.2240869857454
4448.672 76.0852682071176
4506.993 73.8712957163961
4565.315 82.015230121425
4623.636 76.8019455145559
4681.957 59.4190862724416
4740.279 66.7161062278795
4798.6 75.3019883636132
4799.6 50.9612991779917
4953.131 58.5668457510917
5106.663 67.4217704425644
5260.194 58.7667902485343
5413.725 60.4701824435874
5567.257 47.4619027953355
5720.788 56.3718449832763
5874.32 64.960361799686
6027.851 59.1496789437623
6181.382 52.5915415996112
6334.914 87.6830693392236
6488.445 69.5815147508215
6641.976 49.4229131388756
6795.508 68.3683702385571
6949.039 66.4097105352511
7102.571 61.8247632129974
7256.102 49.4627729371943
7409.633 43.7401188320936
7563.165 38.2142171755732
7716.696 52.5684420013049
7870.227 59.8846793102022
8023.759 42.9928355670428
8177.29 45.4308070972291
8330.822 59.1949198151612
8484.353 62.5263751338567
8637.884 52.1530848830749
8791.416 43.829483600027
8944.947 38.6435236098757
9098.478 53.0828336929196
9252.01 59.0100895182388
9405.541 51.2022973154691
9559.073 39.9420904413198
9712.604 49.7443402617572
9866.135 58.9871549221592
10019.667 51.9084122280948
10173.198 62.127700877091
10326.729 63.1661379548318
10480.261 42.0969698004528
10633.792 31.6467697622147
10787.324 46.2393285494161
10940.855 43.9547827175547
11094.386 38.1003875580888
11247.918 40.6725048091483
11401.449 33.51650241816
11554.98 38.7769408203482
11708.512 43.1495586074678
11862.043 46.9407777257504
12015.575 46.2610294711852
12169.106 47.9063624848783
12322.637 51.3333018876487
12476.169 54.1967046833998
12629.7 38.6254663761886
12630.7 43.9703269114118
13034.822 41.6463419955503
13438.943 45.6906182273352
13843.065 48.07987325179
14247.186 48.2682995445567
14651.308 42.5456339282881
15055.429 40.7563503095991
15459.551 36.232757806839
15863.673 44.6002245342546
16267.794 48.3707472051546
16671.916 47.8687423505962
17076.037 34.544276522967
17480.159 27.1622836864526
17884.28 37.4679663046676
18288.402 39.8847743268547
18692.524 33.8470908581396
19096.645 24.7003519060221
19500.767 18.2511398339533
19904.888 22.8332771473275
20309.01 25.4845820056812
20713.131 28.5576985328581
21117.253 26.8651969751217
21521.375 26.2465183940803
21925.496 27.4740884552658
22329.618 25.467263733184
22733.739 26.5371638017421
23137.861 30.5730671236483
23541.982 31.9117422625685
23946.104 33.2592476797463
24350.225 31.3323842343669
24754.347 20.9570954947352
25158.469 23.0605361025806
25562.59 30.3711679586517
25966.712 31.5145472066989
26370.833 29.3102568390518
26774.955 31.2548101335562
27179.076 27.8516166285939
27583.198 30.0788469191439
27987.32 35.0286238696017
28391.441 28.2821187219661
28795.563 27.6900483687373
29199.684 29.6569652435739
29603.806 29.1664616680344
30007.927 32.510716468205
30412.049 29.9551966045654
30816.171 26.5201696201718
31220.292 27.6327013371383
31624.414 27.1022425329322
32028.535 23.3526431298539
32432.657 22.7698333658974
32836.778 25.1871426056772
33240.9 27.6356183852014
33241.9 30.4444933685726
34305.559 29.2999691179382
35369.218 25.9306538041952
36432.876 24.2197703507755
37496.535 26.1056493112341
38560.194 26.5034208777702
39623.853 23.6409006050271
40687.512 26.2091982793686
41751.171 30.3083986847986
42814.829 34.3563905810933
43878.488 34.5538051646808
44942.147 27.6833504779342
46005.806 24.667690596722
47069.465 21.2450159285559
48133.124 23.3712968546081
49196.782 23.3950984743241
50260.441 21.1848310922843
51324.1 24.811561388458
52387.759 25.7011403448169
53451.418 24.3618787986428
54515.076 20.7940050358943
55578.735 19.9666245284648
56642.394 18.313973143297
57706.053 19.5331799732959
58769.712 20.0848282485607
59833.371 24.2863443144103
60897.029 24.3043797173557
61960.688 21.624916022231
63024.347 18.2988709977739
64088.006 19.4857296987524
65151.665 17.2050993431048
66215.324 17.2573641477097
67278.982 16.6541748220715
68342.641 17.1435683156975
69406.3 17.0768692261213
70469.959 16.6348201848541
71533.618 17.1156740414923
72597.276 20.7413791520291
73660.935 22.14650834622
74724.594 21.2801715009927
75788.253 23.7812373931219
76851.912 21.8472524838861
77915.571 19.4275634240648
78979.229 17.514748913175
80042.888 17.4678045982161
81106.547 21.5740996362777
82170.206 24.7480077807275
83233.865 24.186851616605
84297.524 21.1212183167647
85361.182 18.7123653230088
86424.841 20.301308354257
87488.5 23.2650224611776
87489.5 20.1362874072454
90289.039 17.6062457069344
93088.578 16.9359839143244
95888.118 13.6462651620702
98687.657 12.9634119805697
101487.196 14.8329565583772
104286.735 15.5667196362379
107086.275 19.4373623073776
109885.814 20.9294406368611
112685.353 19.3143564235906
115484.892 15.1088687369928
118284.431 6.08132691107691
121083.971 11.1957013296506
123883.51 16.6547595791207
126683.049 18.4422789060657
129482.588 20.57087594108
132282.127 18.1508416929235
135081.667 10.4799002959392
137881.206 13.0017377105072
140680.745 17.7902423827973
143480.284 17.996294980088
146279.824 19.0493900465833
149079.363 13.9496263570621
151878.902 13.0152777399647
154678.441 13.2176901747503
157477.98 16.826132645506
160277.52 20.3699500932366
163077.059 15.7076331293423
165876.598 10.5249134306455
168676.137 6.35237433915528
171475.676 5.96782648805069
174275.216 9.13684582084402
177074.755 11.9275392493125
179874.294 16.007276726156
182673.833 18.1375779374931
185473.373 18.1403304919825
188272.912 14.6405129868601
191072.451 8.75466273050375
193871.99 10.9169770318124
196671.529 13.9835403721716
199471.069 14.4790578050454
202270.608 16.2423363532911
205070.147 17.4184983048702
207869.686 15.3468754911257
210669.225 13.7749214921193
213468.765 13.1014442292103
216268.304 14.3362987873173
219067.843 15.0808194322949
221867.382 11.9698263553304
224666.922 9.72826701427696
227466.461 10.0877949918724
230266 11.4999891556965
230267 15.8126319957405
237635.294 12.7681340940012
245003.588 14.5881519729294
252371.882 11.6282174185038
259740.176 12.2704656594678
267108.471 15.1233844252036
274476.765 13.6993656694288
281845.059 16.7592153611969
289213.353 14.1099009172505
296581.647 8.23093650308883
303949.941 12.4479215444192
311318.235 13.5777448407105
318686.529 11.7576407711853
326054.824 13.0614558904474
333423.118 11.9730480786035
340791.412 12.1144786333887
348159.706 8.41782684797035
355528 12.7150662322997
362896.294 10.4424087479853
370264.588 11.1081591527632
377632.882 9.90222931679561
385001.176 11.6830557037647
392369.471 10.9358744778312
399737.765 12.6144533911166
407106.059 9.55937831579186
414474.353 10.9392799383449
421842.647 14.0874158210079
429210.941 11.7791493378256
436579.235 8.79930200849727
443947.529 5.96820243134342
451315.824 8.15728192902773
458684.118 11.7693472193056
466052.412 11.8228355003298
473420.706 7.64080380576631
480789 9.01954914789069
488157.294 10.843484594454
495525.588 4.79586876380594
502893.882 15.5216892866915
510262.176 7.78008121127897
517630.471 10.905015771663
524998.765 5.42925890165004
532367.059 8.87242572722296
539735.353 8.67029346504775
547103.647 10.8712221689553
554471.941 4.57093239465014
561840.235 0.697970006909019
569208.529 10.4609666306765
576576.824 7.40294772504586
583945.118 9.05635667528768
591313.412 11.6621237259755
598681.706 7.60864331558625
606050 9.65369857723726
606051 6.71335244648934
625444.118 8.06659675559574
644837.235 6.22953827621128
664230.353 9.97961482618059
683623.471 7.43822356512145
703016.588 6.80708653633626
722409.706 9.46987485132657
741802.824 5.71447242661854
761195.941 6.67319485973869
780589.059 10.1615085980762
799982.176 8.86758954299099
819375.294 9.03614609161781
838768.412 7.54345258774909
858161.529 6.68561508415172
877554.647 9.00457056661017
896947.765 8.08081285483573
916340.882 7.98299972751419
935734 7.90437321134693
955127.118 7.17145700940918
974520.235 7.86180199660464
993913.353 7.75519597736146
1013306.471 5.23860100418743
1032699.588 6.09928346348733
1052092.706 6.96921414213604
1071485.824 7.49695155364461
1090878.941 7.83332387530355
1110272.059 9.16776049891596
1129665.176 6.63653362211115
1149058.294 7.81407336091042
1168451.412 5.67650315012518
1187844.529 5.37161758232641
1207237.647 6.45227112346444
1226630.765 5.73086487647731
1246023.882 5.57301590213978
1265417 7.9792303442881
1284810.118 9.55622687412036
1304203.235 7.3472359443612
1323596.353 7.69574697986247
1342989.471 9.98549858215116
1362382.588 7.62437399181382
1381775.706 4.75253554749066
1401168.824 2.96734847668736
1420561.941 6.85718420869982
1439955.059 7.35606143549008
1459348.176 4.44457795977474
1478741.294 7.87676493009725
1498134.412 5.81649635159937
1517527.529 6.5559745516994
1536920.647 5.17942224761836
1556313.765 5.60194193763572
1575706.882 5.08997919773837
1595100 7.21437603370988
1595100 8.04054703056767
1646141.765 7.93856724676011
1697183.529 8.13336964543381
1748225.294 4.50488404546466
1799267.059 4.95269907416052
1850308.824 6.34342367723416
1901350.588 4.45915046627214
1952392.353 5.84360117364804
2003434.118 5.85404008463398
2054475.882 6.28654830612066
2105517.647 6.03988159736482
2156559.412 4.14733427307365
2207601.176 3.48597493164268
2258642.941 4.27881245470881
2309684.706 4.03048444822575
2360726.471 4.22280469889603
2411768.235 6.00806347136107
2462810 6.8687656824435
2513851.765 4.13870364613511
2564893.529 5.42553587351984
2615935.294 4.05609744768092
2666977.059 4.13229450271997
2718018.824 4.42316418939671
2769060.588 5.97399235796188
2820102.353 4.6904872804652
2871144.118 5.05598399570901
2922185.882 4.14810952022305
2973227.647 5.06459827542704
3024269.412 6.11215153982773
3075311.176 5.80325962675555
3126352.941 5.90633669380846
3177394.706 5.97539005892353
3228436.471 4.37571486390371
3279478.235 4.06890867078259
3330520 6.56733509865281
3381561.765 6.76399691356275
3432603.529 0.812934054667846
3483645.294 4.37752785692083
3534687.059 3.51210382949608
3585728.824 4.16139461028824
3636770.588 5.34390609560668
3687812.353 4.24967617365781
3738854.118 4.40363624458232
3789895.882 5.61826614744299
3840937.647 5.61216593280526
3891979.412 5.04381946347442
3943021.176 5.29685967291319
3994062.941 4.59250118568375
4045104.706 4.478877160863
4096146.471 5.39245413059356
4147188.235 3.59359859009259
4198230 4.65402497250002
4198230 4.33471546747671
4332570.588 4.16005148879848
4466911.176 4.98003145835478
4601251.765 6.00967664990913
4735592.353 4.92909835162925
4869932.941 4.79827449245654
5004273.529 4.89893317415043
5138614.118 4.69169077144713
5272954.706 6.4670647466476
5407295.294 4.34534816584508
5541635.882 3.48421028649756
5675976.471 4.93667441952648
5810317.059 4.58723979758936
5944657.647 3.67505346179599
6078998.235 3.19682229594006
6213338.824 4.81957509902475
6347679.412 3.41068311569869
6482020 5.02591979555009
6616360.588 2.81957775225803
6750701.176 3.23707087626395
6885041.765 5.04957128122116
7019382.353 2.34957325029318
7153722.941 4.56694817424759
7288063.529 6.05224482823032
7422404.118 4.00321468439271
7556744.706 3.54670535172212
7691085.294 5.89224133576981
7825425.882 3.84932075595623
7959766.471 5.32989359960221
8094107.059 2.74476383423205
8228447.647 2.8015659394882
8362788.235 5.0353952265439
8497128.824 4.58703241047722
8631469.412 3.88475956068642
8765810 5.63337256258328
8900150.588 3.64847748509309
9034491.176 3.56963686650107
9168831.765 3.90138550588435
9303172.353 4.94883667223865
9437512.941 3.92716942279466
9571853.529 1.94612074047913
9706194.118 3.18839041002342
9840534.706 5.56174706801769
9974875.294 3.73865246722024
10109215.882 4.93362945003865
10243556.471 3.13014237684238
10377897.059 2.75289105575268
10512237.647 3.710853325207
10646578.235 2.70339469056158
10780918.824 4.7263151330734
10915259.412 4.00816871451972
11049600 2.84213591060623
11049600 3.17467386540838
11403174.51 2.76188536920259
11756749.02 1.9326802523566
12110323.529 3.36688565854596
12463898.039 3.30956382522733
12817472.549 4.21487852441762
13171047.059 3.74750976282419
13524621.569 3.75474484814535
13878196.078 4.30262411709366
14231770.588 2.99211542914485
14585345.098 5.26562315951515
14938919.608 3.54686617878201
15292494.118 4.80496261121507
15646068.627 2.85126709935655
15999643.137 4.30599737718279
16353217.647 5.35969671009963
16706792.157 2.73905722537683
17060366.667 1.77760954375337
17413941.176 2.37693615531823
17767515.686 3.09979309490082
18121090.196 3.58122478037762
18474664.706 4.15341074495677
18828239.216 3.49995057234298
19181813.725 4.80530453467586
19535388.235 3.34821953912936
19888962.745 3.86009504933585
20242537.255 4.30776477026958
20596111.765 3.35778552124234
20949686.275 3.7197256652101
21303260.784 3.09066113106057
21656835.294 2.95958840798547
22010409.804 3.06119316581848
22363984.314 3.70803505166324
22717558.824 4.85745872205889
23071133.333 2.71868491623558
23424707.843 2.47282198211769
23778282.353 1.88644869708947
24131856.863 3.33837576194576
24485431.373 4.76172499658761
24839005.882 1.97354723491668
25192580.392 2.66298429839565
25546154.902 4.32410410333871
25899729.412 5.18076694228576
26253303.922 3.44703549319836
26606878.431 3.16656872417696
26960452.941 4.00694101385695
27314027.451 3.34387047110318
27667601.961 4.44823838663784
28021176.471 1.62600327023673
28374750.98 3.10751573357631
28728325.49 3.94221901968932
29081900 3.16536835972816
29081900 2.08562520159106
30012498.039 3.88507427239444
30943096.078 3.60710312672507
31873694.118 2.49126983980317
32804292.157 4.55541681609876
33734890.196 3.99037812597228
34665488.235 4.87897355644873
35596086.275 3.96518113937966
36526684.314 2.47886076977058
37457282.353 3.20549132132416
38387880.392 3.51036170042283
39318478.431 3.86648858030458
40249076.471 3.46729080544166
41179674.51 3.73772069854707
42110272.549 2.59601774634298
43040870.588 3.0600753919213
43971468.627 4.16018774972646
44902066.667 4.79172909644586
45832664.706 3.72523739205954
46763262.745 NaN
47693860.784 1.87280189418728
48624458.824 4.62448957366583
49555056.863 5.20478057090344
50485654.902 2.8777306531688
51416252.941 3.1645142262924
52346850.98 3.67729867601525
53277449.02 3.48800995814808
54208047.059 2.06549645246205
55138645.098 2.20795112959757
56069243.137 3.64534870141761
56999841.176 3.23818340342537
57930439.216 4.30750805056014
58861037.255 1.8597373575038
59791635.294 3.23213885135729
60722233.333 2.86547352663014
61652831.373 2.91741697822311
62583429.412 1.72868873697378
63514027.451 NaN
64444625.49 4.61397970542905
65375223.529 1.75464696597147
66305821.569 0.783822201306918
67236419.608 3.20647432764593
68167017.647 NaN
69097615.686 6.35707327515388
70028213.725 NaN
70958811.765 NaN
71889409.804 NaN
72820007.843 NaN
73750605.882 1.29372020424299
74681203.922 NaN
75611801.961 2.19138820234951
76542400 NaN
76542400 0.914323765570367
78991686.275 3.41923309256046
81440972.549 3.22529239674225
83890258.824 1.46876647560071
86339545.098 NaN
88788831.373 12.0414543423976
91238117.647 NaN
93687403.922 NaN
96136690.196 20.9839396921073
98585976.471 NaN
101035262.745 NaN
103484549.02 NaN
105933835.294 4.73275876883531
108383121.569 6.23994317594168
110832407.843 NaN
113281694.118 NaN
115730980.392 NaN
118180266.667 0.959180580299953
120629552.941 7.83707925574266
123078839.216 2.26992278859352
125528125.49 NaN
127977411.765 NaN
130426698.039 NaN
132875984.314 NaN
135325270.588 NaN
137774556.863 NaN
140223843.137 7.62753728648305
142673129.412 NaN
145122415.686 NaN
147571701.961 NaN
150020988.235 10.3669605147513
152470274.51 9.35488865884095
154919560.784 NaN
157368847.059 13.0812489197954
159818133.333 10.0644587250826
162267419.608 2.1392037984429
164716705.882 6.51358873816969
167165992.157 11.807102565378
169615278.431 NaN
172064564.706 12.3974135161789
174513850.98 NaN
176963137.255 24.4975060957731
179412423.529 4.72402140249317
181861709.804 NaN
184310996.078 NaN
186760282.353 14.9172938925719
189209568.627 NaN
191658854.902 NaN
194108141.176 10.677388988364
196557427.451 9.82591126190532
199006713.725 17.4251933794889
201456000 14.4055311207708
