101 343.930012560353
104.18 319.444008431643
107.361 362.98967281488
110.541 405.799175927571
113.721 362.372848268597
116.902 311.738390243098
120.082 337.029963179221
123.262 373.788331905624
126.443 399.424271484024
129.623 422.018660196412
132.803 364.246335273736
135.983 309.226486820179
139.164 278.600989487924
142.344 271.093367504694
145.524 267.772216015593
148.705 336.693617949492
151.885 349.825708782808
155.065 372.402681494024
158.246 343.768983112743
161.426 331.849963300657
164.606 350.856729305197
167.787 342.362653808232
170.967 304.281073482385
174.147 246.058300207188
177.328 207.44645417675
180.508 206.947947100444
183.688 258.804554319824
186.868 290.369761778967
190.049 268.792645675189
193.229 210.724870825422
196.409 157.622187350938
199.59 203.358001733048
202.77 252.871576180678
205.95 301.551081245078
209.131 260.842529396226
212.311 277.85207214409
215.491 292.0270866318
218.672 276.228671085569
221.852 271.007621240814
225.032 309.319437432597
228.213 299.382961953629
231.393 293.22914599527
234.573 237.323414833441
237.753 247.884518549835
240.934 308.678092789077
244.114 281.791981839354
247.294 263.698080626361
250.475 244.975878654552
253.655 212.578702124143
256.835 185.407298415965
260.016 215.018107420558
263.196 212.215640842668
264.196 176.61943898132
272.598 167.871323610632
281.001 176.008101424219
289.403 207.775415532204
297.806 220.94546537638
306.208 230.55526350479
314.611 210.873468561786
323.013 203.939947259036
331.415 227.423344804111
339.818 216.631588014059
348.22 205.589477580175
356.623 218.023843890808
365.025 225.739479239771
373.428 231.01526559765
381.83 241.916900774714
390.232 257.836995343499
398.635 240.716685491299
407.037 225.334031674978
415.44 222.102958974464
423.842 249.05669706413
432.245 260.539079879379
440.647 247.695117756768
449.049 223.119013644294
457.452 184.807661911959
465.854 175.211461048094
474.257 194.076718948126
482.659 204.476230460206
491.062 210.931290059325
499.464 214.249960570723
507.867 205.225157268326
516.269 197.658793014069
524.671 184.649696651462
533.074 145.473178985052
541.476 137.849182863482
549.879 142.966354315789
558.281 169.694732637123
566.684 204.514008356644
575.086 226.964479136644
583.488 211.212001923983
591.891 196.734216393742
600.293 174.988367959801
608.696 161.108479813857
617.098 142.602516069233
625.501 154.180328869627
633.903 167.466377514047
642.305 180.97225343735
650.708 195.824528399307
659.11 192.453401887965
667.513 149.737324845048
675.915 135.034611866517
684.318 130.59607298198
692.72 142.239823590911
693.72 201.003357421305
715.867 217.898448693652
738.014 193.652371063866
760.161 143.750615249093
782.307 164.060721631752
804.454 138.602322983448
826.601 177.313319451561
848.748 192.732259050326
870.895 146.643534096653
893.042 131.749982292903
915.189 151.03027334273
937.335 155.982119528754
959.482 164.093336347821
981.629 168.513014681854
1003.776 173.20149137262
1025.923 167.492287282151
1048.07 168.488140353259
1070.217 153.747100030821
1092.364 103.374665023842
1114.51 133.989408982666
1136.657 129.41880008751
1158.804 108.963595614643
1180.951 111.770761133486
1203.098 111.761901714299
1225.245 155.006901844686
1247.392 144.585112238113
1269.538 141.872562452763
1291.685 130.414223069451
1313.832 109.592525931718
1335.979 115.982659827372
1358.126 106.136416481715
1380.273 130.197935521536
1402.42 131.182179959149
1424.566 149.289249944985
1446.713 110.004743678158
1468.86 124.009280722327
1491.007 139.656318062237
1513.154 122.70214180857
1535.301 104.551800710854
1557.448 113.259244836591
1579.595 124.691432449492
1601.741 111.510069146436
1623.888 110.640659267907
1646.035 111.046707816389
1668.182 110.867317779333
1690.329 97.9000837962946
1712.476 136.458928405493
1734.623 107.11816362928
1756.769 91.4235076791092
1778.916 111.191751747532
1801.063 108.021849661614
1823.21 116.288094495552
1824.21 147.119476622826
1882.531 132.793377938105
1940.853 115.477235373581
1999.174 83.7079951699742
2057.495 121.16263043683
2115.817 138.411119830141
2174.138 89.79527558703
2232.46 81.3166576743579
2290.781 79.3317953619091
2349.102 91.1178704630992
2407.424 115.850792971506
2465.745 106.910212177205
2524.066 99.3573558062685
2582.388 82.8412982881828
2640.709 63.0096401552044
2699.031 63.8633302571587
2757.352 75.5005777623349
2815.673 86.8107512225858
2873.995 75.3654484398728
2932.316 81.1136191477784
2990.637 91.5077815807328
3048.959 80.2424388750515
3107.28 86.0882604277246
3165.602 91.5821381328315
3223.923 76.4277357825039
3282.244 89.5963670683995
3340.566 96.751362390985
3398.887 82.0644121308353
3457.208 66.9300125445936
3515.53 56.0584400204016
3573.851 69.3217411199061
3632.173 71.6493917965961
3690.494 82.3062372340639
3748.815 77.4237777439513
3807.137 66.8749559958901
3865.458 85.5339892249593
3923.779 77.0413967499425
3982.101 78.6744013265981
4040.422 68.1248025864602
4098.744 73.1243296648424
4157.065 78.9095895471133
4215.386 72.4393856958887
4273.708 71.7767685200597
4332.029 64.9111132975269
4390.35 73.2766933973117
4448.672 74.5022847859211
4506.993 48.2103152920761
4565.315 53.888759776657
4623.636 75.3343972775761
4681.957 67.324567931927
4740.279 62.5983545244023
4798.6 76.6184150166927
4799.6 47.3291305032962
4953.131 52.3920050809342
5106.663 63.0609301849509
5260.194 75.5340645436132
5413.725 50.471299274789
5567.257 58.78006637116
5720.788 72.5860060207073
5874.32 74.9557114408486
6027.851 62.3436417288029
6181.382 52.706432751706
6334.914 55.244294861771
6488.445 53.9994282199035
6641.976 58.979086192971
6795.508 65.2410461011767
6949.039 65.0716983309111
7102.571 69.4733246353137
7256.102 60.7766356910732
7409.633 66.8648697783613
7563.165 67.9172291592517
7716.696 59.5687333597244
7870.227 65.0688850679345
8023.759 62.61661519512
8177.29 63.6324845508274
8330.822 65.1208227080382
8484.353 67.0251823679005
8637.884 62.8705480248671
8791.416 52.0306738128897
8944.947 44.5021177754675
9098.478 54.0385099075205
9252.01 55.9525703883696
9405.541 52.9802281776473
9559.073 39.6718687666208
9712.604 45.8195909782223
9866.135 61.9420409390561
10019.667 67.9299544850415
10173.198 48.6679876370678
10326.729 47.7309365301177
10480.261 49.928957552522
10633.792 51.1491287951275
10787.324 58.502867363857
10940.855 55.4252820819127
11094.386 51.3813255844631
11247.918 48.4304180810408
11401.449 40.7118850785594
11554.98 39.1543950564333
11708.512 36.3477498981607
11862.043 38.0207605888191
12015.575 39.909816762438
12169.106 44.2417407550116
12322.637 43.465996073856
12476.169 46.543075158907
12629.7 56.4636267204011
12630.7 60.6439121216674
13034.822 50.3232117927015
13438.943 38.5237628734985
13843.065 43.8376871841215
14247.186 47.5971003007905
14651.308 45.8923045117776
15055.429 35.0167833257962
15459.551 34.5649213848973
15863.673 42.7522466111238
16267.794 38.6275671742001
16671.916 41.8793798941482
17076.037 44.3236520005568
17480.159 45.5595579093142
17884.28 34.5638681511806
18288.402 34.2349850690965
18692.524 36.1868028112495
19096.645 39.1684317548081
19500.767 36.3149324626437
19904.888 27.5765401582033
20309.01 34.9082433827701
20713.131 33.604339060175
21117.253 31.250458404543
21521.375 35.9750793552586
21925.496 44.0022762632527
22329.618 43.4531866783657
22733.739 39.1462583965999
23137.861 36.7801450460372
23541.982 31.9862658669012
23946.104 39.0259378845398
24350.225 43.3447944291432
24754.347 42.1059440877877
25158.469 36.6736679698145
25562.59 36.253890749745
25966.712 35.0592904254105
26370.833 32.9314540384222
26774.955 29.2735024228097
27179.076 25.9289323755158
27583.198 31.4285765941352
27987.32 32.4553583427812
28391.441 28.9380055162925
28795.563 31.9934823484859
29199.684 32.4998708207346
29603.806 25.8630142135839
30007.927 19.0515546448862
30412.049 22.9493489944664
30816.171 28.8312090279113
31220.292 32.2994428762612
31624.414 32.3440882749772
32028.535 28.7083332137786
32432.657 30.1981696921629
32836.778 32.3568115950268
33240.9 31.8811313445432
33241.9 33.8321173906378
34305.559 27.2349250756675
35369.218 20.4110565721623
36432.876 16.9286321694004
37496.535 24.368635398971
38560.194 30.1118456139637
39623.853 28.0035460347982
40687.512 25.9067346118213
41751.171 26.5285319544713
42814.829 29.650705627495
43878.488 31.7107243397624
44942.147 28.8651809728468
46005.806 26.9870123416595
47069.465 24.8285977952162
48133.124 21.3409602191362
49196.782 20.1848726568864
50260.441 20.1827575498259
51324.1 18.4393765872585
52387.759 17.916311096648
53451.418 18.6882161192093
54515.076 22.9217522422068
55578.735 21.9052435572217
56642.394 23.5599032414052
57706.053 24.65818523641
58769.712 23.273587303286
59833.371 21.0163948958209
60897.029 19.637089322594
61960.688 19.9096277149307
63024.347 23.7978550742827
64088.006 26.2288851488757
65151.665 21.8757677060794
66215.324 20.0058865859157
67278.982 19.5924686534521
68342.641 21.6989695550949
69406.3 21.8298067621505
70469.959 19.7767473569301
71533.618 16.4753004220565
72597.276 15.9322914314299
73660.935 15.4315845737135
74724.594 16.3676651674493
75788.253 16.9429079656592
76851.912 16.0553000220339
77915.571 15.9500220792514
78979.229 17.9092781618229
80042.888 19.0259508617802
81106.547 19.7030007452921
82170.206 19.2328798365557
83233.865 14.9956291072576
84297.524 13.4206700312234
85361.182 15.6873028739613
86424.841 18.2072127485513
87488.5 19.4590059602108
87489.5 21.5375675150287
90289.039 20.9413879181425
93088.578 16.6420902651353
95888.118 13.7635438218776
98687.657 14.7380883546415
101487.196 15.6772735317538
104286.735 15.7302194754901
107086.275 13.403246346438
109885.814 12.4144679541799
112685.353 15.7995067362341
115484.892 17.3810423849116
118284.431 18.4630165673182
121083.971 18.5080415703075
123883.51 16.4166063854331
126683.049 13.5946534818127
129482.588 13.640357005563
132282.127 15.764883176942
135081.667 17.631398142986
137881.206 17.0745696582712
140680.745 15.504780360608
143480.284 15.8279854480337
146279.824 16.1546586225175
149079.363 13.4469909816907
151878.902 12.9205448475324
154678.441 15.3714882103004
157477.98 16.1972939329026
160277.52 16.5069570621277
163077.059 14.3738460098057
165876.598 12.5580952679203
168676.137 12.2369618422093
171475.676 12.9530449489394
174275.216 13.7781315292622
177074.755 14.4291503387033
179874.294 16.2382768919695
182673.833 16.3353371112967
185473.373 15.4036406596009
188272.912 13.2962667473825
191072.451 12.0141110646768
193871.99 13.0896898356262
196671.529 13.8569995451071
199471.069 14.2419592634208
202270.608 14.2024344457435
205070.147 12.7367971441264
207869.686 12.3539195058951
210669.225 12.6151177784025
213468.765 12.4740032738861
216268.304 10.6154283939545
219067.843 8.94409740217532
221867.382 9.11682831022939
224666.922 9.96577426532299
227466.461 10.9237540882463
230266 13.0726264669722
230267 13.253281343215
237635.294 11.4113021502917
245003.588 13.6647088213466
252371.882 12.1186857498727
259740.176 13.9504742471624
267108.471 10.1209447975036
274476.765 9.88841543780303
281845.059 7.38025233338691
289213.353 7.59533323535562
296581.647 9.67147438693295
303949.941 12.6084880899077
311318.235 8.05881319694226
318686.529 8.92492386191227
326054.824 10.0365425780955
333423.118 8.99512324653063
340791.412 11.2680533975533
348159.706 7.70142109427181
355528 8.15984171185735
362896.294 8.3658636786081
370264.588 9.14077198413796
377632.882 8.77813277243759
385001.176 9.74779715919472
392369.471 9.77685220771468
399737.765 10.5611713707363
407106.059 7.02712616862905
414474.353 11.0119080717328
421842.647 10.276111011243
429210.941 9.62627361463741
436579.235 7.91595269389611
443947.529 6.89906173461245
451315.824 8.16203764637292
458684.118 8.66226872359896
466052.412 6.64057572049313
473420.706 8.12281233194608
480789 6.58682128104648
488157.294 8.73380892575615
495525.588 7.34190502012975
502893.882 8.79478193149119
510262.176 8.21444871338923
517630.471 8.93612309456347
524998.765 9.59186703767902
532367.059 8.18204817607184
539735.353 7.86619580596385
547103.647 7.14086767277341
554471.941 8.18303920023014
561840.235 6.4760763112509
569208.529 7.44344303813604
576576.824 8.28851343440071
583945.118 8.2973954595679
591313.412 7.91047408375822
598681.706 7.74780246480779
606050 8.15269143163284
606051 7.0610857533109
625444.118 8.61878960873662
644837.235 8.66492561628774
664230.353 8.10341521148339
683623.471 6.51462035478948
703016.588 8.60898680955108
722409.706 6.98158951198831
741802.824 9.38030531272622
761195.941 7.19180998170638
780589.059 8.12218175879516
799982.176 5.94004455360487
819375.294 5.48179669132092
838768.412 9.16313091379339
858161.529 7.86159198324855
877554.647 6.17180009177086
896947.765 6.85382456316335
916340.882 5.84703290806667
935734 7.0209143904456
955127.118 7.20521278422176
974520.235 5.06545422177384
993913.353 5.80664607975089
1013306.471 5.73856082935775
1032699.588 6.36194954978015
1052092.706 5.80428027741869
1071485.824 5.03940190577904
1090878.941 4.70897051230832
1110272.059 6.62571834542702
1129665.176 5.93240691590745
1149058.294 6.7052118081774
1168451.412 5.79124117677501
1187844.529 6.84985319451977
1207237.647 4.19325025563795
1226630.765 5.9711388331098
1246023.882 5.70828575240127
1265417 3.91251970449329
1284810.118 5.99566517015559
1304203.235 5.98558394538347
1323596.353 4.43754102906949
1342989.471 5.12786896290695
1362382.588 7.81769643046309
1381775.706 4.10731672668759
1401168.824 5.43247978478044
1420561.941 5.37199441642236
1439955.059 4.77537296545326
1459348.176 4.65085008031021
1478741.294 5.12206927261132
1498134.412 5.19565115578633
1517527.529 4.96649211114371
1536920.647 6.76259798941449
1556313.765 4.99022016102188
1575706.882 3.57239718748505
1595100 4.97982886948048
1595100 6.33062969044923
1646141.765 5.32973167102197
1697183.529 4.63923434488333
1748225.294 6.48328389675306
1799267.059 4.50510201071317
1850308.824 4.34188648029368
1901350.588 4.53476104779635
1952392.353 5.48434407045023
2003434.118 5.17499805472696
2054475.882 3.82152900024204
2105517.647 3.55140456059078
2156559.412 5.30441912927692
2207601.176 3.61961098345863
2258642.941 3.57205734717544
2309684.706 4.88559649904634
2360726.471 4.87403703805614
2411768.235 5.74085199884899
2462810 3.83484640145743
2513851.765 4.53396388141782
2564893.529 4.62388145610854
2615935.294 4.23504206706416
2666977.059 3.75559651056581
2718018.824 4.13432484308815
2769060.588 3.41870194849449
2820102.353 3.54422893669376
2871144.118 4.86557675705468
2922185.882 3.8847533093011
2973227.647 3.88582459886052
3024269.412 4.0919193520995
3075311.176 4.33241286798558
3126352.941 3.37895278933865
3177394.706 3.15432872794747
3228436.471 3.5080773238444
3279478.235 3.83060699674726
3330520 3.14098978412319
3381561.765 1.69062190448887
3432603.529 3.22701776816658
3483645.294 3.78572533522703
3534687.059 3.71838279360873
3585728.824 2.37199757816451
3636770.588 3.65927480222699
3687812.353 2.98874576499193
3738854.118 4.83008847502935
3789895.882 4.81785241345215
3840937.647 2.58080410044006
3891979.412 4.09393320985138
3943021.176 4.09019697831614
3994062.941 3.63793242498647
4045104.706 3.28974448740585
4096146.471 3.62913707355486
4147188.235 3.73476533028385
4198230 4.25004590049846
4198230 3.13327643017202
4332570.588 2.95217320623695
4466911.176 2.92577297179663
4601251.765 3.39999172120786
4735592.353 4.32459844569398
4869932.941 1.88314487279148
5004273.529 2.25840367990647
5138614.118 2.92602929221905
5272954.706 2.9139155507735
5407295.294 2.6196366961657
5541635.882 3.76226718056701
5675976.471 4.11328899933382
5810317.059 3.39341856924264
5944657.647 3.37306077391214
6078998.235 2.48944519429206
6213338.824 2.88489395870455
6347679.412 3.29042873034654
6482020 2.59338833026882
6616360.588 2.93754859288515
6750701.176 3.74820380800918
6885041.765 2.27325700335711
7019382.353 2.84032620995489
7153722.941 2.0217795158518
7288063.529 3.05982885815927
7422404.118 2.64524445804978
7556744.706 2.74600756709562
7691085.294 3.73673017011381
7825425.882 2.28872858166423
7959766.471 1.76860524614883
8094107.059 2.35046101838456
8228447.647 2.32683207492908
8362788.235 2.54145311973253
8497128.824 3.09994208731394
8631469.412 2.72836290659829
8765810 2.87277432119317
8900150.588 2.66533135296846
9034491.176 2.70343519225831
9168831.765 2.47234126075962
9303172.353 3.04940663629932
9437512.941 1.86830692147484
9571853.529 3.21148130583894
9706194.118 2.26333607521212
9840534.706 2.49569407917584
9974875.294 3.29166720347657
10109215.882 2.02975021526937
10243556.471 2.87281749418172
10377897.059 2.11508346486998
10512237.647 2.29824223949124
10646578.235 1.96805258899254
10780918.824 2.27905162546375
10915259.412 2.29530624139735
11049600 2.42009121124426
11049600 2.68508011548187
11403174.51 2.54118393132904
11756749.02 2.39649295601579
12110323.529 2.26549735912249
12463898.039 3.560570124063
12817472.549 2.27531644091288
13171047.059 2.36207712496342
13524621.569 2.10179782341268
13878196.078 2.75201638855514
14231770.588 0.948692398104919
14585345.098 2.48331351273318
14938919.608 2.56370707648318
15292494.118 2.01607977068793
15646068.627 2.43570174443704
15999643.137 2.52636340080338
16353217.647 1.82260497478938
16706792.157 2.08646358925983
17060366.667 2.35428122328172
17413941.176 2.33024749548301
17767515.686 3.15767811403023
18121090.196 1.82965117999398
18474664.706 2.28541142872829
18828239.216 3.06173016803185
19181813.725 1.94184799824678
19535388.235 1.85478995230574
19888962.745 2.16780192830594
20242537.255 2.46513779204133
20596111.765 1.81646200439111
20949686.275 1.95641267650527
21303260.784 2.59072843133139
21656835.294 2.17953811468938
22010409.804 1.63958914686636
22363984.314 2.09094361013608
22717558.824 2.5355395513729
23071133.333 2.04231766174602
23424707.843 2.25702024752665
23778282.353 2.20241085729355
24131856.863 2.07809504309083
24485431.373 1.64026100211237
24839005.882 2.4599896566907
25192580.392 2.20881512394718
25546154.902 1.91582422474004
25899729.412 1.84120031721815
26253303.922 1.9234654481978
26606878.431 2.14819733342118
26960452.941 1.67528438492801
27314027.451 2.12457954783022
27667601.961 1.2071902494855
28021176.471 2.3739625427252
28374750.98 2.05143932131544
28728325.49 1.66373050934833
29081900 2.68442515688571
29081900 1.45157274679042
30012498.039 1.18238423698623
30943096.078 2.13227426853964
31873694.118 2.08497658706982
32804292.157 2.26371538959243
33734890.196 2.8380998361516
34665488.235 2.55549419423969
35596086.275 1.66819412433206
36526684.314 2.17778488743549
37457282.353 1.42251772200109
38387880.392 2.03389665217968
39318478.431 2.23448502353099
40249076.471 2.50661477949465
41179674.51 2.01234028079097
42110272.549 2.10817390801876
43040870.588 1.37147806410142
43971468.627 1.5320535718793
44902066.667 2.44003307501592
45832664.706 1.18335906284193
46763262.745 2.1172585809789
47693860.784 1.69358543857725
48624458.824 1.90405136958061
49555056.863 1.7556036172937
50485654.902 1.96191029107019
51416252.941 1.26029631277874
52346850.98 1.68862199456834
53277449.02 2.03184056575747
54208047.059 1.63818764169038
55138645.098 1.42160610675888
56069243.137 2.25721948099787
56999841.176 1.87731527366436
57930439.216 1.54581314381689
58861037.255 2.23384350044006
59791635.294 2.04346771512555
60722233.333 2.52147195227494
61652831.373 2.18843376369682
62583429.412 1.19677263995324
63514027.451 1.86366857494361
64444625.49 1.47016750276802
65375223.529 1.88317652814963
66305821.569 1.59581860548798
67236419.608 2.03967953922901
68167017.647 1.58564738223302
69097615.686 1.54944528172661
70028213.725 1.58954450145207
70958811.765 1.8261033959422
71889409.804 1.95785290236742
72820007.843 1.2660942480779
73750605.882 1.18025801935044
74681203.922 0.78075856995106
75611801.961 2.11725190274566
76542400 1.77024339573816
76542400 1.83929233686076
78991686.275 1.4026591262259
81440972.549 2.48971764271799
83890258.824 1.55768327434563
86339545.098 1.17330131402816
88788831.373 1.19330121759614
91238117.647 1.79722347691041
93687403.922 5.59855351127184
96136690.196 17.3382321409506
98585976.471 3.07500601165776
101035262.745 1.61091786775231
103484549.02 NaN
105933835.294 NaN
108383121.569 1.75397860115879
110832407.843 2.05413944853194
113281694.118 1.7115281949337
115730980.392 NaN
118180266.667 1.06148448882768
120629552.941 NaN
123078839.216 1.93607481537949
125528125.49 2.96716339394116
127977411.765 2.2795450550862
130426698.039 NaN
132875984.314 2.71343682273712
135325270.588 NaN
137774556.863 NaN
140223843.137 0.714615518739289
142673129.412 2.76058888416262
145122415.686 2.06070123401105
147571701.961 NaN
150020988.235 3.69012513321179
152470274.51 2.30024903624321
154919560.784 3.38753263692236
157368847.059 2.87568889819115
159818133.333 NaN
162267419.608 2.52293191281705
164716705.882 3.01720683277949
167165992.157 1.71633399877468
169615278.431 NaN
172064564.706 NaN
174513850.98 1.98740339382705
176963137.255 NaN
179412423.529 2.84492148439648
181861709.804 4.00558202610688
184310996.078 3.5201275081598
186760282.353 2.82163318700115
189209568.627 2.02261801299946
191658854.902 2.5472285973012
194108141.176 2.30079865429669
196557427.451 2.90768990523584
199006713.725 0.908012788285582
201456000 1.17537827268873
