101 1.36814406762184e-07
104.18 1.05640129989215e-07
107.361 8.3526979775246e-08
110.541 7.30717069443633e-08
113.721 6.98009036423591e-08
116.902 5.93578881044327e-08
120.082 7.76521582355273e-08
123.262 8.03598293532431e-08
126.443 7.87166458174836e-08
129.623 7.56539105016887e-08
132.803 8.93757408177814e-08
135.983 8.23384326516259e-08
139.164 8.01187579780538e-08
142.344 6.90355183380766e-08
145.524 1.1868231452822e-07
148.705 1.32201461881482e-07
151.885 1.20026714537185e-07
155.065 1.16300289296838e-07
158.246 8.74725904868913e-08
161.426 7.90322042381024e-08
164.606 8.92366063923308e-08
167.787 9.58691944236328e-08
170.967 9.87438959527497e-08
174.147 9.7085675616319e-08
177.328 1.00637954325388e-07
180.508 9.41828958374594e-08
183.688 8.04808312061575e-08
186.868 7.21728681919086e-08
190.049 6.80963870577367e-08
193.229 7.28892625415986e-08
196.409 7.07345897902706e-08
199.59 7.28054416724526e-08
202.77 7.46960011708234e-08
205.95 6.56798002607837e-08
209.131 6.02822705640455e-08
212.311 6.95408069174017e-08
215.491 7.42830185741906e-08
218.672 7.9160103168468e-08
221.852 7.30679218465669e-08
225.032 5.77354303351043e-08
228.213 5.0161633791956e-08
231.393 5.05790472473095e-08
234.573 5.590829719248e-08
237.753 7.81455800221691e-08
240.934 8.07881113897878e-08
244.114 6.86874883645517e-08
247.294 6.68746684173798e-08
250.475 6.77130008696223e-08
253.655 6.65005699639805e-08
256.835 6.2187317538197e-08
260.016 6.28655307226702e-08
263.196 6.90279190784393e-08
264.196 6.00941402151714e-08
272.598 6.0858871493756e-08
281.001 6.11154022460137e-08
289.403 5.42038123602048e-08
297.806 4.81414057372121e-08
306.208 4.43131521250101e-08
314.611 5.23719587580555e-08
323.013 5.53560798006757e-08
331.415 4.96631436830181e-08
339.818 4.96834381386035e-08
348.22 5.0977110393506e-08
356.623 6.37600640896637e-08
365.025 7.05566009553159e-08
373.428 7.27387535025131e-08
381.83 7.07955361450986e-08
390.232 7.32085808959863e-08
398.635 7.44353556904025e-08
407.037 7.30501948095351e-08
415.44 7.0569756453657e-08
423.842 6.06622346992481e-08
432.245 5.54230001991984e-08
440.647 5.62160582956698e-08
449.049 5.60782168272854e-08
457.452 5.32794014131856e-08
465.854 4.97080528779714e-08
474.257 5.40692205718274e-08
482.659 5.89094183018087e-08
491.062 5.47482025720137e-08
499.464 5.17945733768253e-08
507.867 4.89938902320553e-08
516.269 5.02772771798527e-08
524.671 4.97321307430224e-08
533.074 4.19026817343217e-08
541.476 4.0734602629897e-08
549.879 3.91151832823215e-08
558.281 4.23158502426169e-08
566.684 4.37983603277993e-08
575.086 4.18251467823224e-08
583.488 4.26797895434868e-08
591.891 4.17375399863286e-08
600.293 2.98817343959578e-08
608.696 2.97940667195347e-08
617.098 4.42338678665218e-08
625.501 4.89983493630553e-08
633.903 4.72991296821446e-08
642.305 3.76062699004185e-08
650.708 3.64604853879729e-08
659.11 3.61116065162673e-08
667.513 3.14949572267722e-08
675.915 3.21399578603228e-08
684.318 3.90971559107819e-08
692.72 3.78775747061421e-08
693.72 4.30139754147908e-08
715.867 2.51021624885592e-08
738.014 3.76538521227718e-08
760.161 5.02608246770053e-08
782.307 3.71677082551089e-08
804.454 3.42470912685074e-08
826.601 2.98429742077787e-08
848.748 3.37891474344389e-08
870.895 3.56555051360703e-08
893.042 3.48575063339085e-08
915.189 3.24096569860103e-08
937.335 3.36981366912667e-08
959.482 3.12118347345192e-08
981.629 3.1706757443809e-08
1003.776 2.92325672595128e-08
1025.923 2.15265013650185e-08
1048.07 1.89961709655525e-08
1070.217 1.67934397734668e-08
1092.364 2.53021888572379e-08
1114.51 2.19494986339712e-08
1136.657 2.45831790085424e-08
1158.804 3.44687489894922e-08
1180.951 2.3623423331566e-08
1203.098 2.47567435996768e-08
1225.245 3.01767635223378e-08
1247.392 3.37275431914899e-08
1269.538 3.12238734818993e-08
1291.685 2.75977581889805e-08
1313.832 2.27414679958883e-08
1335.979 2.4813557731861e-08
1358.126 2.43481057736524e-08
1380.273 2.58690238483027e-08
1402.42 2.82225403763915e-08
1424.566 3.5686787467345e-08
1446.713 2.83996324505532e-08
1468.86 3.47642097368197e-08
1491.007 2.88604760238989e-08
1513.154 2.41934476639907e-08
1535.301 2.40270556492849e-08
1557.448 1.80373148802819e-08
1579.595 2.60367919941383e-08
1601.741 1.69707894078528e-08
1623.888 2.51001471070111e-08
1646.035 2.34988519188217e-08
1668.182 2.97182097711856e-08
1690.329 3.38759003364061e-08
1712.476 2.41499660020546e-08
1734.623 2.58984687386955e-08
1756.769 2.32244348430955e-08
1778.916 1.91684986220708e-08
1801.063 1.86949804312566e-08
1823.21 2.41481617370704e-08
1824.21 1.87133110947995e-08
1882.531 2.05243087819194e-08
1940.853 2.27331748164219e-08
1999.174 2.57465981860074e-08
2057.495 2.47897987243973e-08
2115.817 1.99403594036028e-08
2174.138 1.96101277613542e-08
2232.46 2.38241863087736e-08
2290.781 2.08723719387077e-08
2349.102 2.20223887149621e-08
2407.424 1.67570710008204e-08
2465.745 2.49507581774299e-08
2524.066 2.48812522555446e-08
2582.388 1.9215458119994e-08
2640.709 1.52915754585476e-08
2699.031 1.72855530553205e-08
2757.352 1.71140899259976e-08
2815.673 2.15795092218041e-08
2873.995 1.70995874773089e-08
2932.316 1.83347505779918e-08
2990.637 2.36649125896687e-08
3048.959 1.81182389844261e-08
3107.28 1.30459904537737e-08
3165.602 2.09071630275824e-08
3223.923 2.37402134755945e-08
3282.244 2.07854834499121e-08
3340.566 1.26833569119276e-08
3398.887 1.36904180565538e-08
3457.208 2.02442597191447e-08
3515.53 1.91111672938864e-08
3573.851 1.64824883323344e-08
3632.173 1.59681145403848e-08
3690.494 1.6050895179773e-08
3748.815 2.14323794011065e-08
3807.137 1.66049285969387e-08
3865.458 1.36389564199086e-08
3923.779 1.34611651486642e-08
3982.101 1.3315189199301e-08
4040.422 1.61687064384688e-08
4098.744 1.495625115198e-08
4157.065 1.4290811509189e-08
4215.386 1.19232488534392e-08
4273.708 1.48576692378047e-08
4332.029 1.98066383665551e-08
4390.35 1.89488373022627e-08
4448.672 1.56836313897914e-08
4506.993 2.00358189367593e-08
4565.315 1.78190902280687e-08
4623.636 1.47326797059965e-08
4681.957 1.0963873774519e-08
4740.279 1.11663242369134e-08
4798.6 1.77085792108531e-08
4799.6 1.46889644465767e-08
4953.131 1.33726116002305e-08
5106.663 1.25642216414586e-08
5260.194 1.26207727942462e-08
5413.725 1.40225521579238e-08
5567.257 1.3655709323458e-08
5720.788 1.18587983189308e-08
5874.32 1.2193600398747e-08
6027.851 1.18033585547858e-08
6181.382 1.20462919069509e-08
6334.914 1.16884234692703e-08
6488.445 1.24475643320029e-08
6641.976 9.41027841535492e-09
6795.508 1.08978118581447e-08
6949.039 1.01596524847088e-08
7102.571 9.92160381438216e-09
7256.102 1.19663519125574e-08
7409.633 1.33309125861662e-08
7563.165 1.32306476855284e-08
7716.696 1.18915239690564e-08
7870.227 1.18599786798535e-08
8023.759 1.02900207911565e-08
8177.29 6.54411895318981e-09
8330.822 9.75393676829714e-09
8484.353 1.10581416259525e-08
8637.884 1.1730311510224e-08
8791.416 1.40725299819257e-08
8944.947 1.57378041376838e-08
9098.478 1.39516548908593e-08
9252.01 1.00180071421928e-08
9405.541 1.34662194797059e-08
9559.073 1.3723563932553e-08
9712.604 1.31653603057e-08
9866.135 1.07208280986198e-08
10019.667 8.48026358293436e-09
10173.198 9.26476482227176e-09
10326.729 9.74022601953867e-09
10480.261 9.63744170534948e-09
10633.792 1.34495448256823e-08
10787.324 1.44461771981914e-08
10940.855 1.41817478102627e-08
11094.386 1.23336315831205e-08
11247.918 1.18400065505531e-08
11401.449 1.30826485671008e-08
11554.98 1.02516532857313e-08
11708.512 8.65473105855817e-09
11862.043 9.76878465624112e-09
12015.575 8.58929559218409e-09
12169.106 1.31161753049727e-08
12322.637 1.17652256346172e-08
12476.169 9.87698765523079e-09
12629.7 1.06212689561739e-08
12630.7 8.72524808912553e-09
13034.822 7.6744894808208e-09
13438.943 7.52889546393785e-09
13843.065 8.44104358566606e-09
14247.186 9.56270534265774e-09
14651.308 9.25085050024096e-09
15055.429 9.1579613103803e-09
15459.551 8.33675655105059e-09
15863.673 6.16869076910849e-09
16267.794 8.38602416995905e-09
16671.916 8.85770978233463e-09
17076.037 9.00642155189102e-09
17480.159 8.82124074229129e-09
17884.28 7.23728505201707e-09
18288.402 7.40386342630225e-09
18692.524 5.52692825942542e-09
19096.645 4.4446764904382e-09
19500.767 6.11576394867119e-09
19904.888 6.67103890676161e-09
20309.01 6.73002480914682e-09
20713.131 7.48460693341797e-09
21117.253 5.76931992211908e-09
21521.375 3.97105082780669e-09
21925.496 4.56104969084791e-09
22329.618 5.85931318043865e-09
22733.739 7.75476642953428e-09
23137.861 9.00576438188156e-09
23541.982 9.54770505952251e-09
23946.104 1.08137060291339e-08
24350.225 1.00126311472907e-08
24754.347 9.05701506179832e-09
25158.469 7.33351032247819e-09
25562.59 6.85648995566277e-09
25966.712 7.28489023366733e-09
26370.833 6.94402862038358e-09
26774.955 6.64114814592034e-09
27179.076 8.58636390574186e-09
27583.198 8.63567482613916e-09
27987.32 8.70175651072116e-09
28391.441 9.26674074654594e-09
28795.563 8.04895448859653e-09
29199.684 6.80967533152409e-09
29603.806 5.39526671802743e-09
30007.927 5.20489674120114e-09
30412.049 5.34636890890772e-09
30816.171 6.47512353989471e-09
31220.292 7.15845259926626e-09
31624.414 7.0042063524791e-09
32028.535 6.19430492656159e-09
32432.657 5.95552196619845e-09
32836.778 6.54638565066049e-09
33240.9 7.06389052426932e-09
33241.9 4.97452139126181e-09
34305.559 5.36452277139468e-09
35369.218 5.65086058090065e-09
36432.876 6.49670665935981e-09
37496.535 6.1853976365592e-09
38560.194 5.85186254358944e-09
39623.853 4.91435875725e-09
40687.512 5.15349632622714e-09
41751.171 5.45135493012748e-09
42814.829 5.3953148833029e-09
43878.488 4.97540319660259e-09
44942.147 5.05513804336427e-09
46005.806 6.11662933079039e-09
47069.465 6.49979232227633e-09
48133.124 5.33875659568061e-09
49196.782 4.81869966832029e-09
50260.441 5.13859339786175e-09
51324.1 5.0606774138536e-09
52387.759 5.14725705649156e-09
53451.418 5.65785161387785e-09
54515.076 6.7011317149685e-09
55578.735 7.67431737227102e-09
56642.394 7.20857079875083e-09
57706.053 5.61467572189593e-09
58769.712 4.14876156159134e-09
59833.371 4.86728746558943e-09
60897.029 4.88501447388657e-09
61960.688 4.24071566581132e-09
63024.347 3.69258489511515e-09
64088.006 3.6454551016235e-09
65151.665 3.32868696868554e-09
66215.324 3.08158410649099e-09
67278.982 2.78176726428521e-09
68342.641 3.65881751538586e-09
69406.3 4.10324449892457e-09
70469.959 4.26852851854438e-09
71533.618 4.27264991543812e-09
72597.276 4.15296019322735e-09
73660.935 4.45576143011367e-09
74724.594 3.86235982390823e-09
75788.253 4.06197357253022e-09
76851.912 4.60804798791881e-09
77915.571 4.41600152766173e-09
78979.229 4.26417764223806e-09
80042.888 4.24184221568957e-09
81106.547 3.74372341815322e-09
82170.206 3.54584074126141e-09
83233.865 4.62463469699342e-09
84297.524 4.38202972825535e-09
85361.182 3.67185052403368e-09
86424.841 2.95103011630777e-09
87488.5 3.24354770372493e-09
87489.5 4.30619781963752e-09
90289.039 4.32673566813923e-09
93088.578 3.90967054663905e-09
95888.118 3.44908509695758e-09
98687.657 3.80840031000453e-09
101487.196 3.80534838814249e-09
104286.735 3.89357815364456e-09
107086.275 4.1939527540383e-09
109885.814 3.88811304048259e-09
112685.353 3.57200268018735e-09
115484.892 3.59873106831431e-09
118284.431 3.89636928980692e-09
121083.971 3.20278250237336e-09
123883.51 2.66874305300232e-09
126683.049 3.508518759868e-09
129482.588 3.69690947197006e-09
132282.127 1.41977876428778e-09
135081.667 -0
137881.206 -0
140680.745 1.36720286656575e-09
143480.284 2.00456872810712e-09
146279.824 2.4721589846945e-09
149079.363 1.76375615498697e-09
151878.902 2.20168099342798e-09
154678.441 2.24155393132678e-09
157477.98 2.10050063135385e-09
160277.52 2.32299421215873e-09
163077.059 2.38099318929742e-09
165876.598 2.5321463573519e-09
168676.137 2.47752679585058e-09
171475.676 2.42859760200198e-09
174275.216 2.19607572449773e-09
177074.755 1.81035763556636e-09
179874.294 1.81923126397573e-09
182673.833 1.74112128256088e-09
185473.373 1.79637404266306e-09
188272.912 2.53854552848893e-09
191072.451 3.58002634805535e-09
193871.99 3.74681511258777e-09
196671.529 3.22139989969541e-09
199471.069 2.98148425541034e-09
202270.608 2.75925902498236e-09
205070.147 2.45573206689567e-09
207869.686 2.33218530332522e-09
210669.225 2.61499657698535e-09
213468.765 2.80207997180537e-09
216268.304 3.19706933981718e-09
219067.843 3.26590363957989e-09
221867.382 2.5101136993985e-09
224666.922 1.9367671242253e-09
227466.461 1.74594543892939e-09
230266 2.37910813290302e-09
230267 2.40694890995827e-09
237635.294 2.22861710587515e-09
245003.588 2.39836538678293e-09
252371.882 2.65814019150794e-09
259740.176 2.5609256740493e-09
267108.471 2.19560255155233e-09
274476.765 2.26335560617806e-09
281845.059 1.95107643763382e-09
289213.353 2.92972157311118e-09
296581.647 1.74318882499976e-09
303949.941 1.92713137047052e-09
311318.235 2.10730020458208e-09
318686.529 2.15896555353416e-09
326054.824 2.80935942167741e-09
333423.118 2.14123432850578e-09
340791.412 2.66860907233965e-09
348159.706 2.98763688315831e-09
355528 2.48521751478216e-09
362896.294 2.81181431005899e-09
370264.588 1.92461935055911e-09
377632.882 2.31319052488091e-09
385001.176 1.74355558118963e-09
392369.471 2.04738916929703e-09
399737.765 2.12250340867517e-09
407106.059 2.43924147392627e-09
414474.353 2.14362874477032e-09
421842.647 1.5905576811817e-09
429210.941 2.01079644334274e-09
436579.235 2.42620870594834e-09
443947.529 2.3402874303914e-09
451315.824 2.40124055205345e-09
458684.118 1.56029254642267e-09
466052.412 1.93154165826937e-09
473420.706 1.66230357401084e-09
480789 1.90326003269574e-09
488157.294 2.32842703125584e-09
495525.588 2.43352723133011e-09
502893.882 2.40852517844995e-09
510262.176 2.46906787725585e-09
517630.471 2.26044576381162e-09
524998.765 1.74957513115552e-09
532367.059 2.57260548211525e-09
539735.353 2.19258051462879e-09
547103.647 1.65619404761396e-09
554471.941 1.63485898273845e-09
561840.235 1.95430365614322e-09
569208.529 2.17166221457183e-09
576576.824 1.96110770747377e-09
583945.118 1.91766970864814e-09
591313.412 1.65465411802236e-09
598681.706 1.97572818892223e-09
606050 1.72323048136806e-09
606051 2.02405672088097e-09
625444.118 1.64482199095653e-09
644837.235 1.39065296292595e-09
664230.353 2.121432372174e-09
683623.471 1.68449571309429e-09
703016.588 1.4540213991819e-09
722409.706 1.28160397822485e-09
741802.824 1.6332932880143e-09
761195.941 2.14788989727037e-09
780589.059 1.9233652134816e-09
799982.176 1.76189097080248e-09
819375.294 1.00318252565637e-09
838768.412 1.56477718145473e-09
858161.529 1.74803893825198e-09
877554.647 2.07430853211309e-09
896947.765 1.71614525027964e-09
916340.882 1.92775055327767e-09
935734 1.5769247313225e-09
955127.118 2.24823463276581e-09
974520.235 1.94855848944608e-09
993913.353 1.94818698874126e-09
1013306.471 1.82989427369786e-09
1032699.588 2.31298591767497e-09
1052092.706 1.82377778938084e-09
1071485.824 1.37030495115372e-09
1090878.941 1.58018954915614e-09
1110272.059 1.68046934979244e-09
1129665.176 1.45374814356556e-09
1149058.294 1.580830395521e-09
1168451.412 1.64267906170125e-09
1187844.529 8.66919047841641e-10
1207237.647 1.91937325980328e-09
1226630.765 1.32985981791586e-09
1246023.882 2.21971583601849e-09
1265417 1.70960064841675e-09
1284810.118 1.47964389125464e-09
1304203.235 1.19636891781539e-09
1323596.353 1.86847332340441e-09
1342989.471 1.37535354504996e-09
1362382.588 1.79933457847427e-09
1381775.706 1.44521701288233e-09
1401168.824 1.56359103521934e-09
1420561.941 1.56628654565608e-09
1439955.059 1.43889613361537e-09
1459348.176 1.99225602690265e-09
1478741.294 1.57999171658818e-09
1498134.412 1.55422938434052e-09
1517527.529 1.81868273353956e-09
1536920.647 1.69303107290907e-09
1556313.765 1.95509097095768e-09
1575706.882 1.77447474434577e-09
1595100 1.8407421476822e-09
1595100 1.96551575424415e-09
1646141.765 1.31232243428254e-09
1697183.529 1.94670392651519e-09
1748225.294 1.92674305872096e-09
1799267.059 1.8027970923528e-09
1850308.824 1.65812630120306e-09
1901350.588 1.70011673735663e-09
1952392.353 1.12338051816552e-09
2003434.118 1.64881203445668e-09
2054475.882 1.56733489112675e-09
2105517.647 1.47626267002839e-09
2156559.412 1.29776838282982e-09
2207601.176 1.66687764250701e-09
2258642.941 1.94084543467436e-09
2309684.706 1.56072533770018e-09
2360726.471 1.57088178961666e-09
2411768.235 1.47231377068561e-09
2462810 1.18124514370081e-09
2513851.765 1.85647726851592e-09
2564893.529 1.62765766292686e-09
2615935.294 1.15846038116788e-09
2666977.059 1.45304071012884e-09
2718018.824 1.56247393750069e-09
2769060.588 1.84789585970761e-09
2820102.353 1.6951259573153e-09
2871144.118 1.71101873315776e-09
2922185.882 1.42143435261913e-09
2973227.647 1.63798366116496e-09
3024269.412 1.48227827328671e-09
3075311.176 1.75141596569079e-09
3126352.941 9.79118426400788e-10
3177394.706 1.32565169249676e-09
3228436.471 1.40374292867543e-09
3279478.235 1.70547425786605e-09
3330520 1.57776407546503e-09
3381561.765 1.67869134177336e-09
3432603.529 1.52005010414204e-09
3483645.294 1.24651531978885e-09
3534687.059 2.12494489348364e-09
3585728.824 1.15957995452693e-09
3636770.588 9.49057796245557e-10
3687812.353 1.48676162133057e-09
3738854.118 1.42491013492125e-09
3789895.882 1.78514332026745e-09
3840937.647 1.20148957432722e-09
3891979.412 1.33524085062456e-09
3943021.176 1.61378881363313e-09
3994062.941 1.25445491307679e-09
4045104.706 9.85749301129915e-10
4096146.471 8.589754225243e-10
4147188.235 1.77423154498671e-09
4198230 1.73391974427651e-09
4198230 8.94806654229834e-10
4332570.588 1.34108284023811e-09
4466911.176 1.55782863380648e-09
4601251.765 1.1968566374236e-09
4735592.353 1.4632481590194e-09
4869932.941 1.03088468302646e-09
5004273.529 1.2135987801191e-09
5138614.118 1.45156180226429e-09
5272954.706 1.19351163517734e-09
5407295.294 1.59121023822295e-09
5541635.882 1.19205743984897e-09
5675976.471 1.81267927126183e-09
5810317.059 1.66893668117437e-09
5944657.647 1.69342862495039e-09
6078998.235 1.39327416365521e-09
6213338.824 1.3269639934351e-09
6347679.412 1.57810965243625e-09
6482020 1.80162302102366e-09
6616360.588 1.24936467427253e-09
6750701.176 1.87760055709291e-09
6885041.765 1.2355735283362e-09
7019382.353 1.50999032527938e-09
7153722.941 1.43923444168756e-09
7288063.529 1.64783182187934e-09
7422404.118 1.19200754047417e-09
7556744.706 1.50484236549775e-09
7691085.294 1.66210616438142e-09
7825425.882 1.48940311741879e-09
7959766.471 1.57541211484459e-09
8094107.059 1.3461953786831e-09
8228447.647 1.26966398724547e-09
8362788.235 1.24190609525298e-09
8497128.824 1.89740045442097e-09
8631469.412 1.08877418811922e-09
8765810 1.95026866903332e-09
8900150.588 1.73283444674106e-09
9034491.176 1.41610169227195e-09
9168831.765 1.44681849389086e-09
9303172.353 9.90689899288411e-10
9437512.941 1.60321459714076e-09
9571853.529 1.74971689457311e-09
9706194.118 1.53140650264125e-09
9840534.706 7.57568493331851e-10
9974875.294 1.51642446904358e-09
10109215.882 1.34456256505392e-09
10243556.471 1.21613998192963e-09
10377897.059 1.08085372208017e-09
10512237.647 1.33907375775966e-09
10646578.235 1.17371355611933e-09
10780918.824 1.67242893958319e-09
10915259.412 1.7369525607755e-09
11049600 1.59930375796556e-09
11049600 1.80475866836376e-09
11403174.51 1.2080657271995e-09
11756749.02 1.89936468846046e-09
12110323.529 1.71248149982523e-09
12463898.039 1.36292052494857e-09
12817472.549 1.29299057848457e-09
13171047.059 1.48025852822167e-09
13524621.569 1.37756196335032e-09
13878196.078 1.31801026211561e-09
14231770.588 1.66548382754413e-09
14585345.098 1.60958684611257e-09
14938919.608 1.6398146351692e-09
15292494.118 1.38351123965885e-09
15646068.627 1.14112191877011e-09
15999643.137 1.53440046961792e-09
16353217.647 2.24000169046118e-09
16706792.157 1.63537265896131e-09
17060366.667 1.57272735619924e-09
17413941.176 1.37402393407785e-09
17767515.686 1.19823581648494e-09
18121090.196 1.49848218949097e-09
18474664.706 1.08089385685013e-09
18828239.216 1.42442615308348e-09
19181813.725 1.42645450623052e-09
19535388.235 1.48755101808054e-09
19888962.745 1.52661814711013e-09
20242537.255 1.32659057049326e-09
20596111.765 1.77012423582221e-09
20949686.275 1.12861569947144e-09
21303260.784 1.57061497896847e-09
21656835.294 1.35092177080444e-09
22010409.804 1.16605793920687e-09
22363984.314 1.62766763777243e-09
22717558.824 1.20550927326104e-09
23071133.333 1.41991389859241e-09
23424707.843 2.0135660214209e-09
23778282.353 1.59678249504916e-09
24131856.863 1.60155648375477e-09
24485431.373 1.58019249447494e-09
24839005.882 1.59528642796922e-09
25192580.392 1.41566348295353e-09
25546154.902 1.5032302603447e-09
25899729.412 1.27805888727535e-09
26253303.922 1.1630227298566e-09
26606878.431 1.74542209038824e-09
26960452.941 1.30959941739964e-09
27314027.451 1.7168097440465e-09
27667601.961 9.67754207472446e-10
28021176.471 1.57308724190698e-09
28374750.98 1.71177264327426e-09
28728325.49 1.34032216176135e-09
29081900 1.54262814502111e-09
29081900 1.41938136618001e-09
30012498.039 1.34742484755376e-09
30943096.078 1.26192500633733e-09
31873694.118 1.54257380201342e-09
32804292.157 1.75562513653056e-09
33734890.196 1.88104404639365e-09
34665488.235 1.77058896518464e-09
35596086.275 1.41288043988867e-09
36526684.314 1.59051835193854e-09
37457282.353 1.34575464301729e-09
38387880.392 1.85775651626745e-09
39318478.431 1.94875355331659e-09
40249076.471 1.82976508240433e-09
41179674.51 1.3972997106362e-09
42110272.549 1.54084092481647e-09
43040870.588 1.54743208731406e-09
43971468.627 1.28840059301027e-09
44902066.667 1.7042385847929e-09
45832664.706 1.29492625822828e-09
46763262.745 1.25530558417634e-09
47693860.784 1.06833690529887e-09
48624458.824 1.31915445459469e-09
49555056.863 1.55563224283812e-09
50485654.902 1.46918820992858e-09
51416252.941 1.43393875045461e-09
52346850.98 1.87510666555747e-09
53277449.02 1.28907316801697e-09
54208047.059 6.70767325618789e-10
55138645.098 1.01645159057922e-09
56069243.137 1.22899563795964e-09
56999841.176 1.13349017499149e-09
57930439.216 1.55068300308085e-09
58861037.255 1.5101233732637e-09
59791635.294 8.12050324203926e-10
60722233.333 1.31565787871044e-09
61652831.373 1.44606606531788e-09
62583429.412 1.62083670945917e-09
63514027.451 1.28038426979853e-09
64444625.49 7.26248268609898e-10
65375223.529 1.418608476841e-09
66305821.569 9.91794448221578e-10
67236419.608 1.63968277818543e-09
68167017.647 1.44835260699569e-09
69097615.686 1.07723813776486e-09
70028213.725 1.25468147336483e-09
70958811.765 1.45802871290144e-09
71889409.804 1.23527568129757e-09
72820007.843 1.27581799070911e-09
73750605.882 1.10364692639683e-09
74681203.922 1.33591693774433e-09
75611801.961 8.69451872136594e-10
76542400 -0
76542400 1.81527046536728e-09
78991686.275 1.3723031748858e-09
81440972.549 1.5977468972738e-09
83890258.824 1.30068141800157e-09
86339545.098 1.83231421228928e-09
88788831.373 1.19208692833736e-09
91238117.647 1.69189216949273e-09
93687403.922 4.22446990644292e-10
96136690.196 2.77756581085153e-08
98585976.471 2.01135983239609e-09
101035262.745 6.19601875064123e-10
103484549.02 -0
105933835.294 8.98974651190653e-10
108383121.569 5.41209937412838e-10
110832407.843 -0
113281694.118 -0
115730980.392 1.66213807478796e-09
118180266.667 -0
120629552.941 1.36399310570915e-09
123078839.216 1.79832941491431e-09
125528125.49 2.33849861712671e-09
127977411.765 2.309050618013e-09
130426698.039 2.02940090097248e-09
132875984.314 9.15897278631636e-10
135325270.588 2.68637761215214e-09
137774556.863 2.61720211650711e-09
140223843.137 -0
142673129.412 1.28256298243684e-10
145122415.686 -0
147571701.961 1.59711614175563e-09
150020988.235 5.83441397509845e-10
152470274.51 -0
154919560.784 -0
157368847.059 1.56199084796813e-09
159818133.333 -0
162267419.608 -0
164716705.882 -0
167165992.157 -0
169615278.431 3.81498391611971e-09
172064564.706 -0
174513850.98 -0
176963137.255 -0
179412423.529 4.42896165033772e-09
181861709.804 3.12523271213283e-09
184310996.078 -0
186760282.353 2.08021515355172e-09
189209568.627 6.35867370010882e-09
191658854.902 3.73907547937443e-09
194108141.176 -0
196557427.451 2.00814445490339e-09
199006713.725 4.01482088553293e-09
201456000 1.89166618384581e-09
