101 1.33302303022303e-05
104.18 1.20559528271935e-05
107.361 8.18492920477819e-06
110.541 9.05315124109815e-06
113.721 1.04551303085585e-05
116.902 9.80188697238195e-06
120.082 1.04462584311061e-05
123.262 1.19977291802674e-05
126.443 1.23615923431077e-05
129.623 1.13808247571872e-05
132.803 9.97176422375379e-06
135.983 1.11481050232485e-05
139.164 1.19287932618428e-05
142.344 1.17448923871987e-05
145.524 1.20707153423026e-05
148.705 1.33504119771792e-05
151.885 1.32017386955443e-05
155.065 1.22067133299181e-05
158.246 9.14199067901051e-06
161.426 1.00256213310135e-05
164.606 1.11709985033765e-05
167.787 1.14250513738327e-05
170.967 9.84700938089745e-06
174.147 1.16081380063021e-05
177.328 1.13397954241428e-05
180.508 9.24783209132861e-06
183.688 8.26862048799702e-06
186.868 1.05422306792101e-05
190.049 1.09395445542607e-05
193.229 1.07525057910083e-05
196.409 8.57834657252114e-06
199.59 1.07547852611803e-05
202.77 1.01197240146432e-05
205.95 9.07247444687104e-06
209.131 7.34635773811005e-06
212.311 8.19670727389793e-06
215.491 8.40296393874167e-06
218.672 8.71599183240843e-06
221.852 7.77711181694642e-06
225.032 1.06964630005379e-05
228.213 1.02772029156194e-05
231.393 9.48409175803134e-06
234.573 8.73620791092632e-06
237.753 9.92595762795336e-06
240.934 9.73004930683751e-06
244.114 7.71923563415322e-06
247.294 7.331826374675e-06
250.475 9.96787427734093e-06
253.655 9.45522902079199e-06
256.835 9.26179357463429e-06
260.016 6.26346135013356e-06
263.196 7.19824578613651e-06
264.196 1.44888632608275e-05
272.598 1.50206096499946e-05
281.001 1.46543041499604e-05
289.403 1.22686121653677e-05
297.806 1.17073775737476e-05
306.208 1.14025035111722e-05
314.611 1.12799859284623e-05
323.013 1.13637230085992e-05
331.415 1.12596763379743e-05
339.818 1.08974632263261e-05
348.22 1.04117242692858e-05
356.623 9.7162168930703e-06
365.025 9.53599902059445e-06
373.428 9.46792335154495e-06
381.83 9.16690009026458e-06
390.232 8.83612157546224e-06
398.635 8.50447312622831e-06
407.037 8.82705985004747e-06
415.44 9.55163839463355e-06
423.842 1.11821048460998e-05
432.245 1.14478090279907e-05
440.647 1.11818732445498e-05
449.049 1.07509675583047e-05
457.452 1.02230915988795e-05
465.854 9.22860537832524e-06
474.257 8.98484708042227e-06
482.659 8.76743026576243e-06
491.062 7.51257868961105e-06
499.464 6.68822269604256e-06
507.867 6.26612622756502e-06
516.269 6.52662211625911e-06
524.671 6.79988680293163e-06
533.074 7.77136150057859e-06
541.476 8.48771560066143e-06
549.879 9.12719933347336e-06
558.281 8.97085876805971e-06
566.684 8.65771885919939e-06
575.086 7.92883641514906e-06
583.488 7.88733490632919e-06
591.891 8.09422509291161e-06
600.293 7.98072423285356e-06
608.696 7.74196697925158e-06
617.098 7.35985046378607e-06
625.501 7.16772609444193e-06
633.903 6.9455714802129e-06
642.305 7.04820733785429e-06
650.708 6.73525012910665e-06
659.11 5.96015433756093e-06
667.513 4.61014390438119e-06
675.915 4.79478833414977e-06
684.318 5.5305365585226e-06
692.72 5.87581207991736e-06
693.72 4.11273520378633e-06
715.867 4.08040517767284e-06
738.014 5.64777996623629e-06
760.161 5.51917150972386e-06
782.307 4.2280685024157e-06
804.454 4.85331274817882e-06
826.601 4.10840001863715e-06
848.748 4.08470749299578e-06
870.895 3.97262281540787e-06
893.042 3.6659070381448e-06
915.189 4.07112718450121e-06
937.335 3.99443036384178e-06
959.482 3.68756512223968e-06
981.629 3.53586961558483e-06
1003.776 3.35351680586944e-06
1025.923 4.17197573576345e-06
1048.07 3.73693016916091e-06
1070.217 3.42660814402076e-06
1092.364 3.50109265815196e-06
1114.51 3.05970072268943e-06
1136.657 3.41178727428553e-06
1158.804 3.03992320694191e-06
1180.951 3.17178425624412e-06
1203.098 2.55609292339805e-06
1225.245 2.6215504644653e-06
1247.392 3.85108791695367e-06
1269.538 2.57814506054057e-06
1291.685 3.25958683503492e-06
1313.832 1.80024930522618e-06
1335.979 3.2226360647461e-06
1358.126 3.33021224514035e-06
1380.273 2.88661178256074e-06
1402.42 1.98109919170198e-06
1424.566 1.80539286948133e-06
1446.713 2.16502061184978e-06
1468.86 1.92648289646474e-06
1491.007 1.88539993807483e-06
1513.154 2.02430743643651e-06
1535.301 2.36019604255213e-06
1557.448 1.90298507030443e-06
1579.595 1.69275254680103e-06
1601.741 1.69234962049473e-06
1623.888 1.94516605426934e-06
1646.035 1.67192279718863e-06
1668.182 2.4066762800427e-06
1690.329 2.94378145923403e-06
1712.476 2.27792525218685e-06
1734.623 1.89145526477665e-06
1756.769 2.27786893622775e-06
1778.916 2.72231121104674e-06
1801.063 2.77480952771745e-06
1823.21 3.06697764313628e-06
1824.21 2.07194279532019e-06
1882.531 2.12625472550146e-06
1940.853 1.97934745601781e-06
1999.174 2.05505240041231e-06
2057.495 2.32016440844219e-06
2115.817 1.73055391134021e-06
2174.138 1.86955644038339e-06
2232.46 1.98889687501609e-06
2290.781 2.08721192646267e-06
2349.102 2.10872437132215e-06
2407.424 2.55834965563315e-06
2465.745 2.2409344794926e-06
2524.066 1.95540303725594e-06
2582.388 1.48743032013731e-06
2640.709 1.5059260719332e-06
2699.031 1.95291591962423e-06
2757.352 1.87419617978047e-06
2815.673 2.39365699635835e-06
2873.995 1.89358490347379e-06
2932.316 1.73950980343522e-06
2990.637 2.02223493639505e-06
3048.959 2.07040915498288e-06
3107.28 1.56686696309385e-06
3165.602 1.37614647064975e-06
3223.923 2.17359717214578e-06
3282.244 2.10570311150114e-06
3340.566 2.27714224033397e-06
3398.887 1.92863904962585e-06
3457.208 1.31120921577875e-06
3515.53 2.14406342251632e-06
3573.851 2.01192375342505e-06
3632.173 1.94960636077929e-06
3690.494 2.22592894073187e-06
3748.815 1.39054384780895e-06
3807.137 1.55731818607527e-06
3865.458 1.58371836258565e-06
3923.779 1.00526946801958e-06
3982.101 1.53175785825515e-06
4040.422 1.95871279206172e-06
4098.744 1.6541840531809e-06
4157.065 1.4990917529038e-06
4215.386 1.55313152184064e-06
4273.708 1.60240401463881e-06
4332.029 1.54105040226605e-06
4390.35 1.56900362289054e-06
4448.672 1.54253354572595e-06
4506.993 1.36554562636438e-06
4565.315 1.55373971113119e-06
4623.636 1.14828222503409e-06
4681.957 1.44556820826763e-06
4740.279 1.74678024253173e-06
4798.6 1.64587447937752e-06
4799.6 2.17408440848907e-06
4953.131 1.90453604421446e-06
5106.663 1.35187949125486e-06
5260.194 1.20636463196969e-06
5413.725 1.46329058927971e-06
5567.257 1.45924332805055e-06
5720.788 1.09700512969998e-06
5874.32 1.07750754073382e-06
6027.851 1.02379078867166e-06
6181.382 1.04008427036247e-06
6334.914 1.21922617266243e-06
6488.445 1.3428298564317e-06
6641.976 1.33179575436577e-06
6795.508 1.11905180132087e-06
6949.039 1.27289417898799e-06
7102.571 1.26728097423187e-06
7256.102 1.32205237822645e-06
7409.633 1.11925216927891e-06
7563.165 1.24670534894572e-06
7716.696 1.20720395476914e-06
7870.227 1.0902888114705e-06
8023.759 9.39497441464794e-07
8177.29 1.10188079712429e-06
8330.822 1.31414549348595e-06
8484.353 1.23054074031587e-06
8637.884 1.02593140186881e-06
8791.416 8.44249649822523e-07
8944.947 9.01115595976828e-07
9098.478 1.19381423767261e-06
9252.01 1.14988779822333e-06
9405.541 1.28972750945165e-06
9559.073 1.1817472947286e-06
9712.604 1.35354776894814e-06
9866.135 1.25388750835694e-06
10019.667 9.44966533838578e-07
10173.198 9.38363710318254e-07
10326.729 1.26915205006211e-06
10480.261 1.22887597549389e-06
10633.792 1.0068712046624e-06
10787.324 8.81409233950433e-07
10940.855 1.05750457146117e-06
11094.386 1.0316863622343e-06
11247.918 8.28879430601533e-07
11401.449 8.45617307126806e-07
11554.98 8.75008039706551e-07
11708.512 1.0460705346574e-06
11862.043 1.13742629975539e-06
12015.575 9.69643416532933e-07
12169.106 8.80960570301749e-07
12322.637 8.91940103500615e-07
12476.169 7.91746744178426e-07
12629.7 8.77500613125803e-07
12630.7 8.64092901477955e-07
13034.822 6.76781568069473e-07
13438.943 8.05569906575002e-07
13843.065 1.03772059442849e-06
14247.186 1.17852304052413e-06
14651.308 1.23969138968455e-06
15055.429 1.2544118664012e-06
15459.551 1.13959804660376e-06
15863.673 8.50979747848201e-07
16267.794 7.48934957515457e-07
16671.916 8.43965881614898e-07
17076.037 8.8372795332318e-07
17480.159 9.13768642648746e-07
17884.28 8.20265855488992e-07
18288.402 7.64029688499741e-07
18692.524 7.60437721363429e-07
19096.645 8.87924885622245e-07
19500.767 8.43837387281777e-07
19904.888 7.9715041808147e-07
20309.01 7.64732276926036e-07
20713.131 6.44363770551852e-07
21117.253 6.09453802596579e-07
21521.375 6.0326670634222e-07
21925.496 5.2577120477475e-07
22329.618 5.8621497381465e-07
22733.739 7.50742747536565e-07
23137.861 7.2307468732707e-07
23541.982 6.60917008466751e-07
23946.104 6.55858351455515e-07
24350.225 6.56619800362605e-07
24754.347 6.6345584275341e-07
25158.469 6.15681014438521e-07
25562.59 4.38783385231454e-07
25966.712 4.0241390489483e-07
26370.833 5.33907634851414e-07
26774.955 6.85929399577993e-07
27179.076 6.92192453095539e-07
27583.198 7.3631869592157e-07
27987.32 7.59502563037305e-07
28391.441 6.53278054599931e-07
28795.563 6.77000162729604e-07
29199.684 6.58941284126082e-07
29603.806 5.2231835718282e-07
30007.927 5.80144619076242e-07
30412.049 6.65365942082804e-07
30816.171 6.67602575328331e-07
31220.292 6.27947351273941e-07
31624.414 5.84330270627098e-07
32028.535 5.94468078239878e-07
32432.657 5.62643018593049e-07
32836.778 5.39231265343078e-07
33240.9 4.22971514200788e-07
33241.9 4.88605763650243e-07
34305.559 4.5427318340611e-07
35369.218 4.97134476243957e-07
36432.876 5.30311031847345e-07
37496.535 5.23412071039047e-07
38560.194 5.06959861608047e-07
39623.853 4.99155765081536e-07
40687.512 5.48458458900322e-07
41751.171 6.26501097294616e-07
42814.829 7.04327281184086e-07
43878.488 6.80337005457363e-07
44942.147 5.50491190652784e-07
46005.806 5.21177216985062e-07
47069.465 4.94329647663621e-07
48133.124 4.73050729041212e-07
49196.782 4.59722804381325e-07
50260.441 4.25689416111634e-07
51324.1 5.08790849920787e-07
52387.759 5.13589296178998e-07
53451.418 5.23827508981226e-07
54515.076 4.83803722803874e-07
55578.735 4.68017758132958e-07
56642.394 3.61636273965264e-07
57706.053 3.51989126931389e-07
58769.712 3.65077493218322e-07
59833.371 3.32883320495572e-07
60897.029 3.19514084530973e-07
61960.688 3.15826705339809e-07
63024.347 4.02891461798733e-07
64088.006 4.09468239725623e-07
65151.665 3.7328657698401e-07
66215.324 3.41062606748425e-07
67278.982 3.27798988286559e-07
68342.641 3.5001494553001e-07
69406.3 3.65064301401231e-07
70469.959 3.82192876494046e-07
71533.618 4.22269694729825e-07
72597.276 4.43623644638049e-07
73660.935 4.56096838070906e-07
74724.594 4.71311277065393e-07
75788.253 4.68843266085366e-07
76851.912 4.06508090228756e-07
77915.571 3.77554573647731e-07
78979.229 3.53346552182879e-07
80042.888 3.03236549685908e-07
81106.547 2.99055123958259e-07
82170.206 3.06369741729022e-07
83233.865 3.48970343685145e-07
84297.524 3.52220263201867e-07
85361.182 3.60120192274933e-07
86424.841 3.58444975731116e-07
87488.5 3.42329574883853e-07
87489.5 6.27050990297667e-07
90289.039 5.77926897943542e-07
93088.578 4.37620141810892e-07
95888.118 3.45880111096446e-07
98687.657 3.62018704965958e-07
101487.196 4.00345024528053e-07
104286.735 5.20547803392162e-07
107086.275 5.65070153136911e-07
109885.814 5.4654192567436e-07
112685.353 5.21579573262593e-07
115484.892 4.84338823034425e-07
118284.431 3.78893476671713e-07
121083.971 3.59883521637915e-07
123883.51 3.17462573807688e-07
126683.049 2.54776849761696e-07
129482.588 2.50001699430999e-07
132282.127 3.24558718295068e-07
135081.667 4.01937894387971e-07
137881.206 3.75723278787777e-07
140680.745 3.60629565762153e-07
143480.284 3.4623625799757e-07
146279.824 3.15392682870405e-07
149079.363 3.10289056231132e-07
151878.902 2.92003109292179e-07
154678.441 2.94930415859292e-07
157477.98 2.67280321441635e-07
160277.52 2.54078090866329e-07
163077.059 3.09123934241621e-07
165876.598 3.3050193965651e-07
168676.137 3.53730367797653e-07
171475.676 3.53231533312569e-07
174275.216 3.3076609151468e-07
177074.755 2.45518361428855e-07
179874.294 2.51605555847246e-07
182673.833 2.73060759263115e-07
185473.373 2.6779547881503e-07
188272.912 2.76581303561922e-07
191072.451 2.58470502627513e-07
193871.99 2.5311672489832e-07
196671.529 2.34208196462159e-07
199471.069 2.22505539496407e-07
202270.608 1.99601958658029e-07
205070.147 2.45715722626143e-07
207869.686 2.39070983797871e-07
210669.225 2.6562714116429e-07
213468.765 2.68723303411941e-07
216268.304 2.78629018057085e-07
219067.843 2.94696976736769e-07
221867.382 2.88472440162265e-07
224666.922 2.68786706373697e-07
227466.461 2.39923668847727e-07
230266 2.06710406604192e-07
230267 2.52327819906484e-07
237635.294 2.40606805796794e-07
245003.588 2.43633226394122e-07
252371.882 1.75921202175852e-07
259740.176 3.21160124389501e-07
267108.471 2.23434842118301e-07
274476.765 2.72733921338629e-07
281845.059 1.93250407868064e-07
289213.353 2.05405744640074e-07
296581.647 1.83892805899333e-07
303949.941 2.02401135022209e-07
311318.235 1.55240084256616e-07
318686.529 2.02655301671511e-07
326054.824 2.63776762892816e-07
333423.118 2.27825782909612e-07
340791.412 1.89745884917987e-07
348159.706 1.85283035190407e-07
355528 1.55865177877188e-07
362896.294 2.21903319186194e-07
370264.588 2.25403036043399e-07
377632.882 2.36687228812173e-07
385001.176 2.32037286030996e-07
392369.471 2.02659983313387e-07
399737.765 2.36399718028951e-07
407106.059 1.76025375941759e-07
414474.353 1.39427318443325e-07
421842.647 1.47411623626387e-07
429210.941 1.50945010287481e-07
436579.235 1.25644853214676e-07
443947.529 1.48810840746659e-07
451315.824 1.42659441867312e-07
458684.118 1.67830743252976e-07
466052.412 1.90287483227594e-07
473420.706 1.5692292386963e-07
480789 1.95375168835963e-07
488157.294 1.33234505481732e-07
495525.588 1.03859512580071e-07
502893.882 1.28706090270993e-07
510262.176 1.70112274341746e-07
517630.471 1.91700189084622e-07
524998.765 1.745861694698e-07
532367.059 1.60656549369184e-07
539735.353 1.71982964468467e-07
547103.647 1.3273385058777e-07
554471.941 1.41927173488094e-07
561840.235 1.76207467758144e-07
569208.529 1.73611375295169e-07
576576.824 1.74942766468659e-07
583945.118 1.83594595912855e-07
591313.412 9.43364950319801e-08
598681.706 1.52196563433646e-07
606050 1.69367100307007e-07
606051 1.62054825608293e-07
625444.118 1.59549472073672e-07
644837.235 1.52196912103614e-07
664230.353 1.11546065295184e-07
683623.471 1.27102320882604e-07
703016.588 1.6086559480373e-07
722409.706 1.34520166894263e-07
741802.824 1.09434891033529e-07
761195.941 1.36547706061178e-07
780589.059 1.9072890867241e-07
799982.176 1.39264460247644e-07
819375.294 8.117677392697e-08
838768.412 1.3959284519189e-07
858161.529 1.2679616026501e-07
877554.647 1.51848103726723e-07
896947.765 1.38751753888259e-07
916340.882 1.39189751035426e-07
935734 1.43564760937266e-07
955127.118 1.27355473656563e-07
974520.235 1.32153634713698e-07
993913.353 1.14453915367889e-07
1013306.471 1.01901977239576e-07
1032699.588 1.30620769905531e-07
1052092.706 1.19545503204402e-07
1071485.824 1.25981351699013e-07
1090878.941 1.47933313700592e-07
1110272.059 9.89846001525848e-08
1129665.176 1.6070937954167e-07
1149058.294 1.13740892111036e-07
1168451.412 7.63841526312258e-08
1187844.529 1.66077972762643e-07
1207237.647 1.28922893177434e-07
1226630.765 1.01199405416324e-07
1246023.882 1.39703719750182e-07
1265417 1.11554645663325e-07
1284810.118 1.56769626450399e-07
1304203.235 1.08646020961055e-07
1323596.353 9.73345751603119e-08
1342989.471 8.47405488705572e-08
1362382.588 1.07386694400599e-07
1381775.706 1.02092197848073e-07
1401168.824 1.26625848676157e-07
1420561.941 1.27435864504465e-07
1439955.059 1.1265055914322e-07
1459348.176 1.12934122403893e-07
1478741.294 1.08506604872605e-07
1498134.412 1.04614005678387e-07
1517527.529 1.18145156176729e-07
1536920.647 8.75622628297402e-08
1556313.765 1.37812095682241e-07
1575706.882 8.6481874261304e-08
1595100 9.43625139852728e-08
1595100 1.3851404576107e-07
1646141.765 9.05753472799442e-08
1697183.529 5.78910626185122e-08
1748225.294 1.21296904851519e-07
1799267.059 1.09849971182097e-07
1850308.824 1.15871449897981e-07
1901350.588 1.17750824524585e-07
1952392.353 1.01925636816328e-07
2003434.118 1.15183379674175e-07
2054475.882 8.39974465569401e-08
2105517.647 8.54029485180465e-08
2156559.412 9.27524499957818e-08
2207601.176 9.05138956469734e-08
2258642.941 8.96525455070273e-08
2309684.706 1.22992418607874e-07
2360726.471 1.0747034213329e-07
2411768.235 9.39095560461937e-08
2462810 1.1124157582704e-07
2513851.765 7.54276093273617e-08
2564893.529 7.39712267818745e-08
2615935.294 1.04683896338071e-07
2666977.059 8.31029547262286e-08
2718018.824 8.66814155417982e-08
2769060.588 1.03020235170684e-07
2820102.353 8.30957239834012e-08
2871144.118 1.03255379902514e-07
2922185.882 8.74729279348165e-08
2973227.647 1.03674013146479e-07
3024269.412 8.40134616380726e-08
3075311.176 8.34457362789334e-08
3126352.941 9.41213783769915e-08
3177394.706 8.00979775033552e-08
3228436.471 9.34588954228371e-08
3279478.235 8.33401105558968e-08
3330520 1.09686066349377e-07
3381561.765 8.36920609058093e-08
3432603.529 8.25099899812932e-08
3483645.294 5.87104277167864e-08
3534687.059 9.76145701822044e-08
3585728.824 7.98187416079732e-08
3636770.588 9.55228253224872e-08
3687812.353 8.88694770043911e-08
3738854.118 7.50925061944586e-08
3789895.882 8.51264720956818e-08
3840937.647 9.09206093678166e-08
3891979.412 9.84249896325298e-08
3943021.176 9.21728092607815e-08
3994062.941 9.73383378403802e-08
4045104.706 9.68194199115875e-08
4096146.471 9.23844785750594e-08
4147188.235 9.4363039873203e-08
4198230 6.56206095813564e-08
4198230 7.59002820721399e-08
4332570.588 6.60541913377191e-08
4466911.176 9.03714816985204e-08
4601251.765 8.0544968240825e-08
4735592.353 5.38055279422096e-08
4869932.941 7.67267922660501e-08
5004273.529 8.52314125461775e-08
5138614.118 6.51763351192133e-08
5272954.706 8.15694316649344e-08
5407295.294 1.55467938679439e-07
5541635.882 1.04128400918976e-07
5675976.471 8.50601338262244e-08
5810317.059 1.69575590880698e-07
5944657.647 1.34397153358685e-07
6078998.235 1.37926520510719e-07
6213338.824 1.50794780207591e-07
6347679.412 8.11325879207067e-08
6482020 6.5744791949994e-08
6616360.588 7.59796909903923e-08
6750701.176 5.62670198606608e-08
6885041.765 6.07511327306677e-08
7019382.353 8.32908428774976e-08
7153722.941 7.60605901316128e-08
7288063.529 8.49377929769782e-08
7422404.118 8.99254509326103e-08
7556744.706 7.02858933713693e-08
7691085.294 7.09315461413665e-08
7825425.882 8.02273982782497e-08
7959766.471 6.29401448622801e-08
8094107.059 6.52898601311873e-08
8228447.647 6.44610954373496e-08
8362788.235 6.61956340576847e-08
8497128.824 6.60059559537206e-08
8631469.412 3.93630663678124e-08
8765810 7.78794730052534e-08
8900150.588 7.96394777124863e-08
9034491.176 7.97268340962314e-08
9168831.765 8.6095978972103e-08
9303172.353 8.09046121502872e-08
9437512.941 1.03062360699287e-07
9571853.529 5.54321227323941e-08
9706194.118 7.6065175733837e-08
9840534.706 5.11522169731489e-08
9974875.294 6.27748111990789e-08
10109215.882 7.90812191338721e-08
10243556.471 6.92238844934745e-08
10377897.059 6.27503153693302e-08
10512237.647 9.76029255645157e-08
10646578.235 7.39441528373441e-08
10780918.824 5.78360851100003e-08
10915259.412 5.65777085131591e-08
11049600 8.37975736471677e-08
11049600 6.85768628641592e-08
11403174.51 9.02679953056763e-08
11756749.02 7.68716109526664e-08
12110323.529 5.09681372489038e-08
12463898.039 5.85961245640554e-08
12817472.549 6.12873913874534e-08
13171047.059 7.08296933123221e-08
13524621.569 7.80384621568538e-08
13878196.078 8.52098858213858e-08
14231770.588 6.60080615960566e-08
14585345.098 6.06080722228063e-08
14938919.608 8.69681056449058e-08
15292494.118 5.79777865150292e-08
15646068.627 5.14831742224584e-08
15999643.137 5.67842057000501e-08
16353217.647 7.70715638685605e-08
16706792.157 6.80207968336567e-08
17060366.667 7.79258090957938e-08
17413941.176 7.07715753170777e-08
17767515.686 6.32473584087683e-08
18121090.196 6.04018784845066e-08
18474664.706 4.8839427310852e-08
18828239.216 6.22477103435492e-08
19181813.725 6.24368152690574e-08
19535388.235 9.14332825104797e-08
19888962.745 8.88847737686624e-08
20242537.255 5.54261376160517e-08
20596111.765 4.30611091801825e-08
20949686.275 7.84948813361184e-08
21303260.784 6.5727379299241e-08
21656835.294 8.56367495996503e-08
22010409.804 6.86987857994324e-08
22363984.314 5.2084186686671e-08
22717558.824 6.27457805978761e-08
23071133.333 5.38333818441912e-08
23424707.843 7.82623256380725e-08
23778282.353 7.0058940685223e-08
24131856.863 8.77032620303572e-08
24485431.373 7.97835663391253e-08
24839005.882 9.00712055997476e-08
25192580.392 7.26313343313594e-08
25546154.902 7.08267858021985e-08
25899729.412 5.3113258435996e-08
26253303.922 6.05231722620758e-08
26606878.431 7.82286457116522e-08
26960452.941 6.03786009853251e-08
27314027.451 7.43266767447193e-08
27667601.961 6.07376335934386e-08
28021176.471 8.72038590175297e-08
28374750.98 5.93530555599895e-08
28728325.49 5.75747930177808e-08
29081900 7.06855092467332e-08
29081900 8.73620920792766e-08
30012498.039 5.78457054786265e-08
30943096.078 8.82053275370598e-08
31873694.118 6.7610534115861e-08
32804292.157 7.79715100574588e-08
33734890.196 6.84852457202652e-08
34665488.235 8.73822120994353e-08
35596086.275 6.90023627802172e-08
36526684.314 9.75312704529429e-08
37457282.353 9.22493330249932e-08
38387880.392 9.85721274781954e-08
39318478.431 6.2334761168073e-08
40249076.471 4.78873225264151e-08
41179674.51 9.05271703414218e-08
42110272.549 8.16378734946716e-08
43040870.588 8.92070547915102e-08
43971468.627 8.47725424470323e-08
44902066.667 7.01433834230999e-08
45832664.706 5.23504383342107e-08
46763262.745 9.54048618979872e-08
47693860.784 7.45207362879514e-08
48624458.824 7.40473855000209e-08
49555056.863 8.21418876674891e-08
50485654.902 5.05426952887596e-08
51416252.941 6.83690783278552e-08
52346850.98 5.97805777940127e-08
53277449.02 5.85476869554895e-08
54208047.059 5.79694641611599e-08
55138645.098 4.86242249679735e-08
56069243.137 5.44135819852728e-08
56999841.176 3.74412924488124e-08
57930439.216 6.05366799252478e-08
58861037.255 4.52435395300799e-08
59791635.294 4.29015858495697e-08
60722233.333 5.03755571375603e-08
61652831.373 5.02689205461814e-08
62583429.412 4.15569570347698e-08
63514027.451 3.10741567758918e-08
64444625.49 3.97934060912458e-08
65375223.529 4.07329425127071e-08
66305821.569 4.9488985578575e-08
67236419.608 4.36308736011703e-08
68167017.647 3.29720857683238e-08
69097615.686 3.04087408228358e-08
70028213.725 1.35515088426935e-08
70958811.765 3.02109920860951e-08
71889409.804 4.08519714183722e-08
72820007.843 3.66705681247237e-08
73750605.882 3.85612171959289e-08
74681203.922 1.7379557144073e-08
75611801.961 2.93768149708303e-08
76542400 3.27696463905487e-08
76542400 2.67744459676013e-08
78991686.275 2.24776159884428e-08
81440972.549 1.75481389201334e-08
83890258.824 2.15927503389332e-08
86339545.098 2.04945132083687e-08
88788831.373 2.08408304640194e-08
91238117.647 1.82883336895328e-08
93687403.922 0
96136690.196 0
98585976.471 0
101035262.745 0
103484549.02 0
105933835.294 1.34793630107917e-08
108383121.569 1.36132648619058e-08
110832407.843 1.83255716124982e-08
113281694.118 1.38645132172861e-08
115730980.392 1.51210872528791e-08
118180266.667 1.14631569022107e-08
120629552.941 1.09265777519084e-08
123078839.216 8.79805013425134e-09
125528125.49 9.31900244940648e-09
127977411.765 1.18634943357849e-08
130426698.039 4.67514226398513e-09
132875984.314 6.75440894383069e-09
135325270.588 0
137774556.863 0
140223843.137 6.39952398082826e-09
142673129.412 0
145122415.686 3.41977409262498e-09
147571701.961 3.12841606094841e-09
150020988.235 4.06834600666966e-09
152470274.51 4.86857891900337e-09
154919560.784 0
157368847.059 8.38650817257719e-09
159818133.333 0
162267419.608 0
164716705.882 9.00683243154896e-10
167165992.157 0
169615278.431 4.8988288425194e-09
172064564.706 1.58773412896838e-09
174513850.98 3.70351345313595e-09
176963137.255 0
179412423.529 5.1245171884481e-09
181861709.804 0
184310996.078 0
186760282.353 5.8269690722107e-09
189209568.627 9.1587530566121e-10
191658854.902 0
194108141.176 0
196557427.451 0
199006713.725 5.6667843901105e-09
201456000 3.8256732593324e-09
