101 384.543765048764
104.18 402.413229555086
107.361 337.889716115221
110.541 376.916311757226
113.721 399.726422422295
116.902 391.661430483187
120.082 406.647771289723
123.262 425.967353124927
126.443 439.923026741661
129.623 460.208560286226
132.803 433.791432002834
135.983 427.775008841302
139.164 370.458555926797
142.344 348.632551230737
145.524 322.337882511323
148.705 359.54552109579
151.885 396.720312752178
155.065 373.019024550574
158.246 368.671094746379
161.426 341.687592701184
164.606 309.841857149836
167.787 322.47688129648
170.967 367.416329550849
174.147 338.078834168717
177.328 273.479623977761
180.508 254.840446881407
183.688 268.166052141461
186.868 303.977393690192
190.049 349.703897230529
193.229 361.838409824494
196.409 321.018155303148
199.59 293.41366314362
202.77 303.546137193117
205.95 352.211419351194
209.131 325.002946473107
212.311 346.387788828068
215.491 366.004534062579
218.672 325.397316726094
221.852 242.927712584413
225.032 256.111440507238
228.213 296.412338397212
231.393 273.965020603221
234.573 262.157406967799
237.753 323.157393667747
240.934 355.565823985692
244.114 346.439897031385
247.294 341.739989778589
250.475 316.745827614724
253.655 313.200030632328
256.835 298.421533860864
260.016 273.6350286928
263.196 255.361967347858
264.196 261.437196504059
272.598 295.444606061597
281.001 306.836183730719
289.403 320.840102761324
297.806 346.451150187737
306.208 351.63901504482
314.611 333.046750508014
323.013 295.539228168402
331.415 254.25461566486
339.818 250.069854442743
348.22 238.965195674841
356.623 237.940288543669
365.025 261.245487297935
373.428 276.596200713797
381.83 294.238571283972
390.232 306.044195943353
398.635 285.362364582781
407.037 274.426131247853
415.44 272.384506953205
423.842 271.953578780737
432.245 262.920043239507
440.647 264.457663171929
449.049 264.799399458663
457.452 252.129539672806
465.854 214.75364823948
474.257 195.880066176728
482.659 202.527730442478
491.062 258.572485851736
499.464 252.755281505408
507.867 263.463564062734
516.269 297.522067146396
524.671 318.34623855824
533.074 305.476127574546
541.476 278.300494078487
549.879 215.155284683285
558.281 212.884286098138
566.684 219.907928439409
575.086 208.002928815184
583.488 188.030556971001
591.891 161.20761674421
600.293 116.256534440338
608.696 114.929462137676
617.098 158.128762630123
625.501 164.30809686467
633.903 168.495312533298
642.305 169.293414552383
650.708 156.91250865135
659.11 155.282465948194
667.513 192.088892900231
675.915 205.398184284536
684.318 214.566408213428
692.72 215.279704101515
693.72 204.196133133432
715.867 191.779539913226
738.014 189.42337312042
760.161 236.421392462022
782.307 185.669576633416
804.454 213.738096506149
826.601 206.106509517672
848.748 173.485824055035
870.895 187.48308281659
893.042 228.524270441146
915.189 199.842303934461
937.335 207.505426838784
959.482 228.026907118778
981.629 188.675488996433
1003.776 196.816385945072
1025.923 169.06811296803
1048.07 187.561836895844
1070.217 195.629634157108
1092.364 201.391673333425
1114.51 174.26227024846
1136.657 164.909779654385
1158.804 148.49192352068
1180.951 218.294587983619
1203.098 226.208617781712
1225.245 142.671472121736
1247.392 130.008329590271
1269.538 168.941247605902
1291.685 141.790486754786
1313.832 159.85205609299
1335.979 132.249987002868
1358.126 135.780253668533
1380.273 129.781817683508
1402.42 188.252907700419
1424.566 150.259352745939
1446.713 120.064427790481
1468.86 152.484490139627
1491.007 130.705057327144
1513.154 169.39301646635
1535.301 163.847694431338
1557.448 117.893298182975
1579.595 153.452254053374
1601.741 170.852237882322
1623.888 135.024531098603
1646.035 129.531358065364
1668.182 127.484049323436
1690.329 131.01097699742
1712.476 147.099374536193
1734.623 137.602264013938
1756.769 130.275632588795
1778.916 152.607359285071
1801.063 126.682674713244
1823.21 139.813324183592
1824.21 161.802302634575
1882.531 143.827408878879
1940.853 128.174114741137
1999.174 153.602583514038
2057.495 134.314051269338
2115.817 135.921934172661
2174.138 141.399508198064
2232.46 166.352457997982
2290.781 158.180242775487
2349.102 128.124393980625
2407.424 110.717715834397
2465.745 144.855638383191
2524.066 139.982111199246
2582.388 91.6480828577898
2640.709 79.6334847901761
2699.031 122.468880797286
2757.352 161.026588216785
2815.673 133.103132454993
2873.995 102.360967434557
2932.316 115.733292523177
2990.637 127.881360200914
3048.959 108.337767835834
3107.28 100.714396201026
3165.602 127.614054310873
3223.923 118.611511684094
3282.244 118.63218419539
3340.566 129.566573186318
3398.887 101.859416081371
3457.208 98.5351619031286
3515.53 70.8993610148994
3573.851 92.5592412902715
3632.173 103.969371508456
3690.494 113.805553612237
3748.815 125.191267052969
3807.137 123.144525084306
3865.458 140.473373542746
3923.779 114.746998298116
3982.101 114.982963495963
4040.422 119.050079509207
4098.744 89.9944792163132
4157.065 100.159837989011
4215.386 112.631763226156
4273.708 104.007563668147
4332.029 92.4873949373231
4390.35 80.0790535496083
4448.672 64.8496837489671
4506.993 79.1447121959767
4565.315 80.7188522691315
4623.636 104.915787661707
4681.957 112.346548324012
4740.279 100.286424406821
4798.6 91.5239391259913
4799.6 116.152191602502
4953.131 130.619159472917
5106.663 124.440149164314
5260.194 102.799084258776
5413.725 98.00130328365
5567.257 90.9741230980036
5720.788 79.3845328092886
5874.32 85.5962597565761
6027.851 67.8874225788556
6181.382 65.0081682713307
6334.914 89.3508349382987
6488.445 74.0931585672566
6641.976 96.7742780078424
6795.508 91.2973069030111
6949.039 80.4813219776139
7102.571 79.4251280376174
7256.102 71.2532706383082
7409.633 67.2926942928942
7563.165 75.007408160558
7716.696 89.2127467279445
7870.227 88.826402843685
8023.759 70.1563805587537
8177.29 63.7505806984083
8330.822 57.9626252598762
8484.353 68.7429571011095
8637.884 80.6582162699644
8791.416 86.8714664474474
8944.947 91.7338192632003
9098.478 99.6897952784002
9252.01 83.4688847361748
9405.541 74.9612052052901
9559.073 63.8974262423803
9712.604 76.5684108469262
9866.135 78.5030977456264
10019.667 82.9113487882472
10173.198 64.0782074496756
10326.729 83.4846938181092
10480.261 87.7090191048534
10633.792 86.9536300481053
10787.324 67.4046634070585
10940.855 59.6458707180674
11094.386 63.9942797936574
11247.918 56.9454870895702
11401.449 69.4172160528077
11554.98 68.6097702110451
11708.512 67.5549654861582
11862.043 67.1161869408226
12015.575 57.9521676088405
12169.106 67.4913548601764
12322.637 62.8484995996289
12476.169 62.9836360113681
12629.7 70.8321200917888
12630.7 50.6506979756979
13034.822 48.8571112066873
13438.943 54.3491752043524
13843.065 57.2712692911872
14247.186 61.5524982656882
14651.308 67.2463234300685
15055.429 62.7793668682065
15459.551 55.5566195468691
15863.673 50.435232838482
16267.794 55.7253225709206
16671.916 58.3490781075485
17076.037 53.6988247526639
17480.159 41.5734236758711
17884.28 46.8514543416788
18288.402 54.0648023468175
18692.524 56.9329125684724
19096.645 49.5640672933623
19500.767 49.0325757961167
19904.888 62.203777144938
20309.01 69.8538893946956
20713.131 63.5405807339835
21117.253 46.6681286468423
21521.375 43.38180666606
21925.496 41.5452636324833
22329.618 28.9899882081767
22733.739 24.9978650712562
23137.861 37.3859329908842
23541.982 41.2825027764653
23946.104 44.2696608243803
24350.225 45.3245161834401
24754.347 45.2774618778394
25158.469 45.0479997322045
25562.59 37.8412026790766
25966.712 30.7776593334416
26370.833 36.5296332199991
26774.955 42.7190170636168
27179.076 43.5348950100427
27583.198 38.2573482067029
27987.32 34.0916282033854
28391.441 34.6334131625557
28795.563 33.9185795687572
29199.684 38.238959457412
29603.806 48.8995541382937
30007.927 51.1998354872572
30412.049 41.5598454077693
30816.171 37.6092821868647
31220.292 40.5304021486692
31624.414 47.2361993262725
32028.535 45.2457024710669
32432.657 42.7144933389872
32836.778 39.0460357084797
33240.9 38.9501563244201
33241.9 48.3732695514429
34305.559 48.0258359097389
35369.218 42.9066701602578
36432.876 33.7295527135597
37496.535 32.4404740158217
38560.194 33.82558009149
39623.853 35.7577315493518
40687.512 35.1645908659161
41751.171 38.343702799058
42814.829 40.1077918126269
43878.488 35.9328140675336
44942.147 36.8950001560179
46005.806 40.5901385416512
47069.465 41.0517230531618
48133.124 28.965838968819
49196.782 26.3133012322554
50260.441 28.850240884187
51324.1 34.8273994787917
52387.759 34.4714331965398
53451.418 32.0229252281542
54515.076 30.4531964834171
55578.735 26.1718010602113
56642.394 22.0665162757682
57706.053 27.8173660392603
58769.712 32.2247008867577
59833.371 30.3411837409621
60897.029 29.4775954461914
61960.688 26.3901672569238
63024.347 28.7160081350208
64088.006 27.4023616876924
65151.665 26.0405252068815
66215.324 31.2429188244915
67278.982 34.6555465152212
68342.641 32.9645840819732
69406.3 31.750769768424
70469.959 28.3950933347092
71533.618 28.166887839082
72597.276 28.8879907035493
73660.935 30.3079953275206
74724.594 27.8012652940752
75788.253 27.7973621648492
76851.912 28.9486654705512
77915.571 27.9225306061479
78979.229 27.1645749535224
80042.888 29.3249019821081
81106.547 30.5920330142254
82170.206 31.4035411847064
83233.865 26.4168330489669
84297.524 24.290018972386
85361.182 24.3593470254496
86424.841 25.1905458042098
87488.5 24.2273208448433
87489.5 25.0625895330882
90289.039 25.5921801692353
93088.578 24.9473515921658
95888.118 23.8478201083748
98687.657 21.3309853703813
101487.196 19.991663940492
104286.735 22.34293830981
107086.275 22.4539140766784
109885.814 20.5486201521332
112685.353 15.9084012135079
115484.892 14.18521625632
118284.431 14.3889005108988
121083.971 16.4596775369173
123883.51 13.9230381357514
126683.049 13.7033272930592
129482.588 14.2237712741426
132282.127 14.7080029043651
135081.667 15.4552360981584
137881.206 16.026345631001
140680.745 17.0887193456026
143480.284 16.8472023677432
146279.824 18.0529688042522
149079.363 18.8662529998407
151878.902 18.8350899659882
154678.441 17.3575438073995
157477.98 16.0161792148161
160277.52 13.5281647374395
163077.059 13.8243947703368
165876.598 13.6204230910974
168676.137 13.9762899908034
171475.676 15.0285510991039
174275.216 15.7946466598408
177074.755 17.8644242537752
179874.294 20.854373471859
182673.833 21.6884004918695
185473.373 20.740294550217
188272.912 18.1454533876405
191072.451 16.717890305435
193871.99 14.4768395712961
196671.529 13.1250947677924
199471.069 13.6185899060577
202270.608 12.7962998775418
205070.147 12.6940135723756
207869.686 14.0572705890791
210669.225 14.7294004176397
213468.765 16.052611741293
216268.304 17.5973184904186
219067.843 16.1247787369157
221867.382 16.3115951442129
224666.922 15.9872719176693
227466.461 15.2920974343606
230266 16.0642543182062
230267 17.7966382213345
237635.294 15.8119320915735
245003.588 12.4287944663314
252371.882 13.7202631085083
259740.176 14.6521638818277
267108.471 11.5811791050023
274476.765 9.86222052786463
281845.059 15.3692095500604
289213.353 14.2503564408123
296581.647 13.014988863667
303949.941 12.8329818059104
311318.235 14.7395242396182
318686.529 17.4145841567026
326054.824 13.6143922249281
333423.118 10.2492681670709
340791.412 10.1722674091703
348159.706 13.7350098825228
355528 10.3973527468934
362896.294 11.152162904271
370264.588 10.3729414429422
377632.882 12.3267897208229
385001.176 14.411513640813
392369.471 10.5420664501408
399737.765 8.81688652953131
407106.059 8.82581622601756
414474.353 13.7968482857057
421842.647 11.4906852946635
429210.941 11.0062220323801
436579.235 8.7967311008782
443947.529 10.2184190297049
451315.824 10.2795983700945
458684.118 9.96344306379142
466052.412 11.6587393870691
473420.706 12.9489573662875
480789 12.2416103685402
488157.294 9.00620473909727
495525.588 8.07226430782481
502893.882 9.39222437578255
510262.176 11.0188823274423
517630.471 10.3593910313092
524998.765 8.19765048229579
532367.059 9.34264643137198
539735.353 8.43553657755887
547103.647 9.36734006546968
554471.941 9.3612343076208
561840.235 11.3829539744469
569208.529 9.79608499477285
576576.824 9.39081669570407
583945.118 11.123754605754
591313.412 8.06779930037274
598681.706 9.5658663993654
606050 9.78920305754451
606051 9.2084309335412
625444.118 9.13360553808548
644837.235 9.42494279083664
664230.353 10.6422694796025
683623.471 6.34887417573013
703016.588 5.9366784739253
722409.706 8.14326840303975
741802.824 8.77100519668238
761195.941 8.10324632355649
780589.059 8.16665774686069
799982.176 8.55738543075013
819375.294 8.43594061135213
838768.412 6.35653366034783
858161.529 7.72384624161209
877554.647 8.73726089175978
896947.765 7.67665547051757
916340.882 7.78128783655372
935734 6.55991391787413
955127.118 8.23221944208276
974520.235 7.32797559777429
993913.353 7.43950859054953
1013306.471 9.20105226919417
1032699.588 6.15957304288928
1052092.706 6.60203115601563
1071485.824 7.91551437148926
1090878.941 8.67698182768155
1110272.059 8.40333413578168
1129665.176 6.87646369744164
1149058.294 6.85957196267846
1168451.412 9.09749528199998
1187844.529 6.96633797173511
1207237.647 6.97694017966545
1226630.765 5.43226841027903
1246023.882 5.47062454967088
1265417 8.00240415559969
1284810.118 7.13518067271507
1304203.235 7.16222683417772
1323596.353 6.02846395263032
1342989.471 6.47080275076812
1362382.588 5.41806191604159
1381775.706 9.18357059924059
1401168.824 7.27210386563326
1420561.941 6.16449313645168
1439955.059 6.41079870768519
1459348.176 7.48327388656766
1478741.294 6.72947242551899
1498134.412 6.15469915413821
1517527.529 5.91477385043119
1536920.647 6.14672846752112
1556313.765 8.04249445689921
1575706.882 5.77170931509741
1595100 5.81088436621343
1595100 6.99168636155551
1646141.765 6.2354655339644
1697183.529 3.28334548651243
1748225.294 6.36567962376898
1799267.059 5.41913591385675
1850308.824 4.11644125926245
1901350.588 5.20369638252788
1952392.353 6.4720584862795
2003434.118 6.14253002630002
2054475.882 4.26421423048037
2105517.647 6.88991850879142
2156559.412 6.93954734170652
2207601.176 4.48650071131089
2258642.941 6.68166190517911
2309684.706 3.62581443333579
2360726.471 5.28975522216089
2411768.235 4.21065942056171
2462810 4.09240989910961
2513851.765 5.60632444312705
2564893.529 4.50645892657476
2615935.294 4.70521962943164
2666977.059 6.49853383919883
2718018.824 4.09622839827914
2769060.588 4.90054330946231
2820102.353 5.55791803987051
2871144.118 4.28919726027543
2922185.882 3.9137945186606
2973227.647 4.78779451495183
3024269.412 5.04088118525034
3075311.176 5.49133350211936
3126352.941 4.07105044535665
3177394.706 5.25624095527546
3228436.471 4.32741417283406
3279478.235 5.09372995628067
3330520 4.35119601216963
3381561.765 4.22777468900379
3432603.529 4.2684690843283
3483645.294 3.06552269715463
3534687.059 5.39645484400661
3585728.824 4.32356326081309
3636770.588 4.88997776792913
3687812.353 3.89640807988178
3738854.118 3.1993010811943
3789895.882 3.35048581397579
3840937.647 3.90692508408513
3891979.412 4.38304071512894
3943021.176 3.26604235198691
3994062.941 4.46021554821439
4045104.706 3.92344480908451
4096146.471 4.61478838484776
4147188.235 5.37000529359341
4198230 3.6960537965855
4198230 6.13547247659841
4332570.588 3.97586499249787
4466911.176 3.33872539557314
4601251.765 4.34500726153768
4735592.353 3.21786443327485
4869932.941 2.95704196623149
5004273.529 3.78074471164604
5138614.118 4.00570816253228
5272954.706 3.87510911968755
5407295.294 4.00477200777364
5541635.882 3.86420019182466
5675976.471 3.44855625121847
5810317.059 2.84245899468896
5944657.647 3.70653732515481
6078998.235 4.29343675063926
6213338.824 3.41111442939838
6347679.412 2.43504522162371
6482020 4.17478854994775
6616360.588 3.83564443688435
6750701.176 3.82473232196722
6885041.765 3.22964307356732
7019382.353 3.2068648517329
7153722.941 2.7468326437771
7288063.529 4.22778545735584
7422404.118 3.77451147555767
7556744.706 2.75792215932152
7691085.294 3.13254488579753
7825425.882 2.42971231867376
7959766.471 2.60854886518859
8094107.059 2.78694658788576
8228447.647 3.25982777326552
8362788.235 4.06275410621249
8497128.824 2.83968455227836
8631469.412 2.96748436117796
8765810 2.65806057197668
8900150.588 2.91143433743783
9034491.176 2.87117654983106
9168831.765 2.84482251139846
9303172.353 3.72601460207183
9437512.941 2.69454850055515
9571853.529 3.72183949421782
9706194.118 3.47035022840752
9840534.706 3.37736001406509
9974875.294 3.33495014867603
10109215.882 2.09088725711688
10243556.471 2.74020976194913
10377897.059 2.33095682192871
10512237.647 3.732772805045
10646578.235 3.55567687630341
10780918.824 2.32677647627657
10915259.412 2.12703649934354
11049600 2.60594132794509
11049600 2.68958338444459
11403174.51 1.55204557204937
11756749.02 2.40020459991693
12110323.529 3.68497934419155
12463898.039 2.42891615395231
12817472.549 2.45998096051028
13171047.059 1.87344636930417
13524621.569 3.36247324563695
13878196.078 2.17876960184325
14231770.588 2.7291760601929
14585345.098 2.97528611062708
14938919.608 2.38230143727273
15292494.118 3.42688326673297
15646068.627 2.16647189523461
15999643.137 2.5289214180542
16353217.647 2.58264324278893
16706792.157 1.75643474503906
17060366.667 1.90845199407947
17413941.176 2.55290095162218
17767515.686 2.58653212286943
18121090.196 2.47754526132644
18474664.706 1.88508285212763
18828239.216 2.69345839923442
19181813.725 2.24758123458663
19535388.235 2.61834121157689
19888962.745 1.57880324629398
20242537.255 2.02211351862668
20596111.765 2.069942201068
20949686.275 2.10080419205269
21303260.784 1.32478136816945
21656835.294 2.57248683465054
22010409.804 2.05257113615211
22363984.314 2.42614385389836
22717558.824 2.36078422820253
23071133.333 2.14110574821966
23424707.843 1.7124047256448
23778282.353 2.20552477188288
24131856.863 2.43779850829568
24485431.373 2.81467686012404
24839005.882 2.27764185934256
25192580.392 2.492519029754
25546154.902 1.96754629040712
25899729.412 1.81628654923505
26253303.922 2.23702857848446
26606878.431 1.70553442204214
26960452.941 1.93941772113513
27314027.451 2.02072949396055
27667601.961 2.16818268740503
28021176.471 1.79862077702031
28374750.98 2.21919876433701
28728325.49 2.21313906083556
29081900 2.40206675795934
29081900 2.56739131484329
30012498.039 2.28517360678732
30943096.078 2.12187015536753
31873694.118 1.65761883108994
32804292.157 1.97252409556017
33734890.196 2.82604698110783
34665488.235 2.26340713440146
35596086.275 1.56441427093813
36526684.314 2.10122223601198
37457282.353 1.8064627362139
38387880.392 1.40281195602448
39318478.431 2.4417967368153
40249076.471 1.52249128704618
41179674.51 1.63736121778856
42110272.549 2.02001946084664
43040870.588 2.01291224588461
43971468.627 1.96326294879978
44902066.667 1.63710355820627
45832664.706 1.29922349009888
46763262.745 1.56892500864514
47693860.784 1.89117335090828
48624458.824 1.84985206677209
49555056.863 1.98895827237115
50485654.902 1.33910704766247
51416252.941 2.25109180014636
52346850.98 2.23054987761202
53277449.02 2.33294937697731
54208047.059 1.72435592961003
55138645.098 2.14891030045105
56069243.137 0.723005273655107
56999841.176 2.13924948567872
57930439.216 1.88429757804642
58861037.255 2.24738824106899
59791635.294 1.49280692481372
60722233.333 1.61738172175605
61652831.373 2.0229335038803
62583429.412 1.3977911687193
63514027.451 1.2602758227247
64444625.49 2.22419492827906
65375223.529 1.67095139814414
66305821.569 2.26043810078739
67236419.608 1.60164991765814
68167017.647 1.31293809519337
69097615.686 1.78669238631139
70028213.725 1.50336268856829
70958811.765 2.15457451036228
71889409.804 1.83377495254154
72820007.843 2.16778674593083
73750605.882 1.62221566053807
74681203.922 2.20051786791808
75611801.961 1.04266466606171
76542400 1.81972347273841
76542400 1.37166021893955
78991686.275 2.20391774322391
81440972.549 1.7180298875394
83890258.824 1.67600632015359
86339545.098 1.58779982400035
88788831.373 2.50043828533566
91238117.647 1.86559600164508
93687403.922 3.01569982384576
96136690.196 NaN
98585976.471 2.14864186106597
101035262.745 2.58905281421422
103484549.02 NaN
105933835.294 1.19073684452162
108383121.569 1.0477846102895
110832407.843 1.74788788232082
113281694.118 0.911267172589816
115730980.392 0.865790810799856
118180266.667 0.763889540027188
120629552.941 1.17926604171273
123078839.216 1.74300890579375
125528125.49 1.40686859013171
127977411.765 2.2750319514755
130426698.039 1.39951538235226
132875984.314 1.05996248484393
135325270.588 NaN
137774556.863 1.17888859018987
140223843.137 0.633292854448714
142673129.412 1.8368510172417
145122415.686 1.49364022602583
147571701.961 NaN
150020988.235 2.2174724070992
152470274.51 NaN
154919560.784 1.51345162632662
157368847.059 2.04446171967001
159818133.333 1.28981120571589
162267419.608 1.64029292065486
164716705.882 2.93439712074465
167165992.157 2.78486598059094
169615278.431 2.31828056899348
172064564.706 1.86049006612346
174513850.98 NaN
176963137.255 2.20429008919043
179412423.529 1.93360109787141
181861709.804 NaN
184310996.078 NaN
186760282.353 1.45477831523336
189209568.627 2.46586773727449
191658854.902 3.51234994080861
194108141.176 1.37435064347145
196557427.451 2.87843996081694
199006713.725 2.99436008812754
201456000 2.31704655177556
