Vgs	Gm_Vds=0.01V	Gm_Vds=0.02V	Gm_Vds=0.03V	Gm_Vds=0.04V	Gm_Vds=0.05V	Gm_Vds=0.06V	Gm_Vds=0.07V	Gm_Vds=0.08V	Gm_Vds=0.09V	Gm_Vds=0.1V
-0.3	6.19999999999942e-10	1.22000000000004e-09	-1.36e-09	-2.18e-09	-2.59999999999997e-10	1.02e-09	-3.546e-09	-1.17999999999999e-10	2.5e-09	-2.408e-09
-0.295	-1.18333333333363e-10	-1.84999999999974e-10	-1.39333333333334e-09	-1.96666666666666e-09	-4.76666666666661e-10	1.90333333333332e-10	-2.59066666666667e-09	1.11666666666694e-11	9.925e-10	-1.41416666666666e-09
-0.29	-5.13000000000019e-10	-4.30999999999989e-10	-1.196e-09	-1.254e-09	-4.69e-10	-4.69800000000002e-10	-1.6992e-09	-4.14400000000001e-10	2.55199999999998e-10	-1.4313e-09
-0.285	-7.57000000000006e-10	-7.81999999999997e-10	-9.84000000000001e-10	-9.59999999999998e-10	-5.90000000000001e-10	-8.50200000000002e-10	-1.2978e-09	-5.70000000000002e-10	-6.52500000000002e-10	-1.1025e-09
-0.28	-1.165e-09	-9.38000000000003e-10	-7.98000000000002e-10	-8.29999999999996e-10	-6.99000000000002e-10	-1.3257e-09	-9.96700000000002e-10	-7.31800000000002e-10	-9.17800000000002e-10	-7.59400000000003e-10
-0.275	-1.106e-09	-8.43000000000003e-10	-9.98000000000001e-10	-8.46999999999997e-10	-7.62000000000003e-10	-1.1442e-09	-8.14400000000002e-10	-8.19400000000003e-10	-8.71600000000003e-10	-9.36300000000002e-10
-0.27	-8.02000000000002e-10	-6.82999999999998e-10	-1.091e-09	-8.95999999999999e-10	-8.00000000000001e-10	-6.42600000000002e-10	-9.09300000000001e-10	-7.95700000000002e-10	-1.1266e-09	-1.201e-09
-0.265	-8.87999999999999e-10	-6.42999999999998e-10	-8.25999999999996e-10	-9.15999999999999e-10	-8.66999999999998e-10	-5.83500000000001e-10	-9.71499999999999e-10	-7.778e-10	-1.0816e-09	-8.90899999999999e-10
-0.26	-9.75e-10	-6.54000000000001e-10	-8.42999999999997e-10	-8.46999999999999e-10	-9.04999999999998e-10	-5.852e-10	-6.43599999999998e-10	-7.99099999999998e-10	-7.25399999999999e-10	-6.60799999999999e-10
-0.255	-8.96000000000005e-10	-5.37000000000003e-10	-8.97999999999998e-10	-7.03e-10	-8.13999999999997e-10	-5.747e-10	-3.01399999999998e-10	-7.81699999999999e-10	-6.37799999999999e-10	-8.07899999999999e-10
-0.25	-9.26000000000002e-10	-4.56000000000003e-10	-5.44999999999997e-10	-6.72000000000003e-10	-8.19999999999997e-10	-7.58599999999998e-10	-3.822e-10	-7.08799999999999e-10	-5.10999999999999e-10	-6.372e-10
-0.245	-8.33999999999999e-10	-6.97000000000003e-10	-4.23999999999998e-10	-5.71000000000003e-10	-9.38e-10	-7.20299999999998e-10	-5.47600000000001e-10	-6.37699999999999e-10	-3.512e-10	-3.22900000000001e-10
-0.24	-6.90000000000004e-10	-8.31999999999999e-10	-5.24e-10	-4.56000000000001e-10	-8.06000000000003e-10	-6.646e-10	-6.82100000000001e-10	-5.98e-10	-3.86000000000001e-10	-4.18900000000001e-10
-0.235	-6.63000000000004e-10	-6.66999999999994e-10	-5.05e-10	-5.88000000000002e-10	-5.23000000000003e-10	-8.618e-10	-1.0348e-09	-5.09800000000001e-10	-4.17500000000001e-10	-7.23700000000001e-10
-0.23	-5.72999999999998e-10	-6.79999999999994e-10	-5.21999999999999e-10	-7.68000000000003e-10	-4.43000000000004e-10	-8.18100000000001e-10	-1.2919e-09	-4.81e-10	-5.61300000000001e-10	-8.334e-10
-0.225	-5.28999999999996e-10	-7.56999999999997e-10	-5.58e-10	-7.61000000000001e-10	-4.07000000000003e-10	-4.63400000000002e-10	-1.0639e-09	-5.95899999999999e-10	-6.74500000000001e-10	-7.009e-10
-0.22	-6.39999999999997e-10	-7.63999999999998e-10	-5.10000000000001e-10	-6.93999999999999e-10	-2.82e-10	-3.966e-10	-6.36e-10	-5.638e-10	-5.33e-10	-4.605e-10
-0.215	-7.33999999999993e-10	-7.84e-10	-5.02000000000001e-10	-6.65999999999999e-10	-4.78999999999998e-10	-4.77599999999998e-10	-4.573e-10	-3.30099999999999e-10	-4.478e-10	-3.913e-10
-0.21	-7.21999999999994e-10	-8.13000000000001e-10	-5.83999999999999e-10	-4.46999999999998e-10	-6.68999999999999e-10	-3.478e-10	-3.448e-10	-2.39699999999999e-10	-5.10300000000001e-10	-4.37400000000001e-10
-0.205	-6.26000000000002e-10	-7.01e-10	-5.23999999999999e-10	-3.58999999999996e-10	-5.7e-10	-2.82599999999999e-10	-2.91600000000001e-10	-3.566e-10	-4.64700000000001e-10	-4.06200000000001e-10
-0.2	-5.85000000000006e-10	-5.16000000000001e-10	-5.22000000000001e-10	-4.63999999999995e-10	-5.44000000000002e-10	-4.13399999999998e-10	-4.11600000000002e-10	-5.03600000000001e-10	-4.94800000000001e-10	-3.26000000000001e-10
-0.195	-6.42000000000007e-10	-4.33000000000001e-10	-5.89000000000001e-10	-4.66999999999998e-10	-4.44000000000004e-10	-5.715e-10	-3.87100000000001e-10	-6.39e-10	-5.615e-10	-2.16800000000001e-10
-0.19	-5.70000000000009e-10	-2.95999999999995e-10	-6.02000000000001e-10	-4.29999999999999e-10	-1.53000000000002e-10	-5.46800000000001e-10	-2.87400000000001e-10	-6.20199999999999e-10	-3.115e-10	-3.605e-10
-0.185	-3.44000000000006e-10	-3.28999999999993e-10	-5.72000000000002e-10	-4.03999999999997e-10	2.10000000000025e-11	-4.06400000000002e-10	-2.93400000000001e-10	-4.67999999999998e-10	-1.25599999999999e-10	-4.917e-10
-0.18	-2.69999999999996e-10	-4.95999999999995e-10	-4.22000000000001e-10	-1.17999999999999e-10	7.00000000000243e-12	-3.88700000000004e-10	-2.24e-10	-3.45199999999999e-10	-2.36999999999999e-10	-3.575e-10
-0.175	-3.39999999999992e-10	-3.35999999999996e-10	-3.85e-10	-2.59999999999996e-11	-3.69999999999986e-11	-4.40500000000001e-10	-1.277e-10	-8.18999999999993e-11	-2.029e-10	-2.32400000000001e-10
-0.17	-2.68999999999995e-10	-2.35999999999998e-10	-3.67000000000001e-10	-3.50999999999998e-10	-1.60999999999997e-10	-2.75799999999999e-10	-1.16000000000001e-10	2.242e-10	4.89999999999984e-12	-3.00800000000001e-10
-0.165	-2.23999999999994e-10	-4.58000000000004e-10	-1.05000000000001e-10	-3.57999999999998e-10	-2.08999999999997e-10	-1.39000000000002e-11	5.27999999999992e-11	1.071e-10	-3.78999999999997e-11	-2.55400000000001e-10
-0.16	-3.14999999999993e-10	-3.73000000000007e-10	8.69999999999998e-11	-3.92999999999998e-10	-2.38e-10	1.98e-10	2.47500000000001e-10	-6.39000000000003e-11	-1.973e-10	9.16999999999998e-11
-0.155	-2.23999999999998e-10	-2.30000000000004e-10	-1e-10	-4.72999999999998e-10	-2.74000000000001e-10	4.13600000000001e-10	2.78800000000002e-10	1.45800000000001e-10	-2.73000000000004e-11	1.594e-10
-0.15	-8.90000000000024e-11	-3.58999999999998e-10	-1.95000000000001e-10	-3.06999999999999e-10	-1.59999999999999e-10	5.06899999999999e-10	1.42000000000002e-10	1.53500000000001e-10	2.217e-10	-7.14000000000002e-11
-0.145	-2.09000000000002e-10	-1.52999999999997e-10	-1.33000000000002e-10	-1.59e-10	-3.29999999999979e-11	3.18899999999998e-10	-1.27999999999998e-10	-5.91999999999998e-11	2.559e-10	-9.17000000000001e-11
-0.14	-2.87000000000001e-10	1.21e-10	-2.69000000000003e-10	-1.55e-10	9.30000000000014e-11	-2.32800000000001e-10	-1.64099999999999e-10	6.01999999999998e-11	2.987e-10	1.128e-10
-0.135	-3.03000000000002e-10	-4.00000000000123e-12	-2.95e-10	-1.12000000000002e-10	1.46000000000001e-10	-5.45499999999999e-10	5.15999999999996e-11	5.32999999999995e-11	5.23e-10	2.698e-10
-0.13	-4.48000000000001e-10	-5.20000000000036e-11	-1.60999999999998e-10	1.41e-10	2.09000000000002e-10	-3.74899999999998e-10	2.06499999999998e-10	-1.874e-10	7.491e-10	3.895e-10
-0.125	-4.44999999999996e-10	2.29999999999947e-11	-8.79999999999982e-11	3.78e-10	2.46000000000001e-10	-6.88699999999997e-10	2.67499999999997e-10	7.37000000000017e-11	7.37e-10	4.796e-10
-0.12	-2.04999999999993e-10	-8.50000000000012e-11	7.20000000000011e-11	5.02999999999999e-10	1.86999999999999e-10	-9.22699999999999e-10	4.14899999999998e-10	5.20200000000001e-10	4.75699999999999e-10	4.93e-10
-0.115	2.00000000000471e-12	-4.99999999999987e-11	3.46000000000001e-10	4.21999999999999e-10	1.99999999999999e-10	2.37200000000001e-10	4.54299999999999e-10	5.987e-10	3.474e-10	5.605e-10
-0.11	-4.10000000000003e-11	1.02999999999999e-10	4.49999999999998e-10	4.67999999999999e-10	1.88999999999998e-10	1.3389e-09	4.03799999999999e-10	6.65e-10	6.79500000000001e-10	6.56e-10
-0.105	-6.90000000000046e-11	4.20000000000007e-11	4.40999999999995e-10	7.04999999999997e-10	2.39999999999997e-10	1.2848e-09	6.008e-10	8.04199999999999e-10	9.166e-10	7.568e-10
-0.1	2.89999999999924e-11	-9.99999999996013e-13	6.02999999999997e-10	8.03999999999996e-10	4.81999999999999e-10	1.2217e-09	8.763e-10	6.88499999999998e-10	9.09000000000001e-10	8.747e-10
-0.095	4.99999999999948e-11	2.46000000000001e-10	6.20000000000002e-10	8.04999999999999e-10	7.49e-10	1.3091e-09	1.0255e-09	6.613e-10	1.1483e-09	9.986e-10
-0.09	7.69999999999988e-11	3.85999999999999e-10	4.38000000000004e-10	9.44e-10	9.45e-10	1.2013e-09	1.1489e-09	1.2682e-09	1.4455e-09	1.2712e-09
-0.085	2.10000000000002e-10	3.49e-10	5.78000000000004e-10	1.047e-09	1.222e-09	1.0964e-09	1.2582e-09	1.9474e-09	1.4013e-09	1.7331e-09
-0.08	4.53000000000007e-10	5.94e-10	8.62000000000004e-10	8.95e-10	1.335e-09	1.0891e-09	1.3238e-09	1.6203e-09	1.3793e-09	1.9224e-09
-0.075	4.72000000000004e-10	7.98000000000001e-10	9.69000000000004e-10	1.066e-09	1.243e-09	1.695e-09	1.6282e-09	8.144e-10	1.7871e-09	1.8213e-09
-0.07	3.26999999999997e-10	8.06999999999999e-10	1.11e-09	1.446e-09	1.413e-09	2.4743e-09	1.9892e-09	9.234e-10	2.2187e-09	2.0586e-09
-0.065	3.77999999999996e-10	1.033e-09	1.364e-09	1.604e-09	1.7e-09	2.2927e-09	2.1977e-09	1.7424e-09	2.4493e-09	2.3952e-09
-0.06	5.79999999999996e-10	1.393e-09	1.636e-09	1.79e-09	2.051e-09	2.1393e-09	2.5536e-09	2.2768e-09	2.6701e-09	2.497e-09
-0.055	6.64999999999993e-10	1.581e-09	1.918e-09	2.236e-09	2.547e-09	2.7587e-09	2.8916e-09	3.3948e-09	2.9091e-09	2.7926e-09
-0.05	6.89999999999997e-10	1.734e-09	2.18e-09	2.639e-09	3.052e-09	3.2136e-09	3.1904e-09	5.244e-09	3.2672e-09	3.4432e-09
-0.045	9.34000000000001e-10	1.975e-09	2.522e-09	2.898e-09	3.60300000000001e-09	3.6438e-09	3.6699e-09	5.5072e-09	3.8952e-09	4.1241e-09
-0.04	1.149e-09	2.382e-09	2.975e-09	3.425e-09	4.13900000000001e-09	4.3849e-09	4.3551e-09	4.4635e-09	4.6541e-09	4.8108e-09
-0.035	1.346e-09	2.848e-09	3.393e-09	4.179e-09	4.46810000000001e-09	4.9504e-09	5.2109e-09	4.4867e-09	5.4979e-09	5.6275e-09
-0.03	1.66700000000001e-09	3.042e-09	4.005e-09	4.966e-09	4.9955e-09	5.4525e-09	6.1185e-09	5.711e-09	6.5189e-09	6.671e-09
-0.025	2.009e-09	3.493e-09	4.853e-09	5.795e-09	6.1471e-09	6.5217e-09	7.0553e-09	7.1473e-09	7.6609e-09	7.8931e-09
-0.02	2.261e-09	4.245e-09	5.708e-09	6.679e-09	7.2447e-09	7.8215e-09	8.1706e-09	8.6253e-09	8.9084e-09	9.2277e-09
-0.015	2.706e-09	4.762e-09	6.672e-09	7.73e-09	8.2611e-09	8.9668e-09	9.6272e-09	1.01084e-08	1.02904e-08	1.06699e-08
-0.01	3.402e-09	5.604e-09	7.837e-09	9.0721e-09	9.9142e-09	1.05626e-08	1.1247e-08	1.17721e-08	1.19019e-08	1.20748e-08
-0.005	3.80799999999999e-09	6.991e-09	9.05200000000001e-09	1.04398e-08	1.18307e-08	1.26129e-08	1.30508e-08	1.35614e-08	1.38311e-08	1.39779e-08
0	4.356e-09	8.21e-09	1.0571e-08	1.1904e-08	1.35359e-08	1.45286e-08	1.52625e-08	1.54147e-08	1.59692e-08	1.64691e-08
0.005	5.243e-09	9.378e-09	1.253e-08	1.39044e-08	1.56012e-08	1.67509e-08	1.78704e-08	1.80138e-08	1.85042e-08	1.91159e-08
0.01	6.062e-09	1.0988e-08	1.44135e-08	1.64705e-08	1.84179e-08	1.97114e-08	2.07217e-08	2.12885e-08	2.17619e-08	2.2205e-08
0.015	7.026e-09	1.2838e-08	1.65982e-08	1.95466e-08	2.15595e-08	2.29731e-08	2.4011e-08	2.50198e-08	2.55412e-08	2.59954e-08
0.02	8.244e-09	1.5005e-08	1.95982e-08	2.30231e-08	2.50526e-08	2.69387e-08	2.81561e-08	2.92806e-08	3.00281e-08	3.03162e-08
0.025	9.696e-09	1.7712e-08	2.31023e-08	2.70242e-08	2.9435e-08	3.16926e-08	3.29515e-08	3.39455e-08	3.54997e-08	3.53661e-08
0.03	1.156e-08	2.09664e-08	2.71501e-08	3.1658e-08	3.47144e-08	3.68795e-08	3.83971e-08	3.98425e-08	4.1471e-08	4.14223e-08
0.035	1.3593e-08	2.46004e-08	3.1927e-08	3.69397e-08	4.06154e-08	4.31612e-08	4.50659e-08	4.72909e-08	4.80959e-08	4.84553e-08
0.04	1.5754e-08	2.8598e-08	3.73813e-08	4.32609e-08	4.74854e-08	5.09533e-08	5.29844e-08	5.53884e-08	5.61153e-08	5.69208e-08
0.045	1.8769e-08	3.34315e-08	4.36424e-08	5.07246e-08	5.57284e-08	5.96569e-08	6.19031e-08	6.4256e-08	6.55305e-08	6.69261e-08
0.05	2.2541e-08	3.92747e-08	5.10185e-08	5.95461e-08	6.5296e-08	6.95559e-08	7.25049e-08	7.50977e-08	7.66221e-08	7.8266e-08
0.055	2.6408e-08	4.61901e-08	5.96685e-08	7.00346e-08	7.64947e-08	8.17574e-08	8.52576e-08	8.79438e-08	9.0161e-08	9.1461e-08
0.06	3.08142e-08	5.43618e-08	7.00876e-08	8.20298e-08	8.97316e-08	9.60819e-08	1.001374e-07	1.02797e-07	1.05989e-07	1.07442e-07
0.065	3.63514e-08	6.37896e-08	8.26105e-08	9.60094e-08	1.052138e-07	1.123563e-07	1.1757e-07	1.20753e-07	1.24184e-07	1.26276e-07
0.07	4.25864e-08	7.46662e-08	9.72204e-08	1.130065e-07	1.237638e-07	1.31929e-07	1.37958e-07	1.4202e-07	1.45952e-07	1.48164e-07
0.075	4.96387e-08	8.75273e-08	1.141892e-07	1.329277e-07	1.45824e-07	1.55465e-07	1.61677e-07	1.66786e-07	1.71915e-07	1.74076e-07
0.08	5.83336e-08	1.029225e-07	1.341154e-07	1.59082e-07	1.71561e-07	1.82559e-07	1.89895e-07	1.96849e-07	2.02524e-07	2.05082e-07
0.085	6.86767e-08	1.211318e-07	1.577189e-07	1.89612e-07	2.01699e-07	2.15019e-07	2.23677e-07	2.32607e-07	2.38761e-07	2.41694e-07
0.09	8.08014e-08	1.426444e-07	1.85443e-07	2.19504e-07	2.37708e-07	2.54389e-07	2.63749e-07	2.73214e-07	2.8099e-07	2.84056e-07
0.095	9.54166e-08	1.680383e-07	2.18645e-07	2.55423e-07	2.80771e-07	2.99349e-07	3.10896e-07	3.20904e-07	3.29522e-07	3.33624e-07
0.1	1.124633e-07	1.97846e-07	2.58451e-07	3.00781e-07	3.30739e-07	3.51036e-07	3.65913e-07	3.77824e-07	3.86276e-07	3.92166e-07
0.105	1.323954e-07	2.33506e-07	3.04629e-07	3.50586e-07	3.88456e-07	4.12738e-07	4.30273e-07	4.43608e-07	4.52961e-07	4.60327e-07
0.11	1.559971e-07	2.762e-07	3.58382e-07	4.09224e-07	4.56787e-07	4.84959e-07	5.05292e-07	5.20077e-07	5.31952e-07	5.39986e-07
0.115	1.831122e-07	3.25893e-07	4.21653e-07	4.84314e-07	5.36623e-07	5.68918e-07	5.93023e-07	6.11428e-07	6.2567e-07	6.34746e-07
0.12	2.14993e-07	3.83746e-07	4.95172e-07	5.75635e-07	6.34177e-07	6.68828e-07	6.96978e-07	7.2071e-07	7.35424e-07	7.47152e-07
0.125	2.53356e-07	4.51495e-07	5.8116e-07	6.79398e-07	7.49082e-07	7.87614e-07	8.19216e-07	8.4805e-07	8.64953999999999e-07	8.7953e-07
0.13	2.99464e-07	5.29507e-07	6.83026e-07	7.94822e-07	8.74596e-07	9.26056e-07	9.61654e-07	9.95876e-07	1.017638e-06	1.033606e-06
0.135	3.54552e-07	6.20602e-07	8.03654e-07	9.36986e-07	1.024226e-06	1.08923e-06	1.131094e-06	1.17184e-06	1.197896e-06	1.214668e-06
0.14	4.18351e-07	7.29436e-07	9.4851e-07	1.107252e-06	1.206946e-06	1.283352e-06	1.33258e-06	1.378132e-06	1.41135e-06	1.429396e-06
0.145	4.92393e-07	8.58816e-07	1.11982e-06	1.294168e-06	1.41649e-06	1.511002e-06	1.569644e-06	1.617936e-06	1.661894e-06	1.68138e-06
0.15	5.79738e-07	1.01151e-06	1.315586e-06	1.51613e-06	1.663102e-06	1.776682e-06	1.848452e-06	1.900924e-06	1.955026e-06	1.97753e-06
0.155	6.80754e-07	1.19254e-06	1.545234e-06	1.790504e-06	1.966184e-06	2.091558e-06	2.17616e-06	2.2378e-06	2.29954e-06	2.331442e-06
0.16	7.97663e-07	1.404744e-06	1.818912e-06	2.107798e-06	2.321944e-06	2.463636e-06	2.562638e-06	2.636934e-06	2.704296e-06	2.751752e-06
0.165	9.37980000000001e-07	1.65279e-06	2.13899e-06	2.477554e-06	2.731432e-06	2.900116e-06	3.021102e-06	3.107208e-06	3.181056e-06	3.241904e-06
0.17	1.105326e-06	1.945628e-06	2.515748e-06	2.920956e-06	3.213292e-06	3.414252e-06	3.561296e-06	3.662808e-06	3.743902e-06	3.812852e-06
0.175	1.301218e-06	2.289776e-06	2.978234e-06	3.446212e-06	3.786308e-06	4.023194e-06	4.193516e-06	4.32061e-06	4.409166e-06	4.486784e-06
0.18	1.531034e-06	2.691862e-06	3.518568e-06	4.066366e-06	4.462284e-06	4.741114e-06	4.935034e-06	5.091346e-06	5.193426e-06	5.285054e-06
0.185	1.801466e-06	3.164194e-06	4.125982e-06	4.878798e-06	5.2479e-06	5.58304e-06	5.807698e-06	5.990628e-06	6.114624e-06	6.222272e-06
0.19	2.119774e-06	3.721504e-06	4.851136e-06	5.917138e-06	6.169074e-06	6.575582e-06	6.82963e-06	7.0434e-06	7.1978e-06	7.3182e-06
0.195	2.493416e-06	4.376014e-06	5.71514e-06	7.06279e-06	7.2646e-06	7.7388e-06	8.03020000000001e-06	8.27600000000001e-06	8.478e-06	8.6054e-06
0.2	2.929666e-06	5.144192e-06	6.705458e-06	8.323e-06	8.5452e-06	9.0914e-06	9.4504e-06	9.721e-06	9.9726e-06	1.01208e-05
0.205	3.437938e-06	6.05168e-06	7.877e-06	9.6e-06	1.00642e-05	1.06898e-05	1.11274e-05	1.14344e-05	1.1726e-05	1.19044e-05
0.21	4.033254e-06	7.125e-06	9.2844e-06	1.08204e-05	1.18708e-05	1.25814e-05	1.30966e-05	1.34614e-05	1.38006e-05	1.39904e-05
0.215	4.732192e-06	8.37e-06	1.09186e-05	1.25906e-05	1.39334e-05	1.47654e-05	1.53948e-05	1.58284e-05	1.62138e-05	1.64362e-05
0.22	5.565662e-06	9.8198e-06	1.28228e-05	1.51696e-05	1.63232e-05	1.73344e-05	1.80962e-05	1.86188e-05	1.90332e-05	1.93368e-05
0.225	6.545902e-06	1.15336e-05	1.50502e-05	1.77072e-05	1.91436e-05	2.0384e-05	2.1265e-05	2.18988e-05	2.23706e-05	2.27706e-05
0.23	7.6764e-06	1.3547e-05	1.76532e-05	2.07996e-05	2.24708e-05	2.39746e-05	2.50086e-05	2.57598e-05	2.63122e-05	2.6788e-05
0.235	8.994e-06	1.5898e-05	2.07042e-05	2.49098e-05	2.63942e-05	2.81666e-05	2.94192e-05	3.0272e-05	3.09036e-05	3.14472e-05
0.24	1.05312e-05	1.86408e-05	2.43126e-05	2.8604e-05	3.09844e-05	3.30068e-05	3.45288e-05	3.54944e-05	3.6281e-05	3.68794e-05
0.245	1.23106e-05	2.1824e-05	2.85408e-05	3.28762e-05	3.63096e-05	3.86274e-05	4.04346e-05	4.15958e-05	4.25544e-05	4.31928e-05
0.25	1.43858e-05	2.55448e-05	3.33946e-05	3.88682e-05	4.25376e-05	4.52682e-05	4.73701999999999e-05	4.8748e-05	4.9833e-05	5.05428e-05
0.255	1.6811e-05	2.98724e-05	3.9013e-05	4.53872e-05	4.98088e-05	5.30362e-05	5.54864e-05	5.70228e-05	5.83037999999999e-05	5.9197e-05
0.26	1.96554e-05	3.48446e-05	4.55756e-05	5.27067999999999e-05	5.82062e-05	6.20357999999999e-05	6.48741999999999e-05	6.66623999999999e-05	6.81939999999999e-05	6.93659999999999e-05
0.265	2.2971e-05	4.06044e-05	5.31476e-05	6.17591999999999e-05	6.7923e-05	7.2552e-05	7.57809999999999e-05	7.80039999999999e-05	7.97319999999999e-05	8.11819999999999e-05
0.27	2.67018e-05	4.72886e-05	6.18412e-05	7.194e-05	7.9244e-05	8.47850000000001e-05	8.84970000000001e-05	9.1132e-05	9.31560000000001e-05	9.48880000000001e-05
0.275	3.09144000000001e-05	5.49780000000001e-05	7.19600000000001e-05	8.35800000000002e-05	9.24470000000002e-05	9.88870000000002e-05	0.000103263	0.000106361	0.000108771	0.000110701
0.28	3.58348000000001e-05	6.38848000000001e-05	8.37490000000001e-05	9.74990000000001e-05	0.000107807	0.00011523	0.000120331	0.000124196	0.000126973	0.000129034
0.285	4.15370000000001e-05	7.41430000000001e-05	9.73300000000001e-05	0.000113436	0.000125601	0.000134214	0.000140144	0.000144705	0.000148073	0.000150396
0.29	4.80548e-05	8.58480000000001e-05	0.000112909	0.000131939	0.000146291	0.000156152	0.000163325	0.000168132	0.000172274	0.000175082
0.295	5.54722e-05	9.9314e-05	0.00013075	0.000153098	0.000170019	0.00018132	0.000190137	0.000195291	0.000199979	0.000203512
0.3	6.39369999999999e-05	0.000114742	0.000151202	0.000176898	0.000196829	0.000209924	0.000220929	0.000226845	0.000232058	0.000236258
0.305	7.35489999999999e-05	0.000132143	0.000174544	0.000204446	0.000227681	0.000242758	0.000256106	0.000262965	0.000268874	0.000273496
0.31	8.43959999999999e-05	0.000151797	0.000200953	0.000236261	0.000262824	0.00028052	0.000295722	0.000304139	0.00031058	0.000315798
0.315	9.65089999999999e-05	0.000174041	0.000230837	0.000271953	0.000302002	0.000323014	0.000340345	0.000350967	0.000358548	0.000364426
0.32	0.00011004	0.000199018	0.000264925	0.000312099	0.000348677	0.000371198	0.000390944	0.000403745	0.000413835	0.000420164
0.325	0.000125356	0.000227262	0.000303115	0.000357617	0.000401751	0.000426622	0.00044841	0.000463455	0.000475819	0.000483558
0.33	0.000142365	0.000258911	0.000345457	0.000408437	0.000456933	0.000489166	0.000513861	0.000531896	0.000545652	0.000555822
0.335	0.000160861	0.000293826000000001	0.000392968000000001	0.000465652000000001	0.000519415000000001	0.000559089000000001	0.000588120000000001	0.000609740000000001	0.000625480000000001	0.000637180000000001
0.34	0.000181759	0.000332847	0.000445967000000001	0.000530231000000001	0.000592140000000001	0.000638340000000001	0.000671380000000001	0.000696540000000001	0.000715240000000001	0.000728120000000001
0.345	0.000205178	0.000375887	0.000504307000000001	0.000601600000000001	0.000670540000000001	0.000727180000000001	0.000764260000000001	0.000793480000000001	0.000815040000000001	0.000831020000000001
0.35	0.000229569	0.000422285	0.000568720000000001	0.000680260000000001	0.000757560000000001	0.000824940000000001	0.000868660000000001	0.000902200000000001	0.000926980000000001	0.000946640000000001
0.355	0.000255428	0.000473275	0.00063964	0.00076682	0.00085802	0.0009326	0.0009848	0.00102238	0.00105184	0.00107444
0.36	0.000284621	0.00052944	0.000716899999999999	0.000861559999999999	0.000968019999999999	0.00105232	0.001112	0.00115546	0.00119004	0.00121622
0.365	0.000316209	0.000589799999999999	0.000800639999999999	0.000965099999999999	0.00108674	0.00118396	0.0012521	0.00130364	0.00134326	0.00137348
0.37	0.000349405	0.000654579999999999	0.000891619999999999	0.00107768	0.00121716	0.0013268	0.00140724	0.00146712	0.00151228	0.00154634
0.375	0.000385097	0.000723759999999999	0.000990259999999999	0.00119896	0.00135918	0.00148284	0.00157544	0.00164504	0.0016972	0.00173604
0.38	0.00042278	0.000797379999999999	0.0010958	0.0013296	0.00151212	0.00165294	0.00175666	0.0018383	0.0018987	0.00194724
0.385	0.00046206	0.000875879999999999	0.0012077	0.00146942	0.00167482	0.00183478	0.0019581	0.00205186	0.00212142	0.00218076
0.39	0.00050332	0.000957839999999999	0.0013262	0.00161756	0.00185036	0.00203352	0.00217888	0.00228498	0.00236552	0.00243066
0.395	0.00054596	0.00104316	0.00145576	0.00177404	0.002041	0.00224954	0.0024092	0.00252898	0.00262352	0.0026959
0.4	0.000590220000000001	0.00113294	0.00159026	0.0019424	0.002241	0.00247166	0.00264992	0.0027864	0.00289588	0.00297932
0.405	0.000637640000000001	0.00122526	0.00171934	0.00212166	0.00244714	0.00270174	0.0029038	0.00306294	0.0031881	0.003278
0.41	0.000685260000000001	0.00131956	0.00185818	0.00230642	0.00266368	0.00294572	0.00316834	0.00334998	0.00349374	0.00359348
0.415	0.000732020000000001	0.00141746	0.0020101	0.00249414	0.0028852	0.00319614	0.00344564	0.0036452	0.00380882	0.0039294
0.42	0.00078162	0.001518	0.00215706	0.00268384	0.00310594	0.00345338	0.0037376	0.003961	0.0041428	0.0042824
0.425	0.000831199999999999	0.00162238	0.00230266	0.00287446	0.00333526	0.0037272	0.0040428	0.004298	0.004494	0.0046526
0.43	0.000876379999999999	0.00172962	0.0024555	0.00306492	0.0035758	0.0040108	0.0043578	0.0046412	0.00485759999999999	0.0050416
0.435	0.000922079999999999	0.00183528	0.00260268	0.0032594	0.0038184	0.0042952	0.0046764	0.0049886	0.0052376	0.0054438
0.44	0.000970419999999999	0.00193754	0.00274394	0.0034586	0.0040624	0.0045808	0.0049992	0.005352	0.00563099999999999	0.0058568
0.445	0.00101484	0.00203392	0.002889	0.0036578	0.0043118	0.0048694	0.00533	0.00572599999999999	0.00603319999999999	0.0062856
0.45	0.00105752	0.0021226	0.0030366	0.0038536	0.0045796	0.0051608	0.00566779999999999	0.00609439999999999	0.00644539999999999	0.0067248
0.455	0.00110356	0.0022075	0.0031862	0.0040482	0.0048448	0.0054542	0.006011	0.0064652	0.0068622	0.0071662
0.46	0.00114864	0.0022932	0.0033312	0.00424420000000001	0.00507280000000001	0.00575020000000001	0.00635420000000001	0.00685060000000001	0.00727980000000001	0.00761640000000001
0.465	0.00118892	0.0023798	0.00347180000000001	0.00444000000000001	0.00529800000000001	0.00604300000000001	0.00668960000000001	0.00723260000000001	0.00769880000000001	0.00807740000000001
0.47	0.00122628	0.00247	0.0036078	0.00462840000000001	0.00553200000000001	0.00632880000000001	0.00702100000000001	0.00760480000000001	0.00811360000000001	0.00853400000000001
0.475	0.00126914	0.0025584	0.0037342	0.00480740000000001	0.00573840000000001	0.00661180000000001	0.00734920000000001	0.00798280000000001	0.00852320000000001	0.00898540000000001
0.48	0.00131832	0.0026382	0.0038564	0.0049836	0.0059402	0.0068926	0.0076666	0.008362	0.008934	0.0094414
0.485	0.00135852	0.0027142	0.003977	0.0051494	0.00617459999999999	0.00716299999999999	0.00797959999999999	0.00872519999999999	0.00934479999999999	0.00989019999999999
0.49	0.00138844	0.0027878	0.004089	0.00530099999999999	0.00640499999999999	0.00742099999999999	0.0082912	0.00907739999999999	0.00974879999999999	0.0103302
0.495	0.00141984	0.0028506	0.0041944	0.00545299999999999	0.00661239999999999	0.00766819999999999	0.00858739999999999	0.00942519999999999	0.0101432	0.0107722
0.5	0.00144514	0.002906	0.0042998	0.00560459999999999	0.00681259999999999	0.00789859999999999	0.00886959999999999	0.00975579999999999	0.0105284	0.0112032
0.505	0.00145996	0.0029708	0.0043982	0.00574059999999999	0.00699739999999999	0.00811559999999999	0.00914739999999999	0.0100712	0.0109006	0.0116142
0.51	0.0014778	0.0030334	0.0044884	0.0058662	0.00716579999999999	0.00832959999999999	0.00941219999999999	0.0103844	0.011254	0.0120174
0.515	0.0014972	0.0030746	0.004576	0.0059894	0.00732179999999999	0.00853519999999999	0.00966339999999999	0.0106852	0.0116004	0.0124166
0.52	0.0015138	0.003114	0.0046556	0.0060964	0.00746859999999999	0.00872699999999999	0.00990359999999999	0.0109648	0.0119444	0.012802
0.525	0.0015328	0.0031622	0.00472	0.00619379999999999	0.00760699999999999	0.00890879999999999	0.0101294	0.0112444	0.0122722	0.01317
0.53	0.0015524	0.0031976	0.00477959999999999	0.0062954	0.00773279999999999	0.00907779999999999	0.0103436	0.0115152	0.0125838	0.0135252
0.535	0.0015696	0.0032214	0.00483999999999999	0.0063832	0.00784399999999999	0.00922739999999999	0.0105454	0.0117542	0.0128746	0.0138604
0.54	0.0015844	0.003254	0.00488459999999999	0.00645479999999999	0.00794539999999999	0.00936539999999999	0.010729	0.0119794	0.0131342	0.0141642
0.545	0.0015938	0.0032854	0.00491999999999999	0.00652259999999999	0.008043	0.00950379999999999	0.0108992	0.0121914	0.0133722	0.014448
0.55	0.0015992	0.003307	0.00496820000000001	0.00658280000000001	0.00813420000000001	0.00963520000000001	0.011059	0.0123682	0.01359	0.014722
0.555	0.00160440000000001	0.00332820000000001	0.00501040000000002	0.00663740000000002	0.00822040000000003	0.00975440000000003	0.0112016	0.0125272	0.0137860000000001	0.0149740000000001
0.56	0.00160840000000001	0.00334460000000001	0.00503340000000002	0.00669200000000002	0.00830480000000003	0.00986120000000003	0.011328	0.012686	0.0139820000000001	0.0152080000000001
0.565	0.00161520000000001	0.00335660000000001	0.00505620000000002	0.00674220000000002	0.00838700000000003	0.00994940000000003	0.011434	0.012836	0.0141700000000001	0.0154280000000001
0.57	0.00162760000000001	0.00336580000000001	0.00508120000000002	0.00678860000000002	0.00844800000000003	0.0100188	0.011528	0.01297	0.0143300000000001	0.0156220000000001
0.575	0.0016316	0.0033704	0.00510000000000001	0.00682300000000001	0.00847920000000001	0.0100748	0.011622	0.013084	0.014488	0.015798
0.58	0.0016234	0.0033684	0.0051124	0.00683439999999999	0.00850459999999999	0.010116	0.011694	0.01319	0.014644	0.015964
0.585	0.0016158	0.0033646	0.0051182	0.00683759999999999	0.0085234	0.01015	0.01174	0.013288	0.014756	0.016118
0.59	0.0016052	0.0033616	0.0051208	0.00683879999999999	0.0085278	0.010188	0.011796	0.013362	0.014842	0.016266
0.595	0.0015902	0.0033574	0.005119	0.00683499999999999	0.008534	0.01022	0.011848	0.013422	0.014938	0.016394
0.6	0.0015882	0.003355	0.005102	0.0068316	0.008544	0.010232	0.011868	0.013482	0.015008	0.016494
0.605	0.0016038	0.0033504	0.0050864	0.00683	0.00853599999999999	0.010234	0.01188	0.013522	0.015042	0.016582
0.61	0.001612	0.0033416	0.0050764	0.0068302	0.00852599999999999	0.010244	0.011896	0.013528	0.015082	0.016648
0.615	0.0016016	0.0033264	0.00506099999999999	0.00682299999999999	0.00852999999999999	0.010246	0.011904	0.013524	0.015132	0.016688
0.62	0.0015872	0.0032978	0.00504019999999999	0.0067996	0.00850799999999999	0.01022	0.011888	0.013524	0.01516	0.016712
0.625	0.0015746	0.0032718	0.00501739999999999	0.00677	0.00847199999999999	0.010196	0.01186	0.013526	0.015168	0.016732
0.63	0.0015586	0.0032612	0.0049994	0.00673199999999999	0.00846199999999999	0.010174	0.011836	0.013518	0.015162	0.016748
0.635	0.0015426	0.0032512	0.0049788	0.00666999999999999	0.00843599999999999	0.010128	0.011824	0.013504	0.015138	0.016758
0.64	0.0015372	0.0032414	0.0049446	0.00661799999999999	0.00837199999999999	0.010086	0.011802	0.013488	0.015114	0.01676
0.645	0.0015424	0.0032358	0.0049154	0.00659999999999999	0.00833599999999999	0.010058	0.011764	0.013448	0.015094	0.016754
0.65	0.0015368	0.0032188	0.00489959999999999	0.00656999999999999	0.00831199999999999	0.010008	0.011732	0.013382	0.015058	0.01673
0.655	0.0015076	0.003188	0.00486019999999999	0.00653199999999999	0.00824399999999999	0.00994599999999999	0.011686	0.013324	0.015014	0.016676
0.66	0.0014808	0.0031472	0.004811	0.00651799999999999	0.00818199999999999	0.00989199999999999	0.01161	0.01328	0.01498	0.016602
0.665	0.0014644	0.0031034	0.0047844	0.00648199999999999	0.00813599999999999	0.009822	0.01153	0.01323	0.014918	0.016526
0.67	0.0014402	0.0030792	0.00475159999999999	0.00641199999999999	0.00806199999999999	0.00974399999999999	0.011462	0.013172	0.01482	0.016466
0.675	0.001418	0.0030676	0.00469560000000001	0.00635600000000001	0.00799600000000002	0.00968600000000001	0.011374	0.013094	0.01473	0.016406
0.68	0.00141040000000001	0.00304060000000001	0.00464800000000002	0.00629800000000002	0.00795400000000004	0.00963600000000003	0.011278	0.0130100000000001	0.014648	0.0163340000000001
0.685	0.00140620000000001	0.00300540000000001	0.00460800000000002	0.00623400000000002	0.00789800000000004	0.00957200000000003	0.011206	0.012922	0.014568	0.0162580000000001
0.69	0.0014032	0.00299700000000001	0.00456000000000002	0.00618800000000002	0.00783800000000003	0.00949600000000003	0.011134	0.0128120000000001	0.0144940000000001	0.0161680000000001
0.695	0.0014028	0.00298500000000001	0.00451800000000002	0.00613200000000002	0.00778400000000003	0.00940600000000003	0.011042	0.012702	0.0144040000000001	0.0160460000000001
0.7	0.0014052	0.0029266	0.00447200000000001	0.00605800000000001	0.007706	0.00930800000000001	0.010954	0.012606	0.014302	0.015922
0.705	0.0013944	0.0028736	0.004426	0.005992	0.00760399999999999	0.009216	0.010886	0.012502	0.014202	0.015824
0.71	0.001367	0.0028546	0.00439199999999999	0.005934	0.00751799999999999	0.00912999999999999	0.010788	0.012384	0.014072	0.015722
0.715	0.0013498	0.0028208	0.004354	0.00587599999999999	0.00744799999999999	0.00905599999999999	0.010664	0.01227	0.013914	0.015596
0.72	0.0013276	0.0027732	0.004298	0.00581199999999999	0.00736999999999999	0.008972	0.010572	0.012164	0.013782	0.015462
0.725	0.0012906	0.0027506	0.004244	0.00575199999999999	0.00728999999999999	0.008864	0.010468	0.012058	0.013672	0.015334
0.73	0.0012668	0.0027342	0.00421	0.00571399999999999	0.00722799999999999	0.00877599999999999	0.010338	0.011952	0.01355	0.015196
0.735	0.0012504	0.0027	0.004166	0.00565399999999999	0.00716	0.008694	0.010238	0.011846	0.013428	0.015046
0.74	0.0012284	0.0026534	0.004102	0.00556199999999999	0.007062	0.008578	0.010146	0.011724	0.013318	0.014896
0.745	0.0012228	0.0026188	0.004048	0.00550399999999999	0.006968	0.008478	0.010024	0.011586	0.013188	0.01474
0.75	0.0012338	0.0026016	0.004004	0.00545799999999999	0.00689	0.00840799999999999	0.00992199999999999	0.011466	0.013036	0.014594
0.755	0.001225	0.00257	0.00394199999999999	0.005358	0.00680399999999999	0.00829799999999999	0.009842	0.011344	0.01289	0.01446
0.76	0.0012016	0.0025308	0.00389399999999999	0.00527	0.00671399999999999	0.00817799999999999	0.009732	0.011204	0.01275	0.014314
0.765	0.0011938	0.0024938	0.003858	0.005234	0.00664599999999999	0.00809799999999999	0.009604	0.011088	0.012608	0.01416
0.77	0.0011756	0.0024374	0.00379	0.005172	0.00658199999999999	0.00802799999999999	0.009486	0.010994	0.012476	0.014022
0.775	0.0011314	0.0023982	0.00373	0.005092	0.00649399999999999	0.00793799999999999	0.00937599999999999	0.010872	0.01235	0.013866
0.78	0.0011104	0.00232119999999999	0.003684	0.005048	0.00642	0.00783999999999999	0.00926799999999999	0.010732	0.012214	0.013692
0.785	0.0011186	0.00222599999999999	0.003624	0.00499999999999999	0.00636	0.00775999999999999	0.00915399999999999	0.010612	0.012066	0.013548
0.79	0.0011022	0.0022846	0.003584	0.00492399999999999	0.00625999999999999	0.007668	0.009024	0.010474	0.011912	0.013404
0.795	0.001086	0.002369	0.003584	0.004856	0.00615199999999999	0.00754199999999999	0.008906	0.010322	0.01177	0.01324
0.8	0.0010844	0.0023266	0.003574	0.004802	0.00607600000000001	0.00742800000000001	0.00880000000000002	0.010206	0.011642	0.013086
0.805	0.0010628	0.00232140000000001	0.00352800000000001	0.00474600000000001	0.00600600000000002	0.00734000000000003	0.00867000000000003	0.0101	0.011504	0.0129260000000001
0.81	0.001042	0.00236040000000001	0.00346800000000001	0.00467800000000001	0.00593200000000002	0.00722400000000003	0.00855000000000002	0.00996800000000004	0.01136	0.01275
0.815	0.0010428	0.00225920000000001	0.00340400000000001	0.00460000000000002	0.00587800000000002	0.00710600000000002	0.00847400000000002	0.00985200000000004	0.011228	0.012604
0.82	0.00103780000000001	0.00214000000000001	0.00333600000000001	0.00452600000000001	0.00583000000000002	0.00703600000000002	0.00839400000000002	0.00974000000000004	0.011092	0.0124720000000001
0.825	0.0010104	0.002112	0.00326600000000001	0.004464	0.00575600000000001	0.006968	0.00829200000000001	0.00958600000000001	0.010948	0.01232
0.83	0.0009968	0.002098	0.003212	0.004414	0.00566399999999999	0.00687799999999999	0.008186	0.00943799999999999	0.01081	0.012172
0.835	0.0010042	0.002078	0.003178	0.004368	0.00557399999999999	0.00679999999999999	0.00807600000000001	0.00931799999999999	0.010678	0.012028
0.84	0.000983399999999996	0.00205	0.003152	0.00433	0.005488	0.006728	0.007968	0.00919999999999999	0.010548	0.011884
0.845	0.000941799999999996	0.00203	0.003106	0.004292	0.005396	0.006638	0.00784799999999999	0.00908599999999999	0.010408	0.011744
0.85	0.000946199999999998	0.002024	0.003044	0.004222	0.005324	0.006536	0.00771599999999999	0.00897399999999999	0.01026	0.011576
0.855	0.000960799999999999	0.001988	0.003008	0.004134	0.005272	0.006438	0.00760599999999999	0.00884199999999998	0.01013	0.011404
0.86	0.000921799999999999	0.001908	0.002988	0.00405399999999999	0.005184	0.00634199999999999	0.00751399999999999	0.00871199999999998	0.00998799999999999	0.011248
0.865	0.0008906	0.001866	0.002932	0.00397599999999999	0.005088	0.00623599999999999	0.00741199999999999	0.00859999999999999	0.009828	0.01109
0.87	0.000898000000000002	0.001864	0.002872	0.003904	0.00502799999999999	0.00613799999999999	0.00730800000000001	0.00848599999999999	0.00969599999999998	0.010938
0.875	0.000868000000000001	0.001826	0.00285599999999999	0.00386	0.00495999999999999	0.00606599999999999	0.00720999999999999	0.00838	0.00956199999999997	0.010804
0.88	0.000817399999999999	0.00179599999999999	0.00283399999999999	0.003832	0.004878	0.00598999999999999	0.00709999999999997	0.00827800000000001	0.00940599999999999	0.01068
0.885	0.000814199999999999	0.001824	0.00278199999999999	0.00379000000000001	0.004824	0.005892	0.00699799999999998	0.00817400000000001	0.009296	0.010546
0.89	0.000827399999999998	0.001826	0.00275199999999999	0.003736	0.00478	0.00580600000000001	0.00692799999999999	0.008076	0.009232	0.010406
0.895	0.000814999999999995	0.00176	0.00275333333333334	0.00368666666666666	0.00471333333333335	0.00570000000000001	0.00686333333333333	0.00795999999999999	0.00912666666666668	0.0102766666666666
0.9	0.000887999999999995	0.00182000000000001	0.00270000000000001	0.00357999999999999	0.00464000000000002	0.00560000000000004	0.00690000000000004	0.00793999999999994	0.00915999999999998	0.01014
