101 6.10800257322313e-07
104.18 5.23005573689655e-07
107.361 4.69528233050945e-07
110.541 4.67252081508078e-07
113.721 4.48659350289095e-07
116.902 4.68981915624966e-07
120.082 4.55085900139757e-07
123.262 4.80993360719804e-07
126.443 6.05979905055419e-07
129.623 6.00073353580046e-07
132.803 5.60038227111772e-07
135.983 5.16285519855556e-07
139.164 4.93691354843437e-07
142.344 5.08584776971152e-07
145.524 5.98330045970546e-07
148.705 5.0230993733925e-07
151.885 3.9058043443694e-07
155.065 3.00551004768366e-07
158.246 3.83663512841472e-07
161.426 5.01459712830988e-07
164.606 4.94312207561115e-07
167.787 4.68062104165076e-07
170.967 4.24031797220782e-07
174.147 3.94730194102398e-07
177.328 4.27853103159132e-07
180.508 4.01359944012653e-07
183.688 3.6056065487126e-07
186.868 3.33925477415353e-07
190.049 3.45112961918152e-07
193.229 3.5137512320321e-07
196.409 3.65047736557914e-07
199.59 3.94224470780675e-07
202.77 3.77877016892365e-07
205.95 3.79491668342818e-07
209.131 3.83271291935669e-07
212.311 4.06070906182863e-07
215.491 4.10577625841592e-07
218.672 3.04941703445608e-07
221.852 2.70481645302086e-07
225.032 2.69763902586246e-07
228.213 2.80635114591221e-07
231.393 3.11258018305784e-07
234.573 3.37212819341384e-07
237.753 3.94570181191882e-07
240.934 3.64201553658802e-07
244.114 3.03468490835161e-07
247.294 3.01065315671517e-07
250.475 3.29004944439778e-07
253.655 3.3665821780986e-07
256.835 2.62991477036002e-07
260.016 2.27866821427515e-07
263.196 2.21779255360427e-07
264.196 3.46476833228463e-07
272.598 3.61813027083615e-07
281.001 3.65826919387356e-07
289.403 3.49736132734881e-07
297.806 3.54757153566207e-07
306.208 3.45772924974137e-07
314.611 3.30536424252121e-07
323.013 3.20513003634785e-07
331.415 3.05332207076993e-07
339.818 3.10976469730915e-07
348.22 3.1876325889017e-07
356.623 3.23293845330842e-07
365.025 3.37817155753715e-07
373.428 3.46618484059662e-07
381.83 3.04385707337165e-07
390.232 2.76513601045786e-07
398.635 2.94840531770193e-07
407.037 3.11960639169046e-07
415.44 3.10274276116216e-07
423.842 3.31119805208914e-07
432.245 3.17166056676007e-07
440.647 2.72674145683727e-07
449.049 2.57360500992772e-07
457.452 2.3965225731697e-07
465.854 2.24053796519526e-07
474.257 2.16085732278056e-07
482.659 2.19880599987511e-07
491.062 2.71655272637383e-07
499.464 2.83419565528128e-07
507.867 2.62303343309727e-07
516.269 2.52651839697998e-07
524.671 2.6885040829801e-07
533.074 2.75221331378356e-07
541.476 2.85024111859093e-07
549.879 2.90708284352435e-07
558.281 2.59901074450748e-07
566.684 2.43543531659961e-07
575.086 2.23828286562148e-07
583.488 2.28096281938718e-07
591.891 2.51608292633219e-07
600.293 2.44530306408411e-07
608.696 2.31649839885034e-07
617.098 2.10249914833426e-07
625.501 1.98605896855535e-07
633.903 2.08918856517811e-07
642.305 2.31316948084561e-07
650.708 2.4840017782278e-07
659.11 2.62153412658045e-07
667.513 2.66963618867266e-07
675.915 2.59571551055565e-07
684.318 2.34512895341118e-07
692.72 2.25644218534512e-07
693.72 2.62899001071197e-07
715.867 2.48603559110875e-07
738.014 2.00573778482336e-07
760.161 1.66124488527297e-07
782.307 2.31634914160605e-07
804.454 2.51907783918814e-07
826.601 2.13821961185331e-07
848.748 1.97757776103613e-07
870.895 2.01718911979973e-07
893.042 1.77911685794152e-07
915.189 2.46403437111426e-07
937.335 2.48516828053377e-07
959.482 1.91923024032293e-07
981.629 1.9213735573391e-07
1003.776 1.89364589177188e-07
1025.923 1.64364724729514e-07
1048.07 1.7470621761665e-07
1070.217 1.83989361521096e-07
1092.364 1.95073330952601e-07
1114.51 1.73194630223584e-07
1136.657 1.15595193043125e-07
1158.804 1.93985421604556e-07
1180.951 1.82654860887426e-07
1203.098 2.06587351168008e-07
1225.245 2.28573395624004e-07
1247.392 2.34528942521082e-07
1269.538 2.07248566878952e-07
1291.685 2.01835602141678e-07
1313.832 1.44892020587311e-07
1335.979 1.599135915967e-07
1358.126 1.85882636199709e-07
1380.273 1.33057814811554e-07
1402.42 1.36290296288324e-07
1424.566 1.08992166837427e-07
1446.713 1.37607378845697e-07
1468.86 1.3348038003118e-07
1491.007 1.29482242329433e-07
1513.154 1.24397388798015e-07
1535.301 1.28434891206605e-07
1557.448 1.38747381609253e-07
1579.595 1.13209600686049e-07
1601.741 1.2296130862621e-07
1623.888 1.33756768468221e-07
1646.035 1.44295556352873e-07
1668.182 1.03229246048437e-07
1690.329 1.87849583356191e-07
1712.476 1.77779320642796e-07
1734.623 1.42652072228612e-07
1756.769 1.58859146054714e-07
1778.916 1.42340743323695e-07
1801.063 1.50265171368539e-07
1823.21 1.06961669565865e-07
1824.21 1.63768885242687e-07
1882.531 1.31538086788162e-07
1940.853 1.07297643672941e-07
1999.174 1.10765504965629e-07
2057.495 1.34857019844597e-07
2115.817 1.28532739107007e-07
2174.138 1.03712578819555e-07
2232.46 1.14122807706236e-07
2290.781 1.21737637669463e-07
2349.102 1.03101643527842e-07
2407.424 1.04034252063858e-07
2465.745 1.20242406803168e-07
2524.066 1.12929488714182e-07
2582.388 1.34954224444432e-07
2640.709 1.54050208000156e-07
2699.031 1.53163522957254e-07
2757.352 1.55173492599704e-07
2815.673 1.49187576994609e-07
2873.995 9.05485357060929e-08
2932.316 1.10467765773391e-07
2990.637 1.30912199641125e-07
3048.959 1.17388137331429e-07
3107.28 1.05330733196196e-07
3165.602 1.03724259587427e-07
3223.923 1.25119846265751e-07
3282.244 1.25440967311171e-07
3340.566 1.23555342378796e-07
3398.887 1.23488046680002e-07
3457.208 1.16496769595722e-07
3515.53 1.05550055818392e-07
3573.851 1.14312836959535e-07
3632.173 9.66622371536405e-08
3690.494 8.5411280923826e-08
3748.815 8.1488957875089e-08
3807.137 1.28305131012119e-07
3865.458 1.40931750276676e-07
3923.779 1.02094313098633e-07
3982.101 1.16967809011975e-07
4040.422 1.09907885739701e-07
4098.744 8.13626905676142e-08
4157.065 7.68273961723302e-08
4215.386 8.98661545958984e-08
4273.708 1.10929142799093e-07
4332.029 1.51958181218292e-07
4390.35 1.32341510813591e-07
4448.672 1.00496235091991e-07
4506.993 1.05630118753439e-07
4565.315 1.08981634708076e-07
4623.636 1.05489013534672e-07
4681.957 1.06569000607579e-07
4740.279 1.06522075246876e-07
4798.6 1.14901372289668e-07
4799.6 1.04304575802082e-07
4953.131 9.78110671205717e-08
5106.663 7.61068884951534e-08
5260.194 1.08423431540678e-07
5413.725 1.18061895753202e-07
5567.257 9.91057860582766e-08
5720.788 9.43739579802007e-08
5874.32 9.32315682766021e-08
6027.851 8.52729946448366e-08
6181.382 5.45229004621048e-08
6334.914 6.07656215399922e-08
6488.445 7.35017058457623e-08
6641.976 8.65124932283812e-08
6795.508 9.03139342807412e-08
6949.039 7.64108567536241e-08
7102.571 6.61735052268148e-08
7256.102 6.93157652697015e-08
7409.633 8.13139591861323e-08
7563.165 7.78107556745198e-08
7716.696 7.32776201337983e-08
7870.227 6.08209705776054e-08
8023.759 6.05099110020939e-08
8177.29 7.91625952258083e-08
8330.822 9.29342500391673e-08
8484.353 8.16182656201539e-08
8637.884 5.33633617826412e-08
8791.416 7.17676871845358e-08
8944.947 6.27469044387882e-08
9098.478 5.22812952801857e-08
9252.01 5.64216389295222e-08
9405.541 6.69104652771324e-08
9559.073 6.55208652565633e-08
9712.604 6.66356762211183e-08
9866.135 6.56322121380234e-08
10019.667 5.17073629420547e-08
10173.198 4.99858036032272e-08
10326.729 5.84690075867261e-08
10480.261 6.48666492571399e-08
10633.792 5.46943220218588e-08
10787.324 5.07582330888631e-08
10940.855 5.1536299680066e-08
11094.386 3.47258270825826e-08
11247.918 4.48180281681679e-08
11401.449 7.26643473517095e-08
11554.98 7.03464588635105e-08
11708.512 5.10150563764382e-08
11862.043 4.99420170667015e-08
12015.575 5.04215016286129e-08
12169.106 5.19215588731664e-08
12322.637 5.40099516274061e-08
12476.169 5.90198824131285e-08
12629.7 5.39884548102821e-08
12630.7 5.09821711759929e-08
13034.822 6.1625157615571e-08
13438.943 6.85355958117927e-08
13843.065 5.97925599696087e-08
14247.186 5.50788106281349e-08
14651.308 4.57550302194685e-08
15055.429 4.03940490047741e-08
15459.551 3.85881523943978e-08
15863.673 5.9620713720401e-08
16267.794 6.90401463161573e-08
16671.916 6.13967722426766e-08
17076.037 5.62952577933197e-08
17480.159 5.79332514246427e-08
17884.28 6.02946316234744e-08
18288.402 5.57085359807366e-08
18692.524 4.55416371937152e-08
19096.645 4.33265815056681e-08
19500.767 4.99499146479096e-08
19904.888 4.41536859596392e-08
20309.01 4.50668457208151e-08
20713.131 4.83584541241865e-08
21117.253 4.6666940000435e-08
21521.375 4.0219523403067e-08
21925.496 4.66055886265664e-08
22329.618 5.1586795771261e-08
22733.739 4.88852909350067e-08
23137.861 4.79481646901377e-08
23541.982 4.18371461855904e-08
23946.104 4.44353167270491e-08
24350.225 4.95847074357303e-08
24754.347 4.98121437988688e-08
25158.469 4.36519235954644e-08
25562.59 3.75994231105857e-08
25966.712 2.94648001155487e-08
26370.833 3.38150010133939e-08
26774.955 4.38532491174937e-08
27179.076 3.71603707090012e-08
27583.198 3.68268227887628e-08
27987.32 3.60575459625441e-08
28391.441 3.45953597737591e-08
28795.563 3.63315940664339e-08
29199.684 3.77286355816973e-08
29603.806 4.04162483809694e-08
30007.927 4.9379247422893e-08
30412.049 5.08310927549813e-08
30816.171 4.01820011980694e-08
31220.292 3.38134592548103e-08
31624.414 3.97529777820221e-08
32028.535 3.49794112282091e-08
32432.657 3.4999972468173e-08
32836.778 3.63831262938711e-08
33240.9 3.52921816953031e-08
33241.9 4.16765275356808e-08
34305.559 3.88420600892333e-08
35369.218 3.7512750065374e-08
36432.876 3.80211510551731e-08
37496.535 3.34271850406844e-08
38560.194 2.7730529535943e-08
39623.853 3.26167072939152e-08
40687.512 3.91579022496713e-08
41751.171 4.14275891363285e-08
42814.829 3.24467155369565e-08
43878.488 3.06870404751794e-08
44942.147 2.60581178443683e-08
46005.806 2.41511816845807e-08
47069.465 2.44921644795663e-08
48133.124 3.62670646407098e-08
49196.782 3.66451886122313e-08
50260.441 3.12978691135551e-08
51324.1 2.55445694285252e-08
52387.759 2.61173165627614e-08
53451.418 2.78966978350779e-08
54515.076 3.35235048403999e-08
55578.735 3.3172987102229e-08
56642.394 3.44001512563867e-08
57706.053 3.52476526849676e-08
58769.712 3.42715010732327e-08
59833.371 3.24240760606571e-08
60897.029 2.91107161846899e-08
61960.688 2.81191850505941e-08
63024.347 2.70460760685773e-08
64088.006 2.60264093029454e-08
65151.665 2.3070132124059e-08
66215.324 2.33524252159964e-08
67278.982 2.12909020031509e-08
68342.641 2.43731895699984e-08
69406.3 2.93636472940035e-08
70469.959 3.29083350088578e-08
71533.618 3.24668485591512e-08
72597.276 3.10795459465372e-08
73660.935 2.87097565958404e-08
74724.594 2.96774461936643e-08
75788.253 3.01624848067061e-08
76851.912 2.68225312494325e-08
77915.571 2.79605783582455e-08
78979.229 2.88800743568213e-08
80042.888 2.47019627161136e-08
81106.547 2.19648706407679e-08
82170.206 2.02188171131926e-08
83233.865 2.27424826985192e-08
84297.524 2.47313536803693e-08
85361.182 2.66206326500301e-08
86424.841 2.72716621761633e-08
87488.5 2.60217586475343e-08
87489.5 2.44790563215514e-08
90289.039 2.55604728487376e-08
93088.578 2.35807723988241e-08
95888.118 2.13561837342087e-08
98687.657 1.94897497045271e-08
101487.196 2.08556860910418e-08
104286.735 2.314668960344e-08
107086.275 2.27872515623649e-08
109885.814 2.41426824930425e-08
112685.353 2.47857518684818e-08
115484.892 2.29389811327399e-08
118284.431 1.91762926927062e-08
121083.971 1.95793856219393e-08
123883.51 1.9882529054165e-08
126683.049 2.34772617612652e-08
129482.588 2.40472238254371e-08
132282.127 2.47801006895045e-08
135081.667 2.67164262159264e-08
137881.206 2.60895098018823e-08
140680.745 2.33221043307984e-08
143480.284 2.2787965865223e-08
146279.824 2.21250892252896e-08
149079.363 1.94693716897913e-08
151878.902 1.5922470359199e-08
154678.441 1.74705071045728e-08
157477.98 1.9504592196554e-08
160277.52 2.09122912762947e-08
163077.059 2.25631021116562e-08
165876.598 2.13318299463046e-08
168676.137 2.33703743309469e-08
171475.676 2.37436629143669e-08
174275.216 2.11216062480039e-08
177074.755 1.59146545922475e-08
179874.294 1.50499785162933e-08
182673.833 1.344008498007e-08
185473.373 1.26305203250009e-08
188272.912 1.28577804303497e-08
191072.451 1.22934846977826e-08
193871.99 9.87097354017847e-09
196671.529 1.32755829934022e-08
199471.069 1.58013984536835e-08
202270.608 1.81555862207322e-08
205070.147 1.87960930521456e-08
207869.686 1.97650243456077e-08
210669.225 1.89722371910244e-08
213468.765 1.93937390036509e-08
216268.304 1.89255622752373e-08
219067.843 1.79982400107599e-08
221867.382 1.72249362007796e-08
224666.922 1.84847744810835e-08
227466.461 1.93562338332517e-08
230266 1.80625965739265e-08
230267 1.65980154408518e-08
237635.294 1.8992768459839e-08
245003.588 1.8930295134449e-08
252371.882 1.52832665178384e-08
259740.176 2.871766673035e-08
267108.471 2.70084563150514e-08
274476.765 1.49046892867705e-08
281845.059 1.88360206793436e-08
289213.353 1.56832646991276e-08
296581.647 1.23042619630539e-08
303949.941 1.88594952053051e-08
311318.235 2.0050603669553e-08
318686.529 1.67246763033208e-08
326054.824 1.68866024894973e-08
333423.118 8.25914255371167e-09
340791.412 1.34345899624079e-08
348159.706 1.69666868943548e-08
355528 1.35917470564079e-08
362896.294 1.56915756192289e-08
370264.588 1.47646714864128e-08
377632.882 9.3453359680328e-09
385001.176 1.49290188691392e-08
392369.471 1.13106982288798e-08
399737.765 1.22691634978407e-08
407106.059 1.54646180256749e-08
414474.353 1.40976226801545e-08
421842.647 1.31790775087848e-08
429210.941 1.58503395627509e-08
436579.235 1.63302076921975e-08
443947.529 1.39578568230997e-08
451315.824 1.466754844426e-08
458684.118 1.31142529065476e-08
466052.412 1.01840336542847e-08
473420.706 1.19957833639108e-08
480789 1.22425592689045e-08
488157.294 1.35073737393244e-08
495525.588 1.3355244091867e-08
502893.882 1.09815857336379e-08
510262.176 1.21672854732674e-08
517630.471 1.13403381549983e-08
524998.765 1.07928664028243e-08
532367.059 1.11177254113014e-08
539735.353 1.06944270458008e-08
547103.647 1.06521585775765e-08
554471.941 1.22485710722147e-08
561840.235 1.36897398995163e-08
569208.529 1.14841863877589e-08
576576.824 9.27533329199689e-09
583945.118 1.13470431022704e-08
591313.412 1.20275247732664e-08
598681.706 1.03239833057073e-08
606050 1.38680722439958e-08
606051 8.29048254891163e-09
625444.118 1.18441571961283e-08
644837.235 8.95602665971223e-09
664230.353 1.10686269622883e-08
683623.471 1.21124166160799e-08
703016.588 9.70747707953772e-09
722409.706 1.00993623821098e-08
741802.824 8.40343461247237e-09
761195.941 1.03623894412052e-08
780589.059 7.40525595529956e-09
799982.176 1.0723154353591e-08
819375.294 1.13343595766429e-08
838768.412 1.17744405476075e-08
858161.529 6.82829857615892e-09
877554.647 9.17456368872568e-09
896947.765 1.03980244370815e-08
916340.882 9.81503185215751e-09
935734 8.14156991789577e-09
955127.118 8.84941997192926e-09
974520.235 7.59292136701725e-09
993913.353 6.00296196960229e-09
1013306.471 9.19085287138397e-09
1032699.588 9.99318215265188e-09
1052092.706 8.63073185011784e-09
1071485.824 6.69640190557882e-09
1090878.941 8.14876486110196e-09
1110272.059 8.06769513261669e-09
1129665.176 1.15735123170055e-08
1149058.294 1.07018004813112e-08
1168451.412 1.0037051923219e-08
1187844.529 7.04465272785541e-09
1207237.647 9.17140533201825e-09
1226630.765 9.34852803516854e-09
1246023.882 4.62477138269541e-09
1265417 7.67195057930848e-09
1284810.118 9.48801945903581e-09
1304203.235 1.17048712053578e-08
1323596.353 1.00174455396255e-08
1342989.471 8.49175717169692e-09
1362382.588 9.35870427431078e-09
1381775.706 3.90301181591925e-09
1401168.824 8.88949042288898e-09
1420561.941 7.55104308809807e-09
1439955.059 7.19802697930053e-09
1459348.176 8.03799518205505e-09
1478741.294 7.57462282891854e-09
1498134.412 8.77683416062108e-09
1517527.529 6.64463276182847e-09
1536920.647 9.43586537125102e-09
1556313.765 6.38656522338202e-09
1575706.882 7.46366213613801e-09
1595100 9.02094283660408e-09
1595100 7.66061616442568e-09
1646141.765 7.67258222309989e-09
1697183.529 6.58409494263744e-09
1748225.294 8.47661878895296e-09
1799267.059 6.99774982622169e-09
1850308.824 6.18855835171689e-09
1901350.588 7.65435105119133e-09
1952392.353 6.00258283110747e-09
2003434.118 5.28295639852991e-09
2054475.882 5.45088679437057e-09
2105517.647 6.72976958966977e-09
2156559.412 4.80827431603128e-09
2207601.176 7.42988079597268e-09
2258642.941 7.46609176482822e-09
2309684.706 6.0229008319957e-09
2360726.471 6.16709968724794e-09
2411768.235 7.63539602674354e-09
2462810 5.5661438438023e-09
2513851.765 6.82728579528191e-09
2564893.529 7.28823241070809e-09
2615935.294 6.29903271572955e-09
2666977.059 5.14950329294297e-09
2718018.824 6.39854738338482e-09
2769060.588 5.84796495028493e-09
2820102.353 7.23185574680412e-09
2871144.118 7.41963717517685e-09
2922185.882 6.39836289199274e-09
2973227.647 5.32688659591074e-09
3024269.412 6.78053074318282e-09
3075311.176 5.57880198767019e-09
3126352.941 7.42800742051048e-09
3177394.706 4.41794701354027e-09
3228436.471 7.14640791331756e-09
3279478.235 6.15231285847741e-09
3330520 4.2988784966485e-09
3381561.765 6.50320645908767e-09
3432603.529 5.72040709329075e-09
3483645.294 6.22876980257365e-09
3534687.059 7.92356173241791e-09
3585728.824 4.70366817532818e-09
3636770.588 4.60148861006172e-09
3687812.353 7.15554722157479e-09
3738854.118 6.61487033166399e-09
3789895.882 6.64749435107112e-09
3840937.647 6.5536829699319e-09
3891979.412 6.48412595558836e-09
3943021.176 6.60725851720751e-09
3994062.941 5.7770366550544e-09
4045104.706 6.58850781878443e-09
4096146.471 4.73519333567211e-09
4147188.235 5.43669127618809e-09
4198230 4.49048033252754e-09
4198230 4.70913032319907e-09
4332570.588 5.30184120846028e-09
4466911.176 4.89359910901849e-09
4601251.765 6.2418920760078e-09
4735592.353 3.11095472324697e-09
4869932.941 3.75353200952492e-09
5004273.529 3.97004033153242e-09
5138614.118 7.47440560614602e-09
5272954.706 6.29533239325219e-09
5407295.294 4.07733520404862e-09
5541635.882 6.02148975365952e-09
5675976.471 6.02407352507446e-09
5810317.059 7.59636021951972e-09
5944657.647 6.60718264271033e-09
6078998.235 6.05420075048208e-09
6213338.824 4.76875896631386e-09
6347679.412 5.54638550829656e-09
6482020 4.82843803765806e-09
6616360.588 6.5615638326973e-09
6750701.176 4.27811626493708e-09
6885041.765 5.54571177692071e-09
7019382.353 7.13095152469822e-09
7153722.941 5.07973521341951e-09
7288063.529 5.93333718759829e-09
7422404.118 5.55519799445887e-09
7556744.706 5.33461109503015e-09
7691085.294 4.47977220467039e-09
7825425.882 5.44991162617977e-09
7959766.471 4.49803914511427e-09
8094107.059 4.58628180850839e-09
8228447.647 4.32539106264777e-09
8362788.235 6.47611941487954e-09
8497128.824 5.16660008663033e-09
8631469.412 5.69565898487952e-09
8765810 3.61024254558887e-09
8900150.588 4.94288001512934e-09
9034491.176 4.60182579513026e-09
9168831.765 4.34486754338697e-09
9303172.353 4.42040825324787e-09
9437512.941 3.80128374289109e-09
9571853.529 5.87826944015143e-09
9706194.118 3.44657457473007e-09
9840534.706 4.24714859431104e-09
9974875.294 4.37490540815677e-09
10109215.882 5.98212966247662e-09
10243556.471 4.49168914080034e-09
10377897.059 4.72614909511007e-09
10512237.647 3.86793271107523e-09
10646578.235 4.28641892547726e-09
10780918.824 4.89368017654661e-09
10915259.412 6.59368089552785e-09
11049600 4.02394578206322e-09
11049600 5.08505051606297e-09
11403174.51 6.07176266999624e-09
11756749.02 5.25477441406351e-09
12110323.529 4.31677404174641e-09
12463898.039 4.07576148124605e-09
12817472.549 4.15210690939429e-09
13171047.059 4.19040833802702e-09
13524621.569 5.15675649330463e-09
13878196.078 5.52487107513044e-09
14231770.588 3.79072994118034e-09
14585345.098 3.77330165662094e-09
14938919.608 5.32442140634575e-09
15292494.118 3.58423525790476e-09
15646068.627 4.07874641789852e-09
15999643.137 3.82743195117952e-09
16353217.647 4.97814561220758e-09
16706792.157 5.13881582916564e-09
17060366.667 4.2956612172802e-09
17413941.176 4.1394350971965e-09
17767515.686 4.82560702891467e-09
18121090.196 4.56467577733345e-09
18474664.706 3.36607268684836e-09
18828239.216 4.73424994012559e-09
19181813.725 4.16648075339579e-09
19535388.235 3.81114492809435e-09
19888962.745 4.53591398571273e-09
20242537.255 3.9712847685812e-09
20596111.765 4.7495557247374e-09
20949686.275 4.22427709301474e-09
21303260.784 4.70696912350158e-09
21656835.294 4.23504913637922e-09
22010409.804 4.96924337726957e-09
22363984.314 4.0845074489355e-09
22717558.824 3.63416243869044e-09
23071133.333 3.32700453135264e-09
23424707.843 5.35038834130447e-09
23778282.353 4.07102005136912e-09
24131856.863 3.13177448776412e-09
24485431.373 3.56821301991971e-09
24839005.882 4.02762207622247e-09
25192580.392 2.71364390082645e-09
25546154.902 4.34296297621875e-09
25899729.412 4.51805218317209e-09
26253303.922 3.91426735971362e-09
26606878.431 3.65185355292392e-09
26960452.941 3.56026619233895e-09
27314027.451 4.36679667094399e-09
27667601.961 4.06368021479462e-09
28021176.471 3.53805875680779e-09
28374750.98 3.34847873840001e-09
28728325.49 4.47850826044487e-09
29081900 3.98545246660985e-09
29081900 5.01908857613428e-09
30012498.039 3.86527464172516e-09
30943096.078 3.75350786355098e-09
31873694.118 5.20888018421804e-09
32804292.157 4.43843442717959e-09
33734890.196 3.81617951144823e-09
34665488.235 3.73366745308582e-09
35596086.275 3.75955734763858e-09
36526684.314 3.22616855908818e-09
37457282.353 4.00599498177451e-09
38387880.392 3.19141685856137e-09
39318478.431 2.57321560484973e-09
40249076.471 4.65515992015316e-09
41179674.51 3.36878258231371e-09
42110272.549 3.82169341670428e-09
43040870.588 3.1362796766468e-09
43971468.627 3.83854844002972e-09
44902066.667 4.20425665939174e-09
45832664.706 4.66283421062968e-09
46763262.745 3.37674786292962e-09
47693860.784 3.04596089236778e-09
48624458.824 3.39412659048828e-09
49555056.863 3.58927475400105e-09
50485654.902 3.19706845364335e-09
51416252.941 3.20226517193532e-09
52346850.98 2.35758894561022e-09
53277449.02 4.20405923871982e-09
54208047.059 4.07680787410264e-09
55138645.098 4.35598889144822e-09
56069243.137 4.16112238184394e-09
56999841.176 2.09658821685372e-09
57930439.216 3.85706446056525e-09
58861037.255 3.43955876392054e-09
59791635.294 5.41422678252734e-09
60722233.333 2.54422648568269e-09
61652831.373 3.80069412566946e-09
62583429.412 1.88573569907363e-09
63514027.451 1.87334867334503e-09
64444625.49 2.86360910590488e-09
65375223.529 3.35546270642417e-09
66305821.569 1.33661207449467e-09
67236419.608 2.92319154227184e-09
68167017.647 2.77610851028359e-09
69097615.686 2.58771725410774e-09
70028213.725 2.34369729941272e-09
70958811.765 3.18242552593581e-09
71889409.804 5.18386006163892e-09
72820007.843 3.23641926553891e-09
73750605.882 2.79118071793311e-09
74681203.922 3.1447970828069e-09
75611801.961 3.30212796659517e-09
76542400 3.40568831572971e-09
76542400 1.96348389385729e-09
78991686.275 3.62090369145759e-09
81440972.549 4.62218540046124e-09
83890258.824 7.68634748582792e-10
86339545.098 1.2169665993452e-09
88788831.373 1.28687439214263e-09
91238117.647 3.31706888721933e-09
93687403.922 3.46752811314811e-09
96136690.196 3.58744697675388e-09
98585976.471 3.76648715624146e-09
101035262.745 3.88718482666842e-09
103484549.02 4.00448979106905e-09
105933835.294 2.18060148944369e-09
108383121.569 2.25219585262059e-09
110832407.843 1.77822499965831e-09
113281694.118 3.50350446960105e-09
115730980.392 3.93293909515519e-09
118180266.667 4.1076532103183e-09
120629552.941 4.28743571183012e-09
123078839.216 4.49663121585991e-09
125528125.49 4.6579397968842e-09
127977411.765 2.68580244296568e-09
130426698.039 4.11423222236031e-09
132875984.314 4.30959641460762e-09
135325270.588 4.56618392942228e-09
137774556.863 4.83836080382221e-09
140223843.137 5.05668151386175e-09
142673129.412 5.430035078384e-09
145122415.686 5.6312192287396e-09
147571701.961 2.04385539658553e-09
150020988.235 5.69883320119529e-09
152470274.51 5.93920609406004e-09
154919560.784 6.49820412692622e-09
157368847.059 6.72569702570718e-09
159818133.333 4.56669551470187e-09
162267419.608 4.48223649130542e-09
164716705.882 3.23778915014992e-09
167165992.157 4.96771196228483e-09
169615278.431 7.70973073921108e-09
172064564.706 7.88266261922388e-09
174513850.98 5.62298847052015e-09
176963137.255 5.75135812472485e-09
179412423.529 9.05407024309587e-09
181861709.804 9.01769833605182e-09
184310996.078 9.01953560927963e-09
186760282.353 9.01068111669662e-09
189209568.627 8.81240356516988e-09
191658854.902 5.3308811721718e-09
194108141.176 8.89040312313877e-09
196557427.451 8.63133313376425e-09
199006713.725 8.4965544300598e-09
201456000 9.90837082999888e-10
