Vgs	Gm_Vds=0.15V	Gm_Vds=0.3V	Gm_Vds=0.45V	Gm_Vds=0.6V	Gm_Vds=0.75V	Gm_Vds=0.9V
-0.3	-1.76000000000004e-09	-6.37999999999988e-09	-1.18200000000002e-08	-1.94799999999998e-08	-3.28399999999996e-08	-3.54000000000004e-08
-0.295	-2.24333333333334e-09	-6.10333333333327e-09	-1.10766666666668e-08	-1.76733333333332e-08	-2.67999999999998e-08	-3.18233333333336e-08
-0.29	-2.57400000000001e-09	-5.68699999999998e-09	-9.7690000000001e-09	-1.581e-08	-2.31219999999998e-08	-2.94800000000002e-08
-0.285	-2.833e-09	-5.71999999999999e-09	-9.09600000000005e-09	-1.4948e-08	-2.08779999999999e-08	-2.75420000000001e-08
-0.28	-2.714e-09	-5.505e-09	-8.69200000000001e-09	-1.3966e-08	-1.8802e-08	-2.7424e-08
-0.275	-2.67700000000001e-09	-5.30200000000001e-09	-8.149e-09	-1.2928e-08	-1.8196e-08	-2.7524e-08
-0.27	-2.90200000000002e-09	-5.39000000000001e-09	-7.757e-09	-1.245e-08	-1.85700000000001e-08	-2.6674e-08
-0.265	-2.89400000000001e-09	-5.208e-09	-7.62199999999999e-09	-1.2208e-08	-1.86400000000001e-08	-2.3264e-08
-0.26	-2.78e-09	-4.76600000000001e-09	-7.32899999999998e-09	-1.1678e-08	-1.8176e-08	-1.9594e-08
-0.255	-2.70699999999999e-09	-4.67600000000001e-09	-6.886e-09	-1.127e-08	-1.7728e-08	-2.136e-08
-0.25	-2.48299999999999e-09	-4.763e-09	-7.02e-09	-1.1212e-08	-1.799e-08	-2.4522e-08
-0.245	-2.27399999999999e-09	-4.755e-09	-7.36999999999997e-09	-1.11e-08	-1.8332e-08	-2.509e-08
-0.24	-2.07499999999999e-09	-4.566e-09	-7.24499999999998e-09	-1.098e-08	-1.76419999999999e-08	-2.7294e-08
-0.235	-1.87e-09	-4.26e-09	-7.09200000000001e-09	-1.0902e-08	-1.639e-08	-2.983e-08
-0.23	-1.90800000000002e-09	-4.03e-09	-7.09700000000002e-09	-1.0888e-08	-1.3486e-08	-2.6864e-08
-0.225	-2.00600000000001e-09	-3.752e-09	-6.92100000000001e-09	-1.1148e-08	-1.11660000000001e-08	-2.2544e-08
-0.22	-1.70500000000001e-09	-3.492e-09	-6.041e-09	-1.129e-08	-1.2856e-08	-2.1312e-08
-0.215	-1.308e-09	-3.53099999999999e-09	-5.46799999999999e-09	-1.0868e-08	-1.42140000000001e-08	-2.227e-08
-0.21	-9.00000000000002e-10	-3.795e-09	-6.17499999999997e-09	-1.0196e-08	-1.4588e-08	-2.2926e-08
-0.205	-3.25000000000004e-10	-3.86300000000001e-09	-5.53299999999997e-09	-9.744e-09	-1.775e-08	-2.1972e-08
-0.2	-1.62000000000008e-10	-3.64000000000001e-09	-4.06199999999998e-09	-9.44399999999997e-09	-1.9898e-08	-2.1436e-08
-0.195	-6.24000000000009e-10	-3.234e-09	-5.38200000000001e-09	-9.11599999999997e-09	-1.705e-08	-2.0558e-08
-0.19	-1.204e-09	-2.785e-09	-6.87600000000001e-09	-9.054e-09	-1.42939999999999e-08	-1.9042e-08
-0.185	-1.61699999999999e-09	-2.406e-09	-4.83699999999999e-09	-9.17400000000002e-09	-1.3882e-08	-1.8744e-08
-0.18	-1.85299999999998e-09	-2.164e-09	-3.974e-09	-8.75800000000002e-09	-1.3164e-08	-1.8752e-08
-0.175	-1.64599999999998e-09	-2.2e-09	-6.42300000000001e-09	-8.28000000000001e-09	-1.2262e-08	-1.8452e-08
-0.17	-1.07599999999999e-09	-2.29899999999999e-09	-6.87300000000001e-09	-8.4e-09	-1.17940000000001e-08	-1.9204e-08
-0.165	-4.48999999999993e-10	-2.31399999999999e-09	-5.673e-09	-8.29199999999998e-09	-1.1774e-08	-1.972e-08
-0.16	-1.4499999999999e-10	-2.34e-09	-6.23900000000002e-09	-7.72799999999998e-09	-1.2008e-08	-1.8832e-08
-0.155	-3.55999999999994e-10	-2.237e-09	-7.13000000000002e-09	-7.64799999999999e-09	-1.22860000000001e-08	-1.8206e-08
-0.15	-4.69999999999996e-10	-1.887e-09	-5.76600000000001e-09	-7.87399999999999e-09	-1.18080000000001e-08	-1.8248e-08
-0.145	-1.52999999999994e-10	-1.736e-09	-3.873e-09	-7.76599999999999e-09	-1.1274e-08	-1.82580000000001e-08
-0.14	3.73000000000002e-10	-1.82800000000001e-09	-3.571e-09	-7.52399999999999e-09	-1.1854e-08	-1.86820000000001e-08
-0.135	6.84999999999989e-10	-1.46e-09	-3.81199999999998e-09	-7.59399999999999e-09	-1.1822e-08	-1.875e-08
-0.13	6.73999999999982e-10	-1.06099999999999e-09	-3.21199999999998e-09	-7.808e-09	-1.1072e-08	-1.7474e-08
-0.125	7.74999999999985e-10	-1.07e-09	-2.29099999999999e-09	-6.92200000000001e-09	-1.1504e-08	-1.654e-08
-0.12	8.00999999999993e-10	-7.4700000000001e-10	-1.98399999999998e-09	-5.43200000000003e-09	-1.185e-08	-1.623e-08
-0.115	5.87999999999998e-10	-2.0900000000001e-10	-1.82e-09	-4.54200000000003e-09	-1.0724e-08	-1.4652e-08
-0.11	7.29000000000005e-10	-1.95000000000006e-10	-1.92200000000002e-09	-4.07200000000001e-09	-9.37799999999998e-09	-1.3092e-08
-0.105	1.27700000000002e-09	-1.72999999999999e-10	-2.44100000000001e-09	-4.13199999999999e-09	-8.56199999999995e-09	-9.93999999999999e-09
-0.1	1.67200000000002e-09	3.61000000000008e-10	-2.35900000000001e-09	-4.736e-09	-8.214e-09	-6.33199999999997e-09
-0.095	1.90600000000001e-09	6.89000000000009e-10	-1.69000000000001e-09	-5.18199999999999e-09	-7.94400000000002e-09	-7.938e-09
-0.09	2.027e-09	6.09000000000009e-10	-1.27199999999999e-09	-5.33999999999998e-09	-7.39200000000002e-09	-1.0758e-08
-0.085	2.146e-09	8.97000000000007e-10	-4.91999999999985e-10	-5.194e-09	-7.10800000000005e-09	-1.19019999999999e-08
-0.08	2.52099999999999e-09	1.527e-09	6.19000000000004e-10	-3.96400000000001e-09	-6.96600000000005e-09	-1.4996e-08
-0.075	2.91599999999998e-09	2.179e-09	7.05000000000006e-10	-2.59599999999999e-09	-5.742e-09	-1.689e-08
-0.07	3.46799999999999e-09	3.01400000000001e-09	4.22999999999993e-10	-5.95999999999985e-10	-4.44999999999998e-09	-1.392e-08
-0.065	4.295e-09	4.272e-09	1.53999999999998e-09	1.80599999999998e-09	-4.25999999999997e-09	-1.0686e-08
-0.06	5.047e-09	5.274e-09	3.06499999999999e-09	1.77999999999998e-09	-3.28999999999996e-09	-8.61000000000007e-09
-0.055	5.823e-09	5.58000000000001e-09	3.552e-09	1.226e-09	-1.75e-09	-7.58600000000005e-09
-0.05	6.77700000000001e-09	5.984e-09	4.219e-09	1.954e-09	-1.20200000000001e-09	-7.45000000000001e-09
-0.045	7.68100000000001e-09	6.398e-09	5.52000000000001e-09	1.58799999999999e-09	-4.89999999999994e-10	-5.67400000000003e-09
-0.04	8.426e-09	6.726e-09	6.417e-09	1.37600000000001e-09	1.09999999999999e-09	-3.77000000000004e-09
-0.035	9.38900000000001e-09	7.556e-09	7.23399999999999e-09	4.04000000000002e-09	1.90399999999999e-09	-2.05399999999999e-09
-0.03	1.0814e-08	9.17499999999999e-09	8.65e-09	7.27400000000001e-09	2.84600000000004e-09	4.08000000000025e-10
-0.025	1.2442e-08	1.0997e-08	1.0559e-08	1.0782e-08	5.43600000000006e-09	2.02600000000003e-09
-0.02	1.4319e-08	1.3302e-08	1.2628e-08	1.4196e-08	7.73800000000003e-09	3.57000000000008e-09
-0.015	1.6695e-08	1.6169e-08	1.4542e-08	1.513e-08	9.91400000000001e-09	6.10200000000008e-09
-0.01	1.9219e-08	1.905e-08	1.6969e-08	1.6016e-08	1.343e-08	9.27200000000003e-09
-0.005	2.1805e-08	2.2227e-08	2.0505e-08	1.8428e-08	1.7354e-08	1.3722e-08
0	2.5014e-08	2.573e-08	2.4419e-08	2.0972e-08	2.0958e-08	1.9398e-08
0.005	2.8707e-08	2.9667e-08	2.874e-08	2.4894e-08	2.5378e-08	2.46959999999999e-08
0.01	3.3068e-08	3.4186e-08	3.4264e-08	3.1194e-08	3.062e-08	3.00059999999999e-08
0.015	3.8861e-08	3.9444e-08	4.029e-08	3.845e-08	3.6422e-08	3.6184e-08
0.02	4.5712e-08	4.5756e-08	4.6561e-08	4.635e-08	4.32659999999999e-08	4.2194e-08
0.025	5.2852e-08	5.3142e-08	5.3855e-08	5.4142e-08	5.1e-08	4.904e-08
0.03	6.0959e-08	6.1551e-08	6.2497e-08	6.1978e-08	6.023e-08	5.8232e-08
0.035	7.0712e-08	7.1371e-08	7.2855e-08	7.2546e-08	7.1296e-08	7.002e-08
0.04	8.1588e-08	8.2708e-08	8.5139e-08	8.5528e-08	8.3946e-08	8.2818e-08
0.045	9.3884e-08	9.5793e-08	9.917e-08	9.929e-08	9.88660000000001e-08	9.6686e-08
0.05	1.08985e-07	1.11962e-07	1.1683e-07	1.16532e-07	1.17084e-07	1.14408e-07
0.055	1.27226e-07	1.3091e-07	1.37654e-07	1.3793e-07	1.37516e-07	1.39476e-07
0.06	1.48446e-07	1.51993e-07	1.58402e-07	1.6063e-07	1.60706e-07	1.66902e-07
0.065	1.73067e-07	1.76997e-07	1.82003e-07	1.86422e-07	1.88606e-07	1.91734e-07
0.07	2.01481e-07	2.06513e-07	2.12978e-07	2.17762e-07	2.20532e-07	2.2327e-07
0.075	2.34523e-07	2.39727e-07	2.48426e-07	2.52942e-07	2.59104e-07	2.6217e-07
0.08	2.73143e-07	2.7793e-07	2.86922e-07	2.93132e-07	3.04302e-07	3.01448e-07
0.085	3.1808e-07	3.24082e-07	3.35214e-07	3.42464e-07	3.53382e-07	3.49648e-07
0.09	3.69996e-07	3.78736e-07	3.93934e-07	4.00736e-07	4.11106e-07	4.1451e-07
0.095	4.3113e-07	4.41846e-07	4.59216e-07	4.68666e-07	4.80778e-07	4.8801e-07
0.1	5.03644e-07	5.15414e-07	5.34468e-07	5.49338e-07	5.60138e-07	5.70136e-07
0.105	5.88364e-07	6.02342e-07	6.25256e-07	6.43022e-07	6.53312e-07	6.68338e-07
0.11	6.8735e-07	7.04316e-07	7.31346e-07	7.51058e-07	7.66096e-07	7.82562e-07
0.115	8.03428e-07	8.23358e-07	8.53362e-07	8.77706e-07	8.97566e-07	9.1625e-07
0.12	9.3882e-07	9.62582e-07	9.9662e-07	1.025186e-06	1.050004e-06	1.073804e-06
0.125	1.096804e-06	1.124958e-06	1.165818e-06	1.19763e-06	1.229758e-06	1.257054e-06
0.13	1.281874e-06	1.314046e-06	1.364036e-06	1.4025e-06	1.440414e-06	1.472678e-06
0.135	1.498892e-06	1.536828e-06	1.59652e-06	1.64307e-06	1.684058e-06	1.724628e-06
0.14	1.752616e-06	1.799688e-06	1.86972e-06	1.920594e-06	1.96774e-06	2.013352e-06
0.145	2.050042e-06	2.105192e-06	2.183232e-06	2.243612e-06	2.304364e-06	2.355642e-06
0.15	2.396812e-06	2.460252e-06	2.550302e-06	2.623912e-06	2.700032e-06	2.76804e-06
0.155	2.803906e-06	2.882294e-06	2.99143e-06	3.069736e-06	3.158464e-06	3.243748e-06
0.16	3.284912e-06	3.375868e-06	3.50584e-06	3.592016e-06	3.699792e-06	3.79699e-06
0.165	3.848486e-06	3.944802e-06	4.101266e-06	4.211182e-06	4.333416e-06	4.452076e-06
0.17	4.510638e-06	4.616536e-06	4.800546e-06	4.932592e-06	5.061112e-06	5.197424e-06
0.175	5.276734e-06	5.399662e-06	5.61826e-06	5.761812e-06	5.9122e-06	6.0562e-06
0.18	6.168636e-06	6.3096e-06	6.5748e-06	6.7468e-06	6.9236e-06	7.0872e-06
0.185	7.232e-06	7.3872e-06	7.7024e-06	7.9098e-06	8.1152e-06	8.3002e-06
0.19	8.4814e-06	8.6652e-06	9.0314e-06	9.2602e-06	9.5154e-06	9.731e-06
0.195	9.91180000000001e-06	1.01554e-05	1.05962e-05	1.0843e-05	1.11688e-05	1.14308e-05
0.2	1.15938e-05	1.19016e-05	1.2425e-05	1.2728e-05	1.3107e-05	1.34248e-05
0.205	1.36204e-05	1.39428e-05	1.45368e-05	1.49574e-05	1.5336e-05	1.5749e-05
0.21	1.59678e-05	1.63218e-05	1.70324e-05	1.75376e-05	1.79254e-05	1.84492e-05
0.215	1.86494e-05	1.91234e-05	1.99744e-05	2.05314e-05	2.09898e-05	2.15896e-05
0.22	2.18272e-05	2.24436e-05	2.33426e-05	2.40456e-05	2.46e-05	2.53046e-05
0.225	2.55938e-05	2.63026e-05	2.72808e-05	2.80968e-05	2.88198e-05	2.96918e-05
0.23	2.9969e-05	3.07596e-05	3.19546e-05	3.286e-05	3.37832e-05	3.478e-05
0.235	3.50676e-05	3.60326e-05	3.74066e-05	3.85336e-05	3.95678e-05	4.06134e-05
0.24	4.11312e-05	4.2229e-05	4.38356e-05	4.5127e-05	4.62902e-05	4.74592e-05
0.245	4.82168e-05	4.94294e-05	5.14152e-05	5.28634e-05	5.41634e-05	5.57176e-05
0.25	5.6318e-05	5.78405999999999e-05	6.0197e-05	6.19726e-05	6.34489999999999e-05	6.53349999999999e-05
0.255	6.5781e-05	6.76329999999999e-05	7.04109999999999e-05	7.24599999999999e-05	7.43409999999999e-05	7.63039999999999e-05
0.26	7.68059999999999e-05	7.88829999999999e-05	8.22909999999999e-05	8.43709999999999e-05	8.69509999999999e-05	8.90829999999999e-05
0.265	8.96989999999999e-05	9.21399999999999e-05	9.61269999999999e-05	9.83639999999999e-05	0.000101592	0.00010399
0.27	0.000105017	0.000107815	0.000112389	0.000115011	0.0001186	0.000121193
0.275	0.000122878	0.000125993	0.000131174	0.000134483	0.000138409	0.000141433
0.28	0.000143348	0.000147121	0.000153031	0.000157087	0.000161328	0.000165329
0.285	0.00016714	0.000171813	0.000178722	0.000183453	0.000187806	0.000192838
0.29	0.000194423	0.000200425	0.000207798	0.000213797	0.000218511	0.000224613
0.295	0.000225836	0.000233957	0.000241346	0.000248391	0.000254043	0.000261471
0.3	0.000262458	0.000273234	0.000280919	0.000288308	0.00029524	0.00030404
0.305	0.000304541	0.000318377	0.000326271	0.000334131	0.000343061	0.000353022
0.31	0.000353053	0.000370401	0.000377883	0.000386755	0.000397658	0.000408693
0.315	0.000409171	0.000429644	0.000437075	0.00044797	0.000460628	0.000472184
0.32	0.000472937	0.000495472	0.000504614	0.000518818	0.000533445999999999	0.000545154
0.325	0.000545558999999999	0.000569623	0.000582091	0.000599654	0.000615179999999999	0.00062846
0.33	0.00062958	0.0006549	0.00067194	0.00069158	0.00070754	0.000723640000000001
0.335	0.000725120000000001	0.000752660000000002	0.000774540000000001	0.000796460000000001	0.000814040000000001	0.000833700000000002
0.34	0.000832920000000001	0.000865000000000001	0.000890760000000001	0.000914980000000001	0.000935440000000001	0.000958620000000001
0.345	0.000955760000000001	0.000993440000000001	0.00102398	0.00104896	0.00107268	0.00109904
0.35	0.00109468	0.00113886	0.00117464	0.00120164	0.0012292	0.00125916
0.355	0.00125066	0.00130334	0.00134172	0.0013739	0.00140738	0.00144076
0.36	0.00142684	0.00148766	0.00152834	0.00156654	0.00160674	0.00164376
0.365	0.00162552	0.00169304	0.00174	0.00178422	0.00182894	0.00187226
0.37	0.00184658	0.00192498	0.00197814	0.00203034	0.00207892	0.00212978
0.375	0.00209458	0.00218574	0.00224528	0.00230492	0.0023598	0.00241636
0.38	0.00237252	0.00247106	0.00254356	0.00260918	0.0026709	0.00273236
0.385	0.00267734	0.00278598	0.0028717	0.00294478	0.0030138	0.00307918
0.39	0.00301094	0.00313602	0.00323052	0.00331216	0.00339154	0.00346218
0.395	0.00337984	0.00351896	0.00362442	0.00371262	0.00380508	0.00388356
0.4	0.00378106000000001	0.00393812000000001	0.00405554000000001	0.00415156000000001	0.00425292000000001	0.00434014000000001
0.405	0.00421186000000001	0.00440160000000001	0.00452516000000001	0.00463440000000001	0.00474000000000001	0.00483900000000001
0.41	0.00468120000000001	0.00490340000000001	0.00503920000000001	0.00515760000000001	0.00527400000000001	0.00538680000000001
0.415	0.0051904	0.0054404	0.00559540000000001	0.00572340000000001	0.00585160000000001	0.00598040000000001
0.42	0.0057346	0.0060238	0.0061862	0.0063342	0.006468	0.0066144
0.425	0.0063196	0.00664819999999999	0.00681959999999999	0.00698519999999999	0.00713179999999999	0.0072928
0.43	0.0069462	0.00730819999999999	0.00750159999999999	0.00768059999999999	0.00784399999999999	0.00801599999999999
0.435	0.007609	0.00801299999999999	0.00822619999999999	0.00842619999999999	0.00859899999999999	0.00878059999999999
0.44	0.0083086	0.00876099999999999	0.00899499999999999	0.00921419999999999	0.00940079999999999	0.00959139999999999
0.445	0.00904519999999999	0.00954839999999999	0.00981459999999999	0.0100456	0.0102516	0.0104476
0.45	0.00981179999999999	0.0103786	0.0106754	0.01092	0.0111464	0.0113474
0.455	0.0106096	0.0112488	0.0115642	0.0118278	0.0120738	0.0122906
0.46	0.0114406	0.0121608	0.0124904	0.0127832	0.0130356	0.013278
0.465	0.0122992	0.0131174	0.0134712	0.0137858	0.014044	0.0143112
0.47	0.0131876	0.0141092	0.0144952	0.0148162	0.0150978	0.0153882
0.475	0.014106	0.015133	0.0155442	0.0158888	0.016194	0.016508
0.48	0.0150452	0.0161944	0.0166288	0.0170046	0.0173388	0.017668
0.485	0.0160052	0.0172986	0.017763	0.0181436	0.0185234	0.0188602
0.49	0.0169932	0.0184314	0.0189254	0.019314	0.0197236	0.0200794
0.495	0.0179902	0.0195792	0.0200946	0.0205266	0.020942	0.0213288
0.5	0.018988	0.0207524	0.0212986	0.0217716	0.0221922	0.0225978
0.505	0.0200036	0.021952	0.0225584	0.0230396	0.0234684	0.0238886
0.51	0.0210072	0.0231626	0.0238328	0.024324	0.024764	0.025214
0.515	0.0219844	0.024398	0.025098	0.025632	0.026096	0.026554
0.52	0.022978	0.025664	0.0264	0.02697	0.027464	0.02791
0.525	0.023982	0.02695	0.027736	0.028314	0.028836	0.029308
0.53	0.024962	0.028254	0.029056	0.02967	0.03022	0.030718
0.535	0.025936	0.029566	0.030382	0.031056	0.031632	0.032126
0.54	0.026914	0.030882	0.03175	0.032438	0.03304	0.033566
0.545	0.027856	0.032196	0.033136	0.03381	0.03444	0.03501
0.55	0.028754	0.0335120000000001	0.034512	0.0352080000000001	0.0358600000000001	0.0364320000000001
0.555	0.0296440000000001	0.0348460000000001	0.0358920000000001	0.0366200000000001	0.0372800000000001	0.0378700000000002
0.56	0.0305220000000001	0.0361860000000001	0.0372840000000001	0.0380180000000001	0.0386940000000001	0.0393160000000002
0.565	0.0313600000000001	0.0375040000000001	0.0386660000000001	0.0394380000000001	0.0401260000000001	0.0407500000000002
0.57	0.0321560000000001	0.0388180000000001	0.0400200000000002	0.0408740000000001	0.0415580000000002	0.0422040000000002
0.575	0.03293	0.0401440000000001	0.0413800000000001	0.0422700000000001	0.0429820000000001	0.0436680000000001
0.58	0.03367	0.041456	0.042774	0.043666	0.044416	0.045104
0.585	0.03435	0.042746	0.044152	0.04508	0.045834	0.046528
0.59	0.03499	0.044014	0.045508	0.046458	0.047216	0.0479539999999999
0.595	0.035612	0.045248	0.0468919999999999	0.047818	0.048604	0.0493699999999999
0.6	0.036206	0.0464839999999999	0.0482599999999999	0.0492039999999999	0.050004	0.0507659999999999
0.605	0.036748	0.0477459999999999	0.0495859999999999	0.0505879999999999	0.051388	0.052164
0.61	0.037254	0.048976	0.050922	0.0519579999999999	0.052756	0.05357
0.615	0.03774	0.05018	0.05225	0.05332	0.054126	0.05493
0.62	0.038184	0.051406	0.053544	0.054648	0.05551	0.05625
0.625	0.038556	0.052582	0.054834	0.055954	0.0568719999999999	0.057584
0.63	0.03888	0.053676	0.05611	0.057242	0.0581899999999999	0.05892
0.635	0.039206	0.054764	0.057346	0.058496	0.0594959999999999	0.060226
0.64	0.039496	0.055846	0.0585739999999999	0.0597319999999999	0.0607959999999999	0.061548
0.645	0.039716	0.056882	0.0598119999999999	0.0609879999999999	0.06204	0.062884
0.65	0.039908	0.0578819999999999	0.061038	0.0622459999999999	0.0632459999999999	0.064154
0.655	0.04008	0.0588619999999999	0.062212	0.063474	0.0644459999999999	0.0653619999999999
0.66	0.040194	0.0598259999999999	0.063366	0.0646959999999999	0.0656119999999999	0.0665879999999999
0.665	0.0402659999999999	0.060758	0.06453	0.0658979999999999	0.0667879999999999	0.0677899999999999
0.67	0.040332	0.0616359999999999	0.0656379999999999	0.067062	0.0679959999999999	0.0688999999999999
0.675	0.0403780000000001	0.0624700000000001	0.0667220000000001	0.0683280000000001	0.0692880000000001	0.0700320000000001
0.68	0.0403940000000002	0.0632640000000002	0.0678460000000003	0.0697100000000003	0.0706660000000002	0.0713100000000003
0.685	0.0403540000000002	0.0639540000000002	0.0688980000000002	0.0708880000000003	0.0718800000000002	0.0725500000000003
0.69	0.0402860000000002	0.0646080000000002	0.0698920000000002	0.0718720000000003	0.0728900000000003	0.0736640000000003
0.695	0.0402160000000002	0.0652760000000002	0.0709920000000002	0.0728960000000003	0.0738660000000003	0.0748100000000003
0.7	0.0401200000000001	0.0659860000000001	0.0721700000000001	0.0738560000000001	0.0748000000000001	0.0759000000000001
0.705	0.039994	0.0667759999999999	0.07326	0.0746439999999999	0.0756419999999999	0.0767739999999999
0.71	0.039852	0.0675099999999999	0.0742559999999999	0.0755199999999999	0.0765799999999999	0.0776339999999999
0.715	0.039684	0.0681259999999999	0.075222	0.0765599999999999	0.0776799999999999	0.0786199999999999
0.72	0.039492	0.068648	0.076136	0.0775599999999999	0.0787399999999999	0.0795799999999999
0.725	0.039306	0.06898	0.0768899999999999	0.0784999999999999	0.0796599999999999	0.0804999999999999
0.73	0.039088	0.069176	0.0775799999999999	0.0794199999999999	0.0805399999999999	0.0814599999999999
0.735	0.0388499999999999	0.06946	0.0783999999999999	0.0802999999999999	0.0815199999999999	0.0823999999999999
0.74	0.038624	0.0697199999999999	0.0792399999999999	0.0812199999999999	0.0824999999999999	0.08324
0.745	0.038362	0.0699399999999999	0.0799399999999999	0.0821999999999999	0.08338	0.08408
0.75	0.038062	0.0702799999999999	0.0806199999999999	0.0830599999999999	0.0842799999999999	0.085
0.755	0.037788	0.0705199999999999	0.0813999999999999	0.0838399999999999	0.0852199999999999	0.08592
0.76	0.037516	0.0705599999999999	0.0821199999999999	0.0847199999999999	0.0860399999999999	0.0867799999999999
0.765	0.037182	0.0706399999999999	0.08276	0.0855399999999999	0.0866999999999999	0.0876599999999999
0.77	0.036844	0.0707399999999999	0.0834	0.0861599999999999	0.0873799999999999	0.0884799999999999
0.775	0.036532	0.0707199999999999	0.0840599999999999	0.08686	0.0881199999999999	0.0891599999999999
0.78	0.0362499999999999	0.0706799999999999	0.0847199999999999	0.0876599999999999	0.0887999999999999	0.0898799999999998
0.785	0.036036	0.0707	0.0853599999999999	0.0883599999999999	0.0894799999999999	0.0906199999999999
0.79	0.035824	0.07068	0.0858999999999999	0.0890599999999999	0.0902799999999999	0.0912399999999999
0.795	0.0355	0.07056	0.0863599999999999	0.08982	0.0911399999999999	0.0919399999999999
0.8	0.0350960000000001	0.0704000000000001	0.0868600000000002	0.0905000000000001	0.0919000000000001	0.0927400000000001
0.805	0.0346840000000001	0.0702400000000002	0.0873000000000003	0.0911600000000003	0.0925400000000003	0.0933800000000004
0.81	0.0341560000000001	0.0700200000000002	0.0876000000000003	0.0917400000000003	0.0930800000000004	0.0939200000000004
0.815	0.0336000000000001	0.0697200000000003	0.0879400000000004	0.0922000000000003	0.0936200000000004	0.0945600000000003
0.82	0.0332000000000001	0.0694000000000003	0.0883600000000004	0.0927600000000003	0.0941800000000004	0.0951600000000003
0.825	0.03286	0.0691200000000001	0.0887000000000002	0.0933600000000001	0.0947400000000002	0.0956600000000001
0.83	0.0324599999999999	0.06888	0.0889999999999999	0.0938799999999999	0.0953799999999999	0.0962
0.835	0.03208	0.06864	0.0893399999999999	0.0944399999999999	0.0960999999999999	0.09684
0.84	0.03174	0.06832	0.0895999999999999	0.0950799999999999	0.0967599999999999	0.0974799999999999
0.845	0.03138	0.0679599999999999	0.0897799999999999	0.0956999999999999	0.0972999999999999	0.0980399999999999
0.85	0.03096	0.0675799999999999	0.0899799999999999	0.09624	0.0977999999999999	0.0986199999999999
0.855	0.0305	0.0670999999999999	0.0901599999999999	0.0966599999999999	0.0983	0.0992199999999999
0.86	0.03012	0.0666199999999999	0.09028	0.0971199999999999	0.09876	0.0997799999999999
0.865	0.02976	0.06622	0.0904	0.0976399999999999	0.0991599999999999	0.10024
0.87	0.02934	0.06582	0.0905799999999999	0.0980199999999999	0.0995799999999999	0.10068
0.875	0.02896	0.06534	0.0906799999999999	0.0983199999999999	0.10006	0.10116
0.88	0.02868	0.0647999999999999	0.0905799999999999	0.09868	0.10054	0.10156
0.885	0.0283999999999999	0.0642199999999999	0.0904599999999999	0.09908	0.10096	0.10188
0.89	0.0281399999999999	0.0636999999999999	0.0903999999999999	0.0994	0.1013	0.10222
0.895	0.0279666666666666	0.0631333333333333	0.0900666666666666	0.0996666666666666	0.101666666666666	0.102533333333333
0.9	0.0278	0.0628	0.0900000000000001	0.1002	0.1016	0.1028
