101 6.17423074617739e-06
104.18 6.66357931877396e-06
107.361 7.1064002952307e-06
110.541 7.50917777608894e-06
113.721 7.52282054671544e-06
116.902 6.84843881706773e-06
120.082 5.98015169540069e-06
123.262 6.03435810607503e-06
126.443 6.55452712135168e-06
129.623 6.7363358077702e-06
132.803 6.35721690040811e-06
135.983 6.27152877893326e-06
139.164 6.46980887450757e-06
142.344 6.33120760014049e-06
145.524 7.63527348769021e-06
148.705 8.84073511224038e-06
151.885 8.2127441840542e-06
155.065 7.7319437508168e-06
158.246 5.20797342736193e-06
161.426 5.73022447908554e-06
164.606 6.11424430401722e-06
167.787 5.91534375285898e-06
170.967 6.51947004678636e-06
174.147 6.46701914444967e-06
177.328 5.81608535173133e-06
180.508 5.23560994406903e-06
183.688 5.20627656763143e-06
186.868 4.30674098649361e-06
190.049 4.42709292096179e-06
193.229 4.49947410054681e-06
196.409 5.09939222326443e-06
199.59 5.50182863091638e-06
202.77 5.71141864302781e-06
205.95 4.54114141016076e-06
209.131 4.48631332420035e-06
212.311 5.06852484243526e-06
215.491 5.41417008010528e-06
218.672 5.84799790075039e-06
221.852 5.83295800588931e-06
225.032 5.53709683460342e-06
228.213 4.89197620757223e-06
231.393 3.91431108749475e-06
234.573 3.59511032336879e-06
237.753 3.75212078841683e-06
240.934 3.54492464570924e-06
244.114 3.70469612001278e-06
247.294 4.84004317991459e-06
250.475 5.70682455327575e-06
253.655 5.50960791874594e-06
256.835 5.36734655129143e-06
260.016 4.67135157773482e-06
263.196 4.32645983134472e-06
264.196 5.09718552959565e-06
272.598 4.6793223257653e-06
281.001 4.43253590961345e-06
289.403 4.06269886441734e-06
297.806 4.01790361644339e-06
306.208 4.27501569047215e-06
314.611 4.44564475841712e-06
323.013 4.60354850658906e-06
331.415 5.10866091907508e-06
339.818 5.10442471158003e-06
348.22 5.10472077610526e-06
356.623 4.68282109472388e-06
365.025 4.2328637782434e-06
373.428 3.864007227077e-06
381.83 3.53175373413101e-06
390.232 3.71284622323738e-06
398.635 3.62707347991703e-06
407.037 3.435331110022e-06
415.44 2.94361788022728e-06
423.842 2.20829710622574e-06
432.245 2.40507030728757e-06
440.647 3.36592861019092e-06
449.049 3.7462787611413e-06
457.452 4.01239232570111e-06
465.854 3.7112652579003e-06
474.257 3.39844654291957e-06
482.659 3.24704843004976e-06
491.062 3.53970009114738e-06
499.464 3.71548663776345e-06
507.867 4.22531997282807e-06
516.269 4.43975319184315e-06
524.671 4.11386679268873e-06
533.074 2.87018982609719e-06
541.476 2.62057880161479e-06
549.879 2.70753591089485e-06
558.281 2.77391817662259e-06
566.684 2.62858179762016e-06
575.086 2.61442659797262e-06
583.488 2.80548319463934e-06
591.891 3.13333446911895e-06
600.293 3.14909829442433e-06
608.696 2.90722502891747e-06
617.098 3.02880523979612e-06
625.501 3.07001104967617e-06
633.903 2.71758608281028e-06
642.305 2.02332038922544e-06
650.708 1.93577120179802e-06
659.11 2.01196098234946e-06
667.513 2.06894055022367e-06
675.915 2.17044423453935e-06
684.318 2.29894616833595e-06
692.72 2.42162540249514e-06
693.72 2.27726999177138e-06
715.867 1.62003208677444e-06
738.014 2.45571064123974e-06
760.161 3.28673673827643e-06
782.307 2.00591768231641e-06
804.454 2.26853707282716e-06
826.601 2.05504080868951e-06
848.748 2.7673096832664e-06
870.895 2.76582121075299e-06
893.042 2.22678996173073e-06
915.189 1.80224023106476e-06
937.335 1.63929418981499e-06
959.482 1.92117582929106e-06
981.629 2.73209356471406e-06
1003.776 3.25465025947443e-06
1025.923 2.7814212215113e-06
1048.07 2.43346410359356e-06
1070.217 1.91087564476962e-06
1092.364 1.80313758119843e-06
1114.51 1.79686040898752e-06
1136.657 2.20391900108874e-06
1158.804 2.11297203895745e-06
1180.951 2.20721734111843e-06
1203.098 1.75616943660706e-06
1225.245 2.2511533978196e-06
1247.392 2.20766431736548e-06
1269.538 1.90531015580968e-06
1291.685 1.92395162011252e-06
1313.832 1.92621028934999e-06
1335.979 1.72493680323305e-06
1358.126 1.64132159845574e-06
1380.273 1.91000485667878e-06
1402.42 1.56717957980722e-06
1424.566 1.54946140855614e-06
1446.713 1.72940119626298e-06
1468.86 1.43977246110236e-06
1491.007 1.25347942580219e-06
1513.154 1.12328563159524e-06
1535.301 1.61798113915631e-06
1557.448 2.27545827812694e-06
1579.595 2.01151730146235e-06
1601.741 1.78246953056159e-06
1623.888 1.84160115392839e-06
1646.035 1.63110102332984e-06
1668.182 1.63065941432408e-06
1690.329 1.93127768300928e-06
1712.476 1.61302204442737e-06
1734.623 1.52297999369908e-06
1756.769 1.76832777205652e-06
1778.916 1.44417695844153e-06
1801.063 1.4368910125528e-06
1823.21 1.52883595525987e-06
1824.21 1.3708743653365e-06
1882.531 1.50899695565884e-06
1940.853 1.5756168121078e-06
1999.174 1.42358315961546e-06
2057.495 1.2412761121785e-06
2115.817 1.47799284591551e-06
2174.138 1.40455712674102e-06
2232.46 1.31629892425391e-06
2290.781 1.27317134478349e-06
2349.102 1.04302706119753e-06
2407.424 1.06396409130064e-06
2465.745 1.41200339517961e-06
2524.066 1.554869691644e-06
2582.388 1.2813146604078e-06
2640.709 1.22627193252029e-06
2699.031 1.13241718774439e-06
2757.352 1.07276140871962e-06
2815.673 1.01487254998641e-06
2873.995 1.20091937961143e-06
2932.316 1.44781905833571e-06
2990.637 1.52205142737514e-06
3048.959 1.60039335411428e-06
3107.28 1.52961567855647e-06
3165.602 1.1115066967991e-06
3223.923 8.67982168111922e-07
3282.244 7.79339061320861e-07
3340.566 9.53051169773518e-07
3398.887 1.11865418195471e-06
3457.208 1.23664688621469e-06
3515.53 1.37863779546628e-06
3573.851 1.303788753246e-06
3632.173 1.19155261512389e-06
3690.494 1.23923849110821e-06
3748.815 1.36666992639939e-06
3807.137 1.61130557548501e-06
3865.458 1.39883329070529e-06
3923.779 1.24172360273932e-06
3982.101 1.18022959783741e-06
4040.422 8.27850539810566e-07
4098.744 1.00986429061899e-06
4157.065 1.00819435018889e-06
4215.386 1.06057336974128e-06
4273.708 1.42740655448945e-06
4332.029 1.05205673329068e-06
4390.35 1.0441880073878e-06
4448.672 9.95521242922945e-07
4506.993 1.09750443444434e-06
4565.315 1.08963709330971e-06
4623.636 9.92648186421005e-07
4681.957 9.52695752442468e-07
4740.279 1.1021087955497e-06
4798.6 1.07519215240173e-06
4799.6 1.05152149841603e-06
4953.131 1.12473787769106e-06
5106.663 8.7857871604248e-07
5260.194 1.0538644204093e-06
5413.725 1.05268083128218e-06
5567.257 8.77992695566335e-07
5720.788 9.11146383355273e-07
5874.32 9.19376694376112e-07
6027.851 9.41078939529687e-07
6181.382 1.005535108508e-06
6334.914 1.01587489379668e-06
6488.445 1.0529214211594e-06
6641.976 9.05975599771177e-07
6795.508 8.42492963539772e-07
6949.039 7.52254496577441e-07
7102.571 6.96204581826219e-07
7256.102 7.59851538216874e-07
7409.633 6.35040708622507e-07
7563.165 7.11091255005748e-07
7716.696 8.41408957121341e-07
7870.227 7.25820923819573e-07
8023.759 8.31055520189953e-07
8177.29 9.11602204405978e-07
8330.822 7.47206832680092e-07
8484.353 6.60106938681381e-07
8637.884 7.59530441495911e-07
8791.416 8.13986809717461e-07
8944.947 7.21830483583001e-07
9098.478 7.66904264880791e-07
9252.01 7.61600137704593e-07
9405.541 6.94112830490433e-07
9559.073 8.08191418706904e-07
9712.604 6.89124988308185e-07
9866.135 6.30634816868707e-07
10019.667 7.44284659223477e-07
10173.198 7.63749159391489e-07
10326.729 6.83881137034887e-07
10480.261 6.34979318978333e-07
10633.792 5.83282737403568e-07
10787.324 5.33743519058418e-07
10940.855 6.85610065085741e-07
11094.386 9.79533875093747e-07
11247.918 8.66020204976683e-07
11401.449 7.28348114119161e-07
11554.98 7.79660700740976e-07
11708.512 9.09244891762892e-07
11862.043 8.20356718165644e-07
12015.575 7.37264716105212e-07
12169.106 6.59804683407825e-07
12322.637 7.07084346536879e-07
12476.169 7.63631554279596e-07
12629.7 8.05117574893374e-07
12630.7 7.96928941180705e-07
13034.822 8.5331166742828e-07
13438.943 8.11475198205853e-07
13843.065 7.63753855364241e-07
14247.186 6.96074369812089e-07
14651.308 5.22335042458916e-07
15055.429 4.68690456779384e-07
15459.551 4.25149071393683e-07
15863.673 4.3026665659974e-07
16267.794 4.63438588653398e-07
16671.916 6.11896886521125e-07
17076.037 4.91536780791806e-07
17480.159 4.72940731961087e-07
17884.28 6.94813664509631e-07
18288.402 6.34178663698079e-07
18692.524 5.67177442343935e-07
19096.645 5.81038273250257e-07
19500.767 6.19709666705749e-07
19904.888 6.05869731937427e-07
20309.01 5.18302180683309e-07
20713.131 5.49224322635958e-07
21117.253 4.80898409805884e-07
21521.375 4.15367231465952e-07
21925.496 3.96689638147293e-07
22329.618 3.7329855711116e-07
22733.739 3.95547493917601e-07
23137.861 5.65288252763155e-07
23541.982 5.11456645324772e-07
23946.104 4.7227054952854e-07
24350.225 4.61122467181092e-07
24754.347 5.17551434879458e-07
25158.469 5.24656452520559e-07
25562.59 4.4738026286689e-07
25966.712 3.61355041772896e-07
26370.833 3.85446032614746e-07
26774.955 3.99208060292509e-07
27179.076 4.1835593179509e-07
27583.198 5.13630312973343e-07
27987.32 5.17768276169133e-07
28391.441 4.98035639716795e-07
28795.563 4.25696952932144e-07
29199.684 4.14675654860399e-07
29603.806 4.99012795726989e-07
30007.927 4.79601526612958e-07
30412.049 3.87500966043804e-07
30816.171 3.77340470588872e-07
31220.292 4.14056674891689e-07
31624.414 4.54682707590429e-07
32028.535 5.35858227647097e-07
32432.657 5.00145600965095e-07
32836.778 3.83121501760589e-07
33240.9 4.27635144936068e-07
33241.9 3.75707709076171e-07
34305.559 3.97101533585933e-07
35369.218 4.19542181737883e-07
36432.876 5.02047763824257e-07
37496.535 5.14510327087008e-07
38560.194 5.05834852664185e-07
39623.853 4.60206754610839e-07
40687.512 4.23770624635601e-07
41751.171 4.38872295968859e-07
42814.829 5.1182284205982e-07
43878.488 4.79357722860681e-07
44942.147 4.08151920683546e-07
46005.806 3.49866601572251e-07
47069.465 3.34416150005529e-07
48133.124 3.78535864175248e-07
49196.782 4.05060910225401e-07
50260.441 4.0018662379461e-07
51324.1 2.89244967027787e-07
52387.759 3.17406498726402e-07
53451.418 3.65145996721581e-07
54515.076 3.42454535722647e-07
55578.735 2.92465555713035e-07
56642.394 2.56702509188925e-07
57706.053 3.05592681749302e-07
58769.712 3.4857803655091e-07
59833.371 4.19233048217574e-07
60897.029 3.84061604697264e-07
61960.688 3.22802000870828e-07
63024.347 1.93621922148769e-07
64088.006 1.92629919615691e-07
65151.665 2.18663723087315e-07
66215.324 2.13689763339496e-07
67278.982 2.12157785578945e-07
68342.641 2.39994799346751e-07
69406.3 2.78911052025521e-07
70469.959 3.0345400943963e-07
71533.618 2.83289720867286e-07
72597.276 2.83504015111249e-07
73660.935 2.98203249326007e-07
74724.594 3.40048499319915e-07
75788.253 3.2256465249732e-07
76851.912 2.67894627644826e-07
77915.571 2.37459215516179e-07
78979.229 2.39758167484141e-07
80042.888 2.37771003191465e-07
81106.547 2.53584976886237e-07
82170.206 2.8160067731556e-07
83233.865 2.65421224198256e-07
84297.524 2.35672686760582e-07
85361.182 2.21055835544004e-07
86424.841 2.58010302289027e-07
87488.5 2.66680367127867e-07
87489.5 2.46584880300227e-07
90289.039 2.21868045019489e-07
93088.578 2.07427878237425e-07
95888.118 2.62483179659555e-07
98687.657 2.55816782894665e-07
101487.196 2.25681389632724e-07
104286.735 1.67453571613542e-07
107086.275 2.17714337679619e-07
109885.814 2.46275561419251e-07
112685.353 2.26805566050624e-07
115484.892 2.24750499448905e-07
118284.431 2.68783754204054e-07
121083.971 2.63365819999016e-07
123883.51 2.5594171681398e-07
126683.049 2.34446694877399e-07
129482.588 2.14381485018221e-07
132282.127 2.34783250769146e-07
135081.667 2.58967093906135e-07
137881.206 2.60513582167783e-07
140680.745 2.81249427536677e-07
143480.284 2.92162112808668e-07
146279.824 2.63566255477889e-07
149079.363 2.14373259075914e-07
151878.902 2.32364006038173e-07
154678.441 2.74426894643674e-07
157477.98 2.71845734502916e-07
160277.52 2.61078840360464e-07
163077.059 2.55668364498143e-07
165876.598 2.31610766999575e-07
168676.137 2.36392824093166e-07
171475.676 2.29667021314611e-07
174275.216 2.1199120208585e-07
177074.755 2.15120718484718e-07
179874.294 2.25461549782507e-07
182673.833 1.92469980421565e-07
185473.373 1.71228336070672e-07
188272.912 1.55257080886023e-07
191072.451 1.2554138161911e-07
193871.99 1.6460343382535e-07
196671.529 1.95059941433216e-07
199471.069 1.88803093053509e-07
202270.608 1.78575852244314e-07
205070.147 1.70216950387078e-07
207869.686 1.66726263630252e-07
210669.225 1.33982130494835e-07
213468.765 1.24453096778788e-07
216268.304 1.2194477304225e-07
219067.843 1.50790382575972e-07
221867.382 1.7046955093755e-07
224666.922 2.06890143382103e-07
227466.461 2.01150407973719e-07
230266 1.74532287327043e-07
230267 1.61757462590255e-07
237635.294 1.84513981172273e-07
245003.588 1.79470488648501e-07
252371.882 1.81081229712224e-07
259740.176 1.72727107017024e-07
267108.471 1.45799043458567e-07
274476.765 1.67499332411252e-07
281845.059 1.62153398067288e-07
289213.353 1.7827922444406e-07
296581.647 1.77414681487861e-07
303949.941 1.66093999451526e-07
311318.235 1.70042165961975e-07
318686.529 1.80377998134964e-07
326054.824 2.03286416449052e-07
333423.118 1.5416344883142e-07
340791.412 1.27261799604388e-07
348159.706 1.22895151901252e-07
355528 1.33105672093144e-07
362896.294 8.42342371789221e-08
370264.588 1.23815983726517e-07
377632.882 1.45637790252158e-07
385001.176 1.48231292410003e-07
392369.471 1.4513994349488e-07
399737.765 1.07329444125533e-07
407106.059 1.4544420657177e-07
414474.353 1.52281957143673e-07
421842.647 1.75399075406059e-07
429210.941 2.03779741678929e-07
436579.235 1.48664034520584e-07
443947.529 1.23332452803023e-07
451315.824 9.22586773357536e-08
458684.118 6.59860654656762e-08
466052.412 1.21971333418759e-07
473420.706 1.35826076808643e-07
480789 1.30149797425689e-07
488157.294 1.3815602823601e-07
495525.588 1.28073334579615e-07
502893.882 1.33265455529162e-07
510262.176 1.41153037672751e-07
517630.471 9.89660454670848e-08
524998.765 1.4972188747512e-07
532367.059 1.47613817865311e-07
539735.353 1.14289471913731e-07
547103.647 1.26660736088813e-07
554471.941 1.7356111218179e-07
561840.235 1.50497278824494e-07
569208.529 1.41471567640632e-07
576576.824 1.35576713225068e-07
583945.118 1.60830670816132e-07
591313.412 1.30002523090838e-07
598681.706 1.33328122417525e-07
606050 1.06359534729727e-07
606051 1.34805020810022e-07
625444.118 1.27973221004455e-07
644837.235 1.09923574885236e-07
664230.353 9.50817266936707e-08
683623.471 1.36261863924219e-07
703016.588 1.0300131083403e-07
722409.706 9.3053485380192e-08
741802.824 7.25946697697999e-08
761195.941 9.43090118629901e-08
780589.059 9.32373509877581e-08
799982.176 1.01625846387808e-07
819375.294 8.71809589647963e-08
838768.412 1.21330955826798e-07
858161.529 9.72202935171541e-08
877554.647 9.4886657374691e-08
896947.765 1.29153542712999e-07
916340.882 1.21871436573496e-07
935734 1.12812311304441e-07
955127.118 1.12991483646092e-07
974520.235 1.08012028713044e-07
993913.353 1.09928982931408e-07
1013306.471 1.1307389830676e-07
1032699.588 1.24234179643388e-07
1052092.706 1.12700023944161e-07
1071485.824 9.06773453969287e-08
1090878.941 1.09363511978681e-07
1110272.059 1.10002827852671e-07
1129665.176 1.06849648439934e-07
1149058.294 9.59500000721209e-08
1168451.412 7.89763587600948e-08
1187844.529 8.44475054641616e-08
1207237.647 1.22093390541942e-07
1226630.765 1.09923568962602e-07
1246023.882 6.30528636674648e-08
1265417 8.24907506111788e-08
1284810.118 1.02771852275003e-07
1304203.235 1.07749792294394e-07
1323596.353 1.22720664937481e-07
1342989.471 1.16089874430019e-07
1362382.588 1.0896982634358e-07
1381775.706 7.63814835307066e-08
1401168.824 7.74456912699267e-08
1420561.941 8.85774308068907e-08
1439955.059 1.03181813495107e-07
1459348.176 1.01383194122398e-07
1478741.294 1.14476443688311e-07
1498134.412 9.02053107198307e-08
1517527.529 7.98846482975252e-08
1536920.647 9.96052864962498e-08
1556313.765 8.09819580470317e-08
1575706.882 8.98422204769578e-08
1595100 1.04400092791637e-07
1595100 9.55322094175174e-08
1646141.765 1.12215365501767e-07
1697183.529 9.05451276939715e-08
1748225.294 6.73431992305392e-08
1799267.059 8.50956750116779e-08
1850308.824 8.6659317750606e-08
1901350.588 9.61792588207328e-08
1952392.353 8.73484544766197e-08
2003434.118 7.80405803820403e-08
2054475.882 7.59480171410887e-08
2105517.647 6.81548347685768e-08
2156559.412 9.71343632419748e-08
2207601.176 7.63101628738375e-08
2258642.941 7.99441757693454e-08
2309684.706 7.94472089249528e-08
2360726.471 9.01818358710888e-08
2411768.235 6.45195618307153e-08
2462810 9.81087798573155e-08
2513851.765 9.57116165260581e-08
2564893.529 8.89497680562777e-08
2615935.294 9.73163955385237e-08
2666977.059 6.18468030662863e-08
2718018.824 1.14421196351873e-07
2769060.588 8.60326998030958e-08
2820102.353 7.33288386185619e-08
2871144.118 7.85044439696919e-08
2922185.882 6.54738662397151e-08
2973227.647 7.14585801822566e-08
3024269.412 9.35983508798424e-08
3075311.176 8.06361750222566e-08
3126352.941 7.54702988825618e-08
3177394.706 6.24985853471517e-08
3228436.471 5.92885255873656e-08
3279478.235 5.13099939326668e-08
3330520 1.01292895354964e-07
3381561.765 7.32188646773494e-08
3432603.529 9.27076445957759e-08
3483645.294 1.00793031542612e-07
3534687.059 7.9462931863842e-08
3585728.824 6.87990303415622e-08
3636770.588 8.27291664273516e-08
3687812.353 8.24257386378794e-08
3738854.118 5.50424236600025e-08
3789895.882 6.94627890743814e-08
3840937.647 5.90383101815084e-08
3891979.412 7.39021909241039e-08
3943021.176 5.88396236484361e-08
3994062.941 1.03807849072742e-07
4045104.706 9.58528082443217e-08
4096146.471 8.00917125543555e-08
4147188.235 9.11073782994566e-08
4198230 7.27244075802347e-08
4198230 8.78571499873806e-08
4332570.588 4.43434751000404e-08
4466911.176 7.81406244696086e-08
4601251.765 8.52504576447587e-08
4735592.353 5.52599332354094e-08
4869932.941 7.47426346199597e-08
5004273.529 7.37828790342482e-08
5138614.118 6.96167589501953e-08
5272954.706 9.06375218310491e-08
5407295.294 8.02329426740881e-08
5541635.882 7.93500291634887e-08
5675976.471 6.04738722058279e-08
5810317.059 9.578001839933e-08
5944657.647 8.89857652956623e-08
6078998.235 8.82844107952231e-08
6213338.824 7.56549606053899e-08
6347679.412 8.52623611791557e-08
6482020 7.64966206392263e-08
6616360.588 8.10216664763192e-08
6750701.176 5.4513868012703e-08
6885041.765 7.98236309007702e-08
7019382.353 6.98854695204554e-08
7153722.941 6.20909861195883e-08
7288063.529 8.71807089515611e-08
7422404.118 8.2657021462445e-08
7556744.706 7.28232418048201e-08
7691085.294 7.21721976727992e-08
7825425.882 6.72500438027753e-08
7959766.471 9.61711879141009e-08
8094107.059 8.84847789165792e-08
8228447.647 9.15018454258902e-08
8362788.235 5.10931724380362e-08
8497128.824 7.80155312067136e-08
8631469.412 5.81561522918109e-08
8765810 8.77381218490572e-08
8900150.588 6.48601892306513e-08
9034491.176 7.86311578466882e-08
9168831.765 9.42035843895576e-08
9303172.353 8.65483277503413e-08
9437512.941 9.278527486719e-08
9571853.529 6.71804315259793e-08
9706194.118 9.3400422589468e-08
9840534.706 9.46163144593066e-08
9974875.294 7.57309436227365e-08
10109215.882 7.56073544904859e-08
10243556.471 8.00579128664069e-08
10377897.059 8.16270735604597e-08
10512237.647 5.92772932757662e-08
10646578.235 7.0930599111103e-08
10780918.824 6.50485010912473e-08
10915259.412 8.32252446037715e-08
11049600 7.38683378272586e-08
11049600 6.33240538761923e-08
11403174.51 8.62675879301172e-08
11756749.02 8.68384279577653e-08
12110323.529 7.7421001789375e-08
12463898.039 7.19319571363431e-08
12817472.549 7.95529095298268e-08
13171047.059 7.75851837210952e-08
13524621.569 6.11050987420559e-08
13878196.078 8.26620747406965e-08
14231770.588 8.91615628716769e-08
14585345.098 7.27999088047004e-08
14938919.608 7.55610939822082e-08
15292494.118 5.86430149158107e-08
15646068.627 7.66882207033357e-08
15999643.137 6.9430287199406e-08
16353217.647 8.58609671509452e-08
16706792.157 9.29530876508041e-08
17060366.667 9.22334956743725e-08
17413941.176 8.74156428229199e-08
17767515.686 8.38170510249044e-08
18121090.196 7.90613745674866e-08
18474664.706 7.82092435415119e-08
18828239.216 7.86450361194949e-08
19181813.725 6.18159435118546e-08
19535388.235 9.08328852904233e-08
19888962.745 7.46077560999579e-08
20242537.255 6.43013918557204e-08
20596111.765 9.02575834783898e-08
20949686.275 7.70327433777501e-08
21303260.784 9.84449160710033e-08
21656835.294 7.61654200635164e-08
22010409.804 8.28146597109402e-08
22363984.314 6.97256792359363e-08
22717558.824 1.00047685205606e-07
23071133.333 8.5233414049236e-08
23424707.843 1.06172956439187e-07
23778282.353 7.17599209560808e-08
24131856.863 1.02573332414365e-07
24485431.373 9.13192382831841e-08
24839005.882 5.70881073551672e-08
25192580.392 9.37346392104686e-08
25546154.902 9.57090057385662e-08
25899729.412 8.77340408078045e-08
26253303.922 8.91772167863791e-08
26606878.431 9.53327521364424e-08
26960452.941 8.30535240710657e-08
27314027.451 7.78621671493195e-08
27667601.961 9.22000112237497e-08
28021176.471 7.92156528640151e-08
28374750.98 8.3655426535365e-08
28728325.49 1.11339330318361e-07
29081900 1.10316916452859e-07
29081900 8.47527313673984e-08
30012498.039 7.0814369886771e-08
30943096.078 9.7754863108191e-08
31873694.118 9.66544894791147e-08
32804292.157 1.21209874497559e-07
33734890.196 9.75881407004888e-08
34665488.235 1.28875411081421e-07
35596086.275 7.24462417665315e-08
36526684.314 1.23414340518023e-07
37457282.353 8.89167134737999e-08
38387880.392 1.32902611289001e-07
39318478.431 1.28943833618643e-07
40249076.471 1.27351325306111e-07
41179674.51 9.14142804239264e-08
42110272.549 8.26092115282188e-08
43040870.588 1.22925820879697e-07
43971468.627 8.49536946928384e-08
44902066.667 1.02606885640348e-07
45832664.706 9.0373933528424e-08
46763262.745 8.66261258071677e-08
47693860.784 7.56875273939234e-08
48624458.824 9.43174880029049e-08
49555056.863 1.05100919810122e-07
50485654.902 9.86807464312787e-08
51416252.941 9.46922860123531e-08
52346850.98 9.96586426385751e-08
53277449.02 7.89097747909918e-08
54208047.059 6.991276110759e-08
55138645.098 7.92560465943643e-08
56069243.137 8.80912306012513e-08
56999841.176 6.89302718380094e-08
57930439.216 6.66477326631432e-08
58861037.255 7.10724354087188e-08
59791635.294 5.19469904843158e-08
60722233.333 6.90061016428643e-08
61652831.373 5.54871080437676e-08
62583429.412 3.69259312721973e-08
63514027.451 4.86513472657428e-08
64444625.49 4.33215335922515e-08
65375223.529 5.07093322718766e-08
66305821.569 5.52365545411859e-08
67236419.608 6.04797529657653e-08
68167017.647 4.75251108203552e-08
69097615.686 3.288395681469e-08
70028213.725 4.56989836606812e-08
70958811.765 3.42395515103504e-08
71889409.804 3.95304668628908e-08
72820007.843 4.75839631005933e-08
73750605.882 4.39446645299529e-08
74681203.922 4.02112387297569e-08
75611801.961 2.88058551570927e-08
76542400 2.25542974038846e-08
76542400 4.96419752583586e-08
78991686.275 2.47047730726878e-08
81440972.549 2.86697805531412e-08
83890258.824 2.18540627697943e-08
86339545.098 2.06242111412149e-08
88788831.373 2.6177109191675e-08
91238117.647 2.45791626135269e-08
93687403.922 1.90855040279337e-08
96136690.196 8.9975057918997e-08
98585976.471 1.75285457333289e-08
101035262.745 1.23246718201662e-08
103484549.02 3.7717810047924e-08
105933835.294 1.59415911747824e-08
108383121.569 1.73613996953766e-08
110832407.843 1.73948242848412e-08
113281694.118 1.37826632667362e-08
115730980.392 1.59660054407236e-08
118180266.667 1.25653406898565e-08
120629552.941 1.40450453968102e-08
123078839.216 1.09448106624444e-08
125528125.49 1.20706659550283e-08
127977411.765 1.08840507202758e-08
130426698.039 1.25832262520679e-08
132875984.314 6.95221080179672e-09
135325270.588 1.36206392705934e-08
137774556.863 9.00890618422659e-09
140223843.137 6.32153641499818e-09
142673129.412 5.59923436274987e-09
145122415.686 7.9119525077705e-09
147571701.961 1.01964449728676e-08
150020988.235 9.77375882147785e-09
152470274.51 6.25173811331729e-09
154919560.784 1.0584892988179e-08
157368847.059 2.7437510848078e-09
159818133.333 1.17686722374956e-09
162267419.608 8.60275566182163e-09
164716705.882 7.22632727875648e-09
167165992.157 1.10831581007583e-08
169615278.431 4.98631865314973e-09
172064564.706 8.27424362607338e-09
174513850.98 5.66336575004617e-09
176963137.255 6.83618645265612e-09
179412423.529 4.15332566075139e-09
181861709.804 9.47906574529136e-09
184310996.078 -0
186760282.353 8.51593409623841e-09
189209568.627 2.9929303851022e-09
191658854.902 6.06674427603538e-09
194108141.176 7.1451522841288e-09
196557427.451 -0
199006713.725 4.7692106944441e-09
201456000 6.76291157873974e-09
