vd	id_vg = 0V	ig_vg = 0V	is_vg = 0V	iavdd_vg = 0V	ignd_vg = 0V	id_vg = 0.15V	ig_vg = 0.15V	is_vg = 0.15V	iavdd_vg = 0.15V	ignd_vg = 0.15V	id_vg = 0.3V	ig_vg = 0.3V	is_vg = 0.3V	iavdd_vg = 0.3V	ignd_vg = 0.3V	id_vg = 0.45V	ig_vg = 0.45V	is_vg = 0.45V	iavdd_vg = 0.45V	ignd_vg = 0.45V	id_vg = 0.6V	ig_vg = 0.6V	is_vg = 0.6V	iavdd_vg = 0.6V	ignd_vg = 0.6V	id_vg = 0.75V	ig_vg = 0.75V	is_vg = 0.75V	iavdd_vg = 0.75V	ignd_vg = 0.75V	id_vg = 0.9V	ig_vg = 0.9V	is_vg = 0.9V	iavdd_vg = 0.9V	ignd_vg = 0.9V
0	-1.46546e-08	-6.2069e-10	-1.2928e-09	3.6483e-06	-3.6261e-06	-1.35084e-08	-2.1035e-10	-3.1387e-09	3.5467e-06	-3.525e-06	1.1366e-07	5.1553e-10	-1.3224e-07	3.5434e-06	-3.5242e-06	-3.4556e-06	2.364e-09	3.4906e-06	3.5468e-06	-3.5276e-06	-1.1719e-05	8.0132e-09	1.219e-05	3.5381e-06	-3.5236e-06	-1.542e-05	2.75152e-08	1.9088e-05	3.5479e-06	-3.5309e-06	-1.6806e-05	1.0588e-07	2.3406e-05	3.5461e-06	-3.5342e-06
0.005	-1.06174e-08	-6.3657e-10	-5.4137e-09	3.6359e-06	-3.6185e-06	1.7667e-09	-2.0951e-10	-1.8334e-08	3.5435e-06	-3.5264e-06	8.6646e-07	5.0012e-10	-1.2323e-06	3.5458e-06	-3.53e-06	3.0444e-05	2.3321e-09	-2.9878e-05	3.5423e-06	-3.5247e-06	6.5832e-05	7.8336e-09	-0.00012636	3.5368e-06	-3.5173e-06	6.8944e-05	2.69134e-08	-0.00022546	3.5459e-06	-3.5271e-06	6.6538e-05	1.0306e-07	-0.0002983	3.5433e-06	-3.5284e-06
0.01	-6.3583e-09	-6.332e-10	-9.518e-09	3.6356e-06	-3.6203e-06	1.55972e-08	-2.1314e-10	-3.19128e-08	3.5416e-06	-3.5233e-06	2.1706e-06	4.8705e-10	-2.1851e-06	3.5437e-06	-3.5256e-06	6.105e-05	2.2814e-09	-6.2024e-05	3.5457e-06	-3.5322e-06	0.00026518	7.6682e-09	-0.00026482	3.5397e-06	-3.5178e-06	0.0004782	2.62928e-08	-0.00047808	3.5423e-06	-3.5265e-06	0.00063422	1.0038e-07	-0.00063414	3.5536e-06	-3.5325e-06
0.015	-2.2371e-09	-6.4221e-10	-1.34198e-08	3.6286e-06	-3.6087e-06	2.78196e-08	-2.1679e-10	-4.37582e-08	3.543e-06	-3.5277e-06	2.9562e-06	4.7947e-10	-2.9739e-06	3.5482e-06	-3.5279e-06	8.971e-05	2.2398e-09	-9.0538e-05	3.5482e-06	-3.5294e-06	0.00039734	7.5397e-09	-0.00039672	3.5299e-06	-3.5151e-06	0.00072288	2.57168e-08	-0.00072334	3.5423e-06	-3.523e-06	0.00096364	9.78116e-08	-0.00096268	3.5487e-06	-3.5304e-06
0.02	1.8455e-09	-6.463e-10	-1.72382e-08	3.6206e-06	-3.6021e-06	3.87978e-08	-2.1436e-10	-5.44856e-08	3.5443e-06	-3.5283e-06	3.6312e-06	4.6892e-10	-3.6438e-06	3.5387e-06	-3.5245e-06	0.000115006	2.1966e-09	-0.00011682	3.5479e-06	-3.5295e-06	0.0005265	7.3759e-09	-0.00052612	3.5357e-06	-3.518e-06	0.00096858	2.51168e-08	-0.0009673	3.5457e-06	-3.531e-06	0.0012944	9.5346e-08	-0.0012928	3.5495e-06	-3.536e-06
0.025	5.7248e-09	-6.4554e-10	-2.09444e-08	3.6168e-06	-3.6016e-06	4.84966e-08	-2.1881e-10	-6.39234e-08	3.5469e-06	-3.5257e-06	4.1875e-06	4.5689e-10	-4.2088e-06	3.539e-06	-3.5217e-06	0.00014054	2.1836e-09	-0.00014034	3.5468e-06	-3.5273e-06	0.00064878	7.2395e-09	-0.0006487	3.5382e-06	-3.5224e-06	0.0012048	2.45778e-08	-0.0012044	3.5448e-06	-3.5303e-06	0.0016162	9.29674e-08	-0.0016164	3.5541e-06	-3.5407e-06
0.03	9.6569e-09	-6.4176e-10	-2.45858e-08	3.6128e-06	-3.5915e-06	5.73614e-08	-2.1594e-10	-7.25656e-08	3.5456e-06	-3.5269e-06	4.6716e-06	4.4708e-10	-4.6906e-06	3.5448e-06	-3.5308e-06	0.00016252	2.1238e-09	-0.00016202	3.5388e-06	-3.5258e-06	0.00076888	7.1018e-09	-0.00076846	3.5431e-06	-3.5269e-06	0.0014406	2.40076e-08	-0.0014402	3.5424e-06	-3.5209e-06	0.0019416	9.0637e-08	-0.0019398	3.5501e-06	-3.5353e-06
0.035	1.34538e-08	-6.4467e-10	-2.81872e-08	3.6031e-06	-3.5865e-06	6.51072e-08	-2.1997e-10	-8.03932e-08	3.5421e-06	-3.5264e-06	5.0753e-06	4.3553e-10	-5.0852e-06	3.5415e-06	-3.5229e-06	0.0001818	2.1002e-09	-0.00018162	3.5452e-06	-3.5276e-06	0.00088206	6.9972e-09	-0.00088214	3.5431e-06	-3.5243e-06	0.0016688	2.35088e-08	-0.0016684	3.5375e-06	-3.5241e-06	0.0022588	8.84112e-08	-0.0022568	3.5509e-06	-3.5405e-06
0.04	1.68818e-08	-6.4672e-10	-3.14502e-08	3.5998e-06	-3.5847e-06	7.26606e-08	-2.1985e-10	-8.74848e-08	3.544e-06	-3.5317e-06	5.4137e-06	4.2912e-10	-5.4263e-06	3.5465e-06	-3.5307e-06	0.00019936	2.0894e-09	-0.00019918	3.5456e-06	-3.5294e-06	0.00099118	6.8722e-09	-0.00099104	3.5381e-06	-3.5265e-06	0.0018932	2.30136e-08	-0.0018924	3.5414e-06	-3.5242e-06	0.0025716	8.63524e-08	-0.0025706	3.548e-06	-3.5348e-06
0.045	2.03594e-08	-6.4981e-10	-3.46366e-08	3.5966e-06	-3.5819e-06	7.95126e-08	-2.2275e-10	-9.40236e-08	3.5438e-06	-3.5252e-06	5.7123e-06	4.2369e-10	-5.7172e-06	3.5409e-06	-3.5264e-06	0.00021544	2.0595e-09	-0.00021516	3.5432e-06	-3.5251e-06	0.00109694	6.754e-09	-0.00109648	3.5429e-06	-3.5253e-06	0.0021164	2.25634e-08	-0.0021152	3.5385e-06	-3.5235e-06	0.002885	8.42414e-08	-0.0028862	3.5462e-06	-3.5344e-06
0.05	2.35586e-08	-6.4754e-10	-3.77494e-08	3.5946e-06	-3.5825e-06	8.5856e-08	-2.2705e-10	-9.99664e-08	3.5488e-06	-3.5334e-06	5.9522e-06	4.1923e-10	-5.9676e-06	3.5454e-06	-3.5282e-06	0.00022964	2.019e-09	-0.00022934	3.5454e-06	-3.5274e-06	0.0011976	6.6587e-09	-0.0011972	3.5376e-06	-3.5238e-06	0.0023322	2.20696e-08	-0.0023306	3.5355e-06	-3.5204e-06	0.0031918	8.21896e-08	-0.0031912	3.5474e-06	-3.5374e-06
0.055	2.71878e-08	-6.4935e-10	-4.08926e-08	3.592e-06	-3.5745e-06	9.1694e-08	-2.2325e-10	-1.056376e-07	3.5457e-06	-3.5275e-06	6.1532e-06	4.0762e-10	-6.1708e-06	3.5461e-06	-3.5281e-06	0.00024272	1.985e-09	-0.00024252	3.5517e-06	-3.5363e-06	0.0012944	6.5202e-09	-0.0012942	3.5389e-06	-3.5239e-06	0.0025462	2.1622e-08	-0.0025458	3.5363e-06	-3.5249e-06	0.0035012	8.02616e-08	-0.0034998	3.5479e-06	-3.5331e-06
0.06	3.0311e-08	-6.498e-10	-4.40886e-08	3.5937e-06	-3.5781e-06	9.70004e-08	-2.2461e-10	-1.10879e-07	3.5462e-06	-3.5307e-06	6.3336e-06	4.0563e-10	-6.3487e-06	3.545e-06	-3.53e-06	0.00025428	1.9833e-09	-0.00025378	3.5455e-06	-3.5295e-06	0.001386	6.4169e-09	-0.0013864	3.5446e-06	-3.529e-06	0.002753	2.11942e-08	-0.002752	3.5386e-06	-3.5261e-06	0.0038004	7.83628e-08	-0.0037998	3.5526e-06	-3.5381e-06
0.065	3.36742e-08	-6.516e-10	-4.70224e-08	3.5931e-06	-3.5764e-06	1.020126e-07	-2.2506e-10	-1.154968e-07	3.547e-06	-3.5309e-06	6.5002e-06	3.9704e-10	-6.4946e-06	3.5417e-06	-3.5276e-06	0.00026456	1.9436e-09	-0.00026428	3.5467e-06	-3.5303e-06	0.0014744	6.3436e-09	-0.0014738	3.5477e-06	-3.5295e-06	0.002958	2.0782e-08	-0.0029582	3.5356e-06	-3.5238e-06	0.0041008	7.6559e-08	-0.004101	3.5452e-06	-3.5329e-06
0.07	3.64488e-08	-6.5401e-10	-4.95904e-08	3.5875e-06	-3.5717e-06	1.06737e-07	-2.2551e-10	-1.2026e-07	3.546e-06	-3.5273e-06	6.6004e-06	3.9382e-10	-6.6306e-06	3.5449e-06	-3.5272e-06	0.00027356	1.9273e-09	-0.00027332	3.5461e-06	-3.5294e-06	0.0015576	6.2399e-09	-0.0015572	3.5417e-06	-3.5261e-06	0.0031558	2.03902e-08	-0.0031554	3.538e-06	-3.5244e-06	0.004394	7.48378e-08	-0.0043944	3.5474e-06	-3.5339e-06
0.075	3.96228e-08	-6.5661e-10	-5.23414e-08	3.5871e-06	-3.5716e-06	1.11335e-07	-2.2554e-10	-1.248e-07	3.5487e-06	-3.5286e-06	6.73e-06	3.9009e-10	-6.7462e-06	3.5411e-06	-3.5292e-06	0.00028188	1.8986e-09	-0.0002815	3.5425e-06	-3.5258e-06	0.0016374	6.1554e-09	-0.0016378	3.5374e-06	-3.5265e-06	0.0033522	1.99788e-08	-0.0033514	3.5405e-06	-3.5238e-06	0.0046882	7.30974e-08	-0.0046874	3.5474e-06	-3.5349e-06
0.08	4.2446e-08	-6.6093e-10	-5.49964e-08	3.5852e-06	-3.5718e-06	1.1534e-07	-2.2951e-10	-1.2904e-07	3.5356e-06	-3.5234e-06	6.8201e-06	3.8693e-10	-6.8341e-06	3.5471e-06	-3.5281e-06	0.00028904	1.8825e-09	-0.00028876	3.5408e-06	-3.5294e-06	0.0017138	6.0628e-09	-0.0017136	3.539e-06	-3.5222e-06	0.0035412	1.96304e-08	-0.0035404	3.5366e-06	-3.5234e-06	0.0049744	7.14308e-08	-0.0049738	3.5498e-06	-3.5362e-06
0.085	4.52408e-08	-6.5761e-10	-5.76154e-08	3.5897e-06	-3.5717e-06	1.198e-07	-2.3018e-10	-1.3254e-07	3.5421e-06	-3.5275e-06	6.9039e-06	3.8551e-10	-6.92e-06	3.5468e-06	-3.5334e-06	0.0002955	1.8778e-09	-0.00029544	3.5344e-06	-3.5245e-06	0.001786	5.9842e-09	-0.0017852	3.537e-06	-3.5228e-06	0.0037288	1.9255e-08	-0.0037286	3.5346e-06	-3.5255e-06	0.0052618	6.99158e-08	-0.005262	3.5458e-06	-3.5367e-06
0.09	4.8087e-08	-6.6275e-10	-6.00512e-08	3.5828e-06	-3.57e-06	1.2404e-07	-2.3292e-10	-1.3634e-07	3.539e-06	-3.5285e-06	6.9759e-06	3.8072e-10	-6.9904e-06	3.5409e-06	-3.5279e-06	0.00030122	1.8518e-09	-0.00030102	3.5412e-06	-3.5305e-06	0.0018538	5.9107e-09	-0.0018538	3.5367e-06	-3.5266e-06	0.003909	1.89192e-08	-0.003908	3.5417e-06	-3.5346e-06	0.00554	6.83252e-08	-0.0055398	3.5481e-06	-3.5357e-06
0.095	5.06228e-08	-6.6259e-10	-6.29488e-08	3.5842e-06	-3.5662e-06	1.2768e-07	-2.3022e-10	-1.411e-07	3.5366e-06	-3.5229e-06	7.036e-06	3.7931e-10	-7.0528e-06	3.5389e-06	-3.5267e-06	0.0003065	1.8381e-09	-0.00030612	3.5425e-06	-3.5279e-06	0.00192	5.8379e-09	-0.0019184	3.5417e-06	-3.5272e-06	0.0040874	1.85702e-08	-0.0040866	3.5487e-06	-3.5327e-06	0.00582	6.68052e-08	-0.0058186	3.5486e-06	-3.5291e-06
0.1	5.34342e-08	-6.6614e-10	-6.5619e-08	3.5824e-06	-3.5686e-06	1.3218e-07	-2.3055e-10	-1.4426e-07	3.5348e-06	-3.5224e-06	7.0846e-06	3.7626e-10	-7.0995e-06	3.5416e-06	-3.5276e-06	0.00031096	1.8289e-09	-0.0003108	3.5445e-06	-3.5272e-06	0.0019806	5.7577e-09	-0.0019794	3.5374e-06	-3.5258e-06	0.0042582	1.82622e-08	-0.004258	3.5393e-06	-3.5274e-06	0.0060908	6.53952e-08	-0.0060902	3.5459e-06	-3.5344e-06
0.105	5.60044e-08	-6.6848e-10	-6.77218e-08	3.5792e-06	-3.5658e-06	1.3558e-07	-2.3359e-10	-1.4748e-07	3.5375e-06	-3.5202e-06	7.1328e-06	3.6999e-10	-7.1497e-06	3.5417e-06	-3.5297e-06	0.00031508	1.8184e-09	-0.00031498	3.547e-06	-3.5351e-06	0.0020378	5.6808e-09	-0.0020368	3.5415e-06	-3.5247e-06	0.0044242	1.79532e-08	-0.0044238	3.542e-06	-3.5295e-06	0.0063582	6.40186e-08	-0.0063584	3.5455e-06	-3.5334e-06
0.11	5.85664e-08	-6.7061e-10	-7.00174e-08	3.5831e-06	-3.569e-06	1.391e-07	-2.3254e-10	-1.5074e-07	3.5355e-06	-3.5215e-06	7.1856e-06	3.6947e-10	-7.1897e-06	3.5368e-06	-3.5256e-06	0.0003186	1.7989e-09	-0.00031832	3.5456e-06	-3.5312e-06	0.0020916	5.6253e-09	-0.002092	3.5434e-06	-3.5276e-06	0.0045894	1.76842e-08	-0.0045894	3.5425e-06	-3.5303e-06	0.0066254	6.26914e-08	-0.0066258	3.5428e-06	-3.5304e-06
0.115	6.12724e-08	-6.7387e-10	-7.2664e-08	3.5743e-06	-3.5608e-06	1.4292e-07	-2.3267e-10	-1.5438e-07	3.5381e-06	-3.5223e-06	7.2201e-06	3.664e-10	-7.2281e-06	3.5402e-06	-3.5285e-06	0.00032182	1.7805e-09	-0.00032178	3.5425e-06	-3.5291e-06	0.0021438	5.565e-09	-0.0021434	3.538e-06	-3.5258e-06	0.0047478	1.73924e-08	-0.0047474	3.5374e-06	-3.5293e-06	0.0068854	6.1418e-08	-0.0068854	3.5401e-06	-3.5318e-06
0.12	6.37784e-08	-6.7585e-10	-7.47972e-08	3.577e-06	-3.563e-06	1.465e-07	-2.3825e-10	-1.5782e-07	3.5386e-06	-3.5261e-06	7.2611e-06	3.6392e-10	-7.2725e-06	3.5378e-06	-3.5244e-06	0.00032486	1.7716e-09	-0.00032442	3.5442e-06	-3.5318e-06	0.0021928	5.5081e-09	-0.0021916	3.5414e-06	-3.5279e-06	0.004903	1.7104e-08	-0.0049024	3.5368e-06	-3.526e-06	0.0071458	6.0161e-08	-0.0071454	3.5393e-06	-3.5293e-06
0.125	6.60582e-08	-6.7613e-10	-7.71254e-08	3.5803e-06	-3.5656e-06	1.4908e-07	-2.3685e-10	-1.605e-07	3.5366e-06	-3.5247e-06	7.3025e-06	3.6426e-10	-7.308e-06	3.5343e-06	-3.5238e-06	0.00032726	1.7699e-09	-0.00032698	3.5415e-06	-3.5263e-06	0.002237	5.4529e-09	-0.002237	3.5456e-06	-3.5254e-06	0.0050524	1.6804e-08	-0.005052	3.5423e-06	-3.5303e-06	0.0073984	5.89162e-08	-0.0073978	3.5461e-06	-3.5346e-06
0.13	6.87032e-08	-6.7388e-10	-7.95796e-08	3.5722e-06	-3.5599e-06	1.5272e-07	-2.3099e-10	-1.631e-07	3.5372e-06	-3.5226e-06	7.3191e-06	3.6283e-10	-7.3307e-06	3.5398e-06	-3.5258e-06	0.00032956	1.7508e-09	-0.00032924	3.5391e-06	-3.5255e-06	0.0022808	5.3855e-09	-0.0022804	3.5452e-06	-3.5294e-06	0.0051992	1.65738e-08	-0.005199	3.5388e-06	-3.5268e-06	0.0076494	5.77658e-08	-0.0076498	3.5462e-06	-3.5322e-06
0.135	7.0631e-08	-6.787e-10	-8.18378e-08	3.5776e-06	-3.5598e-06	1.557e-07	-2.3534e-10	-1.6638e-07	3.5377e-06	-3.522e-06	7.344e-06	3.5797e-10	-7.3548e-06	3.5338e-06	-3.5236e-06	0.00033144	1.7449e-09	-0.00033122	3.5396e-06	-3.5264e-06	0.002321	5.3436e-09	-0.0023192	3.5414e-06	-3.5241e-06	0.0053402	1.6306e-08	-0.0053398	3.5401e-06	-3.5282e-06	0.007895	5.6712e-08	-0.007893	3.5454e-06	-3.5342e-06
0.14	7.32724e-08	-6.818e-10	-8.37616e-08	3.5742e-06	-3.5599e-06	1.5916e-07	-2.3495e-10	-1.6972e-07	3.5352e-06	-3.5249e-06	7.3708e-06	3.6012e-10	-7.3804e-06	3.5364e-06	-3.5244e-06	0.00033342	1.7359e-09	-0.00033288	3.5433e-06	-3.5304e-06	0.0023584	5.2817e-09	-0.0023584	3.5369e-06	-3.5236e-06	0.0054772	1.60782e-08	-0.005478	3.5323e-06	-3.5201e-06	0.0081382	5.55856e-08	-0.0081372	3.5485e-06	-3.5367e-06
0.145	7.593e-08	-6.8395e-10	-8.58928e-08	3.5678e-06	-3.555e-06	1.6234e-07	-2.3713e-10	-1.721e-07	3.54e-06	-3.5288e-06	7.4e-06	3.5956e-10	-7.4078e-06	3.538e-06	-3.5283e-06	0.00033484	1.7237e-09	-0.00033454	3.5346e-06	-3.5229e-06	0.0023934	5.2597e-09	-0.0023928	3.5359e-06	-3.5236e-06	0.0056096	1.5847e-08	-0.005609	3.5411e-06	-3.5294e-06	0.0083734	5.4518e-08	-0.0083734	3.5428e-06	-3.5332e-06
0.15	7.82078e-08	-6.8543e-10	-8.85734e-08	3.5683e-06	-3.553e-06	1.644e-07	-2.4071e-10	-1.759e-07	3.5343e-06	-3.5235e-06	7.4203e-06	3.5665e-10	-7.4256e-06	3.5337e-06	-3.5241e-06	0.0003363	1.7211e-09	-0.00033604	3.5369e-06	-3.5264e-06	0.0024264	5.1968e-09	-0.0024264	3.5354e-06	-3.5246e-06	0.0057396	1.56374e-08	-0.005739	3.5431e-06	-3.5279e-06	0.0086096	5.35194e-08	-0.0086096	3.5437e-06	-3.5322e-06
0.155	8.02818e-08	-6.9138e-10	-9.00672e-08	3.5686e-06	-3.5555e-06	1.6826e-07	-2.4072e-10	-1.7756e-07	3.5335e-06	-3.5196e-06	7.4385e-06	3.5592e-10	-7.4469e-06	3.541e-06	-3.5258e-06	0.0003375	1.6992e-09	-0.00033742	3.5396e-06	-3.5294e-06	0.0024564	5.1624e-09	-0.0024566	3.5338e-06	-3.5175e-06	0.0058624	1.5431e-08	-0.0058618	3.5369e-06	-3.5288e-06	0.0088384	5.25242e-08	-0.0088366	3.5448e-06	-3.5352e-06
0.16	8.25568e-08	-6.8801e-10	-9.23294e-08	3.5648e-06	-3.551e-06	1.7108e-07	-2.4213e-10	-1.8082e-07	3.5383e-06	-3.5234e-06	7.4537e-06	3.5364e-10	-7.4646e-06	3.5417e-06	-3.5304e-06	0.00033892	1.7074e-09	-0.0003388	3.5367e-06	-3.5281e-06	0.0024858	5.1086e-09	-0.0024848	3.5338e-06	-3.5228e-06	0.0059808	1.5226e-08	-0.0059802	3.5438e-06	-3.5344e-06	0.0090612	5.15536e-08	-0.0090606	3.5452e-06	-3.5346e-06
0.165	8.49088e-08	-6.9636e-10	-9.41082e-08	3.5672e-06	-3.5551e-06	1.7266e-07	-2.4042e-10	-1.826e-07	3.542e-06	-3.5281e-06	7.477e-06	3.4955e-10	-7.4952e-06	3.5437e-06	-3.532e-06	0.00033986	1.6896e-09	-0.0003397	3.536e-06	-3.5224e-06	0.0025126	5.0913e-09	-0.0025118	3.5351e-06	-3.5242e-06	0.0060986	1.5036e-08	-0.006098	3.541e-06	-3.5316e-06	0.009285	5.05904e-08	-0.0092826	3.5437e-06	-3.5358e-06
0.17	8.66454e-08	-6.9995e-10	-9.57212e-08	3.5602e-06	-3.5493e-06	1.7688e-07	-2.434e-10	-1.8638e-07	3.5346e-06	-3.5263e-06	7.5005e-06	3.5053e-10	-7.5068e-06	3.5391e-06	-3.5212e-06	0.000341	1.6918e-09	-0.00034086	3.539e-06	-3.5285e-06	0.0025362	5.0446e-09	-0.0025364	3.536e-06	-3.522e-06	0.0062092	1.48458e-08	-0.0062094	3.5421e-06	-3.5344e-06	0.009498	4.97236e-08	-0.0094992	3.5445e-06	-3.5339e-06
0.175	8.84592e-08	-7.0404e-10	-9.72162e-08	3.5618e-06	-3.5508e-06	1.7904e-07	-2.4024e-10	-1.8796e-07	3.5352e-06	-3.5251e-06	7.5183e-06	3.5225e-10	-7.5286e-06	3.5415e-06	-3.5323e-06	0.00034184	1.6823e-09	-0.00034166	3.5346e-06	-3.5231e-06	0.0025604	5.0273e-09	-0.0025606	3.5331e-06	-3.519e-06	0.006319	1.4666e-08	-0.006318	3.5421e-06	-3.5348e-06	0.009714	4.88432e-08	-0.009714	3.5474e-06	-3.536e-06
0.18	9.05194e-08	-7.065e-10	-9.90446e-08	3.564e-06	-3.554e-06	1.822e-07	-2.4242e-10	-1.9132e-07	3.5371e-06	-3.5273e-06	7.5316e-06	3.4998e-10	-7.535e-06	3.5383e-06	-3.5284e-06	0.00034264	1.6827e-09	-0.00034234	3.534e-06	-3.5232e-06	0.002582	4.9905e-09	-0.0025804	3.538e-06	-3.5268e-06	0.006422	1.4483e-08	-0.0064208	3.5483e-06	-3.5414e-06	0.0099218	4.80336e-08	-0.0099218	3.5454e-06	-3.5352e-06
0.185	9.25868e-08	-7.0701e-10	-1.01442e-07	3.5657e-06	-3.5537e-06	1.8398e-07	-2.4571e-10	-1.9264e-07	3.5411e-06	-3.526e-06	7.5559e-06	3.4664e-10	-7.5517e-06	3.5431e-06	-3.5311e-06	0.00034352	1.6745e-09	-0.00034332	3.5353e-06	-3.5258e-06	0.0026024	4.9692e-09	-0.0026024	3.5356e-06	-3.5267e-06	0.0065226	1.43038e-08	-0.0065216	3.542e-06	-3.5324e-06	0.0101272	4.72136e-08	-0.010128	3.5431e-06	-3.5304e-06
0.19	9.43966e-08	-7.1148e-10	-1.036346e-07	3.5579e-06	-3.5493e-06	1.8688e-07	-2.4474e-10	-1.9584e-07	3.5391e-06	-3.5273e-06	7.5656e-06	3.4735e-10	-7.5772e-06	3.5394e-06	-3.5314e-06	0.00034416	1.6624e-09	-0.00034398	3.5343e-06	-3.5227e-06	0.002621	4.9235e-09	-0.0026202	3.5347e-06	-3.5288e-06	0.0066174	1.41512e-08	-0.0066184	3.5388e-06	-3.536e-06	0.0103268	4.64716e-08	-0.0103272	3.5452e-06	-3.5411e-06
0.195	9.66782e-08	-7.1053e-10	-1.05166e-07	3.56e-06	-3.5507e-06	1.8964e-07	-2.4178e-10	-1.9758e-07	3.5378e-06	-3.5273e-06	7.5953e-06	3.4656e-10	-7.5928e-06	3.545e-06	-3.5343e-06	0.00034476	1.6779e-09	-0.00034462	3.532e-06	-3.5244e-06	0.0026392	4.9105e-09	-0.0026378	3.5332e-06	-3.5222e-06	0.006712	1.3998e-08	-0.0067116	3.5488e-06	-3.5421e-06	0.0105238	4.57388e-08	-0.010524	3.5512e-06	-3.5416e-06
0.2	9.8728e-08	-7.153e-10	-1.070992e-07	3.5609e-06	-3.5498e-06	1.9156e-07	-2.4509e-10	-2.0006e-07	3.5397e-06	-3.5248e-06	7.6064e-06	3.4551e-10	-7.5965e-06	3.5408e-06	-3.5337e-06	0.0003455	1.6713e-09	-0.00034518	3.5353e-06	-3.5245e-06	0.0026542	4.8828e-09	-0.0026538	3.5357e-06	-3.5257e-06	0.0068004	1.38426e-08	-0.0068	3.5493e-06	-3.5389e-06	0.0107156	4.50132e-08	-0.0107162	3.5493e-06	-3.5392e-06
0.205	1.004994e-07	-7.1727e-10	-1.09211e-07	3.5696e-06	-3.5523e-06	1.9402e-07	-2.4635e-10	-2.017e-07	3.5363e-06	-3.5257e-06	7.6235e-06	3.4386e-10	-7.6163e-06	3.5431e-06	-3.5324e-06	0.00034636	1.6612e-09	-0.00034604	3.5364e-06	-3.5261e-06	0.0026696	4.8589e-09	-0.0026688	3.5356e-06	-3.5266e-06	0.006886	1.37244e-08	-0.0068854	3.5479e-06	-3.5386e-06	0.0109046	4.42596e-08	-0.010905	3.5531e-06	-3.5444e-06
0.21	1.030332e-07	-7.2619e-10	-1.104862e-07	3.5645e-06	-3.5525e-06	1.9646e-07	-2.4858e-10	-2.04e-07	3.5264e-06	-3.5223e-06	7.622e-06	3.4418e-10	-7.6439e-06	3.5435e-06	-3.5333e-06	0.0003468	1.6595e-09	-0.0003466	3.5344e-06	-3.5252e-06	0.0026824	4.8378e-09	-0.0026826	3.5305e-06	-3.5236e-06	0.0069684	1.3583e-08	-0.006968	3.5446e-06	-3.5373e-06	0.011087	4.36466e-08	-0.0110878	3.5508e-06	-3.5408e-06
0.215	1.04154e-07	-7.2853e-10	-1.117546e-07	3.5631e-06	-3.5535e-06	1.9906e-07	-2.4984e-10	-2.0666e-07	3.5328e-06	-3.5211e-06	7.647e-06	3.4485e-10	-7.6637e-06	3.5429e-06	-3.5333e-06	0.00034728	1.6486e-09	-0.00034694	3.5307e-06	-3.524e-06	0.002696	4.8224e-09	-0.0026948	3.5341e-06	-3.5254e-06	0.0070478	1.34626e-08	-0.0070464	3.5468e-06	-3.5369e-06	0.0112688	4.29578e-08	-0.0112678	3.5528e-06	-3.5447e-06
0.22	1.058268e-07	-7.3107e-10	-1.14477e-07	3.5694e-06	-3.5616e-06	2.0174e-07	-2.485e-10	-2.1002e-07	3.5394e-06	-3.5251e-06	7.6713e-06	3.3934e-10	-7.6664e-06	3.5409e-06	-3.5319e-06	0.00034798	1.6499e-09	-0.00034776	3.5342e-06	-3.5255e-06	0.0027074	4.7904e-09	-0.0027074	3.5387e-06	-3.5285e-06	0.0071224	1.3342e-08	-0.0071202	3.5411e-06	-3.5304e-06	0.0114418	4.24068e-08	-0.0114422	3.5526e-06	-3.5447e-06
0.225	1.080076e-07	-7.3836e-10	-1.153156e-07	3.5665e-06	-3.5549e-06	2.0508e-07	-2.5237e-10	-2.1168e-07	3.5324e-06	-3.526e-06	7.678e-06	3.4185e-10	-7.6879e-06	3.5397e-06	-3.53e-06	0.00034848	1.6562e-09	-0.00034836	3.5373e-06	-3.5259e-06	0.0027186	4.7733e-09	-0.0027178	3.5347e-06	-3.5297e-06	0.007193	1.32438e-08	-0.007193	3.5425e-06	-3.5322e-06	0.011642	4.17774e-08	-0.011618	3.56e-06	-3.5497e-06
0.23	1.09515e-07	-7.3873e-10	-1.1638e-07	3.5633e-06	-3.5588e-06	2.0628e-07	-2.5064e-10	-2.1374e-07	3.5349e-06	-3.5273e-06	7.6954e-06	3.4342e-10	-7.7053e-06	3.5459e-06	-3.5358e-06	0.00034904	1.6393e-09	-0.00034884	3.5417e-06	-3.5312e-06	0.0027298	4.7585e-09	-0.0027288	3.5368e-06	-3.5273e-06	0.0072616	1.31162e-08	-0.0072622	3.5408e-06	-3.5324e-06	0.011812	4.11332e-08	-0.011788	3.5554e-06	-3.5504e-06
0.235	1.10969e-07	-7.4596e-10	-1.1788e-07	3.5667e-06	-3.5575e-06	2.0782e-07	-2.5418e-10	-2.1638e-07	3.5408e-06	-3.5351e-06	7.7083e-06	3.3853e-10	-7.7193e-06	3.5468e-06	-3.5404e-06	0.00034958	1.6533e-09	-0.00034912	3.5346e-06	-3.5315e-06	0.0027388	4.7258e-09	-0.0027386	3.5412e-06	-3.5272e-06	0.0073278	1.30026e-08	-0.0073274	3.5384e-06	-3.5346e-06	0.011968	4.06294e-08	-0.01195	3.5591e-06	-3.5494e-06
0.24	1.125644e-07	-7.5473e-10	-1.2036e-07	3.5647e-06	-3.5556e-06	2.1032e-07	-2.5433e-10	-2.1748e-07	3.5418e-06	-3.5301e-06	7.7222e-06	3.4095e-10	-7.7348e-06	3.548e-06	-3.5426e-06	0.00035012	1.6506e-09	-0.00034976	3.5372e-06	-3.5267e-06	0.0027474	4.7312e-09	-0.0027472	3.5406e-06	-3.5318e-06	0.0073914	1.28952e-08	-0.0073922	3.5484e-06	-3.5365e-06	0.01213	4.00494e-08	-0.012106	3.5624e-06	-3.5543e-06
0.245	1.13777e-07	-7.5054e-10	-1.2036e-07	3.5646e-06	-3.5576e-06	2.1294e-07	-2.5631e-10	-2.1982e-07	3.5421e-06	-3.5313e-06	7.7405e-06	3.3992e-10	-7.7375e-06	3.5423e-06	-3.5327e-06	0.00035062	1.635e-09	-0.0003501	3.5326e-06	-3.5298e-06	0.0027552	4.7141e-09	-0.0027552	3.539e-06	-3.531e-06	0.0074508	1.28156e-08	-0.0074508	3.5439e-06	-3.537e-06	0.01228	3.95402e-08	-0.012262	3.5599e-06	-3.5506e-06
0.25	1.1584e-07	-7.6361e-10	-1.229e-07	3.5654e-06	-3.5572e-06	2.1562e-07	-2.5565e-10	-2.22e-07	3.5383e-06	-3.53e-06	7.7585e-06	3.3793e-10	-7.7537e-06	3.543e-06	-3.5359e-06	0.00035084	1.6425e-09	-0.00035046	3.5316e-06	-3.5233e-06	0.002764	4.6737e-09	-0.0027628	3.5386e-06	-3.5291e-06	0.0075092	1.27166e-08	-0.0075078	3.5464e-06	-3.537e-06	0.012432	3.903e-08	-0.012414	3.5603e-06	-3.553e-06
0.255	1.1818e-07	-7.5881e-10	-1.2406e-07	3.5648e-06	-3.5534e-06	2.1764e-07	-2.5813e-10	-2.2414e-07	3.5383e-06	-3.5319e-06	7.7819e-06	3.3947e-10	-7.7801e-06	3.544e-06	-3.5365e-06	0.0003514	1.638e-09	-0.00035122	3.5347e-06	-3.5213e-06	0.0027706	4.6899e-09	-0.0027708	3.5325e-06	-3.5254e-06	0.0075616	1.26142e-08	-0.007563	3.5485e-06	-3.5347e-06	0.012582	3.85548e-08	-0.012558	3.5627e-06	-3.5509e-06
0.26	1.201e-07	-7.6524e-10	-1.2624e-07	3.5617e-06	-3.5505e-06	2.2042e-07	-2.5774e-10	-2.2728e-07	3.5379e-06	-3.5272e-06	7.7846e-06	3.3864e-10	-7.7882e-06	3.5421e-06	-3.5364e-06	0.00035162	1.6301e-09	-0.00035164	3.5317e-06	-3.5238e-06	0.002778	4.6593e-09	-0.0027778	3.54e-06	-3.5294e-06	0.0076156	1.25478e-08	-0.007615	3.54e-06	-3.5331e-06	0.012724	3.80852e-08	-0.012704	3.5583e-06	-3.5539e-06
0.265	1.2158e-07	-7.7127e-10	-1.2732e-07	3.5615e-06	-3.5527e-06	2.2294e-07	-2.5607e-10	-2.2826e-07	3.5386e-06	-3.5326e-06	7.804e-06	3.3724e-10	-7.8057e-06	3.5434e-06	-3.5366e-06	0.00035226	1.6297e-09	-0.00035196	3.5291e-06	-3.5288e-06	0.0027846	4.6571e-09	-0.002785	3.5365e-06	-3.5315e-06	0.0076644	1.24704e-08	-0.0076632	3.5428e-06	-3.5343e-06	0.012862	3.76328e-08	-0.01284	3.5647e-06	-3.5558e-06
0.27	1.236e-07	-7.7978e-10	-1.3e-07	3.5577e-06	-3.5487e-06	2.2406e-07	-2.5809e-10	-2.303e-07	3.5363e-06	-3.5269e-06	7.805e-06	3.363e-10	-7.8122e-06	3.5416e-06	-3.5297e-06	0.0003528	1.6328e-09	-0.0003525	3.5352e-06	-3.5277e-06	0.0027912	4.6533e-09	-0.0027908	3.5378e-06	-3.5334e-06	0.0077108	1.23768e-08	-0.00771	3.5387e-06	-3.5312e-06	0.012998	3.7217e-08	-0.012978	3.566e-06	-3.5579e-06
0.275	1.2524e-07	-7.7893e-10	-1.3046e-07	3.5565e-06	-3.5512e-06	2.2594e-07	-2.6307e-10	-2.3278e-07	3.5375e-06	-3.5285e-06	7.8219e-06	3.3541e-10	-7.8268e-06	3.5411e-06	-3.535e-06	0.00035326	1.6425e-09	-0.000353	3.5342e-06	-3.5226e-06	0.0027956	4.6414e-09	-0.0027964	3.5393e-06	-3.5367e-06	0.0077558	1.23264e-08	-0.0077542	3.5374e-06	-3.5268e-06	0.013128	3.68198e-08	-0.013106	3.5658e-06	-3.5561e-06
0.28	1.2566e-07	-7.8576e-10	-1.3174e-07	3.5609e-06	-3.5506e-06	2.2866e-07	-2.631e-10	-2.3378e-07	3.5368e-06	-3.5294e-06	7.8358e-06	3.3755e-10	-7.8415e-06	3.5402e-06	-3.5342e-06	0.00035346	1.6391e-09	-0.00035324	3.5243e-06	-3.5212e-06	0.0028012	4.6322e-09	-0.002802	3.5387e-06	-3.5298e-06	0.007797	1.2245e-08	-0.0077966	3.5393e-06	-3.5333e-06	0.013252	3.64392e-08	-0.013234	3.5615e-06	-3.56e-06
0.285	1.2832e-07	-7.8851e-10	-1.331e-07	3.563e-06	-3.5474e-06	2.3156e-07	-2.6471e-10	-2.3626e-07	3.5405e-06	-3.5335e-06	7.8443e-06	3.3482e-10	-7.8505e-06	3.5375e-06	-3.5339e-06	0.00035386	1.6228e-09	-0.00035374	3.5319e-06	-3.5226e-06	0.002807	4.6158e-09	-0.0028066	3.5378e-06	-3.5255e-06	0.0078376	1.21766e-08	-0.0078376	3.5363e-06	-3.5308e-06	0.013378	3.6e-08	-0.013358	3.5631e-06	-3.5553e-06
0.29	1.3068e-07	-7.9277e-10	-1.3554e-07	3.5568e-06	-3.5528e-06	2.3308e-07	-2.6683e-10	-2.3848e-07	3.5396e-06	-3.5318e-06	7.8689e-06	3.3617e-10	-7.8628e-06	3.5362e-06	-3.5326e-06	0.00035432	1.6168e-09	-0.00035412	3.5322e-06	-3.5254e-06	0.0028126	4.614e-09	-0.002811	3.5384e-06	-3.5328e-06	0.0078764	1.2134e-08	-0.0078754	3.5383e-06	-3.5319e-06	0.013496	3.56304e-08	-0.013476	3.5662e-06	-3.5585e-06
0.295	1.3154e-07	-7.9928e-10	-1.3632e-07	3.56e-06	-3.5471e-06	2.3512e-07	-2.6951e-10	-2.4048e-07	3.5421e-06	-3.534e-06	7.877e-06	3.3309e-10	-7.878e-06	3.5428e-06	-3.5334e-06	0.00035462	1.6358e-09	-0.00035472	3.5344e-06	-3.5248e-06	0.0028172	4.6041e-09	-0.002816	3.5396e-06	-3.5315e-06	0.007912	1.2061e-08	-0.0079114	3.5386e-06	-3.5303e-06	0.013612	3.5269e-08	-0.013592	3.5592e-06	-3.5591e-06
0.3	1.3412e-07	-8.0595e-10	-1.3882e-07	3.5489e-06	-3.5462e-06	2.3852e-07	-2.7135e-10	-2.4288e-07	3.5357e-06	-3.5273e-06	7.8985e-06	3.3519e-10	-7.8971e-06	3.5421e-06	-3.532e-06	0.00035508	1.6297e-09	-0.00035504	3.5296e-06	-3.5215e-06	0.002821	4.5948e-09	-0.0028208	3.5359e-06	-3.5282e-06	0.0079448	1.20182e-08	-0.0079446	3.5372e-06	-3.5325e-06	0.013724	3.49422e-08	-0.013704	3.5648e-06	-3.5571e-06
0.305	1.3594e-07	-8.1193e-10	-1.4042e-07	3.5532e-06	-3.5453e-06	2.4054e-07	-2.7618e-10	-2.4552e-07	3.5462e-06	-3.5387e-06	7.9108e-06	3.314e-10	-7.8984e-06	3.5448e-06	-3.538e-06	0.00035544	1.6277e-09	-0.0003553	3.5291e-06	-3.5241e-06	0.002826	4.5727e-09	-0.0028252	3.5389e-06	-3.5337e-06	0.007978	1.19528e-08	-0.0079774	3.5394e-06	-3.5341e-06	0.013836	3.46294e-08	-0.013812	3.5702e-06	-3.5641e-06
0.31	1.37e-07	-8.1498e-10	-1.4158e-07	3.5584e-06	-3.5494e-06	2.4152e-07	-2.7745e-10	-2.4782e-07	3.5439e-06	-3.5342e-06	7.9188e-06	3.3175e-10	-7.9188e-06	3.538e-06	-3.5315e-06	0.00035606	1.624e-09	-0.00035574	3.5359e-06	-3.5284e-06	0.0028304	4.5709e-09	-0.0028296	3.5405e-06	-3.5325e-06	0.0080098	1.191e-08	-0.0080094	3.536e-06	-3.5311e-06	0.013938	3.4292e-08	-0.01392	3.5665e-06	-3.5643e-06
0.315	1.3894e-07	-8.2632e-10	-1.427e-07	3.5543e-06	-3.5445e-06	2.445e-07	-2.8105e-10	-2.4926e-07	3.5414e-06	-3.5298e-06	7.9405e-06	3.3417e-10	-7.9358e-06	3.5414e-06	-3.5337e-06	0.00035652	1.6126e-09	-0.00035622	3.5349e-06	-3.5254e-06	0.0028338	4.5683e-09	-0.0028346	3.5423e-06	-3.5346e-06	0.0080376	1.18538e-08	-0.008038	3.5439e-06	-3.5352e-06	0.014042	3.39156e-08	-0.014022	3.5653e-06	-3.5576e-06
0.32	1.404e-07	-8.336e-10	-1.4464e-07	3.5566e-06	-3.5503e-06	2.4716e-07	-2.8492e-10	-2.5026e-07	3.5383e-06	-3.532e-06	7.9405e-06	3.2974e-10	-7.945e-06	3.5405e-06	-3.5356e-06	0.00035672	1.6176e-09	-0.0003567	3.5325e-06	-3.5274e-06	0.0028376	4.5742e-09	-0.0028376	3.5391e-06	-3.5336e-06	0.0080664	1.182e-08	-0.0080662	3.5374e-06	-3.5352e-06	0.01414	3.36292e-08	-0.01412	3.5639e-06	-3.5586e-06
0.325	1.4186e-07	-8.3367e-10	-1.4574e-07	3.5511e-06	-3.5475e-06	2.4958e-07	-2.8706e-10	-2.5276e-07	3.5346e-06	-3.5324e-06	7.9532e-06	3.3067e-10	-7.9568e-06	3.5387e-06	-3.5336e-06	0.00035744	1.6126e-09	-0.000357	3.5353e-06	-3.5237e-06	0.002841	4.5539e-09	-0.002841	3.544e-06	-3.5397e-06	0.0080934	1.17714e-08	-0.0080926	3.5406e-06	-3.5333e-06	0.014238	3.33004e-08	-0.014216	3.5704e-06	-3.5666e-06
0.33	1.4434e-07	-8.4352e-10	-1.4782e-07	3.5498e-06	-3.5427e-06	2.5194e-07	-2.8667e-10	-2.5428e-07	3.5335e-06	-3.5285e-06	7.9698e-06	3.3097e-10	-7.9626e-06	3.5475e-06	-3.5381e-06	0.00035774	1.615e-09	-0.00035732	3.5365e-06	-3.5294e-06	0.002845	4.5484e-09	-0.002844	3.5416e-06	-3.535e-06	0.008117	1.17302e-08	-0.0081178	3.5381e-06	-3.5358e-06	0.01433	3.30512e-08	-0.014306	3.5706e-06	-3.5643e-06
0.335	1.454e-07	-8.4856e-10	-1.4866e-07	3.5546e-06	-3.5494e-06	2.5114e-07	-2.8907e-10	-2.556e-07	3.5356e-06	-3.5299e-06	7.9711e-06	3.3137e-10	-7.9875e-06	3.5451e-06	-3.5395e-06	0.000358	1.6082e-09	-0.00035786	3.535e-06	-3.5275e-06	0.0028476	4.5486e-09	-0.0028476	3.5415e-06	-3.5374e-06	0.0081416	1.16962e-08	-0.0081412	3.5354e-06	-3.5316e-06	0.014416	3.28106e-08	-0.014396	3.5693e-06	-3.5648e-06
0.34	1.4696e-07	-8.5196e-10	-1.4966e-07	3.5517e-06	-3.5456e-06	2.5444e-07	-2.9242e-10	-2.5742e-07	3.5357e-06	-3.5264e-06	7.9859e-06	3.2838e-10	-8.0028e-06	3.5451e-06	-3.541e-06	0.00035832	1.6171e-09	-0.00035832	3.5332e-06	-3.5267e-06	0.0028516	4.5507e-09	-0.0028506	3.5442e-06	-3.538e-06	0.008164	1.16638e-08	-0.0081642	3.5389e-06	-3.5301e-06	0.0145	3.25586e-08	-0.014478	3.5697e-06	-3.567e-06
0.345	1.4792e-07	-8.6294e-10	-1.513e-07	3.5514e-06	-3.5479e-06	2.5738e-07	-2.9491e-10	-2.6102e-07	3.5347e-06	-3.5314e-06	8.0156e-06	3.2891e-10	-8.0174e-06	3.5406e-06	-3.5359e-06	0.00035886	1.6096e-09	-0.00035874	3.5303e-06	-3.5217e-06	0.0028542	4.5377e-09	-0.0028544	3.539e-06	-3.5358e-06	0.0081852	1.16306e-08	-0.008184	3.5381e-06	-3.5353e-06	0.014582	3.23128e-08	-0.014564	3.5738e-06	-3.5718e-06
0.35	1.4962e-07	-8.7025e-10	-1.5252e-07	3.5514e-06	-3.5455e-06	2.5914e-07	-2.9832e-10	-2.6224e-07	3.5336e-06	-3.5288e-06	8.0305e-06	3.2899e-10	-8.0129e-06	3.5432e-06	-3.537e-06	0.00035896	1.6197e-09	-0.00035896	3.5291e-06	-3.5279e-06	0.0028574	4.5255e-09	-0.0028566	3.5417e-06	-3.5405e-06	0.0082058	1.15884e-08	-0.0082056	3.5372e-06	-3.5308e-06	0.014662	3.20598e-08	-0.014642	3.572e-06	-3.5693e-06
0.355	1.5182e-07	-8.792e-10	-1.5406e-07	3.5566e-06	-3.5506e-06	2.6018e-07	-3.0243e-10	-2.635e-07	3.5399e-06	-3.5299e-06	8.0222e-06	3.2253e-10	-8.0333e-06	3.5379e-06	-3.5329e-06	0.00035954	1.6082e-09	-0.00035938	3.5279e-06	-3.5279e-06	0.0028612	4.5282e-09	-0.0028606	3.5431e-06	-3.5393e-06	0.008226	1.1558e-08	-0.0082244	3.5375e-06	-3.5327e-06	0.014738	3.18558e-08	-0.014716	3.5749e-06	-3.5746e-06
0.36	1.5262e-07	-8.8109e-10	-1.5514e-07	3.5563e-06	-3.55e-06	2.6304e-07	-3.046e-10	-2.6574e-07	3.5381e-06	-3.5309e-06	8.0364e-06	3.2299e-10	-8.0613e-06	3.541e-06	-3.5357e-06	0.00035982	1.6042e-09	-0.00035952	3.5333e-06	-3.5291e-06	0.002864	4.5321e-09	-0.0028632	3.5436e-06	-3.5387e-06	0.0082436	1.15276e-08	-0.0082416	3.5362e-06	-3.5312e-06	0.014812	3.16976e-08	-0.01479	3.5763e-06	-3.572e-06
0.365	1.545e-07	-8.9147e-10	-1.5706e-07	3.5519e-06	-3.5487e-06	2.6548e-07	-3.0654e-10	-2.6812e-07	3.5317e-06	-3.5282e-06	8.0537e-06	3.2273e-10	-8.0677e-06	3.5396e-06	-3.5354e-06	0.0003604	1.6011e-09	-0.0003599	3.5277e-06	-3.5242e-06	0.0028674	4.5018e-09	-0.0028672	3.5414e-06	-3.5384e-06	0.0082612	1.1502e-08	-0.0082594	3.5341e-06	-3.5287e-06	0.014884	3.14984e-08	-0.01486	3.5717e-06	-3.5768e-06
0.37	1.5658e-07	-9.0259e-10	-1.584e-07	3.5515e-06	-3.5452e-06	2.6718e-07	-3.1316e-10	-2.6988e-07	3.5252e-06	-3.526e-06	8.0768e-06	3.2296e-10	-8.0698e-06	3.5354e-06	-3.5332e-06	0.00036074	1.6143e-09	-0.00036044	3.5291e-06	-3.5257e-06	0.00287	4.5224e-09	-0.002869	3.5442e-06	-3.5408e-06	0.0082774	1.14824e-08	-0.0082752	3.5372e-06	-3.5336e-06	0.01495	3.1278e-08	-0.014928	3.5689e-06	-3.568e-06
0.375	1.5812e-07	-9.1013e-10	-1.6008e-07	3.5525e-06	-3.5466e-06	2.6862e-07	-3.14e-10	-2.7034e-07	3.5334e-06	-3.5304e-06	8.0856e-06	3.2093e-10	-8.0873e-06	3.5318e-06	-3.5314e-06	0.00036112	1.5985e-09	-0.00036078	3.5374e-06	-3.5288e-06	0.002872	4.5198e-09	-0.0028718	3.5367e-06	-3.5366e-06	0.0082918	1.1453e-08	-0.0082912	3.5375e-06	-3.5307e-06	0.015012	3.10888e-08	-0.014996	3.5674e-06	-3.5643e-06
0.38	1.5888e-07	-9.1499e-10	-1.6086e-07	3.555e-06	-3.5515e-06	2.7098e-07	-3.1807e-10	-2.732e-07	3.5328e-06	-3.529e-06	8.0981e-06	3.2021e-10	-8.0957e-06	3.5319e-06	-3.5287e-06	0.00036134	1.5997e-09	-0.00036112	3.5338e-06	-3.5272e-06	0.0028758	4.5126e-09	-0.0028758	3.5366e-06	-3.5352e-06	0.0083068	1.14318e-08	-0.0083074	3.5369e-06	-3.5356e-06	0.015078	3.0906e-08	-0.015054	3.5704e-06	-3.5702e-06
0.385	1.5998e-07	-9.2923e-10	-1.6222e-07	3.5546e-06	-3.5473e-06	2.7332e-07	-3.2186e-10	-2.7526e-07	3.5317e-06	-3.5286e-06	8.1174e-06	3.1776e-10	-8.1102e-06	3.5352e-06	-3.531e-06	0.00036164	1.5977e-09	-0.00036146	3.527e-06	-3.5269e-06	0.0028784	4.4879e-09	-0.0028782	3.5389e-06	-3.5365e-06	0.008322	1.14172e-08	-0.008321	3.54e-06	-3.5344e-06	0.015136	3.07706e-08	-0.015114	3.5705e-06	-3.5695e-06
0.39	1.6222e-07	-9.3089e-10	-1.6384e-07	3.5477e-06	-3.5459e-06	2.7436e-07	-3.2745e-10	-2.758e-07	3.5283e-06	-3.5279e-06	8.1303e-06	3.1715e-10	-8.1256e-06	3.5378e-06	-3.5305e-06	0.00036198	1.608e-09	-0.00036176	3.5306e-06	-3.522e-06	0.0028808	4.4963e-09	-0.0028802	3.5415e-06	-3.5374e-06	0.008336	1.13768e-08	-0.008335	3.5341e-06	-3.5352e-06	0.015196	3.06518e-08	-0.01517	3.5768e-06	-3.5749e-06
0.395	1.6432e-07	-9.4667e-10	-1.6422e-07	3.5531e-06	-3.549e-06	2.7596e-07	-3.2908e-10	-2.7812e-07	3.5376e-06	-3.5333e-06	8.1383e-06	3.1976e-10	-8.1443e-06	3.538e-06	-3.5353e-06	0.00036234	1.6104e-09	-0.0003622	3.5313e-06	-3.5282e-06	0.0028832	4.4993e-09	-0.0028826	3.5372e-06	-3.5363e-06	0.008348	1.1358e-08	-0.0083472	3.5381e-06	-3.5387e-06	0.015248	3.0505e-08	-0.015232	3.5731e-06	-3.575e-06
0.4	1.651e-07	-9.5016e-10	-1.6624e-07	3.5554e-06	-3.55e-06	2.7914e-07	-3.3389e-10	-2.8062e-07	3.5342e-06	-3.5295e-06	8.1578e-06	3.1598e-10	-8.1848e-06	3.5431e-06	-3.5341e-06	0.00036282	1.5946e-09	-0.0003624	3.5283e-06	-3.5261e-06	0.0028858	4.4872e-09	-0.002886	3.5391e-06	-3.5372e-06	0.0083598	1.13468e-08	-0.0083594	3.5394e-06	-3.5367e-06	0.015302	3.03072e-08	-0.015282	3.5705e-06	-3.5728e-06
0.405	1.6666e-07	-9.5575e-10	-1.6808e-07	3.5534e-06	-3.5495e-06	2.801e-07	-3.3899e-10	-2.8224e-07	3.5333e-06	-3.5303e-06	8.1712e-06	3.1418e-10	-8.1793e-06	3.5359e-06	-3.5384e-06	0.00036296	1.5943e-09	-0.00036286	3.5261e-06	-3.5272e-06	0.0028888	4.502e-09	-0.0028882	3.5367e-06	-3.5358e-06	0.0083722	1.13284e-08	-0.008372	3.5451e-06	-3.5463e-06	0.015354	3.02056e-08	-0.015332	3.5713e-06	-3.5718e-06
0.41	1.681e-07	-9.6834e-10	-1.691e-07	3.5578e-06	-3.5526e-06	2.8246e-07	-3.4706e-10	-2.8362e-07	3.5318e-06	-3.5307e-06	8.1794e-06	3.1466e-10	-8.1872e-06	3.538e-06	-3.5342e-06	0.0003635	1.5979e-09	-0.00036306	3.5325e-06	-3.5288e-06	0.0028916	4.4913e-09	-0.002891	3.5303e-06	-3.5301e-06	0.0083848	1.13226e-08	-0.008382	3.5468e-06	-3.5431e-06	0.015402	3.00578e-08	-0.015382	3.5717e-06	-3.5699e-06
0.415	1.7e-07	-9.7969e-10	-1.712e-07	3.5571e-06	-3.5567e-06	2.847e-07	-3.479e-10	-2.8538e-07	3.5389e-06	-3.5369e-06	8.1821e-06	3.1193e-10	-8.1936e-06	3.5406e-06	-3.5359e-06	0.00036378	1.5961e-09	-0.00036342	3.5267e-06	-3.5246e-06	0.0028948	4.472e-09	-0.0028934	3.5365e-06	-3.5319e-06	0.008394	1.13074e-08	-0.0083944	3.5459e-06	-3.5468e-06	0.01545	2.99744e-08	-0.01543	3.5708e-06	-3.5677e-06
0.42	1.7206e-07	-9.8784e-10	-1.7198e-07	3.5529e-06	-3.552e-06	2.8822e-07	-3.5133e-10	-2.8758e-07	3.538e-06	-3.5361e-06	8.2327e-06	3.09e-10	-8.206e-06	3.5371e-06	-3.5397e-06	0.00036402	1.5972e-09	-0.00036378	3.5274e-06	-3.5257e-06	0.0028962	4.4624e-09	-0.0028964	3.5345e-06	-3.5395e-06	0.0084048	1.129e-08	-0.0084038	3.5473e-06	-3.5437e-06	0.015494	2.98244e-08	-0.015474	3.5703e-06	-3.5733e-06
0.425	1.7356e-07	-9.918e-10	-1.7436e-07	3.5507e-06	-3.5462e-06	2.8838e-07	-3.5712e-10	-2.9022e-07	3.537e-06	-3.5347e-06	8.2196e-06	3.1296e-10	-8.2077e-06	3.5399e-06	-3.531e-06	0.0003643	1.5906e-09	-0.0003642	3.5306e-06	-3.5255e-06	0.0028982	4.4706e-09	-0.0028982	3.5375e-06	-3.5365e-06	0.008416	1.12712e-08	-0.0084146	3.546e-06	-3.5431e-06	0.015534	2.97446e-08	-0.015516	3.577e-06	-3.5782e-06
0.43	1.7504e-07	-1.00825e-09	-1.7446e-07	3.5506e-06	-3.5465e-06	2.9194e-07	-3.6119e-10	-2.9126e-07	3.5399e-06	-3.5356e-06	8.2334e-06	3.0638e-10	-8.2475e-06	3.5347e-06	-3.5313e-06	0.00036478	1.6018e-09	-0.00036434	3.5261e-06	-3.5269e-06	0.0029014	4.4735e-09	-0.0029008	3.5357e-06	-3.5351e-06	0.0084258	1.1253e-08	-0.0084254	3.5437e-06	-3.5451e-06	0.01558	2.96044e-08	-0.01556	3.5766e-06	-3.5732e-06
0.435	1.7578e-07	-1.01578e-09	-1.7624e-07	3.5492e-06	-3.5451e-06	2.916e-07	-3.6576e-10	-2.9172e-07	3.5368e-06	-3.5334e-06	8.2404e-06	3.0465e-10	-8.234e-06	3.5362e-06	-3.5328e-06	0.00036506	1.5997e-09	-0.00036476	3.5297e-06	-3.5258e-06	0.0029038	4.4581e-09	-0.0029026	3.5389e-06	-3.5362e-06	0.0084352	1.12336e-08	-0.0084344	3.5406e-06	-3.5403e-06	0.015618	2.9474e-08	-0.015596	3.5783e-06	-3.5751e-06
0.44	1.7888e-07	-1.02929e-09	-1.7828e-07	3.5477e-06	-3.545e-06	2.9496e-07	-3.7243e-10	-2.9348e-07	3.5324e-06	-3.5314e-06	8.2464e-06	3.0517e-10	-8.2544e-06	3.5389e-06	-3.5342e-06	0.00036536	1.5868e-09	-0.00036508	3.5225e-06	-3.521e-06	0.0029062	4.4604e-09	-0.0029042	3.5356e-06	-3.5329e-06	0.0084422	1.12212e-08	-0.0084436	3.5412e-06	-3.5385e-06	0.015654	2.93954e-08	-0.015634	3.583e-06	-3.5857e-06
0.445	1.7932e-07	-1.03695e-09	-1.7816e-07	3.5471e-06	-3.5475e-06	2.9488e-07	-3.7739e-10	-2.939e-07	3.5319e-06	-3.529e-06	8.2716e-06	3.0447e-10	-8.2622e-06	3.5371e-06	-3.5356e-06	0.00036544	1.5879e-09	-0.00036544	3.527e-06	-3.5226e-06	0.0029088	4.4721e-09	-0.002907	3.536e-06	-3.5366e-06	0.008453	1.12056e-08	-0.0084524	3.5459e-06	-3.537e-06	0.015688	2.93004e-08	-0.01567	3.5836e-06	-3.5791e-06
0.45	1.8116e-07	-1.0489e-09	-1.7946e-07	3.552e-06	-3.5468e-06	2.9564e-07	-3.8064e-10	-2.9668e-07	3.5332e-06	-3.5287e-06	8.2669e-06	2.9703e-10	-8.2675e-06	3.5375e-06	-3.5319e-06	0.0003661	1.586e-09	-0.0003659	3.5259e-06	-3.5223e-06	0.0029112	4.4516e-09	-0.002911	3.5371e-06	-3.5365e-06	0.0084616	1.11914e-08	-0.0084612	3.549e-06	-3.5445e-06	0.015728	2.92176e-08	-0.015706	3.5853e-06	-3.5863e-06
0.455	1.8372e-07	-1.0596e-09	-1.8144e-07	3.5438e-06	-3.547e-06	2.983e-07	-3.8539e-10	-2.9838e-07	3.5314e-06	-3.5292e-06	8.3383e-06	2.9545e-10	-8.2873e-06	3.5393e-06	-3.5386e-06	0.00036622	1.5857e-09	-0.00036614	3.5247e-06	-3.527e-06	0.0029134	4.4456e-09	-0.0029132	3.5403e-06	-3.54e-06	0.0084692	1.11952e-08	-0.0084696	3.5482e-06	-3.548e-06	0.01576	2.91338e-08	-0.015738	3.586e-06	-3.5879e-06
0.46	1.8376e-07	-1.07126e-09	-1.8226e-07	3.5466e-06	-3.5423e-06	3.0066e-07	-3.9141e-10	-3.0018e-07	3.5352e-06	-3.5308e-06	8.2944e-06	2.9752e-10	-8.3091e-06	3.5383e-06	-3.5376e-06	0.00036684	1.5784e-09	-0.00036656	3.5299e-06	-3.5234e-06	0.0029158	4.445e-09	-0.0029154	3.5386e-06	-3.539e-06	0.0084778	1.11642e-08	-0.0084776	3.5464e-06	-3.5477e-06	0.01579	2.90836e-08	-0.015768	3.5852e-06	-3.5881e-06
0.465	1.8588e-07	-1.08275e-09	-1.8346e-07	3.5461e-06	-3.5436e-06	3.0156e-07	-3.964e-10	-3.0108e-07	3.533e-06	-3.5323e-06	8.3118e-06	2.9308e-10	-8.3143e-06	3.5408e-06	-3.5395e-06	0.000367	1.5856e-09	-0.00036678	3.5285e-06	-3.5313e-06	0.0029178	4.4547e-09	-0.002917	3.5402e-06	-3.542e-06	0.0084856	1.11696e-08	-0.0084846	3.5477e-06	-3.5475e-06	0.015824	2.90368e-08	-0.015802	3.5881e-06	-3.5865e-06
0.47	1.8608e-07	-1.09254e-09	-1.8468e-07	3.5464e-06	-3.5465e-06	3.0478e-07	-4.0638e-10	-3.0202e-07	3.5378e-06	-3.5367e-06	8.3445e-06	2.9147e-10	-8.3327e-06	3.5384e-06	-3.5413e-06	0.00036748	1.5994e-09	-0.00036716	3.5286e-06	-3.5332e-06	0.0029204	4.4299e-09	-0.0029194	3.5354e-06	-3.534e-06	0.0084928	1.11644e-08	-0.0084912	3.5461e-06	-3.545e-06	0.01585	2.8938e-08	-0.015828	3.5833e-06	-3.5834e-06
0.475	1.8672e-07	-1.10504e-09	-1.8542e-07	3.5459e-06	-3.5404e-06	3.0568e-07	-4.1112e-10	-3.038e-07	3.5387e-06	-3.5374e-06	8.3636e-06	2.8979e-10	-8.3495e-06	3.5393e-06	-3.5371e-06	0.00036768	1.5793e-09	-0.00036746	3.5296e-06	-3.5269e-06	0.0029214	4.4369e-09	-0.0029214	3.5368e-06	-3.5341e-06	0.008502	1.11526e-08	-0.0085	3.5477e-06	-3.5502e-06	0.015876	2.88446e-08	-0.015858	3.5833e-06	-3.5874e-06
0.48	1.886e-07	-1.11894e-09	-1.8718e-07	3.5402e-06	-3.5405e-06	3.0898e-07	-4.1984e-10	-3.08e-07	3.536e-06	-3.536e-06	8.3568e-06	2.8725e-10	-8.3521e-06	3.5366e-06	-3.5378e-06	0.00036814	1.5798e-09	-0.00036776	3.5331e-06	-3.5337e-06	0.002924	4.4492e-09	-0.0029242	3.539e-06	-3.5408e-06	0.0085088	1.11394e-08	-0.0085072	3.5451e-06	-3.5452e-06	0.015904	2.87942e-08	-0.01588	3.5824e-06	-3.5828e-06
0.485	1.9022e-07	-1.12833e-09	-1.8696e-07	3.5452e-06	-3.5432e-06	3.116e-07	-4.2346e-10	-3.0982e-07	3.5332e-06	-3.5351e-06	8.3748e-06	2.8359e-10	-8.3683e-06	3.5322e-06	-3.5359e-06	0.0003685	1.5895e-09	-0.00036812	3.5311e-06	-3.5392e-06	0.0029268	4.4294e-09	-0.002926	3.535e-06	-3.5358e-06	0.0085146	1.11368e-08	-0.008514	3.5455e-06	-3.5454e-06	0.015928	2.8723e-08	-0.015906	3.5827e-06	-3.5819e-06
0.49	1.9222e-07	-1.13709e-09	-1.8948e-07	3.5409e-06	-3.5428e-06	3.118e-07	-4.3055e-10	-3.086e-07	3.5321e-06	-3.531e-06	8.3863e-06	2.8132e-10	-8.382e-06	3.5369e-06	-3.5373e-06	0.00036852	1.5757e-09	-0.00036844	3.5317e-06	-3.5327e-06	0.0029286	4.4135e-09	-0.0029278	3.5391e-06	-3.5415e-06	0.0085212	1.11352e-08	-0.0085218	3.552e-06	-3.5555e-06	0.015954	2.8661e-08	-0.015936	3.5834e-06	-3.585e-06
0.495	1.9412e-07	-1.1541e-09	-1.9064e-07	3.5409e-06	-3.5402e-06	3.1266e-07	-4.3727e-10	-3.1128e-07	3.5383e-06	-3.5387e-06	8.4005e-06	2.7881e-10	-8.39e-06	3.5359e-06	-3.5365e-06	0.00036906	1.5777e-09	-0.0003688	3.5338e-06	-3.5321e-06	0.0029302	4.4239e-09	-0.0029298	3.5336e-06	-3.5378e-06	0.008528	1.11178e-08	-0.0085288	3.5503e-06	-3.5511e-06	0.015976	2.86134e-08	-0.015958	3.5825e-06	-3.5836e-06
0.5	1.9578e-07	-1.1647e-09	-1.9196e-07	3.5473e-06	-3.5496e-06	3.1518e-07	-4.4355e-10	-3.1296e-07	3.5325e-06	-3.5349e-06	8.438e-06	2.7377e-10	-8.4152e-06	3.5334e-06	-3.5361e-06	0.00036936	1.571e-09	-0.00036908	3.5309e-06	-3.529e-06	0.0029336	4.4405e-09	-0.0029318	3.5371e-06	-3.5368e-06	0.0085362	1.11108e-08	-0.0085336	3.5496e-06	-3.5531e-06	0.016	2.85514e-08	-0.015976	3.5862e-06	-3.5852e-06
0.505	1.9682e-07	-1.1777e-09	-1.9282e-07	3.5459e-06	-3.5479e-06	3.1694e-07	-4.4909e-10	-3.1404e-07	3.5375e-06	-3.5333e-06	8.4131e-06	2.6856e-10	-8.409e-06	3.5329e-06	-3.5303e-06	0.0003697	1.5783e-09	-0.00036954	3.5289e-06	-3.529e-06	0.0029344	4.4388e-09	-0.0029336	3.5358e-06	-3.5357e-06	0.0085426	1.10934e-08	-0.008541	3.5487e-06	-3.5534e-06	0.01602	2.8524e-08	-0.016	3.5865e-06	-3.5903e-06
0.51	1.9846e-07	-1.1865e-09	-1.9444e-07	3.547e-06	-3.551e-06	3.1922e-07	-4.6102e-10	-3.1668e-07	3.5321e-06	-3.5319e-06	8.4268e-06	2.6889e-10	-8.4247e-06	3.5399e-06	-3.5395e-06	0.00036992	1.5737e-09	-0.00036976	3.5289e-06	-3.5343e-06	0.0029368	4.4161e-09	-0.0029358	3.5344e-06	-3.5405e-06	0.0085478	1.10958e-08	-0.008549	3.5489e-06	-3.5504e-06	0.016042	2.84798e-08	-0.016022	3.5851e-06	-3.5872e-06
0.515	1.997e-07	-1.2031e-09	-1.969e-07	3.5491e-06	-3.5471e-06	3.2042e-07	-4.6518e-10	-3.1738e-07	3.5352e-06	-3.5382e-06	8.4539e-06	2.6378e-10	-8.4442e-06	3.5444e-06	-3.54e-06	0.00037018	1.5808e-09	-0.00036992	3.5345e-06	-3.5347e-06	0.0029384	4.439e-09	-0.002938	3.5406e-06	-3.5403e-06	0.008554	1.10784e-08	-0.0085532	3.551e-06	-3.5525e-06	0.01606	2.84176e-08	-0.01604	3.5878e-06	-3.5877e-06
0.52	2.0134e-07	-1.2215e-09	-1.9776e-07	3.5442e-06	-3.5459e-06	3.244e-07	-4.7295e-10	-3.2194e-07	3.5389e-06	-3.5404e-06	8.4601e-06	2.6196e-10	-8.4511e-06	3.5339e-06	-3.5359e-06	0.00037072	1.5677e-09	-0.00037052	3.5299e-06	-3.532e-06	0.0029412	4.4401e-09	-0.0029404	3.5385e-06	-3.5423e-06	0.0085608	1.1065e-08	-0.0085596	3.55e-06	-3.554e-06	0.016082	2.84172e-08	-0.01606	3.5808e-06	-3.5843e-06
0.525	2.0274e-07	-1.2335e-09	-2e-07	3.5439e-06	-3.5468e-06	3.2546e-07	-4.8147e-10	-3.2324e-07	3.5391e-06	-3.5369e-06	8.471e-06	2.5897e-10	-8.4711e-06	3.5337e-06	-3.5337e-06	0.00037118	1.5753e-09	-0.00037074	3.528e-06	-3.5305e-06	0.0029428	4.4112e-09	-0.0029418	3.5364e-06	-3.5408e-06	0.0085672	1.10566e-08	-0.008566	3.5523e-06	-3.5593e-06	0.016096	2.83652e-08	-0.016078	3.5824e-06	-3.5873e-06
0.53	2.0524e-07	-1.2495e-09	-2.0072e-07	3.5482e-06	-3.5475e-06	3.2846e-07	-4.8953e-10	-3.2334e-07	3.5378e-06	-3.5361e-06	8.4957e-06	2.5786e-10	-8.4775e-06	3.5377e-06	-3.5406e-06	0.00037124	1.566e-09	-0.00037126	3.5301e-06	-3.5341e-06	0.002945	4.4132e-09	-0.0029454	3.5374e-06	-3.5429e-06	0.0085714	1.1073e-08	-0.0085724	3.551e-06	-3.5533e-06	0.016116	2.8326e-08	-0.016094	3.5876e-06	-3.5914e-06
0.535	2.0696e-07	-1.2572e-09	-2.0298e-07	3.548e-06	-3.5479e-06	3.3144e-07	-4.9604e-10	-3.2692e-07	3.5325e-06	-3.5373e-06	8.5034e-06	2.4877e-10	-8.4917e-06	3.5438e-06	-3.5405e-06	0.00037166	1.5746e-09	-0.0003713	3.5325e-06	-3.5365e-06	0.0029474	4.4069e-09	-0.002947	3.5419e-06	-3.5414e-06	0.0085774	1.10622e-08	-0.008577	3.554e-06	-3.556e-06	0.016136	2.82692e-08	-0.016114	3.5892e-06	-3.5907e-06
0.54	2.0848e-07	-1.2738e-09	-2.0324e-07	3.5503e-06	-3.5554e-06	3.3126e-07	-5.0299e-10	-3.2782e-07	3.5341e-06	-3.5368e-06	8.5052e-06	2.4486e-10	-8.504e-06	3.5389e-06	-3.5414e-06	0.000372	1.56e-09	-0.00037176	3.5305e-06	-3.5307e-06	0.0029488	4.4024e-09	-0.0029496	3.5393e-06	-3.5418e-06	0.0085836	1.10448e-08	-0.008583	3.5524e-06	-3.5547e-06	0.01615	2.82304e-08	-0.016128	3.5874e-06	-3.5905e-06
0.545	2.0992e-07	-1.288e-09	-2.0508e-07	3.5527e-06	-3.5513e-06	3.3212e-07	-5.1281e-10	-3.2738e-07	3.5356e-06	-3.5357e-06	8.525e-06	2.4717e-10	-8.5192e-06	3.5359e-06	-3.5389e-06	0.00037234	1.5645e-09	-0.00037196	3.5319e-06	-3.5349e-06	0.0029514	4.4202e-09	-0.0029512	3.5384e-06	-3.5407e-06	0.0085898	1.1055e-08	-0.0085898	3.5507e-06	-3.5543e-06	0.016166	2.82094e-08	-0.016144	3.5874e-06	-3.5875e-06
0.55	2.118e-07	-1.3055e-09	-2.0732e-07	3.5512e-06	-3.5548e-06	3.329e-07	-5.2283e-10	-3.284e-07	3.5335e-06	-3.5339e-06	8.5432e-06	2.3562e-10	-8.5403e-06	3.5358e-06	-3.5405e-06	0.00037264	1.5675e-09	-0.0003723	3.5291e-06	-3.5324e-06	0.0029536	4.4081e-09	-0.0029536	3.5375e-06	-3.5439e-06	0.0085956	1.10472e-08	-0.0085958	3.5542e-06	-3.5589e-06	0.01618	2.8191e-08	-0.016162	3.5856e-06	-3.5888e-06
0.555	2.1458e-07	-1.3173e-09	-2.0864e-07	3.5499e-06	-3.5494e-06	3.367e-07	-5.3247e-10	-3.3132e-07	3.5375e-06	-3.5397e-06	8.548e-06	2.3513e-10	-8.5486e-06	3.542e-06	-3.5445e-06	0.00037294	1.5689e-09	-0.00037274	3.5288e-06	-3.5337e-06	0.0029554	4.4202e-09	-0.0029548	3.5354e-06	-3.5414e-06	0.008601	1.103e-08	-0.0086014	3.5498e-06	-3.5601e-06	0.016194	2.81572e-08	-0.016174	3.5825e-06	-3.5912e-06
0.56	2.1412e-07	-1.3341e-09	-2.075e-07	3.5453e-06	-3.5481e-06	3.3806e-07	-5.4051e-10	-3.3174e-07	3.5392e-06	-3.5396e-06	8.5706e-06	2.3103e-10	-8.5575e-06	3.5399e-06	-3.5454e-06	0.00037318	1.563e-09	-0.00037278	3.5334e-06	-3.534e-06	0.002958	4.4219e-09	-0.0029572	3.5382e-06	-3.5389e-06	0.0086072	1.1032e-08	-0.0086068	3.5577e-06	-3.5562e-06	0.016208	2.81366e-08	-0.016188	3.5837e-06	-3.5878e-06
0.565	2.1396e-07	-1.3497e-09	-2.0944e-07	3.5481e-06	-3.5516e-06	3.396e-07	-5.4594e-10	-3.3312e-07	3.5314e-06	-3.5383e-06	8.5754e-06	2.2796e-10	-8.5674e-06	3.5388e-06	-3.5419e-06	0.00037352	1.5704e-09	-0.0003732	3.5325e-06	-3.5324e-06	0.0029602	4.4088e-09	-0.0029592	3.5384e-06	-3.5463e-06	0.0086126	1.1009e-08	-0.0086118	3.5562e-06	-3.5601e-06	0.016222	2.81198e-08	-0.016204	3.5796e-06	-3.5829e-06
0.57	2.1676e-07	-1.3608e-09	-2.1056e-07	3.5435e-06	-3.5448e-06	3.426e-07	-5.5615e-10	-3.3734e-07	3.533e-06	-3.5361e-06	8.5939e-06	2.1799e-10	-8.572e-06	3.5359e-06	-3.5426e-06	0.00037384	1.5552e-09	-0.00037342	3.5292e-06	-3.5311e-06	0.0029614	4.4133e-09	-0.0029608	3.5483e-06	-3.5472e-06	0.0086176	1.10152e-08	-0.0086184	3.5551e-06	-3.5638e-06	0.016234	2.80676e-08	-0.016216	3.5839e-06	-3.5896e-06
0.575	2.1872e-07	-1.3783e-09	-2.1248e-07	3.5483e-06	-3.5503e-06	3.4502e-07	-5.6572e-10	-3.3822e-07	3.5355e-06	-3.5349e-06	8.5938e-06	2.1896e-10	-8.5851e-06	3.5359e-06	-3.5351e-06	0.00037414	1.5486e-09	-0.00037406	3.5265e-06	-3.5345e-06	0.0029634	4.4195e-09	-0.0029634	3.5433e-06	-3.5449e-06	0.0086242	1.1003e-08	-0.0086238	3.5604e-06	-3.5642e-06	0.01625	2.8092e-08	-0.016228	3.5877e-06	-3.5948e-06
0.58	2.1992e-07	-1.3961e-09	-2.1302e-07	3.5409e-06	-3.5485e-06	3.4764e-07	-5.7566e-10	-3.4138e-07	3.5326e-06	-3.5357e-06	8.6117e-06	2.1487e-10	-8.5977e-06	3.5367e-06	-3.5459e-06	0.0003746	1.5574e-09	-0.00037428	3.5277e-06	-3.5355e-06	0.002966	4.3942e-09	-0.0029646	3.5422e-06	-3.545e-06	0.0086306	1.10008e-08	-0.0086294	3.5615e-06	-3.5686e-06	0.016258	2.80312e-08	-0.016238	3.5858e-06	-3.5892e-06
0.585	2.1998e-07	-1.4128e-09	-2.1412e-07	3.5458e-06	-3.5493e-06	3.5092e-07	-5.8177e-10	-3.4388e-07	3.5344e-06	-3.5378e-06	8.6184e-06	2.0524e-10	-8.6297e-06	3.5395e-06	-3.5454e-06	0.0003747	1.5584e-09	-0.0003746	3.5296e-06	-3.5359e-06	0.002968	4.3908e-09	-0.0029668	3.5402e-06	-3.5473e-06	0.0086332	1.09894e-08	-0.0086332	3.5633e-06	-3.5671e-06	0.016276	2.80148e-08	-0.016254	3.5881e-06	-3.5916e-06
0.59	2.236e-07	-1.4269e-09	-2.1668e-07	3.5461e-06	-3.55e-06	3.522e-07	-5.9307e-10	-3.437e-07	3.536e-06	-3.538e-06	8.6333e-06	2.0305e-10	-8.6341e-06	3.5307e-06	-3.5387e-06	0.00037492	1.559e-09	-0.00037488	3.5317e-06	-3.5322e-06	0.0029702	4.3992e-09	-0.0029694	3.5399e-06	-3.5477e-06	0.0086402	1.09798e-08	-0.0086384	3.5664e-06	-3.5671e-06	0.016286	2.80064e-08	-0.016262	3.5797e-06	-3.5858e-06
0.595	2.2534e-07	-1.4465e-09	-2.1838e-07	3.5457e-06	-3.5514e-06	3.5318e-07	-6.0483e-10	-3.4546e-07	3.5329e-06	-3.5416e-06	8.6542e-06	1.9991e-10	-8.6365e-06	3.5347e-06	-3.541e-06	0.00037514	1.5391e-09	-0.0003752	3.5279e-06	-3.529e-06	0.002972	4.4151e-09	-0.0029712	3.5389e-06	-3.5427e-06	0.008645	1.09768e-08	-0.008644	3.5678e-06	-3.5739e-06	0.016294	2.79958e-08	-0.016276	3.5835e-06	-3.5908e-06
0.6	2.2662e-07	-1.4647e-09	-2.2016e-07	3.5476e-06	-3.5541e-06	3.5496e-07	-6.1537e-10	-3.4684e-07	3.5356e-06	-3.5361e-06	8.6555e-06	1.9274e-10	-8.6429e-06	3.532e-06	-3.541e-06	0.00037582	1.5383e-09	-0.00037562	3.5245e-06	-3.5301e-06	0.002974	4.3892e-09	-0.002974	3.5415e-06	-3.5516e-06	0.0086492	1.09738e-08	-0.0086498	3.5642e-06	-3.5644e-06	0.01631	2.79712e-08	-0.01629	3.5808e-06	-3.588e-06
0.605	2.276e-07	-1.4804e-09	-2.1888e-07	3.5524e-06	-3.5511e-06	3.5622e-07	-6.2599e-10	-3.4932e-07	3.5329e-06	-3.5392e-06	8.6639e-06	1.8548e-10	-8.6647e-06	3.5341e-06	-3.5429e-06	0.00037602	1.5554e-09	-0.00037588	3.5249e-06	-3.5282e-06	0.0029766	4.3925e-09	-0.0029754	3.5403e-06	-3.5433e-06	0.0086554	1.09732e-08	-0.0086552	3.5624e-06	-3.572e-06	0.016322	2.79408e-08	-0.0163	3.5828e-06	-3.5898e-06
0.61	2.2896e-07	-1.4973e-09	-2.2092e-07	3.5436e-06	-3.553e-06	3.5898e-07	-6.361e-10	-3.51e-07	3.5294e-06	-3.534e-06	8.6859e-06	1.8131e-10	-8.6769e-06	3.5383e-06	-3.5418e-06	0.00037642	1.5509e-09	-0.00037636	3.5197e-06	-3.5263e-06	0.0029774	4.3904e-09	-0.0029772	3.5392e-06	-3.5456e-06	0.0086596	1.09672e-08	-0.008659	3.5637e-06	-3.5724e-06	0.01633	2.79048e-08	-0.01631	3.587e-06	-3.5933e-06
0.615	2.2996e-07	-1.5157e-09	-2.2234e-07	3.5481e-06	-3.5479e-06	3.584e-07	-6.4537e-10	-3.5082e-07	3.5302e-06	-3.5412e-06	8.6981e-06	1.7412e-10	-8.6909e-06	3.535e-06	-3.5436e-06	0.0003767	1.534e-09	-0.00037646	3.5182e-06	-3.524e-06	0.0029792	4.4013e-09	-0.0029792	3.5477e-06	-3.5459e-06	0.0086652	1.0962e-08	-0.0086658	3.5615e-06	-3.5675e-06	0.016344	2.78912e-08	-0.016322	3.591e-06	-3.596e-06
0.62	2.3224e-07	-1.5322e-09	-2.2324e-07	3.5455e-06	-3.5488e-06	3.6288e-07	-6.5819e-10	-3.5466e-07	3.5343e-06	-3.5403e-06	8.6974e-06	1.6577e-10	-8.6997e-06	3.5359e-06	-3.5423e-06	0.00037722	1.5433e-09	-0.00037692	3.5254e-06	-3.5336e-06	0.0029816	4.3892e-09	-0.0029814	3.5392e-06	-3.5507e-06	0.0086694	1.09616e-08	-0.008669	3.562e-06	-3.5725e-06	0.016352	2.78748e-08	-0.016332	3.5907e-06	-3.5939e-06
0.625	2.3284e-07	-1.5505e-09	-2.2314e-07	3.5443e-06	-3.5498e-06	3.6322e-07	-6.7347e-10	-3.5648e-07	3.5349e-06	-3.5365e-06	8.7189e-06	1.6392e-10	-8.7032e-06	3.5341e-06	-3.5423e-06	0.00037734	1.5287e-09	-0.00037712	3.5253e-06	-3.5315e-06	0.0029826	4.3934e-09	-0.0029828	3.5427e-06	-3.548e-06	0.0086764	1.09532e-08	-0.0086746	3.5617e-06	-3.57e-06	0.01636	2.78578e-08	-0.016342	3.5894e-06	-3.6e-06
0.63	2.3334e-07	-1.572e-09	-2.2652e-07	3.5424e-06	-3.546e-06	3.6822e-07	-6.8206e-10	-3.5862e-07	3.5322e-06	-3.5378e-06	8.7381e-06	1.5965e-10	-8.7185e-06	3.5334e-06	-3.5423e-06	0.0003777	1.5238e-09	-0.00037708	3.524e-06	-3.5333e-06	0.0029852	4.3796e-09	-0.0029846	3.5366e-06	-3.5484e-06	0.00868	1.0949e-08	-0.0086808	3.5627e-06	-3.5678e-06	0.016372	2.78614e-08	-0.016354	3.5899e-06	-3.593e-06
0.635	2.3518e-07	-1.5885e-09	-2.2646e-07	3.5501e-06	-3.551e-06	3.6904e-07	-6.9376e-10	-3.5982e-07	3.5348e-06	-3.5435e-06	8.7481e-06	1.5032e-10	-8.7529e-06	3.5367e-06	-3.5404e-06	0.000378	1.5293e-09	-0.00037768	3.5273e-06	-3.5327e-06	0.002987	4.375e-09	-0.0029856	3.5442e-06	-3.5492e-06	0.0086856	1.09446e-08	-0.0086844	3.5639e-06	-3.569e-06	0.016382	2.78388e-08	-0.01636	3.59e-06	-3.5956e-06
0.64	2.369e-07	-1.6047e-09	-2.2714e-07	3.5508e-06	-3.5557e-06	3.6984e-07	-7.0723e-10	-3.6164e-07	3.5348e-06	-3.5414e-06	8.7681e-06	1.4127e-10	-8.7554e-06	3.5342e-06	-3.5385e-06	0.00037838	1.5311e-09	-0.00037818	3.5307e-06	-3.5359e-06	0.0029888	4.3776e-09	-0.002989	3.5437e-06	-3.5495e-06	0.0086904	1.09378e-08	-0.0086902	3.5621e-06	-3.573e-06	0.01639	2.78182e-08	-0.016372	3.5935e-06	-3.6e-06
0.645	2.391e-07	-1.6234e-09	-2.2958e-07	3.5458e-06	-3.552e-06	3.7266e-07	-7.2124e-10	-3.6378e-07	3.5362e-06	-3.5438e-06	8.7813e-06	1.4001e-10	-8.7575e-06	3.5332e-06	-3.5413e-06	0.00037866	1.5159e-09	-0.00037838	3.5261e-06	-3.5375e-06	0.0029908	4.3822e-09	-0.0029896	3.5411e-06	-3.5485e-06	0.0086942	1.0936e-08	-0.0086938	3.5652e-06	-3.576e-06	0.016402	2.78188e-08	-0.01638	3.5929e-06	-3.6037e-06
0.65	2.4074e-07	-1.6451e-09	-2.3198e-07	3.5465e-06	-3.5491e-06	3.7406e-07	-7.3199e-10	-3.6444e-07	3.5387e-06	-3.5434e-06	8.8019e-06	1.3022e-10	-8.7938e-06	3.534e-06	-3.5392e-06	0.0003788	1.5225e-09	-0.00037858	3.5314e-06	-3.5373e-06	0.0029932	4.3741e-09	-0.0029918	3.5383e-06	-3.5457e-06	0.0087002	1.09234e-08	-0.008698	3.563e-06	-3.5681e-06	0.016408	2.78088e-08	-0.01639	3.599e-06	-3.606e-06
0.655	2.4292e-07	-1.6668e-09	-2.3124e-07	3.5434e-06	-3.549e-06	3.7612e-07	-7.4594e-10	-3.663e-07	3.5383e-06	-3.5432e-06	8.7956e-06	1.2084e-10	-8.792e-06	3.531e-06	-3.5408e-06	0.00037916	1.5145e-09	-0.00037908	3.5283e-06	-3.5359e-06	0.002995	4.3555e-09	-0.0029944	3.5384e-06	-3.5466e-06	0.008703	1.09356e-08	-0.0087036	3.5662e-06	-3.5749e-06	0.016422	2.77852e-08	-0.016398	3.5964e-06	-3.6076e-06
0.66	2.4458e-07	-1.6822e-09	-2.3296e-07	3.5374e-06	-3.5461e-06	3.7866e-07	-7.5773e-10	-3.6846e-07	3.5389e-06	-3.5463e-06	8.8173e-06	1.2013e-10	-8.7929e-06	3.5338e-06	-3.5401e-06	0.00037938	1.5124e-09	-0.0003792	3.5307e-06	-3.534e-06	0.0029966	4.3634e-09	-0.0029956	3.5404e-06	-3.5472e-06	0.0087086	1.09502e-08	-0.0087082	3.5657e-06	-3.5772e-06	0.016426	2.7766e-08	-0.016408	3.5981e-06	-3.608e-06
0.665	2.4632e-07	-1.7036e-09	-2.3412e-07	3.5432e-06	-3.5472e-06	3.8126e-07	-7.6912e-10	-3.7132e-07	3.5387e-06	-3.5443e-06	8.8207e-06	1.138e-10	-8.8094e-06	3.5304e-06	-3.539e-06	0.00037964	1.5158e-09	-0.00037954	3.5326e-06	-3.5352e-06	0.0029976	4.3648e-09	-0.0029968	3.5375e-06	-3.5439e-06	0.0087138	1.09366e-08	-0.0087128	3.5671e-06	-3.5784e-06	0.016436	2.77922e-08	-0.016418	3.598e-06	-3.6092e-06
0.67	2.4646e-07	-1.7277e-09	-2.3418e-07	3.5375e-06	-3.5441e-06	3.8148e-07	-7.8091e-10	-3.713e-07	3.5302e-06	-3.5434e-06	8.8441e-06	1.0044e-10	-8.8245e-06	3.5335e-06	-3.5434e-06	0.00038	1.5108e-09	-0.00037994	3.527e-06	-3.5358e-06	0.0029996	4.3617e-09	-0.0029988	3.5374e-06	-3.5453e-06	0.0087182	1.09222e-08	-0.008716	3.5643e-06	-3.5732e-06	0.016446	2.77824e-08	-0.016424	3.5973e-06	-3.608e-06
0.675	2.4774e-07	-1.7461e-09	-2.3712e-07	3.5373e-06	-3.5528e-06	3.8642e-07	-7.9473e-10	-3.746e-07	3.5317e-06	-3.5387e-06	8.8569e-06	9.437e-11	-8.8353e-06	3.5374e-06	-3.5392e-06	0.0003804	1.5087e-09	-0.00038032	3.5262e-06	-3.5336e-06	0.003002	4.3481e-09	-0.0030016	3.5391e-06	-3.5451e-06	0.0087226	1.09206e-08	-0.0087212	3.5636e-06	-3.5777e-06	0.016454	2.77558e-08	-0.01643	3.6006e-06	-3.6063e-06
0.68	2.499e-07	-1.7649e-09	-2.3732e-07	3.5411e-06	-3.5473e-06	3.879e-07	-8.0735e-10	-3.771e-07	3.5329e-06	-3.5399e-06	8.8585e-06	9.145e-11	-8.8446e-06	3.5312e-06	-3.5419e-06	0.00038058	1.4876e-09	-0.00038044	3.5285e-06	-3.5314e-06	0.0030034	4.3566e-09	-0.0030038	3.5415e-06	-3.5532e-06	0.0087274	1.09118e-08	-0.008727	3.5692e-06	-3.576e-06	0.01646	2.77502e-08	-0.016442	3.6025e-06	-3.6123e-06
0.685	2.5124e-07	-1.7923e-09	-2.3882e-07	3.5397e-06	-3.5521e-06	3.8714e-07	-8.2436e-10	-3.7698e-07	3.5338e-06	-3.5431e-06	8.8602e-06	8.369e-11	-8.8618e-06	3.5359e-06	-3.5422e-06	0.00038084	1.5035e-09	-0.00038056	3.5218e-06	-3.5336e-06	0.0030056	4.3656e-09	-0.0030054	3.5363e-06	-3.5482e-06	0.0087324	1.09146e-08	-0.0087312	3.5671e-06	-3.58e-06	0.016472	2.77386e-08	-0.016452	3.5982e-06	-3.6096e-06
0.69	2.5298e-07	-1.8047e-09	-2.4062e-07	3.5365e-06	-3.5454e-06	3.9022e-07	-8.3438e-10	-3.7692e-07	3.5357e-06	-3.5408e-06	8.8972e-06	6.939e-11	-8.8692e-06	3.5368e-06	-3.5422e-06	0.0003814	1.4812e-09	-0.00038104	3.5298e-06	-3.5388e-06	0.0030066	4.355e-09	-0.0030056	3.5476e-06	-3.5512e-06	0.0087364	1.0906e-08	-0.0087354	3.5692e-06	-3.5766e-06	0.016478	2.77266e-08	-0.01646	3.5989e-06	-3.6099e-06
0.695	2.5384e-07	-1.8231e-09	-2.4048e-07	3.5398e-06	-3.5516e-06	3.9128e-07	-8.53e-10	-3.7886e-07	3.5347e-06	-3.547e-06	8.8947e-06	6.107e-11	-8.8937e-06	3.5404e-06	-3.5445e-06	0.0003816	1.4788e-09	-0.00038104	3.5258e-06	-3.5367e-06	0.0030092	4.3395e-09	-0.0030088	3.5398e-06	-3.5519e-06	0.0087402	1.09014e-08	-0.0087404	3.5622e-06	-3.578e-06	0.016488	2.77156e-08	-0.016466	3.5994e-06	-3.6118e-06
0.7	2.5444e-07	-1.8542e-09	-2.4232e-07	3.5415e-06	-3.55e-06	3.9098e-07	-8.6142e-10	-3.8088e-07	3.5364e-06	-3.5416e-06	8.9144e-06	6.06e-11	-8.8986e-06	3.5338e-06	-3.5402e-06	0.00038168	1.4747e-09	-0.0003816	3.5301e-06	-3.5408e-06	0.0030104	4.3545e-09	-0.00301	3.5438e-06	-3.5546e-06	0.0087446	1.09046e-08	-0.0087454	3.5636e-06	-3.5708e-06	0.016492	2.77066e-08	-0.016474	3.6043e-06	-3.6149e-06
0.705	2.5658e-07	-1.8692e-09	-2.432e-07	3.5412e-06	-3.5497e-06	3.9612e-07	-8.7834e-10	-3.8394e-07	3.5306e-06	-3.5485e-06	8.9122e-06	4.923e-11	-8.9186e-06	3.5386e-06	-3.5484e-06	0.000382	1.472e-09	-0.00038184	3.5279e-06	-3.5368e-06	0.0030122	4.3554e-09	-0.0030124	3.5415e-06	-3.552e-06	0.0087488	1.08982e-08	-0.0087492	3.5637e-06	-3.5728e-06	0.016504	2.77164e-08	-0.016482	3.6007e-06	-3.6136e-06
0.71	2.5788e-07	-1.8929e-09	-2.4394e-07	3.5375e-06	-3.5512e-06	3.9916e-07	-8.9388e-10	-3.85e-07	3.5295e-06	-3.5434e-06	8.9355e-06	3.606e-11	-8.9337e-06	3.5382e-06	-3.5462e-06	0.0003824	1.4725e-09	-0.00038194	3.5217e-06	-3.5342e-06	0.0030134	4.3465e-09	-0.0030132	3.5391e-06	-3.552e-06	0.0087534	1.08948e-08	-0.0087534	3.5631e-06	-3.5772e-06	0.01651	2.76852e-08	-0.01649	3.6045e-06	-3.6141e-06
0.715	2.5832e-07	-1.9196e-09	-2.4412e-07	3.5424e-06	-3.5474e-06	3.997e-07	-9.0809e-10	-3.8676e-07	3.5391e-06	-3.547e-06	8.9475e-06	3.439e-11	-8.9312e-06	3.5372e-06	-3.5434e-06	0.0003828	1.4591e-09	-0.00038238	3.5274e-06	-3.5433e-06	0.0030164	4.3334e-09	-0.0030152	3.5472e-06	-3.5545e-06	0.0087592	1.08678e-08	-0.0087578	3.5638e-06	-3.5755e-06	0.016518	2.76866e-08	-0.016496	3.6037e-06	-3.6143e-06
0.72	2.616e-07	-1.939e-09	-2.4728e-07	3.5388e-06	-3.5527e-06	4.0204e-07	-9.2185e-10	-3.902e-07	3.5422e-06	-3.5497e-06	8.9575e-06	2.475e-11	-8.9469e-06	3.5301e-06	-3.5413e-06	0.00038288	1.4577e-09	-0.00038286	3.5279e-06	-3.54e-06	0.0030178	4.3504e-09	-0.0030166	3.5384e-06	-3.5537e-06	0.0087632	1.08902e-08	-0.0087626	3.5594e-06	-3.5746e-06	0.016526	2.76632e-08	-0.016504	3.6037e-06	-3.6165e-06
0.725	2.6316e-07	-1.9664e-09	-2.4816e-07	3.5423e-06	-3.5542e-06	4.039e-07	-9.4009e-10	-3.9136e-07	3.5397e-06	-3.5522e-06	8.9678e-06	1.048e-11	-8.9488e-06	3.5301e-06	-3.5437e-06	0.0003835	1.4681e-09	-0.00038334	3.5283e-06	-3.5413e-06	0.0030196	4.3388e-09	-0.0030198	3.5418e-06	-3.5536e-06	0.008766	1.0875e-08	-0.0087662	3.5713e-06	-3.5786e-06	0.016532	2.76828e-08	-0.016512	3.6009e-06	-3.6141e-06
0.73	2.645e-07	-1.9907e-09	-2.5036e-07	3.538e-06	-3.5478e-06	4.0748e-07	-9.5485e-10	-3.922e-07	3.5406e-06	-3.5496e-06	8.9811e-06	2.58e-12	-8.9573e-06	3.5348e-06	-3.5468e-06	0.00038372	1.4553e-09	-0.00038346	3.5248e-06	-3.5396e-06	0.0030214	4.3318e-09	-0.003021	3.5413e-06	-3.5516e-06	0.0087726	1.08734e-08	-0.0087712	3.5689e-06	-3.5833e-06	0.016536	2.76742e-08	-0.016518	3.6042e-06	-3.6168e-06
0.735	2.667e-07	-2.0192e-09	-2.5054e-07	3.5375e-06	-3.5469e-06	4.089e-07	-9.716e-10	-3.9524e-07	3.5397e-06	-3.5482e-06	8.9934e-06	-3.85e-12	-8.9673e-06	3.5369e-06	-3.5448e-06	0.0003837	1.452e-09	-0.0003837	3.5288e-06	-3.5391e-06	0.0030238	4.3184e-09	-0.003023	3.5412e-06	-3.5546e-06	0.0087744	1.08876e-08	-0.0087752	3.5634e-06	-3.5755e-06	0.016546	2.76678e-08	-0.016526	3.6056e-06	-3.6172e-06
0.74	2.6504e-07	-2.0404e-09	-2.5042e-07	3.5407e-06	-3.5534e-06	4.099e-07	-9.8691e-10	-3.9606e-07	3.5385e-06	-3.5488e-06	8.9779e-06	-1.661e-11	-8.9599e-06	3.5319e-06	-3.5402e-06	0.00038452	1.4517e-09	-0.00038418	3.529e-06	-3.5384e-06	0.003026	4.3394e-09	-0.0030252	3.5424e-06	-3.5561e-06	0.0087798	1.08898e-08	-0.0087802	3.5648e-06	-3.5824e-06	0.016552	2.76492e-08	-0.016534	3.6085e-06	-3.6225e-06
0.745	2.6874e-07	-2.0685e-09	-2.5138e-07	3.5353e-06	-3.5425e-06	4.1062e-07	-1.00373e-09	-3.9708e-07	3.5352e-06	-3.5438e-06	9.0041e-06	-2.494e-11	-8.9752e-06	3.5321e-06	-3.544e-06	0.00038476	1.4352e-09	-0.00038432	3.5349e-06	-3.5399e-06	0.003027	4.3385e-09	-0.0030268	3.5467e-06	-3.5624e-06	0.0087854	1.08766e-08	-0.0087852	3.5681e-06	-3.5827e-06	0.016564	2.76264e-08	-0.016542	3.6017e-06	-3.6166e-06
0.75	2.701e-07	-2.0921e-09	-2.5424e-07	3.5339e-06	-3.549e-06	4.1418e-07	-1.02022e-09	-3.977e-07	3.5335e-06	-3.5472e-06	9.0039e-06	-4.539e-11	-8.9974e-06	3.5311e-06	-3.5459e-06	0.00038452	1.4317e-09	-0.00038434	3.5303e-06	-3.5466e-06	0.0030292	4.3285e-09	-0.0030272	3.55e-06	-3.5607e-06	0.0087892	1.08912e-08	-0.008789	3.568e-06	-3.5837e-06	0.016572	2.76238e-08	-0.016548	3.6125e-06	-3.6258e-06
0.755	2.727e-07	-2.1174e-09	-2.5538e-07	3.5362e-06	-3.5469e-06	4.1654e-07	-1.03645e-09	-4.0148e-07	3.5394e-06	-3.5529e-06	9.0351e-06	-3.472e-11	-9.0295e-06	3.5329e-06	-3.5451e-06	0.0003852	1.4361e-09	-0.00038486	3.5272e-06	-3.5395e-06	0.003031	4.3263e-09	-0.0030298	3.5447e-06	-3.5607e-06	0.0087934	1.08892e-08	-0.0087926	3.5706e-06	-3.585e-06	0.016576	2.7586e-08	-0.016556	3.6101e-06	-3.6255e-06
0.76	2.7402e-07	-2.146e-09	-2.5704e-07	3.5382e-06	-3.5516e-06	4.1948e-07	-1.05448e-09	-4.0152e-07	3.5397e-06	-3.553e-06	9.058e-06	-4.986e-11	-9.0455e-06	3.5325e-06	-3.5485e-06	0.00038546	1.4203e-09	-0.00038516	3.5279e-06	-3.5411e-06	0.0030324	4.3146e-09	-0.003032	3.5419e-06	-3.5537e-06	0.0087962	1.08676e-08	-0.0087956	3.5668e-06	-3.5754e-06	0.016582	2.75298e-08	-0.016566	3.6049e-06	-3.624e-06
0.765	2.7538e-07	-2.1715e-09	-2.5778e-07	3.5386e-06	-3.5509e-06	4.2156e-07	-1.07105e-09	-4.0418e-07	3.5371e-06	-3.551e-06	9.0723e-06	-7.372e-11	-9.0607e-06	3.5309e-06	-3.5456e-06	0.00038564	1.4159e-09	-0.00038536	3.5251e-06	-3.5343e-06	0.0030344	4.3074e-09	-0.0030338	3.5471e-06	-3.557e-06	0.0088008	1.08654e-08	-0.0088	3.5683e-06	-3.5784e-06	0.01659	2.75604e-08	-0.016572	3.6138e-06	-3.6258e-06
0.77	2.776e-07	-2.1968e-09	-2.5908e-07	3.5437e-06	-3.5534e-06	4.2256e-07	-1.08893e-09	-4.0446e-07	3.532e-06	-3.5454e-06	9.0951e-06	-8.321e-11	-9.0709e-06	3.5328e-06	-3.5438e-06	0.00038598	1.4087e-09	-0.0003858	3.5242e-06	-3.5365e-06	0.0030352	4.3175e-09	-0.0030352	3.5471e-06	-3.5588e-06	0.0088068	1.08698e-08	-0.0088058	3.5737e-06	-3.5838e-06	0.016596	2.754e-08	-0.016576	3.6048e-06	-3.6181e-06
0.775	2.7776e-07	-2.2248e-09	-2.5914e-07	3.5412e-06	-3.5547e-06	4.2162e-07	-1.10461e-09	-4.0618e-07	3.534e-06	-3.5468e-06	9.1181e-06	-8.583e-11	-9.0962e-06	3.5304e-06	-3.5475e-06	0.00038636	1.4012e-09	-0.00038606	3.522e-06	-3.5355e-06	0.0030372	4.3136e-09	-0.0030372	3.5451e-06	-3.5589e-06	0.0088094	1.08702e-08	-0.0088086	3.5716e-06	-3.5854e-06	0.016604	2.75598e-08	-0.016584	3.6069e-06	-3.6234e-06
0.78	2.7798e-07	-2.2559e-09	-2.6114e-07	3.5421e-06	-3.5494e-06	4.2534e-07	-1.12322e-09	-4.0842e-07	3.5322e-06	-3.5553e-06	9.1312e-06	-8.96e-11	-9.1015e-06	3.532e-06	-3.5487e-06	0.0003869	1.3985e-09	-0.0003863	3.527e-06	-3.5437e-06	0.0030388	4.2951e-09	-0.0030392	3.545e-06	-3.56e-06	0.0088132	1.08624e-08	-0.0088128	3.5656e-06	-3.5846e-06	0.01661	2.75758e-08	-0.01659	3.6077e-06	-3.6209e-06
0.785	2.8182e-07	-2.279e-09	-2.6288e-07	3.5357e-06	-3.5478e-06	4.2632e-07	-1.14325e-09	-4.0914e-07	3.5306e-06	-3.5492e-06	9.1418e-06	-1.28e-10	-9.1235e-06	3.5303e-06	-3.5445e-06	0.00038714	1.3915e-09	-0.0003866	3.5293e-06	-3.5389e-06	0.0030408	4.3008e-09	-0.0030404	3.5454e-06	-3.5588e-06	0.008817	1.08462e-08	-0.0088176	3.5723e-06	-3.59e-06	0.016616	2.75422e-08	-0.0166	3.6071e-06	-3.6236e-06
0.79	2.8206e-07	-2.3025e-09	-2.6422e-07	3.539e-06	-3.5502e-06	4.2658e-07	-1.1598e-09	-4.096e-07	3.5312e-06	-3.5489e-06	9.1571e-06	-1.2919e-10	-9.1358e-06	3.5294e-06	-3.5407e-06	0.00038742	1.3984e-09	-0.00038716	3.5223e-06	-3.5377e-06	0.0030434	4.2992e-09	-0.003043	3.5393e-06	-3.5564e-06	0.0088224	1.08428e-08	-0.0088204	3.5718e-06	-3.5901e-06	0.016624	2.75552e-08	-0.016602	3.6134e-06	-3.6291e-06
0.795	2.8668e-07	-2.3353e-09	-2.6648e-07	3.5369e-06	-3.5519e-06	4.2822e-07	-1.1782e-09	-4.1074e-07	3.5358e-06	-3.5476e-06	9.1685e-06	-1.2033e-10	-9.1367e-06	3.5313e-06	-3.5449e-06	0.00038758	1.3872e-09	-0.00038736	3.5253e-06	-3.5391e-06	0.0030444	4.3034e-09	-0.003045	3.5442e-06	-3.5571e-06	0.0088266	1.08452e-08	-0.0088258	3.5719e-06	-3.5872e-06	0.01663	2.75294e-08	-0.016612	3.612e-06	-3.6307e-06
0.8	2.8708e-07	-2.3634e-09	-2.6856e-07	3.5374e-06	-3.5508e-06	4.322e-07	-1.1993e-09	-4.148e-07	3.5299e-06	-3.5434e-06	9.1786e-06	-1.4602e-10	-9.1554e-06	3.5291e-06	-3.5489e-06	0.000388	1.3884e-09	-0.0003873	3.5185e-06	-3.5377e-06	0.0030466	4.2793e-09	-0.0030456	3.5455e-06	-3.5579e-06	0.0088306	1.0842e-08	-0.0088304	3.5717e-06	-3.5868e-06	0.016636	2.75468e-08	-0.016616	3.6131e-06	-3.6307e-06
0.805	2.8788e-07	-2.388e-09	-2.6802e-07	3.5338e-06	-3.548e-06	4.3546e-07	-1.2158e-09	-4.166e-07	3.5325e-06	-3.5463e-06	9.186e-06	-1.7473e-10	-9.1773e-06	3.5315e-06	-3.5444e-06	0.000388	1.364e-09	-0.00038784	3.5268e-06	-3.5396e-06	0.0030474	4.2945e-09	-0.0030484	3.5437e-06	-3.5611e-06	0.0088358	1.08304e-08	-0.0088352	3.5686e-06	-3.585e-06	0.016644	2.75296e-08	-0.016622	3.6193e-06	-3.6378e-06
0.81	2.889e-07	-2.4207e-09	-2.688e-07	3.5357e-06	-3.5551e-06	4.3296e-07	-1.236e-09	-4.1586e-07	3.5333e-06	-3.5473e-06	9.2166e-06	-1.764e-10	-9.1879e-06	3.5351e-06	-3.5517e-06	0.00038832	1.3701e-09	-0.00038816	3.5288e-06	-3.5457e-06	0.0030506	4.2755e-09	-0.0030484	3.5446e-06	-3.56e-06	0.0088386	1.0824e-08	-0.008839	3.5712e-06	-3.5838e-06	0.01665	2.75224e-08	-0.01663	3.6211e-06	-3.6354e-06
0.815	2.909e-07	-2.4494e-09	-2.7204e-07	3.5335e-06	-3.5505e-06	4.3852e-07	-1.2514e-09	-4.174e-07	3.5353e-06	-3.5523e-06	9.2223e-06	-1.659e-10	-9.1914e-06	3.5328e-06	-3.5465e-06	0.00038862	1.3497e-09	-0.00038838	3.53e-06	-3.5438e-06	0.0030516	4.2908e-09	-0.0030502	3.5426e-06	-3.5606e-06	0.0088424	1.08394e-08	-0.0088418	3.5678e-06	-3.5794e-06	0.016656	2.7543e-08	-0.016638	3.6222e-06	-3.6393e-06
0.82	2.9418e-07	-2.4704e-09	-2.7158e-07	3.5335e-06	-3.5502e-06	4.3976e-07	-1.2751e-09	-4.1942e-07	3.5328e-06	-3.5513e-06	9.2145e-06	-1.9812e-10	-9.1865e-06	3.5327e-06	-3.5462e-06	0.00038886	1.3473e-09	-0.00038872	3.5279e-06	-3.5459e-06	0.003053	4.2885e-09	-0.003053	3.5399e-06	-3.5554e-06	0.0088458	1.08346e-08	-0.0088454	3.5676e-06	-3.5861e-06	0.016664	2.754e-08	-0.016646	3.6226e-06	-3.6417e-06
0.825	2.939e-07	-2.5007e-09	-2.741e-07	3.5343e-06	-3.5509e-06	4.4178e-07	-1.294e-09	-4.245e-07	3.5352e-06	-3.5508e-06	9.204e-06	-2.2684e-10	-9.1921e-06	3.5346e-06	-3.5485e-06	0.00038914	1.3414e-09	-0.00038906	3.5289e-06	-3.5444e-06	0.0030554	4.2773e-09	-0.003055	3.542e-06	-3.5602e-06	0.0088496	1.08224e-08	-0.008851	3.5719e-06	-3.5927e-06	0.016668	2.7531e-08	-0.01665	3.6228e-06	-3.64e-06
0.83	2.9496e-07	-2.5336e-09	-2.7378e-07	3.5327e-06	-3.5509e-06	4.4468e-07	-1.3143e-09	-4.2502e-07	3.5332e-06	-3.5511e-06	9.213e-06	-2.1486e-10	-9.1947e-06	3.5371e-06	-3.5534e-06	0.00038934	1.3367e-09	-0.00038924	3.5251e-06	-3.5419e-06	0.0030574	4.2781e-09	-0.0030564	3.5465e-06	-3.5626e-06	0.008855	1.08306e-08	-0.0088534	3.5754e-06	-3.5958e-06	0.016676	2.75328e-08	-0.016658	3.6206e-06	-3.6421e-06
0.835	2.993e-07	-2.5638e-09	-2.7514e-07	3.5384e-06	-3.5549e-06	4.4722e-07	-1.3363e-09	-4.2792e-07	3.5356e-06	-3.5507e-06	9.2246e-06	-2.235e-10	-9.2167e-06	3.5303e-06	-3.5524e-06	0.00038982	1.3278e-09	-0.00038958	3.5295e-06	-3.5461e-06	0.0030584	4.2714e-09	-0.0030584	3.5442e-06	-3.562e-06	0.008859	1.08134e-08	-0.0088582	3.5708e-06	-3.593e-06	0.01668	2.75128e-08	-0.016662	3.6227e-06	-3.6383e-06
0.84	2.9802e-07	-2.5964e-09	-2.7694e-07	3.533e-06	-3.5525e-06	4.4838e-07	-1.3578e-09	-4.2918e-07	3.5332e-06	-3.5485e-06	9.2426e-06	-2.5888e-10	-9.2206e-06	3.5313e-06	-3.5548e-06	0.00039004	1.3151e-09	-0.00039	3.5261e-06	-3.5449e-06	0.0030602	4.2608e-09	-0.00306	3.5392e-06	-3.5607e-06	0.0088624	1.0824e-08	-0.0088616	3.576e-06	-3.5941e-06	0.016686	2.75282e-08	-0.016668	3.6244e-06	-3.6404e-06
0.845	3.005e-07	-2.6311e-09	-2.7808e-07	3.5344e-06	-3.5509e-06	4.5064e-07	-1.3777e-09	-4.297e-07	3.5325e-06	-3.5502e-06	9.2627e-06	-2.7353e-10	-9.2407e-06	3.534e-06	-3.554e-06	0.00039006	1.3147e-09	-0.00039008	3.5217e-06	-3.542e-06	0.003062	4.2714e-09	-0.0030616	3.5384e-06	-3.5613e-06	0.0088674	1.08042e-08	-0.0088658	3.567e-06	-3.5904e-06	0.016694	2.7517e-08	-0.016674	3.6259e-06	-3.6429e-06
0.85	3.0286e-07	-2.6558e-09	-2.8094e-07	3.5357e-06	-3.5528e-06	4.5552e-07	-1.4035e-09	-4.3138e-07	3.5419e-06	-3.553e-06	9.2627e-06	-2.6739e-10	-9.2495e-06	3.5344e-06	-3.5561e-06	0.00039066	1.2995e-09	-0.00039032	3.524e-06	-3.5437e-06	0.0030638	4.2551e-09	-0.003063	3.5424e-06	-3.559e-06	0.0088712	1.08146e-08	-0.0088708	3.5766e-06	-3.5941e-06	0.0167	2.75078e-08	-0.016682	3.6262e-06	-3.6412e-06
0.855	3.0428e-07	-2.6912e-09	-2.8092e-07	3.5291e-06	-3.5462e-06	4.5794e-07	-1.4217e-09	-4.3452e-07	3.542e-06	-3.5594e-06	9.2842e-06	-2.8025e-10	-9.2731e-06	3.5338e-06	-3.552e-06	0.00039104	1.2951e-09	-0.00039078	3.5282e-06	-3.5464e-06	0.0030658	4.2569e-09	-0.0030654	3.5418e-06	-3.5637e-06	0.0088746	1.08118e-08	-0.0088744	3.5705e-06	-3.5873e-06	0.016706	2.74872e-08	-0.01669	3.628e-06	-3.6525e-06
0.86	3.0738e-07	-2.7219e-09	-2.8174e-07	3.5326e-06	-3.5509e-06	4.5804e-07	-1.4445e-09	-4.3738e-07	3.5379e-06	-3.5488e-06	9.3062e-06	-3.2256e-10	-9.2794e-06	3.5338e-06	-3.5545e-06	0.00039126	1.2834e-09	-0.00039078	3.5278e-06	-3.5465e-06	0.003068	4.2275e-09	-0.0030668	3.5475e-06	-3.566e-06	0.0088788	1.08072e-08	-0.008878	3.575e-06	-3.5953e-06	0.016708	2.75062e-08	-0.016692	3.6313e-06	-3.6536e-06
0.865	3.0744e-07	-2.7514e-09	-2.8248e-07	3.5344e-06	-3.5508e-06	4.6338e-07	-1.4682e-09	-4.3964e-07	3.5283e-06	-3.5503e-06	9.3249e-06	-3.1956e-10	-9.3007e-06	3.5325e-06	-3.5543e-06	0.00039148	1.2908e-09	-0.0003913	3.5215e-06	-3.5422e-06	0.0030694	4.2387e-09	-0.0030692	3.5439e-06	-3.5657e-06	0.0088832	1.07996e-08	-0.0088824	3.5753e-06	-3.5922e-06	0.01672	2.74866e-08	-0.016698	3.633e-06	-3.6479e-06
0.87	3.103e-07	-2.784e-09	-2.8472e-07	3.5364e-06	-3.5576e-06	4.6346e-07	-1.4937e-09	-4.3808e-07	3.5349e-06	-3.5542e-06	9.3312e-06	-3.1951e-10	-9.323e-06	3.5327e-06	-3.5535e-06	0.00039196	1.2791e-09	-0.0003917	3.5183e-06	-3.5402e-06	0.0030708	4.2376e-09	-0.0030704	3.5459e-06	-3.5672e-06	0.0088878	1.07832e-08	-0.0088872	3.5774e-06	-3.5961e-06	0.016722	2.74656e-08	-0.016704	3.6337e-06	-3.6544e-06
0.875	3.113e-07	-2.8139e-09	-2.8632e-07	3.5399e-06	-3.5546e-06	4.631e-07	-1.5156e-09	-4.3964e-07	3.5365e-06	-3.5546e-06	9.3517e-06	-3.5204e-10	-9.3234e-06	3.5337e-06	-3.5565e-06	0.00039198	1.263e-09	-0.00039202	3.5152e-06	-3.5368e-06	0.0030726	4.2302e-09	-0.0030712	3.5418e-06	-3.5684e-06	0.0088902	1.0782e-08	-0.0088912	3.5743e-06	-3.5927e-06	0.016732	2.74496e-08	-0.01671	3.6308e-06	-3.6534e-06
0.88	3.1348e-07	-2.8528e-09	-2.8736e-07	3.5351e-06	-3.5486e-06	4.6544e-07	-1.5381e-09	-4.426e-07	3.5367e-06	-3.5596e-06	9.366e-06	-3.7639e-10	-9.3302e-06	3.5377e-06	-3.5609e-06	0.00039246	1.2513e-09	-0.00039232	3.5177e-06	-3.5396e-06	0.0030738	4.2328e-09	-0.0030732	3.5439e-06	-3.5678e-06	0.008895	1.07732e-08	-0.0088932	3.5721e-06	-3.5947e-06	0.016734	2.74832e-08	-0.016718	3.6326e-06	-3.654e-06
0.885	3.1588e-07	-2.8829e-09	-2.9142e-07	3.5311e-06	-3.5471e-06	4.6756e-07	-1.5621e-09	-4.4368e-07	3.5295e-06	-3.5527e-06	9.3766e-06	-3.846e-10	-9.3368e-06	3.5346e-06	-3.5585e-06	0.00039272	1.2452e-09	-0.00039252	3.5221e-06	-3.542e-06	0.0030756	4.2245e-09	-0.0030748	3.5467e-06	-3.5688e-06	0.0088978	1.07866e-08	-0.008899	3.5714e-06	-3.5938e-06	0.01674	2.7459e-08	-0.016724	3.6292e-06	-3.6506e-06
0.89	3.1788e-07	-2.9184e-09	-2.9318e-07	3.5277e-06	-3.5526e-06	4.6928e-07	-1.5873e-09	-4.4492e-07	3.5242e-06	-3.5496e-06	9.3792e-06	-3.8454e-10	-9.3549e-06	3.5311e-06	-3.5553e-06	0.00039304	1.2434e-09	-0.0003927	3.5163e-06	-3.5396e-06	0.0030778	4.2036e-09	-0.0030778	3.5485e-06	-3.5742e-06	0.0089006	1.07844e-08	-0.008901	3.5679e-06	-3.5893e-06	0.016746	2.74486e-08	-0.01673	3.6344e-06	-3.6582e-06
0.895	3.1982e-07	-2.9595e-09	-2.9298e-07	3.5288e-06	-3.5497e-06	4.7184e-07	-1.6126e-09	-4.4522e-07	3.5367e-06	-3.5536e-06	9.387e-06	-4.1544e-10	-9.362e-06	3.5366e-06	-3.5557e-06	0.00039328	1.2222e-09	-0.00039308	3.5232e-06	-3.543e-06	0.0030786	4.2023e-09	-0.0030792	3.5473e-06	-3.5733e-06	0.0089066	1.07714e-08	-0.0089048	3.5697e-06	-3.5916e-06	0.016754	2.74572e-08	-0.016734	3.6326e-06	-3.6551e-06
0.9	3.1892e-07	-2.9835e-09	-2.9312e-07	3.5297e-06	-3.5506e-06	4.7314e-07	-1.6368e-09	-4.4628e-07	3.5284e-06	-3.5503e-06	9.4077e-06	-4.423e-10	-9.3855e-06	3.5317e-06	-3.5543e-06	0.00039372	1.2136e-09	-0.00039334	3.5215e-06	-3.5463e-06	0.0030802	4.1963e-09	-0.0030798	3.5461e-06	-3.5709e-06	0.0089082	1.07608e-08	-0.0089084	3.5695e-06	-3.5952e-06	0.016758	2.74936e-08	-0.01674	3.6405e-06	-3.6662e-06
