101 2.77271772649658e-05
104.18 2.66521182723377e-05
107.361 2.57539587399809e-05
110.541 1.92318436822167e-05
113.721 1.59067572645613e-05
116.902 2.09286784456473e-05
120.082 2.30994398802151e-05
123.262 2.09578919483369e-05
126.443 1.90662534916673e-05
129.623 1.93375841416534e-05
132.803 2.53382365584742e-05
135.983 2.46301677174623e-05
139.164 2.11940727619571e-05
142.344 2.21591975876971e-05
145.524 2.77090968510667e-05
148.705 2.99710595121388e-05
151.885 2.69394632857449e-05
155.065 2.30497912443045e-05
158.246 2.01536682042872e-05
161.426 2.17245412955343e-05
164.606 2.0199604893265e-05
167.787 2.15863144625516e-05
170.967 2.12926541657202e-05
174.147 2.48514243464345e-05
177.328 2.76577602720996e-05
180.508 2.54538274617262e-05
183.688 2.28468324126933e-05
186.868 1.91555165265118e-05
190.049 1.45715379924726e-05
193.229 1.38488215410077e-05
196.409 1.79767957267744e-05
199.59 1.91336156253496e-05
202.77 1.72485777841693e-05
205.95 1.48614345621713e-05
209.131 1.65434453659318e-05
212.311 1.80405804875588e-05
215.491 1.89555364353639e-05
218.672 1.75627389305511e-05
221.852 1.60281025576554e-05
225.032 1.49565719747527e-05
228.213 1.42216161769036e-05
231.393 1.43918585140294e-05
234.573 1.31026115964883e-05
237.753 1.44461841877218e-05
240.934 1.14512253461365e-05
244.114 1.04595843711388e-05
247.294 1.17794969972109e-05
250.475 1.55617801668658e-05
253.655 1.45289461559989e-05
256.835 1.15669362620994e-05
260.016 1.11514363329009e-05
263.196 1.27948420323612e-05
264.196 1.51574813552997e-05
272.598 1.60269193583736e-05
281.001 1.5574962082402e-05
289.403 1.30570538376884e-05
297.806 1.16927185870133e-05
306.208 9.57188697146225e-06
314.611 9.20477642070435e-06
323.013 1.19024743089553e-05
331.415 1.52505573263037e-05
339.818 1.49959663395184e-05
348.22 1.40190769966698e-05
356.623 1.07289358595205e-05
365.025 9.4783559664187e-06
373.428 9.70108372334756e-06
381.83 1.17277054718891e-05
390.232 1.27608681841781e-05
398.635 1.28236810258873e-05
407.037 1.28489242090186e-05
415.44 1.34284102217946e-05
423.842 1.35883274278333e-05
432.245 1.32149793691837e-05
440.647 1.13734767399023e-05
449.049 1.01082118603198e-05
457.452 1.07242269449866e-05
465.854 1.30808531695935e-05
474.257 1.26253226930214e-05
482.659 1.28691936777834e-05
491.062 1.50668762221394e-05
499.464 1.60004888866459e-05
507.867 1.57863120113813e-05
516.269 1.43681917751913e-05
524.671 1.33655280231308e-05
533.074 1.29827765202183e-05
541.476 1.14296476786049e-05
549.879 1.05941069484651e-05
558.281 1.17286388293114e-05
566.684 1.1699426127056e-05
575.086 1.25197109124355e-05
583.488 1.25818622949581e-05
591.891 1.20145969951433e-05
600.293 1.20412165936153e-05
608.696 1.13150984481015e-05
617.098 9.08101780877456e-06
625.501 8.4347475665746e-06
633.903 7.77731428556028e-06
642.305 6.94951526621016e-06
650.708 6.67004659148351e-06
659.11 6.18663774235285e-06
667.513 7.57083200234029e-06
675.915 8.1758135014199e-06
684.318 8.31852492368472e-06
692.72 1.00324239198719e-05
693.72 1.25568938132318e-05
715.867 1.06419177285006e-05
738.014 8.96290634648399e-06
760.161 6.60878957096165e-06
782.307 9.69521117505798e-06
804.454 1.02466046896857e-05
826.601 9.65191899146195e-06
848.748 8.8181457353042e-06
870.895 8.9028208540507e-06
893.042 8.7891384928268e-06
915.189 8.8274244407401e-06
937.335 5.84949742831142e-06
959.482 7.08608928040425e-06
981.629 9.69372131354972e-06
1003.776 7.88004111367949e-06
1025.923 6.53854510450002e-06
1048.07 9.96403838313084e-06
1070.217 9.39494210444081e-06
1092.364 1.02674799897507e-05
1114.51 8.35542092413635e-06
1136.657 7.17616550312163e-06
1158.804 6.38498645431905e-06
1180.951 7.95753101414011e-06
1203.098 9.0345203015518e-06
1225.245 1.09455812711219e-05
1247.392 1.11905848532011e-05
1269.538 9.31876384891816e-06
1291.685 7.42196109051497e-06
1313.832 7.44101961895207e-06
1335.979 8.46154186448439e-06
1358.126 9.10429191055417e-06
1380.273 9.54743113472479e-06
1402.42 7.27410690412399e-06
1424.566 7.59264349545143e-06
1446.713 9.12838701520103e-06
1468.86 7.41693671827651e-06
1491.007 7.18688744850085e-06
1513.154 8.27114331586211e-06
1535.301 7.21902087692434e-06
1557.448 6.76014886765489e-06
1579.595 7.03444932709733e-06
1601.741 6.15722882806308e-06
1623.888 6.26055754184659e-06
1646.035 7.1960203810133e-06
1668.182 8.04953656244108e-06
1690.329 7.3613487821608e-06
1712.476 8.04737223646365e-06
1734.623 8.19677642242143e-06
1756.769 7.77745981147653e-06
1778.916 8.21533899282604e-06
1801.063 7.98446997404994e-06
1823.21 6.09942657235371e-06
1824.21 7.35078178142364e-06
1882.531 6.19769141011235e-06
1940.853 5.63751416910476e-06
1999.174 7.03485187993355e-06
2057.495 7.07042743071807e-06
2115.817 6.96795237057631e-06
2174.138 4.75411387186153e-06
2232.46 5.64833866168795e-06
2290.781 6.62943491374939e-06
2349.102 6.40737354897851e-06
2407.424 5.22608304848183e-06
2465.745 5.65908372662779e-06
2524.066 5.56503444055847e-06
2582.388 5.72221396897584e-06
2640.709 6.16283089694158e-06
2699.031 4.97063661032123e-06
2757.352 5.97385708094493e-06
2815.673 5.43925271383698e-06
2873.995 6.1475873237828e-06
2932.316 6.57615205044937e-06
2990.637 7.19436359807186e-06
3048.959 6.02542505452349e-06
3107.28 4.91911850376262e-06
3165.602 4.0061732196349e-06
3223.923 5.03856471160311e-06
3282.244 6.1584541561461e-06
3340.566 7.05589693369844e-06
3398.887 6.26444926593874e-06
3457.208 4.53911287774358e-06
3515.53 4.52417708319191e-06
3573.851 5.41911069015226e-06
3632.173 4.33746694934024e-06
3690.494 3.94562194530226e-06
3748.815 4.97325715604962e-06
3807.137 4.59070917860931e-06
3865.458 5.30681888243426e-06
3923.779 5.88512456590903e-06
3982.101 4.27932525468653e-06
4040.422 4.25475460078071e-06
4098.744 5.07684894122072e-06
4157.065 5.51803367688132e-06
4215.386 3.8435490863206e-06
4273.708 4.04131882148495e-06
4332.029 5.01751437420691e-06
4390.35 4.98818334294339e-06
4448.672 5.13350248051366e-06
4506.993 5.67790482990254e-06
4565.315 5.40454006279872e-06
4623.636 4.94856407814787e-06
4681.957 5.54334343257008e-06
4740.279 4.9745147363617e-06
4798.6 4.18829862561623e-06
4799.6 4.2191110714831e-06
4953.131 4.54455390903372e-06
5106.663 5.1976854375079e-06
5260.194 4.18444218431329e-06
5413.725 3.61060815242357e-06
5567.257 4.91331590211496e-06
5720.788 4.67150801348472e-06
5874.32 3.85890258109863e-06
6027.851 4.64931165636934e-06
6181.382 4.43068331505278e-06
6334.914 4.25995834494109e-06
6488.445 3.67051048831532e-06
6641.976 3.0975204056473e-06
6795.508 2.8571987751515e-06
6949.039 2.95665274377967e-06
7102.571 2.91594047462238e-06
7256.102 2.36581074321288e-06
7409.633 2.74623004018074e-06
7563.165 4.64408261137875e-06
7716.696 4.289431625302e-06
7870.227 4.3249344223971e-06
8023.759 5.20631481131799e-06
8177.29 4.33230812846785e-06
8330.822 3.77241386068317e-06
8484.353 3.82810284743816e-06
8637.884 3.21892668544869e-06
8791.416 4.00642948981286e-06
8944.947 4.92581364415542e-06
9098.478 4.11947401252063e-06
9252.01 3.8865946991075e-06
9405.541 2.97061117268496e-06
9559.073 3.08106686545621e-06
9712.604 2.70381764608598e-06
9866.135 3.03096745009975e-06
10019.667 3.8528129043342e-06
10173.198 3.43543649310433e-06
10326.729 2.96430743035197e-06
10480.261 2.66045533268264e-06
10633.792 2.70750513947367e-06
10787.324 2.89989787460746e-06
10940.855 2.43367511866863e-06
11094.386 2.46563465889716e-06
11247.918 2.90279661645031e-06
11401.449 3.60748498295073e-06
11554.98 3.56798147884527e-06
11708.512 2.55642121160807e-06
11862.043 3.02265359794566e-06
12015.575 3.19694133259106e-06
12169.106 2.52241371657707e-06
12322.637 2.18409907467326e-06
12476.169 2.44744353894547e-06
12629.7 3.72039214554481e-06
12630.7 2.52902944678885e-06
13034.822 2.55126623245078e-06
13438.943 2.88728282696413e-06
13843.065 3.23296367144833e-06
14247.186 3.23676151383027e-06
14651.308 2.4217482170682e-06
15055.429 2.68125949661272e-06
15459.551 3.24038611714684e-06
15863.673 2.80758456014043e-06
16267.794 2.35762704062726e-06
16671.916 2.86046773128493e-06
17076.037 3.33562820528885e-06
17480.159 3.25310435905631e-06
17884.28 2.77793360242445e-06
18288.402 2.61914734655434e-06
18692.524 2.44404743341285e-06
19096.645 1.95360172312695e-06
19500.767 2.09682049901667e-06
19904.888 2.23688405785502e-06
20309.01 2.30536016176688e-06
20713.131 2.26055706867188e-06
21117.253 2.32748812286063e-06
21521.375 2.17938861447048e-06
21925.496 2.26054243260772e-06
22329.618 2.11230912571126e-06
22733.739 2.077343858084e-06
23137.861 1.89709605574388e-06
23541.982 2.21383275372677e-06
23946.104 2.54728652952997e-06
24350.225 2.22773181302302e-06
24754.347 2.02117345182745e-06
25158.469 1.86816022897225e-06
25562.59 1.57848351729292e-06
25966.712 1.66406918907359e-06
26370.833 2.08321834845365e-06
26774.955 2.04010166496685e-06
27179.076 1.82230771816644e-06
27583.198 1.77412952706982e-06
27987.32 2.11093598199931e-06
28391.441 2.19822762985842e-06
28795.563 2.01774192680592e-06
29199.684 1.87976975354137e-06
29603.806 1.88065695611696e-06
30007.927 1.73089878349273e-06
30412.049 1.65557197145182e-06
30816.171 1.85038856779733e-06
31220.292 2.14977704083169e-06
31624.414 1.96095955397071e-06
32028.535 1.62060725041666e-06
32432.657 1.47001072616908e-06
32836.778 1.34766658506953e-06
33240.9 1.6424520020596e-06
33241.9 1.41592041145906e-06
34305.559 1.17525749424607e-06
35369.218 1.22411504206211e-06
36432.876 1.48392019742814e-06
37496.535 1.3300732273999e-06
38560.194 1.11207707775058e-06
39623.853 1.54074003350347e-06
40687.512 1.63883113172081e-06
41751.171 1.65452845909421e-06
42814.829 1.55762914636235e-06
43878.488 1.49197492616983e-06
44942.147 1.4977797369656e-06
46005.806 1.530182384696e-06
47069.465 1.66142820957473e-06
48133.124 1.37121327435733e-06
49196.782 1.41497650213641e-06
50260.441 1.51273137115663e-06
51324.1 1.43678727148005e-06
52387.759 1.36569295071361e-06
53451.418 1.19593751474573e-06
54515.076 1.09996975768992e-06
55578.735 1.17649986798271e-06
56642.394 1.30626718856777e-06
57706.053 1.3263738837983e-06
58769.712 1.49430249919917e-06
59833.371 1.64138914831743e-06
60897.029 1.69187447252381e-06
61960.688 1.49315560782696e-06
63024.347 8.25781259172843e-07
64088.006 7.7555621773495e-07
65151.665 1.18836885159512e-06
66215.324 1.37247778833048e-06
67278.982 1.45519704631901e-06
68342.641 1.14049906036971e-06
69406.3 1.04260457185471e-06
70469.959 1.05040549875297e-06
71533.618 1.27507734697305e-06
72597.276 1.41763728268447e-06
73660.935 1.62424642669038e-06
74724.594 1.6988903420888e-06
75788.253 1.57367091014752e-06
76851.912 1.13013252791036e-06
77915.571 9.1947390697405e-07
78979.229 9.63347822462119e-07
80042.888 1.07733082317692e-06
81106.547 1.04462361122718e-06
82170.206 1.02325072527987e-06
83233.865 8.20786799722273e-07
84297.524 6.95704761530062e-07
85361.182 1.01241160803558e-06
86424.841 1.20592955077049e-06
87488.5 1.27858720380493e-06
87489.5 1.39315554509383e-06
90289.039 1.32121472684975e-06
93088.578 1.03428319493358e-06
95888.118 8.65299850063083e-07
98687.657 1.00980851959982e-06
101487.196 1.14583138542224e-06
104286.735 1.17615277614653e-06
107086.275 1.18564688497897e-06
109885.814 1.10112977216074e-06
112685.353 1.0834840845236e-06
115484.892 1.07785184733477e-06
118284.431 1.0402836865844e-06
121083.971 9.65343798644728e-07
123883.51 1.01717117004108e-06
126683.049 8.07869213832041e-07
129482.588 7.85896416586683e-07
132282.127 8.85473139449752e-07
135081.667 1.02262288842854e-06
137881.206 1.00979800976173e-06
140680.745 9.22669493308935e-07
143480.284 8.99483587695317e-07
146279.824 8.57939351868726e-07
149079.363 8.39892705045251e-07
151878.902 9.32848543869121e-07
154678.441 9.82899776840963e-07
157477.98 9.84576578888853e-07
160277.52 9.22887163696762e-07
163077.059 7.46901951199893e-07
165876.598 7.22665725040225e-07
168676.137 7.59392628374048e-07
171475.676 7.73047191140325e-07
174275.216 7.47624354965674e-07
177074.755 6.34562153821293e-07
179874.294 7.18787797756161e-07
182673.833 6.52002228077717e-07
185473.373 6.67563656830713e-07
188272.912 7.91474488077896e-07
191072.451 9.10331647829491e-07
193871.99 9.52696651404082e-07
196671.529 8.71215740378534e-07
199471.069 7.96042154701632e-07
202270.608 7.42814411230925e-07
205070.147 6.6782092732603e-07
207869.686 7.50813686821624e-07
210669.225 8.67906272665077e-07
213468.765 9.19069020510477e-07
216268.304 7.86867763567775e-07
219067.843 6.94737531533293e-07
221867.382 6.89148950736426e-07
224666.922 6.97234551931185e-07
227466.461 6.40399916821907e-07
230266 6.48045751986569e-07
230267 7.28181270947874e-07
237635.294 7.6469068154878e-07
245003.588 8.89125617138395e-07
252371.882 7.0842980222217e-07
259740.176 7.50475324748683e-07
267108.471 6.32389744471262e-07
274476.765 8.17096641780712e-07
281845.059 6.83618445292154e-07
289213.353 7.4895038613505e-07
296581.647 7.07927916766415e-07
303949.941 6.18408885553529e-07
311318.235 4.04790165810635e-07
318686.529 4.89075427956139e-07
326054.824 5.15980920382423e-07
333423.118 6.90873287634094e-07
340791.412 6.52880961138208e-07
348159.706 6.57865728649715e-07
355528 7.24308780558136e-07
362896.294 6.70764116047187e-07
370264.588 3.75848980847012e-07
377632.882 7.40321241558995e-07
385001.176 5.72449226360011e-07
392369.471 5.17312700562703e-07
399737.765 4.61031005641534e-07
407106.059 5.414126245921e-07
414474.353 4.99167217342483e-07
421842.647 6.54630433271249e-07
429210.941 6.19614981962544e-07
436579.235 6.02802144689111e-07
443947.529 4.29557474975346e-07
451315.824 5.15214734629142e-07
458684.118 4.88286477050201e-07
466052.412 4.25193370369256e-07
473420.706 6.10723232539847e-07
480789 5.39882031722118e-07
488157.294 4.76233613384449e-07
495525.588 4.41601985908223e-07
502893.882 4.68367621637689e-07
510262.176 4.17167997317438e-07
517630.471 3.98102714768475e-07
524998.765 5.05330545326074e-07
532367.059 4.97178112774944e-07
539735.353 3.75086813022953e-07
547103.647 4.86470373965195e-07
554471.941 6.41917691220725e-07
561840.235 4.41871457552553e-07
569208.529 4.6436320487684e-07
576576.824 5.38293151540497e-07
583945.118 4.13674180672227e-07
591313.412 7.34831212479503e-07
598681.706 6.692648427956e-07
606050 5.05767484723541e-07
606051 6.80907833227874e-07
625444.118 3.57595724026929e-07
644837.235 4.49860237448256e-07
664230.353 4.41145221102684e-07
683623.471 4.69706775485951e-07
703016.588 4.32927653579163e-07
722409.706 5.15347306263836e-07
741802.824 4.12260499540206e-07
761195.941 4.3445169478425e-07
780589.059 5.44711691528202e-07
799982.176 4.65968167329147e-07
819375.294 4.87611343002178e-07
838768.412 3.9862045835938e-07
858161.529 4.05426851862042e-07
877554.647 3.4194620092943e-07
896947.765 4.83583312534111e-07
916340.882 4.34885210538158e-07
935734 3.90598078691739e-07
955127.118 2.72998067767873e-07
974520.235 4.63522167378701e-07
993913.353 2.91937341577723e-07
1013306.471 3.35892547200247e-07
1032699.588 3.12287200087878e-07
1052092.706 2.78551642537263e-07
1071485.824 3.00219015338823e-07
1090878.941 3.53484237091464e-07
1110272.059 3.48146661151141e-07
1129665.176 3.28634320600672e-07
1149058.294 3.05504392736303e-07
1168451.412 3.80119559328891e-07
1187844.529 3.99804291530466e-07
1207237.647 3.58223278574872e-07
1226630.765 3.24708871480903e-07
1246023.882 2.57405182692613e-07
1265417 3.33765900414002e-07
1284810.118 3.25159499706502e-07
1304203.235 2.92378674468055e-07
1323596.353 3.4282249920529e-07
1342989.471 3.36646616311051e-07
1362382.588 3.46948709581135e-07
1381775.706 3.64444301952178e-07
1401168.824 3.31691081389657e-07
1420561.941 3.52359772040373e-07
1439955.059 4.09836874949499e-07
1459348.176 2.80607053664529e-07
1478741.294 3.47006788965505e-07
1498134.412 3.85461184666003e-07
1517527.529 3.63267936571271e-07
1536920.647 3.4433186047393e-07
1556313.765 3.05516323041319e-07
1575706.882 2.66151222864989e-07
1595100 2.83917495562959e-07
1595100 2.91882204498009e-07
1646141.765 2.75774114819604e-07
1697183.529 2.90431604536397e-07
1748225.294 2.9511923647795e-07
1799267.059 2.99493206616077e-07
1850308.824 3.27693368797892e-07
1901350.588 2.72922644680583e-07
1952392.353 2.9631258162346e-07
2003434.118 2.54781580774502e-07
2054475.882 2.82579288093866e-07
2105517.647 2.84030775072438e-07
2156559.412 2.9079173564354e-07
2207601.176 2.86021899314751e-07
2258642.941 2.94324446233353e-07
2309684.706 2.4962689315442e-07
2360726.471 3.06948694769549e-07
2411768.235 2.13324043967041e-07
2462810 2.78814789962784e-07
2513851.765 3.3892076045927e-07
2564893.529 2.06798276626561e-07
2615935.294 2.39050356448326e-07
2666977.059 2.78893470807148e-07
2718018.824 2.11191621626632e-07
2769060.588 2.01693312569579e-07
2820102.353 2.10996777701393e-07
2871144.118 2.56972919211709e-07
2922185.882 1.89106511235183e-07
2973227.647 2.55847247021401e-07
3024269.412 1.95768746391571e-07
3075311.176 2.7529716436495e-07
3126352.941 1.37970714660348e-07
3177394.706 2.37885105707274e-07
3228436.471 2.87145542768473e-07
3279478.235 2.48171615090976e-07
3330520 1.96144740840625e-07
3381561.765 2.73456146142919e-07
3432603.529 2.11122501132862e-07
3483645.294 2.4947676568705e-07
3534687.059 2.44376955724071e-07
3585728.824 1.89190802293456e-07
3636770.588 2.13314410802988e-07
3687812.353 1.7474872382195e-07
3738854.118 1.63392594583958e-07
3789895.882 3.13540559195437e-07
3840937.647 2.51216936037448e-07
3891979.412 1.52336483790752e-07
3943021.176 2.89260345509876e-07
3994062.941 2.40832965081553e-07
4045104.706 2.10428655152851e-07
4096146.471 2.11503388797907e-07
4147188.235 2.7279084669358e-07
4198230 3.0126645350769e-07
4198230 2.17463698919613e-07
4332570.588 1.63602466248488e-07
4466911.176 1.97402740175302e-07
4601251.765 1.93799391868385e-07
4735592.353 1.92247753330091e-07
4869932.941 2.58967828317002e-07
5004273.529 2.01663601175743e-07
5138614.118 1.73875186072761e-07
5272954.706 2.06819672006509e-07
5407295.294 2.20218413194901e-07
5541635.882 2.32875483706061e-07
5675976.471 1.80081182216577e-07
5810317.059 2.09417617033145e-07
5944657.647 1.88281535506406e-07
6078998.235 1.82535520674107e-07
6213338.824 1.64048500005875e-07
6347679.412 1.67870280645716e-07
6482020 1.42572269136028e-07
6616360.588 1.37943201928232e-07
6750701.176 1.37004766132721e-07
6885041.765 1.29529190684269e-07
7019382.353 2.09531788442431e-07
7153722.941 1.48691914466301e-07
7288063.529 1.89959992239571e-07
7422404.118 1.91252938353881e-07
7556744.706 2.05081288649579e-07
7691085.294 1.62358198234467e-07
7825425.882 1.26279170944095e-07
7959766.471 1.71606243356937e-07
8094107.059 1.46391539469861e-07
8228447.647 1.58666351446675e-07
8362788.235 1.35457073540241e-07
8497128.824 1.93247963820355e-07
8631469.412 1.66838417061746e-07
8765810 1.50191994519303e-07
8900150.588 1.45245945623518e-07
9034491.176 1.7151767941141e-07
9168831.765 1.49024367582238e-07
9303172.353 1.87019763061682e-07
9437512.941 1.76103490326088e-07
9571853.529 2.16844164233292e-07
9706194.118 1.63422436157858e-07
9840534.706 1.44452539862045e-07
9974875.294 1.31404599997972e-07
10109215.882 1.21739403529303e-07
10243556.471 1.51102106668254e-07
10377897.059 1.5755594007021e-07
10512237.647 1.77958981459956e-07
10646578.235 1.02000638492627e-07
10780918.824 1.51849806544584e-07
10915259.412 1.58075869618995e-07
11049600 1.47541434039257e-07
11049600 1.39599702338085e-07
11403174.51 1.5619177738278e-07
11756749.02 1.5061643335014e-07
12110323.529 1.77476662302395e-07
12463898.039 1.43024093344261e-07
12817472.549 1.49728013175406e-07
13171047.059 1.26432556546758e-07
13524621.569 1.6575114766927e-07
13878196.078 1.13448479323584e-07
14231770.588 1.55445634930761e-07
14585345.098 1.26156076609533e-07
14938919.608 1.53751492968902e-07
15292494.118 1.03009718960397e-07
15646068.627 1.57142847523583e-07
15999643.137 1.56377403217274e-07
16353217.647 1.33003638209939e-07
16706792.157 9.28466851638802e-08
17060366.667 1.88790243322265e-07
17413941.176 1.22392061728978e-07
17767515.686 9.68881088783345e-08
18121090.196 1.71179682525845e-07
18474664.706 9.91014083890819e-08
18828239.216 1.46098115856595e-07
19181813.725 1.19015900009671e-07
19535388.235 1.14755884509602e-07
19888962.745 1.34692405233162e-07
20242537.255 9.09864861933002e-08
20596111.765 1.48232185991336e-07
20949686.275 1.23251013803318e-07
21303260.784 1.30816036899677e-07
21656835.294 1.48311959243852e-07
22010409.804 1.7149098883868e-07
22363984.314 1.30367982907566e-07
22717558.824 1.11243095667785e-07
23071133.333 1.35313014097336e-07
23424707.843 1.51395378394704e-07
23778282.353 1.09852935688291e-07
24131856.863 1.48871958001148e-07
24485431.373 1.30613937668825e-07
24839005.882 1.67771024877278e-07
25192580.392 1.40943959115698e-07
25546154.902 1.23764996792671e-07
25899729.412 1.10009987620587e-07
26253303.922 1.34812734685248e-07
26606878.431 1.22141464849416e-07
26960452.941 1.18545864656957e-07
27314027.451 1.51883569264618e-07
27667601.961 1.58430421524648e-07
28021176.471 1.07263160292248e-07
28374750.98 2.10704900430527e-07
28728325.49 1.09532011797099e-07
29081900 1.81899255058579e-07
29081900 1.28706698775458e-07
30012498.039 1.35467045054177e-07
30943096.078 1.51788155951178e-07
31873694.118 1.29621340826862e-07
32804292.157 1.26813756917402e-07
33734890.196 1.28659920970843e-07
34665488.235 1.47373565542424e-07
35596086.275 1.46183041561077e-07
36526684.314 1.37071110186235e-07
37457282.353 9.62067127791325e-08
38387880.392 1.09581543438437e-07
39318478.431 1.61082368152372e-07
40249076.471 8.16438366373457e-08
41179674.51 1.426572050588e-07
42110272.549 1.3457229039347e-07
43040870.588 8.90317950067486e-08
43971468.627 1.30027366637787e-07
44902066.667 1.10057481803181e-07
45832664.706 1.49060812194025e-07
46763262.745 1.35269369656495e-07
47693860.784 1.29091314035298e-07
48624458.824 1.44758650575311e-07
49555056.863 1.03142639364532e-07
50485654.902 1.06953938881499e-07
51416252.941 1.00757785185287e-07
52346850.98 6.15692384491842e-08
53277449.02 9.2415148655999e-08
54208047.059 1.01016914099778e-07
55138645.098 8.0685213155621e-08
56069243.137 6.37951801742012e-08
56999841.176 6.64397581462666e-08
57930439.216 6.4088274573073e-08
58861037.255 9.57207337160842e-08
59791635.294 9.92838648943317e-08
60722233.333 8.44172898694243e-08
61652831.373 7.92254467077308e-08
62583429.412 6.60285522899541e-08
63514027.451 6.84106885879692e-08
64444625.49 6.38940145529642e-08
65375223.529 5.15680296101606e-08
66305821.569 8.80121742330145e-08
67236419.608 6.15983461523205e-08
68167017.647 4.98126263914873e-08
69097615.686 5.00715645510503e-08
70028213.725 4.31359179974102e-08
70958811.765 6.92812361184895e-08
71889409.804 4.07894331518936e-08
72820007.843 3.27892853697012e-08
73750605.882 5.25343187561531e-08
74681203.922 3.67336859169128e-08
75611801.961 5.41247196683512e-08
76542400 4.5221866960747e-08
76542400 3.92397818919168e-08
78991686.275 3.74109723752324e-08
81440972.549 3.96183157817379e-08
83890258.824 4.92564809940347e-08
86339545.098 2.5954521901819e-08
88788831.373 3.66261589964263e-08
91238117.647 3.1212203538826e-08
93687403.922 2.44025854637598e-08
96136690.196 1.51315603453345e-08
98585976.471 2.13032659074143e-08
101035262.745 2.12751788688533e-08
103484549.02 3.05569346834217e-08
105933835.294 1.56473003697763e-08
108383121.569 2.51029148619199e-08
110832407.843 1.54369798234467e-08
113281694.118 1.30527409831345e-08
115730980.392 1.22889949405962e-08
118180266.667 2.70172064584467e-08
120629552.941 6.30885639216015e-09
123078839.216 1.06622461418725e-08
125528125.49 1.12491507811326e-08
127977411.765 1.42658130136482e-08
130426698.039 1.7934768545819e-08
132875984.314 1.77751813311419e-08
135325270.588 8.41685657630567e-09
137774556.863 1.1357315694089e-08
140223843.137 1.1995644495966e-08
142673129.412 6.04583400635512e-09
145122415.686 1.29647512495233e-08
147571701.961 5.29684628830212e-09
150020988.235 8.94965350906391e-09
152470274.51 9.56647567168829e-09
154919560.784 9.20345699105238e-09
157368847.059 5.78579432748852e-10
159818133.333 8.0529391057427e-09
162267419.608 9.64568388208426e-09
164716705.882 7.68228448235133e-09
167165992.157 8.45567297821829e-09
169615278.431 9.49787850893556e-09
172064564.706 6.99314050959589e-09
174513850.98 5.70905252549108e-09
176963137.255 9.60203602257438e-09
179412423.529 -0
181861709.804 -0
184310996.078 7.68772189179337e-09
186760282.353 -0
189209568.627 1.0869101909067e-08
191658854.902 1.10144857079973e-08
194108141.176 7.31085463529887e-09
196557427.451 -0
199006713.725 4.83517919112622e-09
201456000 7.10121833494084e-09
