vg	id_vd = 0V	ig_vd = 0V	is_vd = 0V	iavdd_vd = 0V	ignd_vd = 0V	id_vd = 0.15V	ig_vd = 0.15V	is_vd = 0.15V	iavdd_vd = 0.15V	ignd_vd = 0.15V	id_vd = 0.3V	ig_vd = 0.3V	is_vd = 0.3V	iavdd_vd = 0.3V	ignd_vd = 0.3V	id_vd = 0.45V	ig_vd = 0.45V	is_vd = 0.45V	iavdd_vd = 0.45V	ignd_vd = 0.45V	id_vd = 0.6V	ig_vd = 0.6V	is_vd = 0.6V	iavdd_vd = 0.6V	ignd_vd = 0.6V	id_vd = 0.75V	ig_vd = 0.75V	is_vd = 0.75V	iavdd_vd = 0.75V	ignd_vd = 0.75V	id_vd = 0.9V	ig_vd = 0.9V	is_vd = 0.9V	iavdd_vd = 0.9V	ignd_vd = 0.9V
1.2	-8.09558e-08	2.34148e-08	1.4507e-09	3.7102e-06	-3.6545e-06	-4.72954e-08	2.43148e-08	1.5936e-09	3.6332e-06	-3.6075e-06	-2.74952e-08	2.40368e-08	1.6127e-09	3.6077e-06	-3.6035e-06	-1.45472e-08	2.3837e-08	1.6309e-09	3.5864e-06	-3.5959e-06	-3.3978e-09	2.3576e-08	1.6003e-09	3.5569e-06	-3.574e-06	7.5281e-09	2.33746e-08	1.5613e-09	3.5388e-06	-3.5719e-06	1.73232e-08	2.3232e-08	1.5416e-09	3.5207e-06	-3.5613e-06
1.195	-8.0877e-08	2.13172e-08	1.4591e-09	3.7129e-06	-3.6501e-06	-4.70502e-08	2.19878e-08	1.5917e-09	3.6349e-06	-3.6091e-06	-2.73842e-08	2.18592e-08	1.6141e-09	3.6069e-06	-3.5981e-06	-1.45576e-08	2.1534e-08	1.6227e-09	3.5919e-06	-3.6005e-06	-3.3436e-09	2.12494e-08	1.5951e-09	3.5489e-06	-3.5683e-06	7.5533e-09	2.10022e-08	1.5552e-09	3.5393e-06	-3.5715e-06	1.732e-08	2.08824e-08	1.5457e-09	3.5276e-06	-3.5629e-06
1.19	-8.0579e-08	1.95378e-08	1.4667e-09	3.7073e-06	-3.647e-06	-4.69016e-08	2.00218e-08	1.5919e-09	3.6364e-06	-3.6059e-06	-2.73276e-08	1.96734e-08	1.6139e-09	3.6006e-06	-3.5952e-06	-1.44592e-08	1.96006e-08	1.6311e-09	3.5861e-06	-3.5935e-06	-3.3742e-09	1.9329e-08	1.6014e-09	3.5572e-06	-3.5687e-06	7.5657e-09	1.90696e-08	1.5665e-09	3.5446e-06	-3.5719e-06	1.7329e-08	1.88018e-08	1.5429e-09	3.5275e-06	-3.5611e-06
1.185	-8.0487e-08	1.78134e-08	1.4668e-09	3.7047e-06	-3.6405e-06	-4.67734e-08	1.81452e-08	1.5854e-09	3.6307e-06	-3.6004e-06	-2.72948e-08	1.79972e-08	1.6205e-09	3.6025e-06	-3.593e-06	-1.4483e-08	1.77256e-08	1.6154e-09	3.5826e-06	-3.5871e-06	-3.3447e-09	1.7582e-08	1.6008e-09	3.55e-06	-3.5682e-06	7.5572e-09	1.73434e-08	1.5604e-09	3.5451e-06	-3.5721e-06	1.73136e-08	1.72772e-08	1.5526e-09	3.5331e-06	-3.5665e-06
1.18	-8.02678e-08	1.6334e-08	1.4628e-09	3.7017e-06	-3.6339e-06	-4.67264e-08	1.65698e-08	1.5953e-09	3.6256e-06	-3.5958e-06	-2.72346e-08	1.63602e-08	1.6179e-09	3.5994e-06	-3.5879e-06	-1.44736e-08	1.6244e-08	1.6246e-09	3.5791e-06	-3.5827e-06	-3.345e-09	1.59652e-08	1.61e-09	3.5513e-06	-3.566e-06	7.5691e-09	1.58292e-08	1.567e-09	3.5405e-06	-3.5636e-06	1.73356e-08	1.56062e-08	1.5482e-09	3.5334e-06	-3.5695e-06
1.175	-8.0037e-08	1.50206e-08	1.4649e-09	3.6976e-06	-3.6348e-06	-4.66034e-08	1.5127e-08	1.5977e-09	3.6194e-06	-3.5859e-06	-2.7188e-08	1.49942e-08	1.6231e-09	3.5999e-06	-3.5898e-06	-1.4494e-08	1.48156e-08	1.6164e-09	3.5815e-06	-3.5804e-06	-3.3484e-09	1.4548e-08	1.5938e-09	3.5591e-06	-3.5671e-06	7.5552e-09	1.43996e-08	1.5625e-09	3.5432e-06	-3.5635e-06	1.73338e-08	1.4154e-08	1.5469e-09	3.5317e-06	-3.5607e-06
1.17	-7.99402e-08	1.38134e-08	1.4729e-09	3.6976e-06	-3.6308e-06	-4.65228e-08	1.39024e-08	1.5909e-09	3.6232e-06	-3.5864e-06	-2.72082e-08	1.3714e-08	1.6177e-09	3.6011e-06	-3.5876e-06	-1.44072e-08	1.3525e-08	1.624e-09	3.5786e-06	-3.5771e-06	-3.3561e-09	1.3315e-08	1.5977e-09	3.558e-06	-3.5666e-06	7.5912e-09	1.31244e-08	1.5699e-09	3.5429e-06	-3.5658e-06	1.7346e-08	1.30122e-08	1.538e-09	3.5296e-06	-3.5661e-06
1.165	-7.9662e-08	1.27068e-08	1.4728e-09	3.6944e-06	-3.6276e-06	-4.6425e-08	1.27864e-08	1.5976e-09	3.6247e-06	-3.5897e-06	-2.71518e-08	1.25592e-08	1.6226e-09	3.5969e-06	-3.5835e-06	-1.44592e-08	1.24126e-08	1.6194e-09	3.5806e-06	-3.5792e-06	-3.3197e-09	1.21736e-08	1.6007e-09	3.5569e-06	-3.5632e-06	7.5909e-09	1.20322e-08	1.5672e-09	3.547e-06	-3.5682e-06	1.73416e-08	1.18828e-08	1.5515e-09	3.5289e-06	-3.5607e-06
1.16	-7.95648e-08	1.17202e-08	1.4742e-09	3.6939e-06	-3.6262e-06	-4.638e-08	1.17714e-08	1.5916e-09	3.6155e-06	-3.583e-06	-2.71372e-08	1.15354e-08	1.615e-09	3.5969e-06	-3.5831e-06	-1.44458e-08	1.13608e-08	1.6231e-09	3.5818e-06	-3.5787e-06	-3.31e-09	1.11676e-08	1.6044e-09	3.5622e-06	-3.5653e-06	7.586e-09	1.10268e-08	1.567e-09	3.54e-06	-3.5613e-06	1.73628e-08	1.08704e-08	1.5596e-09	3.5309e-06	-3.5628e-06
1.155	-7.93676e-08	1.08352e-08	1.481e-09	3.6918e-06	-3.6234e-06	-4.63344e-08	1.08616e-08	1.5986e-09	3.6197e-06	-3.5857e-06	-2.71256e-08	1.06144e-08	1.6201e-09	3.5941e-06	-3.5766e-06	-1.4413e-08	1.04384e-08	1.6318e-09	3.5838e-06	-3.5792e-06	-3.3035e-09	1.02738e-08	1.607e-09	3.5602e-06	-3.5677e-06	7.5929e-09	1.01318e-08	1.5636e-09	3.5417e-06	-3.5585e-06	1.7353e-08	9.9898e-09	1.5579e-09	3.5351e-06	-3.5641e-06
1.15	-7.9151e-08	1.00598e-08	1.4764e-09	3.6919e-06	-3.6211e-06	-4.62248e-08	1.00104e-08	1.5947e-09	3.6201e-06	-3.583e-06	-2.70174e-08	9.7819e-09	1.6228e-09	3.592e-06	-3.5728e-06	-1.43956e-08	9.6272e-09	1.6265e-09	3.5799e-06	-3.5784e-06	-3.2843e-09	9.423e-09	1.6011e-09	3.5648e-06	-3.5736e-06	7.5928e-09	9.3556e-09	1.5658e-09	3.5465e-06	-3.5642e-06	1.73554e-08	9.1659e-09	1.5568e-09	3.5347e-06	-3.5601e-06
1.145	-7.8884e-08	9.3465e-09	1.4856e-09	3.691e-06	-3.6224e-06	-4.61494e-08	9.2831e-09	1.5964e-09	3.6245e-06	-3.5866e-06	-2.70804e-08	9.0283e-09	1.6222e-09	3.5912e-06	-3.5752e-06	-1.43444e-08	8.8569e-09	1.6264e-09	3.5796e-06	-3.5706e-06	-3.2812e-09	8.6746e-09	1.6012e-09	3.5562e-06	-3.5611e-06	7.6126e-09	8.6211e-09	1.576e-09	3.5446e-06	-3.5605e-06	1.73752e-08	8.4797e-09	1.5503e-09	3.534e-06	-3.562e-06
1.14	-7.88208e-08	8.6791e-09	1.4902e-09	3.6847e-06	-3.6148e-06	-4.60934e-08	8.622e-09	1.5975e-09	3.6136e-06	-3.5805e-06	-2.7025e-08	8.3786e-09	1.6209e-09	3.5969e-06	-3.5795e-06	-1.43262e-08	8.2134e-09	1.6214e-09	3.5783e-06	-3.5702e-06	-3.3012e-09	8.0493e-09	1.5983e-09	3.5622e-06	-3.5647e-06	7.612e-09	7.9534e-09	1.5813e-09	3.5527e-06	-3.5678e-06	1.73612e-08	7.8106e-09	1.5538e-09	3.5359e-06	-3.5629e-06
1.135	-7.87126e-08	8.11e-09	1.4993e-09	3.6785e-06	-3.6073e-06	-4.60228e-08	8.0241e-09	1.6004e-09	3.6202e-06	-3.5823e-06	-2.70008e-08	7.7794e-09	1.6245e-09	3.5927e-06	-3.5682e-06	-1.4306e-08	7.6136e-09	1.6292e-09	3.575e-06	-3.5727e-06	-3.2552e-09	7.4714e-09	1.6072e-09	3.5542e-06	-3.5571e-06	7.6227e-09	7.3798e-09	1.5762e-09	3.5476e-06	-3.5611e-06	1.73844e-08	7.2335e-09	1.5547e-09	3.54e-06	-3.5664e-06
1.13	-7.86012e-08	7.5933e-09	1.5007e-09	3.6797e-06	-3.6083e-06	-4.59678e-08	7.4642e-09	1.6039e-09	3.6167e-06	-3.5786e-06	-2.69512e-08	7.2623e-09	1.6205e-09	3.5916e-06	-3.5731e-06	-1.4309e-08	7.0657e-09	1.6241e-09	3.5761e-06	-3.5709e-06	-3.2922e-09	6.9414e-09	1.6139e-09	3.559e-06	-3.5593e-06	7.6459e-09	6.839e-09	1.5784e-09	3.5458e-06	-3.5611e-06	1.73838e-08	6.708e-09	1.5534e-09	3.5374e-06	-3.5622e-06
1.125	-7.84444e-08	7.1113e-09	1.5055e-09	3.677e-06	-3.6035e-06	-4.5955e-08	7.0009e-09	1.6031e-09	3.6188e-06	-3.5808e-06	-2.6963e-08	6.7634e-09	1.6198e-09	3.5873e-06	-3.5672e-06	-1.43078e-08	6.6029e-09	1.6303e-09	3.5774e-06	-3.5698e-06	-3.2826e-09	6.4571e-09	1.6088e-09	3.5611e-06	-3.567e-06	7.6488e-09	6.3662e-09	1.5696e-09	3.5494e-06	-3.5602e-06	1.74358e-08	6.2065e-09	1.5461e-09	3.541e-06	-3.5645e-06
1.12	-7.83276e-08	6.6988e-09	1.505e-09	3.6786e-06	-3.6052e-06	-4.58214e-08	6.5403e-09	1.6009e-09	3.6152e-06	-3.5746e-06	-2.69414e-08	6.3212e-09	1.618e-09	3.593e-06	-3.5714e-06	-1.42926e-08	6.1545e-09	1.6356e-09	3.5784e-06	-3.5715e-06	-3.2943e-09	6.0267e-09	1.605e-09	3.5624e-06	-3.5627e-06	7.6455e-09	5.94e-09	1.5835e-09	3.5449e-06	-3.5598e-06	1.74106e-08	5.8312e-09	1.558e-09	3.5374e-06	-3.5605e-06
1.115	-7.8246e-08	6.2921e-09	1.5107e-09	3.6704e-06	-3.5958e-06	-4.57862e-08	6.1614e-09	1.5956e-09	3.6075e-06	-3.5673e-06	-2.68472e-08	5.9413e-09	1.6267e-09	3.5852e-06	-3.5638e-06	-1.42716e-08	5.7934e-09	1.6331e-09	3.576e-06	-3.5622e-06	-3.3192e-09	5.6306e-09	1.6088e-09	3.5551e-06	-3.5559e-06	7.6507e-09	5.5442e-09	1.5784e-09	3.547e-06	-3.561e-06	1.74148e-08	5.4095e-09	1.5671e-09	3.5395e-06	-3.5617e-06
1.11	-7.81368e-08	5.9536e-09	1.5134e-09	3.6671e-06	-3.5946e-06	-4.57458e-08	5.7741e-09	1.6072e-09	3.6044e-06	-3.5643e-06	-2.6913e-08	5.5756e-09	1.6312e-09	3.581e-06	-3.5661e-06	-1.4285e-08	5.4245e-09	1.6288e-09	3.5713e-06	-3.5666e-06	-3.2809e-09	5.2663e-09	1.6126e-09	3.5588e-06	-3.5638e-06	7.6463e-09	5.1894e-09	1.5776e-09	3.5384e-06	-3.5515e-06	1.74066e-08	5.0774e-09	1.557e-09	3.5302e-06	-3.5556e-06
1.105	-7.80076e-08	5.6568e-09	1.5109e-09	3.6652e-06	-3.5897e-06	-4.564e-08	5.4487e-09	1.6074e-09	3.6055e-06	-3.563e-06	-2.68608e-08	5.2473e-09	1.6303e-09	3.5886e-06	-3.5647e-06	-1.42378e-08	5.0887e-09	1.6348e-09	3.5667e-06	-3.5601e-06	-3.3045e-09	4.9578e-09	1.6126e-09	3.5583e-06	-3.5592e-06	7.6768e-09	4.8791e-09	1.5702e-09	3.5414e-06	-3.5562e-06	1.74226e-08	4.7659e-09	1.5594e-09	3.5355e-06	-3.5556e-06
1.1	-7.783e-08	5.3678e-09	1.5184e-09	3.6643e-06	-3.5886e-06	-4.56118e-08	5.1685e-09	1.6071e-09	3.6065e-06	-3.5663e-06	-2.69028e-08	4.9594e-09	1.6253e-09	3.5866e-06	-3.5682e-06	-1.41742e-08	4.8194e-09	1.6419e-09	3.5719e-06	-3.5649e-06	-3.2789e-09	4.6677e-09	1.6155e-09	3.5571e-06	-3.5592e-06	7.654e-09	4.5897e-09	1.5763e-09	3.5362e-06	-3.5517e-06	1.74394e-08	4.4811e-09	1.5606e-09	3.5374e-06	-3.5559e-06
1.095	-7.7755e-08	5.1285e-09	1.5179e-09	3.6667e-06	-3.5929e-06	-4.55452e-08	4.8835e-09	1.6069e-09	3.6046e-06	-3.5658e-06	-2.68714e-08	4.6706e-09	1.6281e-09	3.583e-06	-3.5613e-06	-1.42124e-08	4.5384e-09	1.6267e-09	3.5693e-06	-3.5599e-06	-3.2656e-09	4.403e-09	1.6161e-09	3.559e-06	-3.558e-06	7.6853e-09	4.3463e-09	1.5863e-09	3.538e-06	-3.5492e-06	1.74164e-08	4.2304e-09	1.5647e-09	3.5383e-06	-3.5585e-06
1.09	-7.764e-08	4.8717e-09	1.5248e-09	3.6643e-06	-3.5913e-06	-4.552e-08	4.6473e-09	1.6066e-09	3.6111e-06	-3.5682e-06	-2.68472e-08	4.4485e-09	1.6258e-09	3.5827e-06	-3.5632e-06	-1.42582e-08	4.3223e-09	1.6384e-09	3.575e-06	-3.562e-06	-3.2481e-09	4.1734e-09	1.6076e-09	3.5523e-06	-3.5562e-06	7.6689e-09	4.1012e-09	1.5857e-09	3.5409e-06	-3.5542e-06	1.74384e-08	4.009e-09	1.5583e-09	3.5396e-06	-3.5612e-06
1.085	-7.7438e-08	4.6732e-09	1.5235e-09	3.6628e-06	-3.5915e-06	-4.5479e-08	4.4241e-09	1.6103e-09	3.6071e-06	-3.5664e-06	-2.67772e-08	4.2382e-09	1.6347e-09	3.5785e-06	-3.5578e-06	-1.41848e-08	4.0902e-09	1.6428e-09	3.5679e-06	-3.5617e-06	-3.2487e-09	3.9578e-09	1.6177e-09	3.5528e-06	-3.5574e-06	7.6948e-09	3.8894e-09	1.5907e-09	3.5378e-06	-3.5481e-06	1.74334e-08	3.816e-09	1.5656e-09	3.5403e-06	-3.5626e-06
1.08	-7.74028e-08	4.4833e-09	1.5295e-09	3.6624e-06	-3.5901e-06	-4.5469e-08	4.2409e-09	1.6214e-09	3.6094e-06	-3.5735e-06	-2.6798e-08	4.0503e-09	1.6324e-09	3.5819e-06	-3.559e-06	-1.42602e-08	3.9138e-09	1.6453e-09	3.5696e-06	-3.5596e-06	-3.251e-09	3.7658e-09	1.6194e-09	3.5555e-06	-3.5537e-06	7.6935e-09	3.6929e-09	1.588e-09	3.5356e-06	-3.5503e-06	1.74328e-08	3.6105e-09	1.5557e-09	3.5379e-06	-3.5584e-06
1.075	-7.7333e-08	4.2937e-09	1.5326e-09	3.6605e-06	-3.5821e-06	-4.5349e-08	4.0427e-09	1.6193e-09	3.6064e-06	-3.567e-06	-2.68602e-08	3.8494e-09	1.6358e-09	3.5786e-06	-3.5592e-06	-1.42454e-08	3.7168e-09	1.6442e-09	3.5647e-06	-3.5563e-06	-3.217e-09	3.595e-09	1.6273e-09	3.5558e-06	-3.5558e-06	7.6922e-09	3.5199e-09	1.5923e-09	3.5438e-06	-3.5537e-06	1.74302e-08	3.4572e-09	1.5648e-09	3.5386e-06	-3.5573e-06
1.07	-7.717e-08	4.1342e-09	1.5378e-09	3.6606e-06	-3.5833e-06	-4.53128e-08	3.8811e-09	1.6195e-09	3.6078e-06	-3.5628e-06	-2.6776e-08	3.6754e-09	1.6421e-09	3.5798e-06	-3.5569e-06	-1.41894e-08	3.5482e-09	1.6411e-09	3.5679e-06	-3.5577e-06	-3.2333e-09	3.4281e-09	1.6307e-09	3.5555e-06	-3.5533e-06	7.6915e-09	3.3687e-09	1.5871e-09	3.5413e-06	-3.5522e-06	1.74218e-08	3.2954e-09	1.5601e-09	3.5389e-06	-3.5589e-06
1.065	-7.7233e-08	3.9775e-09	1.5441e-09	3.6572e-06	-3.5841e-06	-4.5335e-08	3.7384e-09	1.6319e-09	3.6059e-06	-3.5651e-06	-2.6782e-08	3.5342e-09	1.6458e-09	3.5813e-06	-3.5588e-06	-1.42216e-08	3.4077e-09	1.6469e-09	3.5666e-06	-3.5592e-06	-3.1766e-09	3.3009e-09	1.631e-09	3.556e-06	-3.5567e-06	7.6711e-09	3.2291e-09	1.5941e-09	3.5344e-06	-3.5478e-06	1.74516e-08	3.1536e-09	1.5657e-09	3.5383e-06	-3.5569e-06
1.06	-7.70752e-08	3.8413e-09	1.5555e-09	3.6553e-06	-3.5822e-06	-4.52106e-08	3.5949e-09	1.633e-09	3.6086e-06	-3.5655e-06	-2.6784e-08	3.3915e-09	1.6462e-09	3.5773e-06	-3.5571e-06	-1.41998e-08	3.2654e-09	1.6566e-09	3.5683e-06	-3.5558e-06	-3.2032e-09	3.1539e-09	1.6294e-09	3.5577e-06	-3.5572e-06	7.6856e-09	3.0987e-09	1.5975e-09	3.5364e-06	-3.5439e-06	1.74462e-08	3.0284e-09	1.5592e-09	3.5389e-06	-3.5571e-06
1.055	-7.70254e-08	3.7104e-09	1.5562e-09	3.6569e-06	-3.583e-06	-4.52216e-08	3.4887e-09	1.6449e-09	3.6035e-06	-3.5604e-06	-2.67464e-08	3.2761e-09	1.6401e-09	3.5816e-06	-3.5565e-06	-1.42374e-08	3.1567e-09	1.6578e-09	3.569e-06	-3.554e-06	-3.1772e-09	3.0435e-09	1.6394e-09	3.5507e-06	-3.5518e-06	7.6951e-09	2.9586e-09	1.6003e-09	3.5412e-06	-3.5477e-06	1.74632e-08	2.8859e-09	1.5553e-09	3.5373e-06	-3.5585e-06
1.05	-7.69134e-08	3.5916e-09	1.5601e-09	3.6582e-06	-3.5833e-06	-4.51048e-08	3.3503e-09	1.6402e-09	3.5964e-06	-3.5574e-06	-2.6741e-08	3.1479e-09	1.6471e-09	3.5753e-06	-3.5533e-06	-1.41618e-08	3.039e-09	1.6575e-09	3.5699e-06	-3.5548e-06	-3.1697e-09	2.9267e-09	1.6342e-09	3.5552e-06	-3.5532e-06	7.675e-09	2.8627e-09	1.602e-09	3.5315e-06	-3.543e-06	1.74698e-08	2.7957e-09	1.5672e-09	3.5377e-06	-3.5536e-06
1.045	-7.68746e-08	3.4867e-09	1.5766e-09	3.6582e-06	-3.5848e-06	-4.5032e-08	3.2521e-09	1.6463e-09	3.6035e-06	-3.5582e-06	-2.67264e-08	3.0572e-09	1.6554e-09	3.5804e-06	-3.5562e-06	-1.41978e-08	2.9401e-09	1.6572e-09	3.5719e-06	-3.5593e-06	-3.1715e-09	2.8276e-09	1.6284e-09	3.5564e-06	-3.5555e-06	7.6966e-09	2.7628e-09	1.602e-09	3.5405e-06	-3.5491e-06	1.7476e-08	2.6909e-09	1.5578e-09	3.532e-06	-3.5528e-06
1.04	-7.68866e-08	3.3858e-09	1.5897e-09	3.6596e-06	-3.5855e-06	-4.50994e-08	3.1414e-09	1.6568e-09	3.5978e-06	-3.5581e-06	-2.67594e-08	2.957e-09	1.6569e-09	3.5778e-06	-3.5566e-06	-1.41606e-08	2.8398e-09	1.6694e-09	3.5701e-06	-3.5542e-06	-3.2176e-09	2.7326e-09	1.6417e-09	3.5563e-06	-3.5536e-06	7.7016e-09	2.6671e-09	1.6032e-09	3.5367e-06	-3.5476e-06	1.74712e-08	2.5969e-09	1.5481e-09	3.5391e-06	-3.5561e-06
1.035	-7.67432e-08	3.2916e-09	1.6021e-09	3.6581e-06	-3.5817e-06	-4.51036e-08	3.0562e-09	1.6635e-09	3.5989e-06	-3.557e-06	-2.669e-08	2.8625e-09	1.6636e-09	3.5805e-06	-3.5596e-06	-1.41446e-08	2.7492e-09	1.6733e-09	3.5706e-06	-3.5567e-06	-3.2143e-09	2.6369e-09	1.6523e-09	3.5597e-06	-3.5555e-06	7.7218e-09	2.5908e-09	1.613e-09	3.538e-06	-3.5506e-06	1.749e-08	2.5139e-09	1.5622e-09	3.537e-06	-3.5592e-06
1.03	-7.67046e-08	3.1863e-09	1.6154e-09	3.6554e-06	-3.5808e-06	-4.50944e-08	2.9699e-09	1.6838e-09	3.6053e-06	-3.5587e-06	-2.662e-08	2.7962e-09	1.6795e-09	3.5821e-06	-3.5581e-06	-1.41504e-08	2.6718e-09	1.6763e-09	3.5707e-06	-3.5581e-06	-3.1459e-09	2.5717e-09	1.6487e-09	3.5587e-06	-3.5549e-06	7.7067e-09	2.4937e-09	1.6142e-09	3.54e-06	-3.5534e-06	1.74742e-08	2.433e-09	1.5714e-09	3.5427e-06	-3.5599e-06
1.025	-7.6544e-08	3.1288e-09	1.6283e-09	3.6477e-06	-3.5761e-06	-4.50744e-08	2.8886e-09	1.6841e-09	3.5972e-06	-3.5584e-06	-2.66448e-08	2.7122e-09	1.687e-09	3.5816e-06	-3.5578e-06	-1.41482e-08	2.5883e-09	1.6873e-09	3.5688e-06	-3.5568e-06	-3.1701e-09	2.4875e-09	1.6534e-09	3.5558e-06	-3.5584e-06	7.717e-09	2.4452e-09	1.621e-09	3.5419e-06	-3.5491e-06	1.74776e-08	2.3701e-09	1.5624e-09	3.5408e-06	-3.5636e-06
1.02	-7.6576e-08	3.0473e-09	1.6493e-09	3.6473e-06	-3.571e-06	-4.50072e-08	2.8242e-09	1.7019e-09	3.5946e-06	-3.5519e-06	-2.66178e-08	2.6521e-09	1.7029e-09	3.5776e-06	-3.5525e-06	-1.41168e-08	2.528e-09	1.6992e-09	3.5674e-06	-3.554e-06	-3.1711e-09	2.4291e-09	1.6641e-09	3.5611e-06	-3.5583e-06	7.7184e-09	2.3643e-09	1.6286e-09	3.5371e-06	-3.5496e-06	1.74816e-08	2.2897e-09	1.564e-09	3.5378e-06	-3.5625e-06
1.015	-7.65472e-08	2.98e-09	1.669e-09	3.6454e-06	-3.5712e-06	-4.50336e-08	2.7436e-09	1.7136e-09	3.5975e-06	-3.5558e-06	-2.66676e-08	2.5828e-09	1.7169e-09	3.5792e-06	-3.5564e-06	-1.41682e-08	2.4563e-09	1.7043e-09	3.571e-06	-3.5599e-06	-3.1418e-09	2.3679e-09	1.6779e-09	3.5545e-06	-3.5554e-06	7.6718e-09	2.3083e-09	1.6364e-09	3.5423e-06	-3.5548e-06	1.74944e-08	2.2422e-09	1.5683e-09	3.5448e-06	-3.5599e-06
1.01	-7.649e-08	2.9176e-09	1.6939e-09	3.6472e-06	-3.5755e-06	-4.4951e-08	2.6862e-09	1.7385e-09	3.5878e-06	-3.5476e-06	-2.66272e-08	2.5255e-09	1.7344e-09	3.5731e-06	-3.5522e-06	-1.41754e-08	2.4072e-09	1.7223e-09	3.574e-06	-3.5613e-06	-3.1867e-09	2.3071e-09	1.6864e-09	3.5577e-06	-3.5552e-06	7.7099e-09	2.2644e-09	1.6409e-09	3.5446e-06	-3.5553e-06	1.7502e-08	2.1803e-09	1.5637e-09	3.5401e-06	-3.5602e-06
1.005	-7.64518e-08	2.8454e-09	1.7128e-09	3.647e-06	-3.5704e-06	-4.5015e-08	2.6221e-09	1.7512e-09	3.6004e-06	-3.5534e-06	-2.66484e-08	2.4641e-09	1.7391e-09	3.5825e-06	-3.5535e-06	-1.41818e-08	2.3613e-09	1.7367e-09	3.5691e-06	-3.559e-06	-3.1612e-09	2.265e-09	1.6959e-09	3.5559e-06	-3.5544e-06	7.684e-09	2.2008e-09	1.6572e-09	3.5461e-06	-3.5617e-06	1.75378e-08	2.1298e-09	1.5632e-09	3.543e-06	-3.5601e-06
1	-7.6331e-08	2.8051e-09	1.7461e-09	3.6461e-06	-3.574e-06	-4.49704e-08	2.5602e-09	1.7752e-09	3.5997e-06	-3.5565e-06	-2.65654e-08	2.4057e-09	1.7589e-09	3.5766e-06	-3.5514e-06	-1.42024e-08	2.2928e-09	1.7559e-09	3.5678e-06	-3.5539e-06	-3.1981e-09	2.2058e-09	1.7081e-09	3.5562e-06	-3.553e-06	7.7038e-09	2.1597e-09	1.6672e-09	3.5454e-06	-3.549e-06	1.75274e-08	2.0832e-09	1.562e-09	3.5407e-06	-3.5608e-06
0.995	-7.64038e-08	2.7367e-09	1.7827e-09	3.6488e-06	-3.5738e-06	-4.49906e-08	2.5063e-09	1.803e-09	3.5958e-06	-3.5516e-06	-2.66698e-08	2.3694e-09	1.7913e-09	3.5767e-06	-3.5549e-06	-1.41902e-08	2.2616e-09	1.7703e-09	3.5645e-06	-3.554e-06	-3.2204e-09	2.1632e-09	1.7213e-09	3.554e-06	-3.5549e-06	7.6844e-09	2.1078e-09	1.6791e-09	3.5437e-06	-3.5533e-06	1.75634e-08	2.0276e-09	1.5693e-09	3.541e-06	-3.5603e-06
0.99	-7.63026e-08	2.695e-09	1.8283e-09	3.6495e-06	-3.5764e-06	-4.50226e-08	2.4534e-09	1.8368e-09	3.595e-06	-3.5524e-06	-2.67612e-08	2.301e-09	1.817e-09	3.5794e-06	-3.5511e-06	-1.41848e-08	2.2059e-09	1.7962e-09	3.5621e-06	-3.5498e-06	-3.2277e-09	2.1183e-09	1.7452e-09	3.5463e-06	-3.5478e-06	7.6552e-09	2.0718e-09	1.6992e-09	3.5436e-06	-3.5524e-06	1.75274e-08	1.9989e-09	1.5757e-09	3.5433e-06	-3.5607e-06
0.985	-7.62278e-08	2.6408e-09	1.8748e-09	3.643e-06	-3.5734e-06	-4.50856e-08	2.4221e-09	1.8688e-09	3.5995e-06	-3.5536e-06	-2.66854e-08	2.2637e-09	1.8375e-09	3.5779e-06	-3.5553e-06	-1.42016e-08	2.168e-09	1.8148e-09	3.5661e-06	-3.5563e-06	-3.2074e-09	2.0745e-09	1.7555e-09	3.5574e-06	-3.5524e-06	7.6779e-09	2.0227e-09	1.711e-09	3.5389e-06	-3.5519e-06	1.75232e-08	1.9467e-09	1.5662e-09	3.5389e-06	-3.5582e-06
0.98	-7.62312e-08	2.5925e-09	1.9242e-09	3.6408e-06	-3.5659e-06	-4.50424e-08	2.3625e-09	1.9149e-09	3.5932e-06	-3.5496e-06	-2.67004e-08	2.2124e-09	1.8776e-09	3.5797e-06	-3.5545e-06	-1.42194e-08	2.1188e-09	1.8432e-09	3.5683e-06	-3.5555e-06	-3.2428e-09	2.0383e-09	1.7739e-09	3.5544e-06	-3.5564e-06	7.6618e-09	1.975e-09	1.7322e-09	3.5372e-06	-3.5453e-06	1.754e-08	1.923e-09	1.5807e-09	3.5429e-06	-3.5615e-06
0.975	-7.62022e-08	2.5591e-09	1.9891e-09	3.6448e-06	-3.5703e-06	-4.5104e-08	2.3309e-09	1.9692e-09	3.588e-06	-3.5491e-06	-2.67244e-08	2.1853e-09	1.9143e-09	3.5775e-06	-3.551e-06	-1.4249e-08	2.0787e-09	1.8775e-09	3.5639e-06	-3.5509e-06	-3.2341e-09	1.9953e-09	1.8043e-09	3.5575e-06	-3.556e-06	7.6309e-09	1.9476e-09	1.7506e-09	3.541e-06	-3.5471e-06	1.75554e-08	1.8826e-09	1.5772e-09	3.5431e-06	-3.5662e-06
0.97	-7.62496e-08	2.5011e-09	2.0595e-09	3.6384e-06	-3.5678e-06	-4.51878e-08	2.2883e-09	2.0192e-09	3.5907e-06	-3.5482e-06	-2.68006e-08	2.1487e-09	1.9639e-09	3.5787e-06	-3.5557e-06	-1.43364e-08	2.047e-09	1.9178e-09	3.5642e-06	-3.5528e-06	-3.2861e-09	1.9641e-09	1.8379e-09	3.5609e-06	-3.562e-06	7.6135e-09	1.8922e-09	1.7689e-09	3.5459e-06	-3.5574e-06	1.75748e-08	1.8488e-09	1.5798e-09	3.5422e-06	-3.5624e-06
0.965	-7.62918e-08	2.4762e-09	2.1355e-09	3.6406e-06	-3.5647e-06	-4.50864e-08	2.2533e-09	2.084e-09	3.589e-06	-3.5463e-06	-2.68148e-08	2.1042e-09	2.0151e-09	3.5799e-06	-3.5572e-06	-1.43392e-08	2.0122e-09	1.9604e-09	3.5607e-06	-3.5503e-06	-3.3268e-09	1.915e-09	1.8763e-09	3.5618e-06	-3.5581e-06	7.5956e-09	1.8709e-09	1.795e-09	3.5441e-06	-3.5513e-06	1.75624e-08	1.8171e-09	1.5825e-09	3.5392e-06	-3.5626e-06
0.96	-7.63614e-08	2.4308e-09	2.2418e-09	3.6457e-06	-3.574e-06	-4.5106e-08	2.2205e-09	2.1627e-09	3.5865e-06	-3.5436e-06	-2.68838e-08	2.0781e-09	2.081e-09	3.5871e-06	-3.5583e-06	-1.43694e-08	1.9838e-09	2.0102e-09	3.5661e-06	-3.5531e-06	-3.3529e-09	1.8989e-09	1.9157e-09	3.5663e-06	-3.5637e-06	7.5675e-09	1.8326e-09	1.8333e-09	3.541e-06	-3.549e-06	1.7553e-08	1.7739e-09	1.5755e-09	3.5378e-06	-3.5602e-06
0.955	-7.64836e-08	2.3997e-09	2.3462e-09	3.6377e-06	-3.5641e-06	-4.52272e-08	2.1702e-09	2.2526e-09	3.5878e-06	-3.5447e-06	-2.69042e-08	2.0379e-09	2.1488e-09	3.5807e-06	-3.5609e-06	-1.44612e-08	1.9453e-09	2.0713e-09	3.557e-06	-3.5499e-06	-3.409e-09	1.8727e-09	1.9632e-09	3.559e-06	-3.56e-06	7.5246e-09	1.8059e-09	1.8775e-09	3.5333e-06	-3.5445e-06	1.75668e-08	1.7567e-09	1.5835e-09	3.5439e-06	-3.5654e-06
0.95	-7.64862e-08	2.3597e-09	2.4721e-09	3.6338e-06	-3.5642e-06	-4.5323e-08	2.1497e-09	2.3497e-09	3.5842e-06	-3.5433e-06	-2.70072e-08	2.0146e-09	2.2337e-09	3.5782e-06	-3.5569e-06	-1.45026e-08	1.9023e-09	2.1357e-09	3.559e-06	-3.5496e-06	-3.4313e-09	1.8355e-09	2.0193e-09	3.5587e-06	-3.5581e-06	7.5054e-09	1.7739e-09	1.9185e-09	3.5374e-06	-3.5494e-06	1.75626e-08	1.7197e-09	1.5852e-09	3.5436e-06	-3.5637e-06
0.945	-7.66936e-08	2.3199e-09	2.6297e-09	3.6332e-06	-3.5601e-06	-4.54578e-08	2.1126e-09	2.4772e-09	3.5873e-06	-3.5483e-06	-2.70616e-08	1.9748e-09	2.3286e-09	3.5779e-06	-3.5545e-06	-1.45898e-08	1.8841e-09	2.2091e-09	3.5673e-06	-3.5501e-06	-3.5177e-09	1.8125e-09	2.0816e-09	3.5578e-06	-3.5561e-06	7.4443e-09	1.743e-09	1.9612e-09	3.539e-06	-3.5488e-06	1.75738e-08	1.6942e-09	1.5926e-09	3.5432e-06	-3.5632e-06
0.94	-7.6851e-08	2.294e-09	2.8042e-09	3.6282e-06	-3.5566e-06	-4.55512e-08	2.0857e-09	2.6164e-09	3.5911e-06	-3.5479e-06	-2.7194e-08	1.9386e-09	2.4377e-09	3.5791e-06	-3.5553e-06	-1.46614e-08	1.8374e-09	2.313e-09	3.568e-06	-3.5515e-06	-3.5529e-09	1.7723e-09	2.1589e-09	3.5563e-06	-3.5561e-06	7.4017e-09	1.7361e-09	2.0294e-09	3.5388e-06	-3.5496e-06	1.75496e-08	1.6713e-09	1.5935e-09	3.543e-06	-3.5619e-06
0.935	-7.71042e-08	2.2465e-09	3.0059e-09	3.6308e-06	-3.5606e-06	-4.56598e-08	2.0555e-09	2.7682e-09	3.5815e-06	-3.5411e-06	-2.73364e-08	1.9189e-09	2.5708e-09	3.5771e-06	-3.5577e-06	-1.48334e-08	1.8232e-09	2.4204e-09	3.5643e-06	-3.5527e-06	-3.6389e-09	1.7615e-09	2.2444e-09	3.5611e-06	-3.5562e-06	7.3394e-09	1.6977e-09	2.0919e-09	3.5413e-06	-3.5536e-06	1.75448e-08	1.6339e-09	1.5987e-09	3.5384e-06	-3.5581e-06
0.93	-7.72328e-08	2.229e-09	3.2398e-09	3.6358e-06	-3.5616e-06	-4.58218e-08	2.0122e-09	2.9582e-09	3.586e-06	-3.5452e-06	-2.74382e-08	1.8832e-09	2.7263e-09	3.5748e-06	-3.5527e-06	-1.49144e-08	1.7879e-09	2.5427e-09	3.5626e-06	-3.5493e-06	-3.7551e-09	1.7268e-09	2.3443e-09	3.5587e-06	-3.5558e-06	7.2448e-09	1.6789e-09	2.1801e-09	3.5387e-06	-3.5482e-06	1.75458e-08	1.6233e-09	1.6056e-09	3.5367e-06	-3.5558e-06
0.925	-7.7378e-08	2.1869e-09	3.5098e-09	3.6303e-06	-3.5611e-06	-4.60486e-08	1.9912e-09	3.18e-09	3.5859e-06	-3.5427e-06	-2.76176e-08	1.8648e-09	2.8973e-09	3.5737e-06	-3.5506e-06	-1.5013e-08	1.7644e-09	2.6831e-09	3.5663e-06	-3.5534e-06	-3.8726e-09	1.7059e-09	2.4666e-09	3.5596e-06	-3.5559e-06	7.1634e-09	1.6537e-09	2.2626e-09	3.5373e-06	-3.5457e-06	1.75596e-08	1.5787e-09	1.6088e-09	3.5407e-06	-3.5612e-06
0.92	-7.76398e-08	2.1573e-09	3.8259e-09	3.6341e-06	-3.5597e-06	-4.63746e-08	1.9508e-09	3.4292e-09	3.5838e-06	-3.5398e-06	-2.78562e-08	1.827e-09	3.1004e-09	3.5786e-06	-3.5537e-06	-1.51828e-08	1.7379e-09	2.8586e-09	3.5688e-06	-3.5543e-06	-3.9761e-09	1.6825e-09	2.6004e-09	3.5648e-06	-3.5632e-06	7.0484e-09	1.6176e-09	2.3763e-09	3.5449e-06	-3.5527e-06	1.755e-08	1.5752e-09	1.6282e-09	3.5388e-06	-3.5623e-06
0.915	-7.79144e-08	2.136e-09	4.1835e-09	3.6367e-06	-3.5635e-06	-4.6516e-08	1.927e-09	3.7333e-09	3.5913e-06	-3.5457e-06	-2.80458e-08	1.8014e-09	3.3371e-09	3.5754e-06	-3.5512e-06	-1.53838e-08	1.7025e-09	3.0424e-09	3.5649e-06	-3.5545e-06	-4.2089e-09	1.6517e-09	2.7642e-09	3.5636e-06	-3.5667e-06	6.9349e-09	1.6074e-09	2.4963e-09	3.5407e-06	-3.5478e-06	1.7532e-08	1.5486e-09	1.6392e-09	3.5412e-06	-3.5608e-06
0.91	-7.83136e-08	2.0918e-09	4.6228e-09	3.6294e-06	-3.5558e-06	-4.69208e-08	1.9006e-09	4.0707e-09	3.5928e-06	-3.5488e-06	-2.83202e-08	1.7926e-09	3.6223e-09	3.5701e-06	-3.5471e-06	-1.56376e-08	1.6912e-09	3.2774e-09	3.5641e-06	-3.5515e-06	-4.3319e-09	1.6339e-09	2.9518e-09	3.5623e-06	-3.5602e-06	6.8021e-09	1.5701e-09	2.6421e-09	3.5407e-06	-3.549e-06	1.75552e-08	1.5235e-09	1.6374e-09	3.5373e-06	-3.561e-06
0.905	-7.87278e-08	2.0806e-09	5.1036e-09	3.6344e-06	-3.5608e-06	-4.72654e-08	1.8761e-09	4.4597e-09	3.5908e-06	-3.5464e-06	-2.86472e-08	1.7561e-09	3.9374e-09	3.5704e-06	-3.5478e-06	-1.58838e-08	1.6543e-09	3.5352e-09	3.562e-06	-3.5472e-06	-4.5413e-09	1.6018e-09	3.1597e-09	3.5604e-06	-3.5601e-06	6.6302e-09	1.562e-09	2.8111e-09	3.5487e-06	-3.5629e-06	1.75414e-08	1.5132e-09	1.6573e-09	3.5417e-06	-3.5631e-06
0.9	-7.9452e-08	2.0364e-09	5.6574e-09	3.6331e-06	-3.5625e-06	-4.76702e-08	1.8527e-09	4.9153e-09	3.588e-06	-3.5459e-06	-2.89452e-08	1.7381e-09	4.3009e-09	3.5735e-06	-3.5506e-06	-1.6173e-08	1.6419e-09	3.8331e-09	3.5582e-06	-3.5475e-06	-4.7941e-09	1.5895e-09	3.3998e-09	3.5578e-06	-3.554e-06	6.4427e-09	1.535e-09	3.0048e-09	3.5343e-06	-3.5507e-06	1.75498e-08	1.4786e-09	1.6636e-09	3.5409e-06	-3.5607e-06
0.895	-7.996e-08	2.0212e-09	6.3275e-09	3.6362e-06	-3.5613e-06	-4.82534e-08	1.8142e-09	5.4445e-09	3.5847e-06	-3.5477e-06	-2.94376e-08	1.6967e-09	4.7321e-09	3.5725e-06	-3.5481e-06	-1.65596e-08	1.6123e-09	4.1802e-09	3.5605e-06	-3.5484e-06	-5.0597e-09	1.5607e-09	3.6816e-09	3.5572e-06	-3.5527e-06	6.1999e-09	1.5185e-09	3.2351e-09	3.5448e-06	-3.5488e-06	1.75338e-08	1.471e-09	1.6808e-09	3.5427e-06	-3.5589e-06
0.89	-8.0767e-08	1.9856e-09	7.0824e-09	3.6312e-06	-3.5606e-06	-4.88374e-08	1.8011e-09	6.0544e-09	3.5836e-06	-3.5413e-06	-2.987e-08	1.6811e-09	5.2262e-09	3.5734e-06	-3.5465e-06	-1.68882e-08	1.5977e-09	4.5845e-09	3.5619e-06	-3.5527e-06	-5.3834e-09	1.534e-09	4.0137e-09	3.556e-06	-3.5543e-06	5.9784e-09	1.4953e-09	3.4882e-09	3.5423e-06	-3.5534e-06	1.74848e-08	1.4402e-09	1.693e-09	3.5423e-06	-3.5625e-06
0.885	-8.16182e-08	1.9536e-09	7.9895e-09	3.6311e-06	-3.5561e-06	-4.95894e-08	1.768e-09	6.7756e-09	3.5822e-06	-3.541e-06	-3.04516e-08	1.6529e-09	5.8037e-09	3.5745e-06	-3.5539e-06	-1.73866e-08	1.5803e-09	5.0703e-09	3.5643e-06	-3.5516e-06	-5.7676e-09	1.5202e-09	4.3881e-09	3.5592e-06	-3.5566e-06	5.6696e-09	1.4637e-09	3.7929e-09	3.5447e-06	-3.5549e-06	1.74992e-08	1.4243e-09	1.7176e-09	3.5414e-06	-3.5605e-06
0.88	-8.2625e-08	1.9356e-09	9.0182e-09	3.6364e-06	-3.57e-06	-5.03232e-08	1.7505e-09	7.5923e-09	3.5857e-06	-3.5436e-06	-3.11428e-08	1.6268e-09	6.4755e-09	3.5704e-06	-3.548e-06	-1.79262e-08	1.5433e-09	5.5928e-09	3.5623e-06	-3.5519e-06	-6.1899e-09	1.4836e-09	4.8349e-09	3.5549e-06	-3.5546e-06	5.3296e-09	1.4555e-09	4.1468e-09	3.5483e-06	-3.5564e-06	1.74594e-08	1.3975e-09	1.7306e-09	3.5376e-06	-3.5581e-06
0.875	-8.37374e-08	1.9017e-09	1.02223e-08	3.6305e-06	-3.5583e-06	-5.12944e-08	1.7243e-09	8.5713e-09	3.585e-06	-3.5393e-06	-3.18494e-08	1.6092e-09	7.2374e-09	3.5695e-06	-3.5441e-06	-1.85598e-08	1.5295e-09	6.2463e-09	3.5657e-06	-3.5507e-06	-6.702e-09	1.4809e-09	5.3747e-09	3.5562e-06	-3.5554e-06	4.9112e-09	1.4283e-09	4.5414e-09	3.5502e-06	-3.5556e-06	1.74452e-08	1.3801e-09	1.7472e-09	3.5399e-06	-3.5582e-06
0.87	-8.5093e-08	1.8885e-09	1.15974e-08	3.6375e-06	-3.5678e-06	-5.2372e-08	1.6926e-09	9.6574e-09	3.5837e-06	-3.5439e-06	-3.28024e-08	1.5781e-09	8.1446e-09	3.5744e-06	-3.5474e-06	-1.92658e-08	1.5029e-09	6.9746e-09	3.5618e-06	-3.5461e-06	-7.2934e-09	1.4516e-09	5.9599e-09	3.5599e-06	-3.5558e-06	4.4403e-09	1.4204e-09	5.0162e-09	3.542e-06	-3.5494e-06	1.74252e-08	1.3665e-09	1.7851e-09	3.54e-06	-3.5614e-06
0.865	-8.66464e-08	1.8534e-09	1.32352e-08	3.6383e-06	-3.5629e-06	-5.36772e-08	1.6769e-09	1.09379e-08	3.5888e-06	-3.5425e-06	-3.38098e-08	1.5683e-09	9.1847e-09	3.5745e-06	-3.5503e-06	-2.0053e-08	1.4866e-09	7.8348e-09	3.5687e-06	-3.5568e-06	-8.0178e-09	1.4304e-09	6.6691e-09	3.5522e-06	-3.5551e-06	3.8989e-09	1.3989e-09	5.5542e-09	3.5454e-06	-3.5512e-06	1.74012e-08	1.3374e-09	1.8196e-09	3.5317e-06	-3.5506e-06
0.86	-8.8489e-08	1.8318e-09	1.50936e-08	3.6346e-06	-3.558e-06	-5.50828e-08	1.6438e-09	1.24398e-08	3.5936e-06	-3.5453e-06	-3.50638e-08	1.536e-09	1.04077e-08	3.576e-06	-3.5545e-06	-2.10938e-08	1.4626e-09	8.8278e-09	3.5612e-06	-3.5454e-06	-8.8038e-09	1.4176e-09	7.446e-09	3.5539e-06	-3.5539e-06	3.2705e-09	1.3688e-09	6.1917e-09	3.5403e-06	-3.5485e-06	1.736e-08	1.3254e-09	1.8428e-09	3.5384e-06	-3.5547e-06
0.855	-9.05966e-08	1.8048e-09	1.72648e-08	3.6344e-06	-3.5572e-06	-5.6866e-08	1.6184e-09	1.41856e-08	3.5919e-06	-3.5488e-06	-3.64754e-08	1.5137e-09	1.1826e-08	3.5703e-06	-3.5465e-06	-2.22362e-08	1.443e-09	1.00041e-08	3.5605e-06	-3.5478e-06	-9.7354e-09	1.3922e-09	8.3721e-09	3.5534e-06	-3.5533e-06	2.5341e-09	1.3631e-09	6.9456e-09	3.5387e-06	-3.546e-06	1.7353e-08	1.2977e-09	1.8785e-09	3.5382e-06	-3.5567e-06
0.85	-9.31202e-08	1.7603e-09	1.97864e-08	3.6282e-06	-3.5576e-06	-5.88118e-08	1.5857e-09	1.61814e-08	3.5907e-06	-3.5491e-06	-3.80718e-08	1.4853e-09	1.34578e-08	3.5771e-06	-3.5469e-06	-2.3559e-08	1.4274e-09	1.13084e-08	3.5613e-06	-3.5528e-06	-1.07953e-08	1.3811e-09	9.4566e-09	3.5562e-06	-3.55e-06	1.6834e-09	1.3312e-09	7.7834e-09	3.5348e-06	-3.5475e-06	1.73222e-08	1.2872e-09	1.9258e-09	3.54e-06	-3.5604e-06
0.845	-9.60796e-08	1.7366e-09	2.27204e-08	3.6312e-06	-3.5593e-06	-6.11948e-08	1.5718e-09	1.85366e-08	3.5885e-06	-3.5443e-06	-3.99448e-08	1.4791e-09	1.53686e-08	3.5752e-06	-3.5534e-06	-2.5161e-08	1.3948e-09	1.28694e-08	3.566e-06	-3.555e-06	-1.20844e-08	1.3563e-09	1.07168e-08	3.5559e-06	-3.5541e-06	6.7444e-10	1.3196e-09	8.7814e-09	3.5377e-06	-3.5454e-06	1.72724e-08	1.2642e-09	1.9917e-09	3.5364e-06	-3.5604e-06
0.84	-9.92852e-08	1.7211e-09	2.60554e-08	3.6335e-06	-3.5602e-06	-6.37946e-08	1.5512e-09	2.12138e-08	3.5882e-06	-3.5449e-06	-4.20766e-08	1.4508e-09	1.75524e-08	3.5732e-06	-3.551e-06	-2.69414e-08	1.3761e-09	1.4652e-08	3.5682e-06	-3.5546e-06	-1.35044e-08	1.3209e-09	1.2168e-08	3.5558e-06	-3.5548e-06	-4.3911e-10	1.2855e-09	9.9177e-09	3.5373e-06	-3.5488e-06	1.7202e-08	1.2418e-09	2.0499e-09	3.536e-06	-3.5554e-06
0.835	-1.033372e-07	1.6894e-09	3.00296e-08	3.6281e-06	-3.5521e-06	-6.70258e-08	1.5166e-09	2.44012e-08	3.5932e-06	-3.5517e-06	-4.47142e-08	1.4218e-09	2.01358e-08	3.5746e-06	-3.5524e-06	-2.90188e-08	1.3472e-09	1.67648e-08	3.5604e-06	-3.5468e-06	-1.52242e-08	1.3101e-09	1.38534e-08	3.5492e-06	-3.5467e-06	-1.7797e-09	1.2603e-09	1.12318e-08	3.5399e-06	-3.5504e-06	1.71214e-08	1.2331e-09	2.1341e-09	3.5416e-06	-3.5573e-06
0.83	-1.076408e-07	1.6599e-09	3.4469e-08	3.6301e-06	-3.5498e-06	-7.05084e-08	1.4929e-09	2.80476e-08	3.5937e-06	-3.5476e-06	-4.76336e-08	1.4086e-09	2.3091e-08	3.5718e-06	-3.5471e-06	-3.1395e-08	1.3394e-09	1.91724e-08	3.5654e-06	-3.5473e-06	-1.71362e-08	1.2839e-09	1.58126e-08	3.5513e-06	-3.5459e-06	-3.2834e-09	1.2557e-09	1.27626e-08	3.5408e-06	-3.5493e-06	1.70376e-08	1.2027e-09	2.2253e-09	3.5384e-06	-3.5598e-06
0.825	-1.128888e-07	1.6342e-09	3.98876e-08	3.6224e-06	-3.549e-06	-7.48548e-08	1.4829e-09	3.22882e-08	3.5948e-06	-3.553e-06	-5.10854e-08	1.3874e-09	2.6581e-08	3.5702e-06	-3.5432e-06	-3.42472e-08	1.3186e-09	2.19882e-08	3.5567e-06	-3.5496e-06	-1.93968e-08	1.2726e-09	1.80986e-08	3.5572e-06	-3.5524e-06	-5.0993e-09	1.2365e-09	1.45534e-08	3.5383e-06	-3.5465e-06	1.6948e-08	1.1906e-09	2.3188e-09	3.5397e-06	-3.5595e-06
0.82	-1.1894e-07	1.618e-09	4.59098e-08	3.6264e-06	-3.5546e-06	-7.96588e-08	1.4662e-09	3.71754e-08	3.5947e-06	-3.5526e-06	-5.50458e-08	1.3733e-09	3.05466e-08	3.5714e-06	-3.5426e-06	-3.75362e-08	1.2946e-09	2.52346e-08	3.5575e-06	-3.5451e-06	-2.20478e-08	1.2574e-09	2.0729e-08	3.5544e-06	-3.5487e-06	-7.1473e-09	1.2052e-09	1.66088e-08	3.5394e-06	-3.5497e-06	1.68166e-08	1.1604e-09	2.4188e-09	3.5423e-06	-3.561e-06
0.815	-1.262e-07	1.5943e-09	5.30908e-08	3.6257e-06	-3.5557e-06	-8.54702e-08	1.4383e-09	4.28828e-08	3.5904e-06	-3.5456e-06	-5.9753e-08	1.348e-09	3.52288e-08	3.5689e-06	-3.5443e-06	-4.13494e-08	1.2693e-09	2.9124e-08	3.5599e-06	-3.542e-06	-2.51026e-08	1.2317e-09	2.37934e-08	3.554e-06	-3.5539e-06	-9.5118e-09	1.1925e-09	1.901e-08	3.541e-06	-3.5504e-06	1.6686e-08	1.1377e-09	2.57e-09	3.5417e-06	-3.5577e-06
0.81	-1.3438e-07	1.5695e-09	6.12878e-08	3.625e-06	-3.5499e-06	-9.1987e-08	1.4102e-09	4.95104e-08	3.5874e-06	-3.5507e-06	-6.50946e-08	1.3299e-09	4.05522e-08	3.5691e-06	-3.5459e-06	-4.57904e-08	1.2614e-09	3.3547e-08	3.5596e-06	-3.55e-06	-2.86424e-08	1.2137e-09	2.73014e-08	3.5567e-06	-3.5527e-06	-1.22692e-08	1.1652e-09	2.17818e-08	3.5391e-06	-3.5494e-06	1.6564e-08	1.1324e-09	2.7476e-09	3.5451e-06	-3.56e-06
0.805	-1.4396e-07	1.5432e-09	7.10744e-08	3.6232e-06	-3.5552e-06	-9.97142e-08	1.3958e-09	5.71756e-08	3.5878e-06	-3.5427e-06	-7.1392e-08	1.3099e-09	4.68604e-08	3.5697e-06	-3.5466e-06	-5.09066e-08	1.2425e-09	3.87036e-08	3.5673e-06	-3.5534e-06	-3.27844e-08	1.201e-09	3.14514e-08	3.5574e-06	-3.552e-06	-1.54956e-08	1.158e-09	2.50032e-08	3.5426e-06	-3.5538e-06	1.6367e-08	1.1035e-09	2.9302e-09	3.5427e-06	-3.5596e-06
0.8	-1.5492e-07	1.5134e-09	8.21184e-08	3.6244e-06	-3.5512e-06	-1.086224e-07	1.3789e-09	6.61488e-08	3.5892e-06	-3.5438e-06	-7.86046e-08	1.2916e-09	5.40276e-08	3.5728e-06	-3.5481e-06	-5.68526e-08	1.2165e-09	4.46694e-08	3.5601e-06	-3.5506e-06	-3.7551e-08	1.1851e-09	3.62134e-08	3.554e-06	-3.5536e-06	-1.92092e-08	1.1416e-09	2.87236e-08	3.5449e-06	-3.5553e-06	1.6166e-08	1.0973e-09	3.1755e-09	3.5419e-06	-3.5593e-06
0.795	-1.6824e-07	1.4893e-09	9.50712e-08	3.6214e-06	-3.5494e-06	-1.1908e-07	1.3351e-09	7.6391e-08	3.5841e-06	-3.5448e-06	-8.70354e-08	1.2634e-09	6.24972e-08	3.5701e-06	-3.5491e-06	-6.3966e-08	1.1926e-09	5.16758e-08	3.5577e-06	-3.546e-06	-4.30942e-08	1.1571e-09	4.18036e-08	3.5569e-06	-3.5584e-06	-2.35344e-08	1.1111e-09	3.30958e-08	3.5437e-06	-3.555e-06	1.58546e-08	1.0642e-09	3.4519e-09	3.5433e-06	-3.5616e-06
0.79	-1.832e-07	1.4687e-09	1.101288e-07	3.6243e-06	-3.5504e-06	-1.311e-07	1.3268e-09	8.83888e-08	3.592e-06	-3.5439e-06	-9.66288e-08	1.2419e-09	7.2028e-08	3.573e-06	-3.5477e-06	-7.2002e-08	1.1764e-09	5.9694e-08	3.5611e-06	-3.5471e-06	-4.93838e-08	1.1347e-09	4.81998e-08	3.5556e-06	-3.555e-06	-2.85218e-08	1.0945e-09	3.80514e-08	3.5376e-06	-3.547e-06	1.5567e-08	1.0505e-09	3.7126e-09	3.543e-06	-3.5645e-06
0.785	-2.0024e-07	1.4504e-09	1.2748e-07	3.6251e-06	-3.5484e-06	-1.4496e-07	1.2962e-09	1.020956e-07	3.5865e-06	-3.5451e-06	-1.078098e-07	1.2261e-09	8.33034e-08	3.5652e-06	-3.5392e-06	-8.13654e-08	1.1637e-09	6.8932e-08	3.5577e-06	-3.5483e-06	-5.674e-08	1.1201e-09	5.546e-08	3.5581e-06	-3.5555e-06	-3.42236e-08	1.0825e-09	4.38242e-08	3.5366e-06	-3.5485e-06	1.5232e-08	1.0366e-09	4.0874e-09	3.5451e-06	-3.5624e-06
0.78	-2.2056e-07	1.4195e-09	1.4776e-07	3.6211e-06	-3.5502e-06	-1.6098e-07	1.2834e-09	1.1848e-07	3.5902e-06	-3.5491e-06	-1.2102e-07	1.2004e-09	9.64844e-08	3.5624e-06	-3.5348e-06	-9.21038e-08	1.1305e-09	7.99318e-08	3.5591e-06	-3.5462e-06	-6.53528e-08	1.1081e-09	6.41244e-08	3.5578e-06	-3.5572e-06	-4.10034e-08	1.0627e-09	5.04748e-08	3.5441e-06	-3.5484e-06	1.47934e-08	1.0063e-09	4.4559e-09	3.5421e-06	-3.5574e-06
0.775	-2.44e-07	1.4025e-09	1.7084e-07	3.6275e-06	-3.5534e-06	-1.7962e-07	1.2515e-09	1.3684e-07	3.5855e-06	-3.5414e-06	-1.3588e-07	1.1872e-09	1.11582e-07	3.5684e-06	-3.5381e-06	-1.045998e-07	1.1111e-09	9.24964e-08	3.5605e-06	-3.5491e-06	-7.53514e-08	1.0773e-09	7.39232e-08	3.5558e-06	-3.5545e-06	-4.87054e-08	1.0431e-09	5.82942e-08	3.5421e-06	-3.5521e-06	1.43886e-08	9.943e-10	4.9338e-09	3.542e-06	-3.5639e-06
0.77	-2.7146e-07	1.387e-09	1.9838e-07	3.622e-06	-3.5543e-06	-2.0116e-07	1.2222e-09	1.5908e-07	3.5813e-06	-3.5402e-06	-1.5364e-07	1.1575e-09	1.29e-07	3.5655e-06	-3.5413e-06	-1.1926e-07	1.0998e-09	1.072366e-07	3.5646e-06	-3.5546e-06	-8.6738e-08	1.0556e-09	8.5576e-08	3.5618e-06	-3.5568e-06	-5.77658e-08	1.0141e-09	6.73516e-08	3.5448e-06	-3.5504e-06	1.387e-08	9.6721e-10	5.4115e-09	3.536e-06	-3.5548e-06
0.765	-3.029e-07	1.3538e-09	2.2964e-07	3.6273e-06	-3.5539e-06	-2.2642e-07	1.2034e-09	1.8382e-07	3.583e-06	-3.5425e-06	-1.7398e-07	1.1446e-09	1.4954e-07	3.5707e-06	-3.5482e-06	-1.3604e-07	1.079e-09	1.2394e-07	3.5621e-06	-3.5544e-06	-1.00187e-07	1.0498e-09	9.87588e-08	3.5593e-06	-3.5553e-06	-6.81902e-08	1.0062e-09	7.77874e-08	3.5428e-06	-3.5518e-06	1.32562e-08	9.4037e-10	6.0166e-09	3.5411e-06	-3.5628e-06
0.76	-3.3962e-07	1.3165e-09	2.6808e-07	3.6247e-06	-3.551e-06	-2.556e-07	1.1924e-09	2.1332e-07	3.5853e-06	-3.5426e-06	-1.9766e-07	1.1202e-09	1.7328e-07	3.5694e-06	-3.5425e-06	-1.5622e-07	1.0589e-09	1.4362e-07	3.5635e-06	-3.5567e-06	-1.155778e-07	1.0285e-09	1.142972e-07	3.554e-06	-3.5498e-06	-8.0411e-08	9.813e-10	8.98904e-08	3.5396e-06	-3.5504e-06	1.26324e-08	9.3428e-10	6.5783e-09	3.5385e-06	-3.5553e-06
0.755	-3.8284e-07	1.298e-09	3.0896e-07	3.6276e-06	-3.5516e-06	-2.8926e-07	1.1654e-09	2.4714e-07	3.5852e-06	-3.5405e-06	-2.2556e-07	1.0958e-09	2.013e-07	3.5781e-06	-3.5526e-06	-1.78e-07	1.0435e-09	1.6578e-07	3.5632e-06	-3.5475e-06	-1.3356e-07	1.0058e-09	1.322e-07	3.5594e-06	-3.5519e-06	-9.44274e-08	9.6952e-10	1.038562e-07	3.5447e-06	-3.5541e-06	1.19518e-08	9.0304e-10	7.3963e-09	3.547e-06	-3.5641e-06
0.75	-4.3288e-07	1.2801e-09	3.5906e-07	3.6193e-06	-3.5485e-06	-3.2972e-07	1.1329e-09	2.8642e-07	3.5884e-06	-3.5439e-06	-2.5762e-07	1.0724e-09	2.3324e-07	3.5688e-06	-3.5472e-06	-2.0506e-07	1.0255e-09	1.928e-07	3.5624e-06	-3.5519e-06	-1.5468e-07	9.8739e-10	1.527e-07	3.5592e-06	-3.5592e-06	-1.1056e-07	9.4298e-10	1.2038e-07	3.5436e-06	-3.5516e-06	1.10954e-08	8.9559e-10	8.1911e-09	3.5456e-06	-3.5652e-06
0.745	-4.8874e-07	1.2592e-09	4.1566e-07	3.6224e-06	-3.5496e-06	-3.7474e-07	1.1152e-09	3.3138e-07	3.5903e-06	-3.5476e-06	-2.9464e-07	1.0599e-09	2.7078e-07	3.573e-06	-3.5482e-06	-2.353e-07	1.001e-09	2.2342e-07	3.5647e-06	-3.5509e-06	-1.7784e-07	9.6534e-10	1.7694e-07	3.5611e-06	-3.5555e-06	-1.2974e-07	9.2072e-10	1.3912e-07	3.541e-06	-3.5516e-06	1.01984e-08	8.6702e-10	9.1181e-09	3.5423e-06	-3.5582e-06
0.74	-5.5722e-07	1.2323e-09	4.8282e-07	3.6241e-06	-3.5507e-06	-4.2678e-07	1.1054e-09	3.8464e-07	3.5883e-06	-3.5448e-06	-3.3834e-07	1.0338e-09	3.1458e-07	3.5757e-06	-3.547e-06	-2.7186e-07	9.8633e-10	2.5848e-07	3.562e-06	-3.5485e-06	-2.06e-07	9.4062e-10	2.051e-07	3.558e-06	-3.5576e-06	-1.5164e-07	9.0629e-10	1.6104e-07	3.5419e-06	-3.5492e-06	8.8242e-09	8.4786e-10	1.02824e-08	3.5393e-06	-3.5613e-06
0.735	-6.3286e-07	1.2028e-09	5.6022e-07	3.632e-06	-3.5543e-06	-4.8952e-07	1.0779e-09	4.4574e-07	3.5871e-06	-3.5424e-06	-3.8862e-07	1.015e-09	3.6378e-07	3.5726e-06	-3.5519e-06	-3.116e-07	9.6803e-10	2.992e-07	3.5611e-06	-3.5485e-06	-2.3882e-07	9.2716e-10	2.375e-07	3.5559e-06	-3.5504e-06	-1.7714e-07	8.9821e-10	1.8648e-07	3.5385e-06	-3.5487e-06	7.8883e-09	8.3671e-10	1.13942e-08	3.545e-06	-3.5623e-06
0.73	-7.2174e-07	1.1798e-09	6.489e-07	3.6242e-06	-3.55e-06	-5.6036e-07	1.0505e-09	5.1754e-07	3.5845e-06	-3.5413e-06	-4.4666e-07	1.0001e-09	4.2334e-07	3.5785e-06	-3.5544e-06	-3.5964e-07	9.3794e-10	3.4718e-07	3.5576e-06	-3.547e-06	-2.7652e-07	9.1332e-10	2.7544e-07	3.5609e-06	-3.5571e-06	-2.0672e-07	8.7606e-10	2.1568e-07	3.5419e-06	-3.5522e-06	6.2908e-09	8.061e-10	1.28954e-08	3.5394e-06	-3.5597e-06
0.725	-8.2194e-07	1.1585e-09	7.5118e-07	3.6279e-06	-3.5555e-06	-6.4222e-07	1.0282e-09	5.999e-07	3.5828e-06	-3.5425e-06	-5.1422e-07	9.6542e-10	4.8994e-07	3.5731e-06	-3.5417e-06	-4.1482e-07	9.1532e-10	4.023e-07	3.5574e-06	-3.5451e-06	-3.1996e-07	8.9219e-10	3.1922e-07	3.5559e-06	-3.5596e-06	-2.4024e-07	8.465e-10	2.5004e-07	3.54e-06	-3.5493e-06	4.7724e-09	7.9219e-10	1.44288e-08	3.5389e-06	-3.5571e-06
0.72	-9.4526e-07	1.1324e-09	8.7056e-07	3.6246e-06	-3.5538e-06	-7.3866e-07	1.0211e-09	6.971e-07	3.5859e-06	-3.5421e-06	-5.928e-07	9.5241e-10	5.695e-07	3.5683e-06	-3.5429e-06	-4.7962e-07	9.0538e-10	4.6632e-07	3.5566e-06	-3.5475e-06	-3.7178e-07	8.6874e-10	3.7068e-07	3.5538e-06	-3.5549e-06	-2.8958e-07	8.2685e-10	2.9036e-07	3.5389e-06	-3.5471e-06	2.8364e-09	7.7582e-10	1.65512e-08	3.5397e-06	-3.5629e-06
0.715	-1.08106e-06	1.1182e-09	1.00656e-06	3.6214e-06	-3.5497e-06	-8.4938e-07	9.968e-10	8.061e-07	3.5822e-06	-3.5422e-06	-6.8454e-07	9.3375e-10	6.5764e-07	3.5706e-06	-3.5463e-06	-5.5294e-07	8.8538e-10	5.4088e-07	3.5605e-06	-3.5487e-06	-4.2984e-07	8.5194e-10	4.2866e-07	3.5577e-06	-3.5563e-06	-3.2658e-07	8.1571e-10	3.3674e-07	3.5421e-06	-3.5558e-06	5.5548e-10	7.6121e-10	1.88586e-08	3.5442e-06	-3.5642e-06
0.71	-1.237e-06	1.0919e-09	1.1635e-06	3.6208e-06	-3.544e-06	-9.7894e-07	9.6014e-10	9.36e-07	3.5779e-06	-3.5376e-06	-7.9204e-07	9.125e-10	7.69e-07	3.5703e-06	-3.5473e-06	-6.3962e-07	8.5805e-10	6.2964e-07	3.5575e-06	-3.5424e-06	-4.9936e-07	8.3551e-10	4.9834e-07	3.5569e-06	-3.5586e-06	-3.8094e-07	7.985e-10	3.9072e-07	3.541e-06	-3.5515e-06	-1.9941e-09	7.3165e-10	2.13234e-08	3.5402e-06	-3.5543e-06
0.705	-1.4171e-06	1.0675e-09	1.3474e-06	3.6218e-06	-3.5455e-06	-1.12656e-06	9.486e-10	1.08262e-06	3.582e-06	-3.5407e-06	-9.132e-07	8.8914e-10	8.867e-07	3.5688e-06	-3.5412e-06	-7.405e-07	8.3507e-10	7.2722e-07	3.5612e-06	-3.5499e-06	-5.7752e-07	8.1114e-10	5.7678e-07	3.5593e-06	-3.5561e-06	-4.429e-07	7.6478e-10	4.5238e-07	3.5422e-06	-3.5527e-06	-5.1599e-09	7.0695e-10	2.45656e-08	3.5366e-06	-3.5501e-06
0.7	-1.6347e-06	1.0353e-09	1.5605e-06	3.617e-06	-3.5428e-06	-1.299e-06	9.3114e-10	1.2572e-06	3.5784e-06	-3.5363e-06	-1.05578e-06	8.6454e-10	1.03448e-06	3.5691e-06	-3.5453e-06	-8.5766e-07	8.2271e-10	8.4394e-07	3.5608e-06	-3.5453e-06	-6.6926e-07	7.8296e-10	6.693e-07	3.5571e-06	-3.5526e-06	-5.1562e-07	7.416e-10	5.263e-07	3.543e-06	-3.5486e-06	-8.9363e-09	6.9249e-10	2.84148e-08	3.5362e-06	-3.5537e-06
0.695	-1.8798e-06	1.0145e-09	1.8081e-06	3.6164e-06	-3.5432e-06	-1.4967e-06	9.1319e-10	1.4567e-06	3.5816e-06	-3.5368e-06	-1.2184e-06	8.4874e-10	1.1979e-06	3.5722e-06	-3.5426e-06	-9.884e-07	8.1013e-10	9.797e-07	3.556e-06	-3.5442e-06	-7.7666e-07	7.6692e-10	7.7464e-07	3.556e-06	-3.5574e-06	-5.9868e-07	7.3419e-10	6.0932e-07	3.5438e-06	-3.5558e-06	-1.33836e-08	6.6765e-10	3.27214e-08	3.5342e-06	-3.558e-06
0.69	-2.1726e-06	1.0076e-09	2.1026e-06	3.6167e-06	-3.5437e-06	-1.7305e-06	8.7744e-10	1.6867e-06	3.5784e-06	-3.532e-06	-1.4102e-06	8.3085e-10	1.3883e-06	3.5713e-06	-3.5448e-06	-1.14826e-06	7.8216e-10	1.13334e-06	3.553e-06	-3.548e-06	-9.0096e-07	7.5625e-10	8.9852e-07	3.5579e-06	-3.5563e-06	-6.9642e-07	7.1971e-10	7.069e-07	3.5441e-06	-3.5545e-06	-1.72424e-08	6.5851e-10	3.71398e-08	3.5353e-06	-3.5544e-06
0.685	-2.5021e-06	9.6604e-10	2.436e-06	3.6168e-06	-3.545e-06	-1.9962e-06	8.541e-10	1.956e-06	3.5775e-06	-3.532e-06	-1.6362e-06	8.017e-10	1.6133e-06	3.57e-06	-3.5438e-06	-1.3213e-06	7.7137e-10	1.315e-06	3.5571e-06	-3.5466e-06	-1.04154e-06	7.3098e-10	1.04064e-06	3.5559e-06	-3.5537e-06	-8.0854e-07	6.9017e-10	8.1762e-07	3.5447e-06	-3.5516e-06	-2.30214e-08	6.2747e-10	4.27014e-08	3.5381e-06	-3.5565e-06
0.68	-2.8879e-06	9.5033e-10	2.8148e-06	3.6162e-06	-3.5468e-06	-2.3134e-06	8.4007e-10	2.2734e-06	3.5813e-06	-3.5373e-06	-1.8916e-06	7.8152e-10	1.8688e-06	3.5665e-06	-3.5407e-06	-1.539e-06	7.538e-10	1.5265e-06	3.5623e-06	-3.5483e-06	-1.2034e-06	7.1799e-10	1.2045e-06	3.5566e-06	-3.5542e-06	-9.401e-07	6.6456e-10	9.4948e-07	3.5455e-06	-3.5558e-06	-2.95496e-08	6.0321e-10	4.9384e-08	3.5411e-06	-3.558e-06
0.675	-3.3257e-06	9.2471e-10	3.2589e-06	3.6213e-06	-3.5472e-06	-2.6689e-06	8.198e-10	2.6289e-06	3.5812e-06	-3.5346e-06	-2.1901e-06	7.6974e-10	2.165e-06	3.5679e-06	-3.5408e-06	-1.783e-06	7.2906e-10	1.7703e-06	3.5615e-06	-3.5491e-06	-1.3956e-06	7.0006e-10	1.394e-06	3.5585e-06	-3.5593e-06	-1.09054e-06	6.5327e-10	1.09892e-06	3.5471e-06	-3.5514e-06	-3.6534e-08	5.8636e-10	5.61536e-08	3.5345e-06	-3.5536e-06
0.67	-3.8351e-06	8.8951e-10	3.7652e-06	3.6166e-06	-3.542e-06	-3.0929e-06	7.9016e-10	3.0469e-06	3.5809e-06	-3.5394e-06	-2.53e-06	7.4183e-10	2.5099e-06	3.5703e-06	-3.5449e-06	-2.0597e-06	7.007e-10	2.0508e-06	3.5578e-06	-3.5493e-06	-1.615e-06	6.7864e-10	1.6174e-06	3.5609e-06	-3.5573e-06	-1.2625e-06	6.3555e-10	1.2719e-06	3.543e-06	-3.551e-06	-4.5606e-08	5.7436e-10	6.4431e-08	3.531e-06	-3.5494e-06
0.665	-4.4315e-06	8.7285e-10	4.3698e-06	3.6141e-06	-3.5428e-06	-3.5716e-06	7.7709e-10	3.5318e-06	3.5859e-06	-3.5428e-06	-2.9382e-06	7.1936e-10	2.9133e-06	3.564e-06	-3.5413e-06	-2.3905e-06	6.9098e-10	2.3804e-06	3.5541e-06	-3.5466e-06	-1.8752e-06	6.5353e-10	1.8768e-06	3.5575e-06	-3.5533e-06	-1.4621e-06	6.1494e-10	1.4778e-06	3.5423e-06	-3.5515e-06	-5.35676e-08	5.4354e-10	7.4157e-08	3.5362e-06	-3.5518e-06
0.66	-5.1202e-06	8.5627e-10	5.0425e-06	3.6172e-06	-3.5462e-06	-4.1178e-06	7.6096e-10	4.0968e-06	3.5789e-06	-3.5346e-06	-3.3984e-06	7.0121e-10	3.3797e-06	3.5665e-06	-3.5424e-06	-2.7693e-06	6.7026e-10	2.7539e-06	3.5581e-06	-3.5462e-06	-2.1718e-06	6.3878e-10	2.1737e-06	3.5573e-06	-3.5534e-06	-1.6973e-06	5.9133e-10	1.7076e-06	3.5485e-06	-3.5552e-06	-6.43598e-08	5.2009e-10	8.44548e-08	3.5323e-06	-3.5476e-06
0.655	-5.9136e-06	8.2483e-10	5.831e-06	3.6208e-06	-3.5509e-06	-4.7884e-06	7.283e-10	4.7439e-06	3.5822e-06	-3.5378e-06	-3.9298e-06	6.7056e-10	3.9127e-06	3.5745e-06	-3.5468e-06	-3.2065e-06	6.4278e-10	3.194e-06	3.5595e-06	-3.549e-06	-2.5244e-06	6.292e-10	2.5237e-06	3.5592e-06	-3.5558e-06	-1.9675e-06	5.7665e-10	1.9811e-06	3.5441e-06	-3.5546e-06	-7.70258e-08	5.0949e-10	9.56446e-08	3.5334e-06	-3.5528e-06
0.65	-6.8223e-06	7.968e-10	6.7446e-06	3.6191e-06	-3.5491e-06	-5.4977e-06	7.1078e-10	5.4644e-06	3.5822e-06	-3.5407e-06	-4.5564e-06	6.4769e-10	4.531e-06	3.5709e-06	-3.5482e-06	-3.7069e-06	6.2673e-10	3.7031e-06	3.5621e-06	-3.5503e-06	-2.9178e-06	5.9883e-10	2.9197e-06	3.5533e-06	-3.551e-06	-2.2786e-06	5.5547e-10	2.2934e-06	3.5495e-06	-3.5556e-06	-9.02268e-08	4.9027e-10	1.095242e-07	3.5333e-06	-3.5516e-06
0.645	-7.8654e-06	7.7744e-10	7.8039e-06	3.6208e-06	-3.5444e-06	-6.3673e-06	6.9166e-10	6.3239e-06	3.5795e-06	-3.5358e-06	-5.2823e-06	6.268e-10	5.2574e-06	3.5643e-06	-3.541e-06	-4.2935e-06	6.1309e-10	4.2879e-06	3.5608e-06	-3.5475e-06	-3.3857e-06	5.7544e-10	3.3897e-06	3.5547e-06	-3.5499e-06	-2.6422e-06	5.3178e-10	2.6619e-06	3.541e-06	-3.5512e-06	-1.0454e-07	4.6657e-10	1.2534e-07	3.529e-06	-3.5528e-06
0.64	-9.0802e-06	7.609e-10	9.0045e-06	3.6201e-06	-3.5475e-06	-7.3555e-06	6.6491e-10	7.3017e-06	3.5781e-06	-3.5344e-06	-6.0921e-06	6.1347e-10	6.0816e-06	3.5718e-06	-3.546e-06	-4.9689e-06	5.875e-10	4.9517e-06	3.5585e-06	-3.5444e-06	-3.9178e-06	5.5796e-10	3.9238e-06	3.559e-06	-3.5558e-06	-3.0614e-06	5.0746e-10	3.0731e-06	3.5462e-06	-3.5571e-06	-1.2656e-07	4.4571e-10	1.4424e-07	3.5354e-06	-3.5604e-06
0.635	-1.04718e-05	7.3412e-10	1.04095e-05	3.6213e-06	-3.5468e-06	-8.4962e-06	6.4079e-10	8.4714e-06	3.5782e-06	-3.537e-06	-7.0478e-06	5.8792e-10	7.0192e-06	3.5682e-06	-3.5399e-06	-5.7491e-06	5.6348e-10	5.7535e-06	3.5621e-06	-3.5482e-06	-4.5489e-06	5.4222e-10	4.5483e-06	3.5554e-06	-3.551e-06	-3.5538e-06	4.9107e-10	3.5649e-06	3.5477e-06	-3.5564e-06	-1.5076e-07	4.1481e-10	1.6864e-07	3.5387e-06	-3.5552e-06
0.63	-1.2098e-05	6.9915e-10	1.2054e-05	3.6236e-06	-3.5466e-06	-9.8418e-06	6.2726e-10	9.7571e-06	3.5805e-06	-3.537e-06	-8.1378e-06	5.6409e-10	8.1029e-06	3.5685e-06	-3.5453e-06	-6.6354e-06	5.4674e-10	6.6362e-06	3.5563e-06	-3.5414e-06	-5.2476e-06	5.1632e-10	5.2524e-06	3.5541e-06	-3.5523e-06	-4.1085e-06	4.708e-10	4.1155e-06	3.5448e-06	-3.5506e-06	-1.7476e-07	3.8759e-10	1.9482e-07	3.5415e-06	-3.5564e-06
0.625	-1.3992e-05	6.8278e-10	1.3902e-05	3.6187e-06	-3.5458e-06	-1.13387e-05	6.0526e-10	1.12911e-05	3.5831e-06	-3.5389e-06	-9.4046e-06	5.4554e-10	9.3716e-06	3.5671e-06	-3.5404e-06	-7.7066e-06	5.2273e-10	7.7088e-06	3.5635e-06	-3.5471e-06	-6.0942e-06	4.9282e-10	6.093e-06	3.558e-06	-3.5567e-06	-4.759e-06	4.4134e-10	4.7701e-06	3.5465e-06	-3.551e-06	-2.0132e-07	3.6512e-10	2.2594e-07	3.538e-06	-3.5562e-06
0.62	-1.6106e-05	6.6002e-10	1.602e-05	3.6168e-06	-3.5437e-06	-1.3054e-05	5.8397e-10	1.301e-05	3.589e-06	-3.5447e-06	-1.08503e-05	5.2289e-10	1.08205e-05	3.5678e-06	-3.5407e-06	-8.9036e-06	4.9686e-10	8.8843e-06	3.5614e-06	-3.5451e-06	-7.0549e-06	4.8345e-10	7.0483e-06	3.5565e-06	-3.5548e-06	-5.5043e-06	4.3092e-10	5.5171e-06	3.547e-06	-3.5555e-06	-2.3044e-07	3.4755e-10	2.5112e-07	3.5379e-06	-3.5564e-06
0.615	-1.8572e-05	6.3906e-10	1.8502e-05	3.6198e-06	-3.5468e-06	-1.5098e-05	5.4725e-10	1.5032e-05	3.5807e-06	-3.5391e-06	-1.2512e-05	5.057e-10	1.2486e-05	3.5746e-06	-3.5515e-06	-1.02858e-05	4.8046e-10	1.03058e-05	3.5592e-06	-3.5432e-06	-8.1545e-06	4.5375e-10	8.1498e-06	3.5552e-06	-3.5552e-06	-6.3823e-06	4.1632e-10	6.3934e-06	3.5488e-06	-3.5565e-06	-2.714e-07	3.2124e-10	2.8738e-07	3.5397e-06	-3.5577e-06
0.61	-2.1366e-05	6.1088e-10	2.1286e-05	3.6155e-06	-3.5423e-06	-1.7378e-05	5.2421e-10	1.7378e-05	3.58e-06	-3.5357e-06	-1.4398e-05	4.8456e-10	1.4334e-05	3.5693e-06	-3.5447e-06	-1.1886e-05	4.4803e-10	1.1886e-05	3.5629e-06	-3.5435e-06	-9.4299e-06	4.2756e-10	9.4254e-06	3.5541e-06	-3.5531e-06	-7.361e-06	3.8435e-10	7.3801e-06	3.5473e-06	-3.5597e-06	-3.0778e-07	2.9258e-10	3.2578e-07	3.5437e-06	-3.5574e-06
0.605	-2.468e-05	5.8239e-10	2.458e-05	3.6208e-06	-3.5459e-06	-2.009e-05	5.0945e-10	2.001e-05	3.5807e-06	-3.5361e-06	-1.6614e-05	4.621e-10	1.6572e-05	3.5715e-06	-3.5472e-06	-1.3716e-05	4.4175e-10	1.374e-05	3.5572e-06	-3.5441e-06	-1.08953e-05	4.1164e-10	1.09124e-05	3.5551e-06	-3.5528e-06	-8.542e-06	3.6133e-10	8.5427e-06	3.5447e-06	-3.5524e-06	-3.5144e-07	2.7856e-10	3.7624e-07	3.5394e-06	-3.5568e-06
0.6	-2.8316e-05	5.6761e-10	2.8248e-05	3.6221e-06	-3.5473e-06	-2.3128e-05	4.8999e-10	2.3086e-05	3.5815e-06	-3.5364e-06	-1.912e-05	4.3069e-10	1.9116e-05	3.5688e-06	-3.5432e-06	-1.5806e-05	4.1734e-10	1.5828e-05	3.5559e-06	-3.5491e-06	-1.2588e-05	3.8171e-10	1.259e-05	3.5538e-06	-3.5514e-06	-9.842e-06	3.4438e-10	9.8582e-06	3.5394e-06	-3.5487e-06	-4.0476e-07	2.6236e-10	4.21e-07	3.5385e-06	-3.5601e-06
0.595	-3.2648e-05	5.4263e-10	3.2616e-05	3.6165e-06	-3.5435e-06	-2.6622e-05	4.5864e-10	2.6628e-05	3.5822e-06	-3.5388e-06	-2.2058e-05	4.1854e-10	2.2032e-05	3.5679e-06	-3.5414e-06	-1.824e-05	3.8812e-10	1.8246e-05	3.5602e-06	-3.5457e-06	-1.4562e-05	3.7048e-10	1.4558e-05	3.5553e-06	-3.5541e-06	-1.13891e-05	3.1698e-10	1.14174e-05	3.5478e-06	-3.5568e-06	-4.6668e-07	2.299e-10	4.8888e-07	3.538e-06	-3.5558e-06
0.59	-3.7444e-05	5.1116e-10	3.7434e-05	3.6204e-06	-3.5425e-06	-3.067e-05	4.3974e-10	3.0654e-05	3.5823e-06	-3.5373e-06	-2.5368e-05	3.9386e-10	2.5404e-05	3.565e-06	-3.5358e-06	-2.1012e-05	3.7011e-10	2.0974e-05	3.5592e-06	-3.5435e-06	-1.6774e-05	3.5125e-10	1.6794e-05	3.5627e-06	-3.5611e-06	-1.3166e-05	3.0234e-10	1.3166e-05	3.5463e-06	-3.5543e-06	-5.3348e-07	1.95e-10	5.5488e-07	3.542e-06	-3.5604e-06
0.585	-4.3108e-05	4.8079e-10	4.3004e-05	3.6168e-06	-3.5442e-06	-3.5302e-05	4.1898e-10	3.53e-05	3.5866e-06	-3.5407e-06	-2.929e-05	3.7249e-10	2.9196e-05	3.5651e-06	-3.5432e-06	-2.4212e-05	3.5451e-10	2.4216e-05	3.5665e-06	-3.5531e-06	-1.9386e-05	3.2611e-10	1.9378e-05	3.5578e-06	-3.5591e-06	-1.5228e-05	2.6942e-10	1.524e-05	3.5472e-06	-3.5539e-06	-6.0936e-07	1.7812e-10	6.296e-07	3.5379e-06	-3.5587e-06
0.58	-4.9418e-05	4.6604e-10	4.9366e-05	3.6173e-06	-3.5431e-06	-4.0616e-05	4.0145e-10	4.049e-05	3.5817e-06	-3.5377e-06	-3.3586e-05	3.5032e-10	3.3626e-05	3.566e-06	-3.5392e-06	-2.7834e-05	3.2865e-10	2.7844e-05	3.5585e-06	-3.5436e-06	-2.2304e-05	2.9554e-10	2.2268e-05	3.5609e-06	-3.5579e-06	-1.7532e-05	2.4724e-10	1.7542e-05	3.5487e-06	-3.5552e-06	-6.8526e-07	1.6323e-10	7.032e-07	3.5391e-06	-3.5599e-06
0.575	-5.684e-05	4.447e-10	5.6804e-05	3.6201e-06	-3.5401e-06	-4.6736e-05	3.6979e-10	4.675e-05	3.5763e-06	-3.5318e-06	-3.872e-05	3.3023e-10	3.8726e-05	3.5676e-06	-3.5401e-06	-3.2098e-05	3.0084e-10	3.2124e-05	3.5614e-06	-3.5475e-06	-2.5732e-05	2.7716e-10	2.5756e-05	3.5605e-06	-3.5603e-06	-2.0276e-05	2.3209e-10	2.0244e-05	3.5492e-06	-3.5578e-06	-7.6484e-07	1.2938e-10	7.7916e-07	3.5385e-06	-3.5534e-06
0.57	-6.5178e-05	4.1202e-10	6.5098e-05	3.6125e-06	-3.541e-06	-5.364e-05	3.4133e-10	5.3584e-05	3.5824e-06	-3.5421e-06	-4.4534e-05	3.1068e-10	4.4502e-05	3.5618e-06	-3.5367e-06	-3.6894e-05	2.7941e-10	3.688e-05	3.5655e-06	-3.5496e-06	-2.9622e-05	2.6462e-10	2.9644e-05	3.561e-06	-3.5573e-06	-2.3278e-05	2.1787e-10	2.3316e-05	3.5514e-06	-3.5563e-06	-8.4666e-07	9.55e-11	8.5746e-07	3.54e-06	-3.5626e-06
0.565	-7.4812e-05	3.8075e-10	7.4706e-05	3.6137e-06	-3.5387e-06	-6.175e-05	3.2126e-10	6.1722e-05	3.5868e-06	-3.5437e-06	-5.1248e-05	2.7572e-10	5.1212e-05	3.5642e-06	-3.5408e-06	-4.2474e-05	2.632e-10	4.248e-05	3.5598e-06	-3.5436e-06	-3.4164e-05	2.3402e-10	3.4148e-05	3.5534e-06	-3.5537e-06	-2.6836e-05	1.8405e-10	2.691e-05	3.5417e-06	-3.5502e-06	-9.2532e-07	7.533e-11	9.4584e-07	3.5391e-06	-3.5575e-06
0.56	-8.5644e-05	3.6095e-10	8.5598e-05	3.6113e-06	-3.5403e-06	-7.081e-05	3.0672e-10	7.0708e-05	3.5895e-06	-3.5426e-06	-5.8756e-05	2.5641e-10	5.876e-05	3.5688e-06	-3.5409e-06	-4.8786e-05	2.4266e-10	4.8788e-05	3.5551e-06	-3.5414e-06	-3.9276e-05	2.0297e-10	3.9304e-05	3.5627e-06	-3.5616e-06	-3.0878e-05	1.5102e-10	3.09e-05	3.539e-06	-3.5451e-06	-1.0225e-06	5.523e-11	1.0463e-06	3.5453e-06	-3.56e-06
0.555	-9.8202e-05	3.3998e-10	9.8062e-05	3.6134e-06	-3.5388e-06	-8.133e-05	2.7544e-10	8.1278e-05	3.5782e-06	-3.5406e-06	-6.759e-05	2.4031e-10	6.7556e-05	3.5728e-06	-3.5466e-06	-5.6084e-05	2.0922e-10	5.6036e-05	3.5576e-06	-3.5415e-06	-4.5274e-05	1.8594e-10	4.5272e-05	3.5614e-06	-3.5577e-06	-3.5608e-05	1.3455e-10	3.5578e-05	3.5391e-06	-3.5497e-06	-1.11026e-06	2.455e-11	1.13294e-06	3.5406e-06	-3.5568e-06
0.55	-0.000112272	3.0874e-10	0.000112224	3.6134e-06	-3.5351e-06	-9.311e-05	2.3624e-10	9.3082e-05	3.5865e-06	-3.5467e-06	-7.7466e-05	2.1845e-10	7.746e-05	3.5706e-06	-3.5478e-06	-6.4308e-05	1.8298e-10	6.432e-05	3.5557e-06	-3.5415e-06	-5.2006e-05	1.7136e-10	5.1964e-05	3.5588e-06	-3.5604e-06	-4.0848e-05	1.1868e-10	4.0926e-05	3.5438e-06	-3.5481e-06	-1.2372e-06	-1.36e-12	1.2392e-06	3.5391e-06	-3.5562e-06
0.545	-0.00012848	2.8186e-10	0.00012838	3.6143e-06	-3.5403e-06	-0.000106796	2.1794e-10	0.00010681	3.5867e-06	-3.5423e-06	-8.8956e-05	1.8294e-10	8.8916e-05	3.5698e-06	-3.5442e-06	-7.3906e-05	1.7191e-10	7.3838e-05	3.5532e-06	-3.539e-06	-5.9798e-05	1.3948e-10	5.9792e-05	3.5618e-06	-3.5587e-06	-4.701e-05	8.891e-11	4.7036e-05	3.5432e-06	-3.5498e-06	-1.3168e-06	-2.374e-11	1.3102e-06	3.5409e-06	-3.5565e-06
0.54	-0.00014646	2.4946e-10	0.00014666	3.6111e-06	-3.5383e-06	-0.0001221	2.1815e-10	0.00012216	3.5833e-06	-3.5355e-06	-0.000101868	1.571e-10	0.000101874	3.5673e-06	-3.5417e-06	-8.4618e-05	1.4883e-10	8.4542e-05	3.5555e-06	-3.5425e-06	-6.858e-05	1.0603e-10	6.8546e-05	3.5664e-06	-3.5602e-06	-5.3948e-05	5.635e-11	5.3956e-05	3.5393e-06	-3.5457e-06	-1.405e-06	-6.152e-11	1.4004e-06	3.5393e-06	-3.5565e-06
0.535	-0.00016776	2.3135e-10	0.0001677	3.6115e-06	-3.5385e-06	-0.0001397	1.7272e-10	0.00013986	3.5887e-06	-3.5413e-06	-0.00011668	1.4417e-10	0.00011678	3.5693e-06	-3.5448e-06	-9.708e-05	1.1573e-10	9.698e-05	3.5582e-06	-3.5426e-06	-7.8798e-05	8.871e-11	7.8786e-05	3.57e-06	-3.5643e-06	-6.2016e-05	3.105e-11	6.205e-05	3.5386e-06	-3.5457e-06	-1.5028e-06	-9.325e-11	1.491e-06	3.5419e-06	-3.5566e-06
0.53	-0.00019108	2.0673e-10	0.0001912	3.6139e-06	-3.5407e-06	-0.00015968	1.4269e-10	0.00015966	3.5853e-06	-3.5421e-06	-0.00013332	1.163e-10	0.0001334	3.5682e-06	-3.5385e-06	-0.000110988	8.636e-11	0.000111082	3.5556e-06	-3.543e-06	-9.031e-05	8.214e-11	9.0262e-05	3.5574e-06	-3.5588e-06	-7.1004e-05	1.283e-11	7.1086e-05	3.5328e-06	-3.5452e-06	-1.5964e-06	-1.1727e-10	1.616e-06	3.5413e-06	-3.5587e-06
0.525	-0.00021794	1.723e-10	0.00021788	3.6131e-06	-3.5406e-06	-0.0001824	1.0736e-10	0.0001825	3.5817e-06	-3.5375e-06	-0.00015274	8.167e-11	0.00015284	3.5717e-06	-3.542e-06	-0.00012692	7.455e-11	0.00012712	3.5651e-06	-3.5511e-06	-0.00010359	5.101e-11	0.000103544	3.5646e-06	-3.5603e-06	-8.1556e-05	-1.105e-11	8.1554e-05	3.5419e-06	-3.5448e-06	-1.6944e-06	-1.4424e-10	1.7084e-06	3.5425e-06	-3.5593e-06
0.52	-0.00024766	1.4982e-10	0.0002478	3.6133e-06	-3.5379e-06	-0.0002078	8.344e-11	0.00020792	3.5801e-06	-3.5371e-06	-0.0001742	5.089e-11	0.00017436	3.5735e-06	-3.5513e-06	-0.00014494	4.834e-11	0.00014504	3.5636e-06	-3.5473e-06	-0.00011816	4.061e-11	0.00011832	3.5598e-06	-3.5586e-06	-9.328e-05	-4.943e-11	9.3272e-05	3.5367e-06	-3.5428e-06	-1.7903e-06	-1.8228e-10	1.7773e-06	3.5424e-06	-3.5593e-06
0.515	-0.00028164	1.2561e-10	0.00028176	3.613e-06	-3.5394e-06	-0.00023668	6.483e-11	0.00023698	3.5848e-06	-3.5354e-06	-0.00019904	2.743e-11	0.00019916	3.5688e-06	-3.5444e-06	-0.00016576	1.101e-11	0.00016578	3.5586e-06	-3.5419e-06	-0.00013528	-4.54e-12	0.00013548	3.5566e-06	-3.5542e-06	-0.000106834	-7.379e-11	0.000106884	3.54e-06	-3.5483e-06	-1.8462e-06	-2.0626e-10	1.8432e-06	3.5464e-06	-3.5608e-06
0.51	-0.0003194	9.475e-11	0.00031958	3.6111e-06	-3.5374e-06	-0.00026884	4.037e-11	0.00026906	3.5845e-06	-3.5422e-06	-0.00022656	1.689e-11	0.0002265	3.5694e-06	-3.543e-06	-0.00018894	-1.832e-11	0.0001892	3.5584e-06	-3.5391e-06	-0.00015446	-2.316e-11	0.0001546	3.5602e-06	-3.5563e-06	-0.00012186	-8.852e-11	0.00012186	3.5395e-06	-3.5455e-06	-2.0198e-06	-2.3076e-10	1.9545e-06	3.5436e-06	-3.5606e-06
0.505	-0.0003619	6.113e-11	0.00036218	3.6192e-06	-3.5442e-06	-0.00030562	4.71e-12	0.0003059	3.5892e-06	-3.5438e-06	-0.00025792	-1.724e-11	0.00025792	3.5734e-06	-3.5511e-06	-0.00021562	-3.264e-11	0.00021576	3.5557e-06	-3.539e-06	-0.00017652	-5.329e-11	0.00017674	3.5557e-06	-3.5525e-06	-0.00013928	-1.1584e-10	0.00013936	3.5377e-06	-3.5468e-06	-2.0374e-06	-2.7154e-10	2.094e-06	3.5429e-06	-3.5626e-06
0.5	-0.00040876	3.993e-11	0.00040876	3.6182e-06	-3.5416e-06	-0.00034612	-2.241e-11	0.00034666	3.5808e-06	-3.5417e-06	-0.00029266	-5.338e-11	0.00029284	3.5674e-06	-3.5427e-06	-0.00024516	-5.789e-11	0.00024516	3.5579e-06	-3.5453e-06	-0.0002011	-8.928e-11	0.00020122	3.5604e-06	-3.5545e-06	-0.00015874	-1.4605e-10	0.0001589	3.5509e-06	-3.5548e-06	-2.1754e-06	-3.0513e-10	2.2289e-06	3.5422e-06	-3.5586e-06
0.495	-0.00046184	1.189e-11	0.0004618	3.6152e-06	-3.5389e-06	-0.00039216	-4.392e-11	0.00039192	3.5843e-06	-3.5423e-06	-0.00033202	-7.766e-11	0.0003324	3.5751e-06	-3.5456e-06	-0.0002786	-9.058e-11	0.00027896	3.5524e-06	-3.5382e-06	-0.00022934	-1.199e-10	0.0002294	3.5575e-06	-3.5541e-06	-0.00018132	-1.875e-10	0.00018126	3.5417e-06	-3.5491e-06	-2.294e-06	-3.2401e-10	2.3068e-06	3.5468e-06	-3.5612e-06
0.49	-0.0005195	-1.809e-11	0.00051986	3.6186e-06	-3.5441e-06	-0.00044274	-6.798e-11	0.00044256	3.5835e-06	-3.5447e-06	-0.00037578	-1.0334e-10	0.00037592	3.5657e-06	-3.5403e-06	-0.0003156	-1.2177e-10	0.000316	3.5593e-06	-3.5472e-06	-0.00026018	-1.4003e-10	0.00026044	3.5605e-06	-3.554e-06	-0.00020608	-2.1118e-10	0.00020612	3.5472e-06	-3.5574e-06	-2.4022e-06	-3.6021e-10	2.4734e-06	3.5373e-06	-3.5595e-06
0.485	-0.00058472	-4.484e-11	0.00058514	3.6218e-06	-3.55e-06	-0.0004988	-9.979e-11	0.00049908	3.5878e-06	-3.5456e-06	-0.000425	-1.2999e-10	0.00042472	3.5685e-06	-3.5439e-06	-0.00035798	-1.4341e-10	0.00035834	3.5587e-06	-3.5441e-06	-0.00029556	-1.5916e-10	0.00029562	3.5577e-06	-3.5521e-06	-0.00023452	-2.3105e-10	0.00023444	3.5444e-06	-3.5568e-06	-2.6182e-06	-3.9608e-10	2.6417e-06	3.5469e-06	-3.5603e-06
0.48	-0.00065544	-7.614e-11	0.00065546	3.6177e-06	-3.5422e-06	-0.00056096	-1.2754e-10	0.00056106	3.5788e-06	-3.5367e-06	-0.00047858	-1.5762e-10	0.00047888	3.57e-06	-3.5446e-06	-0.00040404	-1.6204e-10	0.0004042	3.5543e-06	-3.5405e-06	-0.00033472	-1.9815e-10	0.00033482	3.5565e-06	-3.5533e-06	-0.00026574	-2.5972e-10	0.00026592	3.5506e-06	-3.5523e-06	-2.7763e-06	-4.21e-10	2.8379e-06	3.5419e-06	-3.5599e-06
0.475	-0.00073448	-1.084e-10	0.00073416	3.6145e-06	-3.5435e-06	-0.0006304	-1.5393e-10	0.0006306	3.5871e-06	-3.5419e-06	-0.0005394	-1.8577e-10	0.00053948	3.576e-06	-3.5507e-06	-0.00045634	-2.0048e-10	0.0004564	3.5532e-06	-3.5383e-06	-0.00037862	-2.342e-10	0.00037874	3.5531e-06	-3.5516e-06	-0.0003014	-3.0155e-10	0.00030144	3.5397e-06	-3.5478e-06	-2.9588e-06	-4.5375e-10	3.0163e-06	3.5482e-06	-3.5655e-06
0.47	-0.00081964	-1.3098e-10	0.0008191	3.616e-06	-3.5432e-06	-0.00070582	-1.7607e-10	0.00070548	3.5858e-06	-3.5421e-06	-0.0006053	-2.1315e-10	0.00060566	3.5779e-06	-3.5482e-06	-0.0005136	-2.2961e-10	0.00051392	3.549e-06	-3.5385e-06	-0.00042718	-2.5999e-10	0.00042736	3.5565e-06	-3.5559e-06	-0.00034044	-3.2339e-10	0.00034068	3.5438e-06	-3.5538e-06	-3.1455e-06	-4.8677e-10	3.1327e-06	3.5438e-06	-3.5595e-06
0.465	-0.0009138	-1.5821e-10	0.0009137	3.616e-06	-3.5403e-06	-0.0007888	-2.0372e-10	0.00078878	3.5872e-06	-3.5437e-06	-0.0006792	-2.3871e-10	0.00067916	3.5753e-06	-3.5479e-06	-0.00057748	-2.4989e-10	0.00057744	3.5529e-06	-3.5397e-06	-0.00048162	-2.8065e-10	0.00048142	3.5587e-06	-3.5536e-06	-0.00038416	-3.4509e-10	0.0003845	3.5495e-06	-3.5598e-06	-3.3419e-06	-5.1081e-10	3.4649e-06	3.5331e-06	-3.557e-06
0.46	-0.0010151	-1.9191e-10	0.00101576	3.6142e-06	-3.5392e-06	-0.00087858	-2.3308e-10	0.00087914	3.5866e-06	-3.5448e-06	-0.0007582	-2.6318e-10	0.00075822	3.5742e-06	-3.5499e-06	-0.00064666	-2.7437e-10	0.0006467	3.5505e-06	-3.538e-06	-0.00054062	-3.0458e-10	0.00054084	3.5566e-06	-3.5587e-06	-0.00043258	-3.7109e-10	0.0004326	3.5432e-06	-3.5521e-06	-3.7033e-06	-5.474e-10	3.6778e-06	3.5364e-06	-3.5539e-06
0.455	-0.00112734	-2.2381e-10	0.00112726	3.6149e-06	-3.5437e-06	-0.00097892	-2.6507e-10	0.0009793	3.5861e-06	-3.5434e-06	-0.00084636	-2.907e-10	0.00084686	3.5749e-06	-3.5453e-06	-0.00072394	-3.0903e-10	0.00072442	3.5538e-06	-3.5399e-06	-0.0006069	-3.3557e-10	0.00060662	3.5605e-06	-3.5582e-06	-0.00048648	-4.0838e-10	0.00048622	3.5474e-06	-3.5558e-06	-3.9861e-06	-5.8245e-10	4.0155e-06	3.5351e-06	-3.5564e-06
0.45	-0.001247	-2.4269e-10	0.0012472	3.6171e-06	-3.5454e-06	-0.001086	-2.8672e-10	0.00108586	3.584e-06	-3.5382e-06	-0.00094108	-3.2643e-10	0.00094174	3.5742e-06	-3.5473e-06	-0.0008074	-3.3859e-10	0.0008071	3.5605e-06	-3.5446e-06	-0.0006786	-3.707e-10	0.00067888	3.553e-06	-3.5531e-06	-0.00054514	-4.3641e-10	0.00054512	3.545e-06	-3.5553e-06	-4.2772e-06	-6.1295e-10	4.3311e-06	3.5442e-06	-3.558e-06
0.445	-0.0013766	-2.7011e-10	0.0013778	3.6165e-06	-3.5476e-06	-0.001204	-3.2779e-10	0.0012042	3.5888e-06	-3.5471e-06	-0.00104606	-3.5281e-10	0.00104574	3.5766e-06	-3.5508e-06	-0.0008993	-3.5699e-10	0.00089994	3.5547e-06	-3.5403e-06	-0.00075814	-4.0556e-10	0.0007586	3.5519e-06	-3.5513e-06	-0.00061046	-4.6295e-10	0.00061032	3.5427e-06	-3.5507e-06	-4.6435e-06	-6.3582e-10	4.6117e-06	3.5388e-06	-3.5562e-06
0.44	-0.0015166	-3.0433e-10	0.0015168	3.6172e-06	-3.5477e-06	-0.0013298	-3.4121e-10	0.0013292	3.5876e-06	-3.5436e-06	-0.0011586	-3.8593e-10	0.0011592	3.576e-06	-3.551e-06	-0.0009988	-3.7863e-10	0.00099902	3.5571e-06	-3.5433e-06	-0.00084416	-4.263e-10	0.00084438	3.5553e-06	-3.5513e-06	-0.00068076	-4.8978e-10	0.00068098	3.5514e-06	-3.5574e-06	-5.0243e-06	-6.7603e-10	5.1541e-06	3.5376e-06	-3.5518e-06
0.435	-0.0016672	-3.34e-10	0.001667	3.6211e-06	-3.5491e-06	-0.0014654	-3.7367e-10	0.0014668	3.5862e-06	-3.5479e-06	-0.0012812	-4.1328e-10	0.0012808	3.5718e-06	-3.55e-06	-0.00110828	-4.1278e-10	0.0011079	3.5639e-06	-3.5491e-06	-0.00093904	-4.4808e-10	0.00093854	3.5528e-06	-3.5541e-06	-0.00075876	-5.1963e-10	0.00075884	3.5474e-06	-3.5508e-06	-5.525e-06	-7.1098e-10	5.3978e-06	3.5354e-06	-3.5578e-06
0.43	-0.0018272	-3.6435e-10	0.0018278	3.6268e-06	-3.5474e-06	-0.00161	-4.025e-10	0.0016102	3.5914e-06	-3.5469e-06	-0.0014114	-4.3069e-10	0.0014116	3.5781e-06	-3.5487e-06	-0.0012234	-4.3405e-10	0.0012238	3.555e-06	-3.5414e-06	-0.00104026	-4.7648e-10	0.00103992	3.5503e-06	-3.5526e-06	-0.00084242	-5.4956e-10	0.0008427	3.549e-06	-3.5576e-06	-5.7979e-06	-7.3855e-10	5.7897e-06	3.5411e-06	-3.5586e-06
0.425	-0.0019996	-3.8462e-10	0.0019998	3.6242e-06	-3.5497e-06	-0.0017672	-4.224e-10	0.0017674	3.5948e-06	-3.5509e-06	-0.0015536	-4.4738e-10	0.0015536	3.5756e-06	-3.5481e-06	-0.0013504	-4.7354e-10	0.001351	3.5568e-06	-3.5449e-06	-0.0011514	-5.0999e-10	0.0011516	3.5589e-06	-3.5584e-06	-0.00093474	-5.815e-10	0.00093426	3.5473e-06	-3.5557e-06	-6.4092e-06	-7.788e-10	6.3795e-06	3.5394e-06	-3.5554e-06
0.42	-0.0021812	-4.1506e-10	0.0021818	3.6252e-06	-3.555e-06	-0.001933	-4.5063e-10	0.0019336	3.5896e-06	-3.5433e-06	-0.0017042	-4.7697e-10	0.0017038	3.5767e-06	-3.5494e-06	-0.0014852	-4.9358e-10	0.0014852	3.55e-06	-3.5433e-06	-0.0012688	-5.3921e-10	0.0012694	3.5609e-06	-3.5592e-06	-0.00103204	-6.1064e-10	0.001032	3.5448e-06	-3.5545e-06	-6.6791e-06	-8.2365e-10	6.7947e-06	3.5436e-06	-3.5629e-06
0.415	-0.0023756	-4.4938e-10	0.0023752	3.6266e-06	-3.557e-06	-0.0021116	-4.7981e-10	0.0021112	3.5918e-06	-3.5482e-06	-0.0018664	-5.1083e-10	0.001866	3.5751e-06	-3.5524e-06	-0.001631	-5.1363e-10	0.001632	3.564e-06	-3.5494e-06	-0.001398	-5.6437e-10	0.0013984	3.566e-06	-3.5614e-06	-0.00113952	-6.3878e-10	0.0011393	3.5485e-06	-3.5537e-06	-7.174e-06	-8.5188e-10	7.3249e-06	3.5425e-06	-3.5606e-06
0.41	-0.0025796	-4.7391e-10	0.0025802	3.629e-06	-3.5602e-06	-0.002299	-5.0916e-10	0.0022998	3.5911e-06	-3.5529e-06	-0.0020374	-5.368e-10	0.0020366	3.5741e-06	-3.5488e-06	-0.001785	-5.4268e-10	0.0017862	3.5597e-06	-3.5456e-06	-0.0015342	-5.8569e-10	0.0015342	3.5633e-06	-3.5617e-06	-0.0012526	-6.1574e-10	0.0012538	3.5441e-06	-3.5475e-06	-7.8239e-06	-8.8896e-10	7.8552e-06	3.5431e-06	-3.5587e-06
0.405	-0.002796	-4.9898e-10	0.0027968	3.6288e-06	-3.557e-06	-0.0024992	-5.3553e-10	0.0025	3.5979e-06	-3.5546e-06	-0.0022204	-5.5737e-10	0.0022212	3.5739e-06	-3.5527e-06	-0.0019516	-5.7816e-10	0.0019522	3.5673e-06	-3.5481e-06	-0.001682	-6.0776e-10	0.0016814	3.5596e-06	-3.5572e-06	-0.0013758	-6.5022e-10	0.0013766	3.5448e-06	-3.554e-06	-8.3409e-06	-9.3291e-10	8.4514e-06	3.5453e-06	-3.5614e-06
0.4	-0.0030218	-5.3013e-10	0.0030224	3.6319e-06	-3.5576e-06	-0.0027086	-5.5931e-10	0.0027084	3.5967e-06	-3.5515e-06	-0.0024118	-5.8205e-10	0.0024122	3.5783e-06	-3.5516e-06	-0.0021264	-6.0439e-10	0.0021266	3.5632e-06	-3.5488e-06	-0.0018368	-6.4137e-10	0.0018362	3.5595e-06	-3.5594e-06	-0.0015054	-6.8529e-10	0.0015054	3.5466e-06	-3.5546e-06	-8.8214e-06	-9.7206e-10	8.9733e-06	3.5378e-06	-3.5542e-06
0.395	-0.0032634	-5.5769e-10	0.0032646	3.6253e-06	-3.5571e-06	-0.0029306	-5.8876e-10	0.0029328	3.5984e-06	-3.5545e-06	-0.0026186	-6.122e-10	0.0026184	3.5813e-06	-3.5559e-06	-0.002313	-6.2547e-10	0.0023128	3.5609e-06	-3.5483e-06	-0.0020034	-6.7306e-10	0.0020044	3.5538e-06	-3.5517e-06	-0.0016454	-7.1284e-10	0.0016456	3.5491e-06	-3.5578e-06	-9.4383e-06	-9.2931e-10	9.5811e-06	3.5457e-06	-3.5595e-06
0.39	-0.0035112	-5.8231e-10	0.0035114	3.6304e-06	-3.5564e-06	-0.003163	-6.186e-10	0.0031632	3.597e-06	-3.5574e-06	-0.0028306	-6.4517e-10	0.0028302	3.5819e-06	-3.5583e-06	-0.0025068	-6.4872e-10	0.0025082	3.5621e-06	-3.5525e-06	-0.0021784	-6.9569e-10	0.002178	3.5549e-06	-3.5526e-06	-0.0017906	-7.3658e-10	0.0017912	3.543e-06	-3.5562e-06	-1.02142e-05	-9.6907e-10	1.02091e-05	3.5463e-06	-3.5642e-06
0.385	-0.0037768	-6.1209e-10	0.0037762	3.6319e-06	-3.5596e-06	-0.0034086	-6.43e-10	0.0034084	3.6019e-06	-3.561e-06	-0.0030576	-6.7217e-10	0.0030588	3.5839e-06	-3.5601e-06	-0.002716	-6.9093e-10	0.002716	3.5643e-06	-3.5534e-06	-0.0023644	-7.2219e-10	0.0023646	3.5562e-06	-3.5531e-06	-0.0019476	-7.6089e-10	0.001947	3.5493e-06	-3.5525e-06	-1.08833e-05	-1.09584e-09	1.07567e-05	3.5464e-06	-3.5668e-06
0.38	-0.0040478	-6.4885e-10	0.0040474	3.6309e-06	-3.5585e-06	-0.0036608	-6.6566e-10	0.003663	3.6001e-06	-3.557e-06	-0.0032924	-6.8991e-10	0.003294	3.579e-06	-3.5567e-06	-0.0029326	-7.1347e-10	0.002933	3.563e-06	-3.5495e-06	-0.0025592	-7.554e-10	0.0025586	3.5569e-06	-3.5602e-06	-0.0021094	-7.9619e-10	0.0021092	3.5493e-06	-3.5589e-06	-1.09433e-05	-1.1474e-09	1.13527e-05	3.5442e-06	-3.5669e-06
0.375	-0.0043334	-6.6977e-10	0.0043344	3.6323e-06	-3.559e-06	-0.0039298	-6.9646e-10	0.0039296	3.6056e-06	-3.5601e-06	-0.0035422	-7.2283e-10	0.0035416	3.5773e-06	-3.5519e-06	-0.003162	-7.3005e-10	0.003162	3.5707e-06	-3.5556e-06	-0.0027648	-7.8948e-10	0.002765	3.5549e-06	-3.5555e-06	-0.002282	-8.2199e-10	0.0022818	3.5431e-06	-3.5513e-06	-1.14789e-05	-1.1794e-09	1.15003e-05	3.5399e-06	-3.5586e-06
0.37	-0.0046266	-6.924e-10	0.004628	3.6364e-06	-3.5639e-06	-0.0042056	-7.3123e-10	0.0042052	3.6028e-06	-3.5593e-06	-0.0037992	-7.0673e-10	0.0038002	3.5754e-06	-3.5445e-06	-0.0033972	-7.5865e-10	0.0033986	3.5661e-06	-3.5562e-06	-0.0029796	-8.0425e-10	0.0029792	3.56e-06	-3.5571e-06	-0.0024612	-8.548e-10	0.0024608	3.5457e-06	-3.5507e-06	-1.17194e-05	-1.2377e-09	1.168e-05	3.5381e-06	-3.559e-06
0.365	-0.0049356	-7.2064e-10	0.004936	3.6377e-06	-3.5681e-06	-0.0044954	-7.0384e-10	0.0044954	3.6025e-06	-3.562e-06	-0.00407	-7.2642e-10	0.0040706	3.5735e-06	-3.5468e-06	-0.0036486	-7.9481e-10	0.0036496	3.573e-06	-3.5567e-06	-0.003206	-8.3063e-10	0.0032056	3.5588e-06	-3.5574e-06	-0.00265	-9.4226e-10	0.0026498	3.5499e-06	-3.5581e-06	-1.17194e-05	-1.2775e-09	1.174e-05	3.5405e-06	-3.5547e-06
0.36	-0.0052516	-7.0254e-10	0.0052506	3.6436e-06	-3.5715e-06	-0.0047924	-7.2644e-10	0.0047906	3.6016e-06	-3.5592e-06	-0.0043486	-7.4913e-10	0.0043484	3.5763e-06	-3.5508e-06	-0.003906	-8.2818e-10	0.003907	3.5704e-06	-3.5539e-06	-0.0034416	-8.6545e-10	0.0034416	3.5623e-06	-3.5628e-06	-0.0028458	-9.6845e-10	0.002845	3.5507e-06	-3.558e-06	-1.17196e-05	-1.335e-09	1.3754e-05	3.5358e-06	-3.554e-06
0.355	-0.0055798	-7.3578e-10	0.0055798	3.6418e-06	-3.5746e-06	-0.0051044	-7.5726e-10	0.005103	3.6042e-06	-3.5605e-06	-0.0046404	-7.7678e-10	0.004641	3.5773e-06	-3.5549e-06	-0.0041772	-8.4431e-10	0.0041782	3.5749e-06	-3.5579e-06	-0.003689	-9.0132e-10	0.0036888	3.5639e-06	-3.5587e-06	-0.0030506	-9.9901e-10	0.003052	3.555e-06	-3.5628e-06	-1.4214e-05	-1.3733e-09	1.469e-05	3.5397e-06	-3.5591e-06
0.35	-0.0059168	-7.6486e-10	0.0059148	3.6432e-06	-3.5704e-06	-0.0054222	-7.941e-10	0.005423	3.6084e-06	-3.5651e-06	-0.0049378	-8.1776e-10	0.0049378	3.5812e-06	-3.5512e-06	-0.0044558	-8.722e-10	0.004456	3.576e-06	-3.5615e-06	-0.0039418	-9.3914e-10	0.003942	3.563e-06	-3.5619e-06	-0.0032618	-1.03343e-09	0.0032608	3.5498e-06	-3.5591e-06	-1.5276e-05	-1.4198e-09	1.5276e-05	3.54e-06	-3.5567e-06
0.345	-0.0062684	-7.9052e-10	0.0062688	3.645e-06	-3.5757e-06	-0.005756	-8.2331e-10	0.0057548	3.6061e-06	-3.5648e-06	-0.0052536	-8.5029e-10	0.0052526	3.5882e-06	-3.5633e-06	-0.0047498	-9.1162e-10	0.0047482	3.5728e-06	-3.5583e-06	-0.0042084	-9.6954e-10	0.0042094	3.563e-06	-3.561e-06	-0.0034806	-1.06632e-09	0.0034824	3.5493e-06	-3.5561e-06	-1.5838e-05	-1.4854e-09	1.5806e-05	3.5436e-06	-3.5602e-06
0.34	-0.0066252	-8.1901e-10	0.006623	3.656e-06	-3.5808e-06	-0.006091	-8.4811e-10	0.0060914	3.6055e-06	-3.5648e-06	-0.0055706	-8.6505e-10	0.0055736	3.5866e-06	-3.5595e-06	-0.0050442	-9.4664e-10	0.0050442	3.5729e-06	-3.554e-06	-0.0044794	-9.9127e-10	0.0044818	3.5671e-06	-3.5632e-06	-0.0037048	-1.09619e-09	0.0037046	3.55e-06	-3.5574e-06	-1.6356e-05	-1.5352e-09	1.6422e-05	3.544e-06	-3.5613e-06
0.335	-0.0069948	-9.0019e-10	0.0069952	3.6535e-06	-3.5802e-06	-0.0064458	-8.7407e-10	0.0064454	3.6131e-06	-3.5669e-06	-0.0059044	-9.4186e-10	0.005905	3.584e-06	-3.5626e-06	-0.0053574	-9.6023e-10	0.0053572	3.5763e-06	-3.5623e-06	-0.0047664	-1.02204e-09	0.0047666	3.5658e-06	-3.5648e-06	-0.0039394	-1.138e-09	0.0039406	3.5521e-06	-3.558e-06	-1.7036e-05	-1.5863e-09	1.7094e-05	3.546e-06	-3.567e-06
0.33	-0.0073674	-8.8178e-10	0.0073704	3.6503e-06	-3.5818e-06	-0.006802	-9.0869e-10	0.0068012	3.6113e-06	-3.5676e-06	-0.0062402	-9.7949e-10	0.0062414	3.591e-06	-3.5629e-06	-0.0056732	-9.9143e-10	0.0056736	3.5714e-06	-3.5587e-06	-0.0050572	-1.05323e-09	0.0050572	3.5676e-06	-3.5653e-06	-0.0041768	-1.1665e-09	0.0041788	3.5517e-06	-3.5589e-06	-1.7874e-05	-1.6405e-09	1.7898e-05	3.5409e-06	-3.5591e-06
0.325	-0.0077604	-9.5801e-10	0.0077606	3.6594e-06	-3.5869e-06	-0.0071732	-9.4302e-10	0.007174	3.6125e-06	-3.5689e-06	-0.0065936	-1.01134e-09	0.0065932	3.5916e-06	-3.5637e-06	-0.0060032	-1.03292e-09	0.006005	3.5717e-06	-3.5586e-06	-0.0053606	-1.08964e-09	0.0053604	3.5713e-06	-3.5681e-06	-0.0044256	-1.2054e-09	0.0044242	3.5432e-06	-3.5528e-06	-1.8434e-05	-1.7042e-09	1.8584e-05	3.5446e-06	-3.5626e-06
0.32	-0.008152	-9.8711e-10	0.0081532	3.655e-06	-3.5839e-06	-0.0075474	-1.01102e-09	0.0075484	3.6126e-06	-3.5755e-06	-0.0069512	-1.03279e-09	0.0069508	3.5998e-06	-3.5748e-06	-0.0063392	-1.06509e-09	0.0063392	3.5775e-06	-3.5643e-06	-0.0056674	-1.1176e-09	0.0056678	3.5688e-06	-3.5652e-06	-0.0046756	-1.2498e-09	0.0046746	3.5464e-06	-3.5532e-06	-1.9244e-05	-1.7578e-09	1.9322e-05	3.5442e-06	-3.5588e-06
0.315	-0.0085604	-1.01469e-09	0.0085606	3.6587e-06	-3.5844e-06	-0.0079378	-1.04172e-09	0.0079378	3.618e-06	-3.5769e-06	-0.0073198	-1.06383e-09	0.00732	3.5979e-06	-3.573e-06	-0.0066878	-1.08588e-09	0.0066886	3.5725e-06	-3.5596e-06	-0.0059882	-1.1553e-09	0.0059878	3.569e-06	-3.5661e-06	-0.0049318	-1.2898e-09	0.0049318	3.551e-06	-3.5603e-06	-1.9846e-05	-1.8124e-09	2.0156e-05	3.5382e-06	-3.5572e-06
0.31	-0.0089712	-1.04567e-09	0.0089718	3.6662e-06	-3.5912e-06	-0.0083286	-1.08145e-09	0.0083298	3.6207e-06	-3.5768e-06	-0.007694	-1.09663e-09	0.0076958	3.5969e-06	-3.571e-06	-0.0070382	-1.119e-09	0.0070386	3.5732e-06	-3.5599e-06	-0.0063148	-1.1803e-09	0.0063144	3.5689e-06	-3.5644e-06	-0.0051894	-1.3175e-09	0.0051912	3.5429e-06	-3.5547e-06	-2.0516e-05	-1.8697e-09	2.0588e-05	3.5359e-06	-3.5562e-06
0.305	-0.0093942	-1.07778e-09	0.0093992	3.665e-06	-3.5919e-06	-0.0087394	-1.11553e-09	0.0087422	3.6223e-06	-3.5795e-06	-0.0080808	-1.1303e-09	0.0080826	3.602e-06	-3.5771e-06	-0.0074054	-1.1489e-09	0.0074064	3.5736e-06	-3.5592e-06	-0.0066508	-1.2133e-09	0.0066526	3.5677e-06	-3.566e-06	-0.00546	-1.359e-09	0.0054594	3.5387e-06	-3.5539e-06	-2.105e-05	-1.9395e-09	2.0932e-05	3.5436e-06	-3.5567e-06
0.3	-0.009824	-1.1106e-09	0.009824	3.6687e-06	-3.5983e-06	-0.0091464	-1.149e-09	0.00915	3.6288e-06	-3.5852e-06	-0.0084746	-1.1554e-09	0.008472	3.5953e-06	-3.5665e-06	-0.0077748	-1.1858e-09	0.0077738	3.5776e-06	-3.5641e-06	-0.0069912	-1.255e-09	0.0069918	3.5734e-06	-3.5714e-06	-0.0057262	-1.4102e-09	0.0057276	3.5481e-06	-3.5562e-06	-2.1616e-05	-1.9952e-09	2.1934e-05	3.535e-06	-3.5559e-06
0.295	-0.0102628	-1.1345e-09	0.0102638	3.6655e-06	-3.5941e-06	-0.0095704	-1.1721e-09	0.0095736	3.6328e-06	-3.5897e-06	-0.008876	-1.1912e-09	0.0088768	3.5982e-06	-3.5718e-06	-0.0081566	-1.2256e-09	0.0081592	3.5735e-06	-3.5666e-06	-0.007345	-1.2959e-09	0.0073466	3.5769e-06	-3.5741e-06	-0.0060022	-1.4534e-09	0.0060024	3.5485e-06	-3.5527e-06	-2.2624e-05	-1.6855e-09	2.2538e-05	3.5371e-06	-3.5533e-06
0.29	-0.0107066	-1.1689e-09	0.0107074	3.6717e-06	-3.5983e-06	-0.0099974	-1.1971e-09	0.009998	3.638e-06	-3.5957e-06	-0.0092852	-1.1764e-09	0.0092822	3.6072e-06	-3.5824e-06	-0.0085428	-1.2541e-09	0.0085432	3.5806e-06	-3.5656e-06	-0.007702	-1.3234e-09	0.0077026	3.5707e-06	-3.5712e-06	-0.0062774	-1.495e-09	0.0062766	3.541e-06	-3.5483e-06	-2.294e-05	-2.1103e-09	2.3252e-05	3.5416e-06	-3.5531e-06
0.285	-0.0111598	-1.214e-09	0.0111632	3.6734e-06	-3.5999e-06	-0.0104364	-1.2386e-09	0.0104372	3.6406e-06	-3.5984e-06	-0.009703	-1.2558e-09	0.009704	3.6065e-06	-3.5812e-06	-0.0089416	-1.281e-09	0.0089392	3.5735e-06	-3.5597e-06	-0.0080698	-1.3536e-09	0.0080712	3.5679e-06	-3.5679e-06	-0.0065584	-1.5381e-09	0.0065574	3.5383e-06	-3.5493e-06	-2.416e-05	-2.1789e-09	2.4082e-05	3.539e-06	-3.5576e-06
0.28	-0.011602	-1.2317e-09	0.011618	3.6737e-06	-3.6032e-06	-0.0108774	-1.2825e-09	0.010875	3.643e-06	-3.5956e-06	-0.0101264	-1.2908e-09	0.0101268	3.6047e-06	-3.5792e-06	-0.0093414	-1.3254e-09	0.009341	3.579e-06	-3.569e-06	-0.0084388	-1.4014e-09	0.008441	3.5737e-06	-3.5685e-06	-0.006837	-1.5425e-09	0.006836	3.5463e-06	-3.5552e-06	-2.4558e-05	-2.2425e-09	2.4432e-05	3.5375e-06	-3.5559e-06
0.275	-0.012072	-1.2732e-09	0.012088	3.6785e-06	-3.6033e-06	-0.0113302	-1.3035e-09	0.0113296	3.6392e-06	-3.5971e-06	-0.0105596	-1.3248e-09	0.0105604	3.6043e-06	-3.5799e-06	-0.0097534	-1.3603e-09	0.0097514	3.5834e-06	-3.5661e-06	-0.008818	-1.4392e-09	0.0088198	3.5714e-06	-3.5672e-06	-0.0071214	-1.5854e-09	0.0071204	3.5499e-06	-3.5563e-06	-2.5002e-05	-2.2929e-09	2.504e-05	3.5364e-06	-3.5527e-06
0.27	-0.012542	-1.3107e-09	0.012554	3.681e-06	-3.6106e-06	-0.01177	-1.3481e-09	0.011784	3.6352e-06	-3.5951e-06	-0.010995	-1.3613e-09	0.010996	3.6066e-06	-3.58e-06	-0.010166	-1.3888e-09	0.010168	3.5932e-06	-3.5793e-06	-0.0092036	-1.4771e-09	0.0092036	3.5737e-06	-3.5703e-06	-0.007405	-1.4791e-09	0.0074036	3.5453e-06	-3.557e-06	-2.5542e-05	-1.9185e-09	2.5762e-05	3.5384e-06	-3.5535e-06
0.265	-0.013026	-1.3435e-09	0.013038	3.6873e-06	-3.6148e-06	-0.012236	-1.3752e-09	0.012246	3.6399e-06	-3.602e-06	-0.0114426	-1.3973e-09	0.0114424	3.6095e-06	-3.5826e-06	-0.010594	-1.3664e-09	0.0105934	3.587e-06	-3.5747e-06	-0.0095946	-1.5115e-09	0.0095978	3.5711e-06	-3.5676e-06	-0.0076924	-1.6839e-09	0.007692	3.5489e-06	-3.555e-06	-2.5828e-05	-1.9734e-09	2.5874e-05	3.5382e-06	-3.558e-06
0.26	-0.013508	-1.3758e-09	0.01352	3.6846e-06	-3.6177e-06	-0.0127	-1.3326e-09	0.012714	3.6479e-06	-3.6049e-06	-0.011874	-1.4201e-09	0.011892	3.6111e-06	-3.5853e-06	-0.011018	-1.4158e-09	0.01102	3.5843e-06	-3.5731e-06	-0.0099902	-1.556e-09	0.0099904	3.5737e-06	-3.5702e-06	-0.0079758	-1.7975e-09	0.0079758	3.5513e-06	-3.5624e-06	-2.6278e-05	-2.4877e-09	2.6558e-05	3.5439e-06	-3.561e-06
0.255	-0.013994	-1.413e-09	0.014008	3.6911e-06	-3.619e-06	-0.013172	-1.3688e-09	0.013186	3.6479e-06	-3.6072e-06	-0.01233	-1.4666e-09	0.012344	3.6171e-06	-3.5909e-06	-0.011451	-1.4578e-09	0.011453	3.5904e-06	-3.5753e-06	-0.0103886	-1.4939e-09	0.01039	3.5731e-06	-3.5683e-06	-0.008261	-1.8437e-09	0.008261	3.5559e-06	-3.5642e-06	-2.6908e-05	-2.5537e-09	2.6898e-05	3.542e-06	-3.5633e-06
0.25	-0.014494	-1.4491e-09	0.01451	3.6909e-06	-3.6224e-06	-0.013654	-1.4826e-09	0.01367	3.6507e-06	-3.6067e-06	-0.012792	-1.5073e-09	0.012806	3.6232e-06	-3.5964e-06	-0.011884	-1.4915e-09	0.011896	3.5889e-06	-3.5796e-06	-0.0108	-1.6313e-09	0.0107986	3.5686e-06	-3.5664e-06	-0.0085484	-1.8899e-09	0.008547	3.5524e-06	-3.5561e-06	-2.7344e-05	-2.6184e-09	2.7474e-05	3.5476e-06	-3.5669e-06
0.245	-0.014994	-1.4714e-09	0.01501	3.6942e-06	-3.6223e-06	-0.014138	-1.5134e-09	0.014152	3.6538e-06	-3.6083e-06	-0.013258	-1.5411e-09	0.013276	3.621e-06	-3.5938e-06	-0.012326	-1.5341e-09	0.012338	3.5898e-06	-3.575e-06	-0.0112072	-1.6673e-09	0.0112084	3.5708e-06	-3.5738e-06	-0.0088316	-1.9432e-09	0.008832	3.5534e-06	-3.5599e-06	-2.7572e-05	-2.6895e-09	2.7622e-05	3.543e-06	-3.5603e-06
0.24	-0.015506	-1.5083e-09	0.01552	3.6951e-06	-3.624e-06	-0.014636	-1.5442e-09	0.014648	3.6619e-06	-3.6189e-06	-0.01374	-1.5636e-09	0.013756	3.6191e-06	-3.5956e-06	-0.012782	-1.566e-09	0.0128	3.5895e-06	-3.5774e-06	-0.011614	-1.7219e-09	0.011628	3.5677e-06	-3.5669e-06	-0.0091176	-2.0155e-09	0.009118	3.5529e-06	-3.5623e-06	-2.8298e-05	-2.7522e-09	2.8566e-05	3.5423e-06	-3.5583e-06
0.235	-0.016012	-1.4791e-09	0.01603	3.7001e-06	-3.6282e-06	-0.015128	-1.5719e-09	0.015144	3.664e-06	-3.6195e-06	-0.014216	-1.6083e-09	0.01423	3.6226e-06	-3.5964e-06	-0.013232	-1.5953e-09	0.013252	3.5918e-06	-3.5802e-06	-0.012032	-1.7717e-09	0.012046	3.5734e-06	-3.574e-06	-0.0093992	-2.0634e-09	0.0093994	3.5556e-06	-3.5635e-06	-2.884e-05	-2.2756e-09	2.8708e-05	3.5416e-06	-3.5558e-06
0.23	-0.016532	-1.5957e-09	0.01655	3.7064e-06	-3.6321e-06	-0.015628	-1.6298e-09	0.015642	3.6655e-06	-3.6253e-06	-0.014704	-1.5652e-09	0.014724	3.6205e-06	-3.5983e-06	-0.013702	-1.5237e-09	0.013714	3.5954e-06	-3.5823e-06	-0.012464	-1.8093e-09	0.012476	3.5802e-06	-3.5752e-06	-0.0096826	-2.1137e-09	0.0096822	3.5506e-06	-3.5556e-06	-2.8936e-05	-2.8843e-09	2.9254e-05	3.5361e-06	-3.5564e-06
0.225	-0.01705	-1.6319e-09	0.017064	3.7078e-06	-3.6356e-06	-0.016134	-1.5725e-09	0.016144	3.664e-06	-3.6226e-06	-0.01519	-1.5893e-09	0.015206	3.6298e-06	-3.6007e-06	-0.014168	-1.6057e-09	0.01418	3.5926e-06	-3.5791e-06	-0.012892	-1.8493e-09	0.0129	3.5812e-06	-3.5799e-06	-0.0099614	-2.178e-09	0.0099596	3.553e-06	-3.5597e-06	-2.8846e-05	-2.3983e-09	2.8916e-05	3.5334e-06	-3.5548e-06
0.22	-0.017582	-1.6613e-09	0.017604	3.7071e-06	-3.6403e-06	-0.016652	-1.5934e-09	0.016664	3.667e-06	-3.6218e-06	-0.01569	-1.6109e-09	0.015702	3.6287e-06	-3.6054e-06	-0.014644	-1.775e-09	0.014656	3.59e-06	-3.5796e-06	-0.01332	-1.7306e-09	0.013332	3.58e-06	-3.5745e-06	-0.0102394	-2.1949e-09	0.0102408	3.5558e-06	-3.5651e-06	-2.9698e-05	-3.0263e-09	2.9638e-05	3.5369e-06	-3.5565e-06
0.215	-0.018108	-1.7044e-09	0.018122	3.712e-06	-3.6415e-06	-0.017162	-1.6213e-09	0.017176	3.6656e-06	-3.62e-06	-0.016182	-1.763e-09	0.016196	3.6325e-06	-3.6048e-06	-0.015118	-1.8197e-09	0.01513	3.5979e-06	-3.5862e-06	-0.01375	-1.7721e-09	0.013762	3.5793e-06	-3.5771e-06	-0.0105142	-2.2502e-09	0.0105136	3.5523e-06	-3.5593e-06	-2.994e-05	-3.0902e-09	3.0228e-05	3.5453e-06	-3.5634e-06
0.21	-0.018642	-1.7499e-09	0.01866	3.7176e-06	-3.6485e-06	-0.017686	-1.7815e-09	0.017704	3.667e-06	-3.6264e-06	-0.016686	-1.812e-09	0.016702	3.6276e-06	-3.6029e-06	-0.0156	-1.7112e-09	0.015614	3.5982e-06	-3.5803e-06	-0.01419	-1.8046e-09	0.014204	3.5778e-06	-3.5767e-06	-0.0107854	-1.9619e-09	0.010786	3.558e-06	-3.5683e-06	-3.1146e-05	-3.1587e-09	3.0868e-05	3.543e-06	-3.5597e-06
0.205	-0.019174	-1.7787e-09	0.019192	3.7218e-06	-3.6522e-06	-0.018204	-1.6399e-09	0.01822	3.6815e-06	-3.6377e-06	-0.017194	-1.8038e-09	0.017208	3.6281e-06	-3.6036e-06	-0.016084	-1.7498e-09	0.016096	3.5938e-06	-3.581e-06	-0.01463	-1.8383e-09	0.014638	3.5816e-06	-3.5786e-06	-0.0110536	-2.4258e-09	0.0110538	3.556e-06	-3.5672e-06	-3.085e-05	-3.2271e-09	3.1104e-05	3.5342e-06	-3.5543e-06
0.2	-0.019724	-1.8235e-09	0.019732	3.7251e-06	-3.6572e-06	-0.01874	-1.8149e-09	0.018754	3.6818e-06	-3.6378e-06	-0.01771	-1.837e-09	0.017724	3.6318e-06	-3.6101e-06	-0.016578	-1.7789e-09	0.016588	3.5994e-06	-3.5809e-06	-0.015074	-1.8845e-09	0.015086	3.5836e-06	-3.5815e-06	-0.0113222	-2.494e-09	0.0113232	3.5621e-06	-3.5678e-06	-3.1554e-05	-3.3054e-09	3.1532e-05	3.5381e-06	-3.5559e-06
0.195	-0.020256	-1.7388e-09	0.020276	3.7286e-06	-3.6537e-06	-0.019268	-1.8381e-09	0.019282	3.6854e-06	-3.6405e-06	-0.018222	-1.873e-09	0.018232	3.635e-06	-3.6104e-06	-0.017058	-1.9448e-09	0.017078	3.6013e-06	-3.5885e-06	-0.015518	-2.1594e-09	0.01553	3.5888e-06	-3.579e-06	-0.011566	-2.1536e-09	0.01158	3.5571e-06	-3.5633e-06	-3.165e-05	-3.3679e-09	3.178e-05	3.5366e-06	-3.5549e-06
0.19	-0.020812	-1.9058e-09	0.020824	3.7332e-06	-3.6606e-06	-0.019806	-1.8847e-09	0.019814	3.6871e-06	-3.643e-06	-0.018738	-1.7596e-09	0.018754	3.639e-06	-3.611e-06	-0.01756	-1.9893e-09	0.017578	3.6046e-06	-3.5919e-06	-0.015966	-2.207e-09	0.01598	3.5859e-06	-3.5837e-06	-0.011828	-2.6114e-09	0.01184	3.5584e-06	-3.5664e-06	-3.2462e-05	-3.4463e-09	3.2598e-05	3.5418e-06	-3.5567e-06
0.185	-0.021358	-1.9462e-09	0.021378	3.7335e-06	-3.6611e-06	-0.02034	-1.7902e-09	0.020354	3.6871e-06	-3.6477e-06	-0.019262	-1.8429e-09	0.019276	3.6415e-06	-3.6169e-06	-0.018058	-2.0386e-09	0.01807	3.6115e-06	-3.5969e-06	-0.016414	-2.1972e-09	0.016426	3.5816e-06	-3.5804e-06	-0.012078	-2.685e-09	0.012094	3.5587e-06	-3.5672e-06	-3.2844e-05	-3.525e-09	3.298e-05	3.5423e-06	-3.5591e-06
0.18	-0.021914	-1.9846e-09	0.02193	3.7384e-06	-3.6712e-06	-0.020886	-2.0184e-09	0.0209	3.6931e-06	-3.6535e-06	-0.019788	-2.0598e-09	0.019806	3.6422e-06	-3.6189e-06	-0.01857	-2.0756e-09	0.018584	3.6097e-06	-3.5951e-06	-0.016862	-2.2514e-09	0.016878	3.5765e-06	-3.5731e-06	-0.012338	-2.7489e-09	0.01235	3.5611e-06	-3.5706e-06	-3.2968e-05	-2.9438e-09	3.3076e-05	3.542e-06	-3.5587e-06
0.175	-0.022474	-1.8749e-09	0.022482	3.7415e-06	-3.6713e-06	-0.021424	-2.0566e-09	0.02144	3.6951e-06	-3.6514e-06	-0.02031	-2.097e-09	0.02033	3.6489e-06	-3.6236e-06	-0.019068	-2.1217e-09	0.01908	3.6106e-06	-3.5946e-06	-0.017306	-2.0776e-09	0.017318	3.5813e-06	-3.5786e-06	-0.012582	-2.805e-09	0.012592	3.5571e-06	-3.5632e-06	-3.3294e-05	-3.0082e-09	3.3554e-05	3.5364e-06	-3.5559e-06
0.17	-0.023026	-1.9241e-09	0.023042	3.7453e-06	-3.673e-06	-0.021966	-1.9388e-09	0.02198	3.6984e-06	-3.6543e-06	-0.020842	-1.9538e-09	0.020854	3.6554e-06	-3.6245e-06	-0.01957	-2.1752e-09	0.019586	3.6094e-06	-3.599e-06	-0.017752	-2.1223e-09	0.017766	3.5796e-06	-3.5789e-06	-0.012822	-2.8751e-09	0.012838	3.5552e-06	-3.5627e-06	-3.4226e-05	-3.7401e-09	3.422e-05	3.5427e-06	-3.5588e-06
0.165	-0.023594	-2.1185e-09	0.02361	3.7434e-06	-3.6721e-06	-0.022522	-1.973e-09	0.022536	3.6934e-06	-3.6551e-06	-0.021384	-2.002e-09	0.021394	3.6538e-06	-3.623e-06	-0.020086	-2.2752e-09	0.020104	3.6102e-06	-3.5938e-06	-0.018204	-2.4644e-09	0.018222	3.5779e-06	-3.575e-06	-0.013064	-2.9433e-09	0.013078	3.5572e-06	-3.5648e-06	-3.4456e-05	-3.8308e-09	3.4314e-05	3.543e-06	-3.5581e-06
0.16	-0.024156	-2.1645e-09	0.02417	3.7471e-06	-3.6755e-06	-0.023072	-2.1909e-09	0.023082	3.6993e-06	-3.6565e-06	-0.02191	-2.0288e-09	0.02193	3.6508e-06	-3.6246e-06	-0.020596	-2.3264e-09	0.02061	3.6121e-06	-3.6005e-06	-0.018654	-2.1961e-09	0.018664	3.5818e-06	-3.5816e-06	-0.013298	-3.0123e-09	0.013312	3.5511e-06	-3.557e-06	-3.4742e-05	-3.2186e-09	3.5154e-05	3.5463e-06	-3.562e-06
0.155	-0.024724	-2.0228e-09	0.02474	3.7527e-06	-3.6794e-06	-0.023628	-2.2234e-09	0.023644	3.7007e-06	-3.6593e-06	-0.022458	-2.0058e-09	0.022472	3.655e-06	-3.6307e-06	-0.021116	-2.3681e-09	0.021124	3.6114e-06	-3.5992e-06	-0.019102	-2.3171e-09	0.01912	3.5894e-06	-3.5866e-06	-0.013534	-3.0732e-09	0.013546	3.5517e-06	-3.5594e-06	-3.488e-05	-3.974e-09	3.5014e-05	3.5507e-06	-3.5648e-06
0.15	-0.025286	-2.1862e-09	0.0253	3.7624e-06	-3.6908e-06	-0.024186	-2.2696e-09	0.024196	3.6998e-06	-3.6575e-06	-0.022992	-2.102e-09	0.023008	3.656e-06	-3.6328e-06	-0.021626	-2.4111e-09	0.021642	3.6127e-06	-3.6016e-06	-0.019546	-2.6452e-09	0.01956	3.5821e-06	-3.5816e-06	-0.013762	-3.1363e-09	0.01377	3.5503e-06	-3.5572e-06	-3.515e-05	-3.3667e-09	3.5508e-05	3.541e-06	-3.5603e-06
0.145	-0.025866	-2.053e-09	0.02588	3.761e-06	-3.691e-06	-0.024746	-2.1128e-09	0.02476	3.7019e-06	-3.6597e-06	-0.02354	-2.149e-09	0.023554	3.662e-06	-3.6391e-06	-0.022146	-2.4689e-09	0.022162	3.6163e-06	-3.6045e-06	-0.019998	-2.6969e-09	0.02001	3.5858e-06	-3.5849e-06	-0.013984	-2.6728e-09	0.013996	3.5518e-06	-3.559e-06	-3.585e-05	-3.4478e-09	3.578e-05	3.5371e-06	-3.5558e-06
0.14	-0.026434	-2.2139e-09	0.026444	3.7676e-06	-3.6998e-06	-0.025302	-2.156e-09	0.02532	3.7054e-06	-3.6628e-06	-0.024086	-2.1876e-09	0.024098	3.6605e-06	-3.6361e-06	-0.022668	-2.2224e-09	0.02268	3.62e-06	-3.6058e-06	-0.020442	-2.3608e-09	0.02046	3.5909e-06	-3.5882e-06	-0.014202	-3.2885e-09	0.014216	3.5593e-06	-3.5657e-06	-3.6426e-05	-3.5098e-09	3.6378e-05	3.5405e-06	-3.5602e-06
0.135	-0.027014	-2.3287e-09	0.027026	3.7695e-06	-3.6975e-06	-0.025872	-2.1807e-09	0.025886	3.7063e-06	-3.6676e-06	-0.02464	-2.2139e-09	0.024656	3.6596e-06	-3.6358e-06	-0.02319	-2.5725e-09	0.023208	3.6165e-06	-3.6047e-06	-0.020884	-2.8094e-09	0.020898	3.5872e-06	-3.5863e-06	-0.01442	-2.7935e-09	0.01443	3.559e-06	-3.5723e-06	-3.661e-05	-4.2923e-09	3.6944e-05	3.5401e-06	-3.559e-06
0.13	-0.027584	-2.3325e-09	0.0276	3.7684e-06	-3.699e-06	-0.026438	-2.4503e-09	0.026452	3.7088e-06	-3.6677e-06	-0.025186	-2.2534e-09	0.025204	3.6704e-06	-3.6406e-06	-0.023714	-2.6136e-09	0.023728	3.6214e-06	-3.6073e-06	-0.021322	-2.475e-09	0.021338	3.592e-06	-3.5885e-06	-0.014626	-2.8486e-09	0.014638	3.5569e-06	-3.5654e-06	-3.7146e-05	-3.6539e-09	3.6956e-05	3.5366e-06	-3.5539e-06
0.125	-0.028168	-2.4775e-09	0.02818	3.7734e-06	-3.6998e-06	-0.027012	-2.2591e-09	0.027018	3.7095e-06	-3.6693e-06	-0.025746	-2.304e-09	0.025758	3.6727e-06	-3.6463e-06	-0.02424	-2.6656e-09	0.024256	3.6261e-06	-3.6115e-06	-0.021772	-2.5124e-09	0.021784	3.5932e-06	-3.5927e-06	-0.014826	-3.4999e-09	0.014848	3.5496e-06	-3.5626e-06	-3.704e-05	-4.4787e-09	3.6812e-05	3.5349e-06	-3.5531e-06
0.12	-0.028744	-2.5271e-09	0.02876	3.779e-06	-3.7079e-06	-0.027574	-2.3075e-09	0.027586	3.7161e-06	-3.6757e-06	-0.026292	-2.3453e-09	0.02631	3.6723e-06	-3.6445e-06	-0.024766	-2.7391e-09	0.024778	3.6231e-06	-3.6109e-06	-0.022206	-2.4968e-09	0.022224	3.5929e-06	-3.5878e-06	-0.015038	-2.9845e-09	0.015054	3.561e-06	-3.5721e-06	-3.7016e-05	-4.5618e-09	3.7038e-05	3.5318e-06	-3.5507e-06
0.115	-0.029334	-2.3259e-09	0.029334	3.7817e-06	-3.7143e-06	-0.02815	-2.348e-09	0.028168	3.7219e-06	-3.6779e-06	-0.026852	-2.6732e-09	0.026868	3.6719e-06	-3.6408e-06	-0.025298	-2.4295e-09	0.025312	3.6273e-06	-3.6144e-06	-0.022646	-2.6051e-09	0.022654	3.5895e-06	-3.5891e-06	-0.015238	-3.0418e-09	0.01525	3.5622e-06	-3.5678e-06	-3.7424e-05	-4.6522e-09	3.7594e-05	3.5325e-06	-3.5491e-06
0.11	-0.029906	-2.6046e-09	0.029922	3.7857e-06	-3.714e-06	-0.028722	-2.3896e-09	0.02873	3.7226e-06	-3.6823e-06	-0.027402	-2.7234e-09	0.02742	3.6725e-06	-3.6473e-06	-0.02582	-2.4641e-09	0.025838	3.6303e-06	-3.6109e-06	-0.023074	-2.6159e-09	0.023088	3.595e-06	-3.5903e-06	-0.015432	-3.7049e-09	0.015442	3.5592e-06	-3.5652e-06	-3.7764e-05	-4.7417e-09	3.7566e-05	3.534e-06	-3.5516e-06
0.105	-0.030492	-2.4121e-09	0.03051	3.7919e-06	-3.7207e-06	-0.029296	-2.4337e-09	0.02931	3.7245e-06	-3.6827e-06	-0.027972	-2.4698e-09	0.027988	3.6742e-06	-3.6522e-06	-0.026356	-2.5112e-09	0.026374	3.6313e-06	-3.6182e-06	-0.023508	-3.1263e-09	0.02352	3.5974e-06	-3.5962e-06	-0.015618	-3.7904e-09	0.015636	3.5573e-06	-3.5655e-06	-3.795e-05	-4.8474e-09	3.8116e-05	3.5405e-06	-3.5601e-06
0.1	-0.031078	-2.733e-09	0.031094	3.7957e-06	-3.7267e-06	-0.029866	-2.7272e-09	0.029876	3.7291e-06	-3.6858e-06	-0.028526	-2.834e-09	0.028546	3.6736e-06	-3.6468e-06	-0.026882	-2.9528e-09	0.026894	3.6346e-06	-3.6209e-06	-0.023928	-3.1828e-09	0.02394	3.5908e-06	-3.5866e-06	-0.015802	-3.8734e-09	0.015816	3.5635e-06	-3.5706e-06	-3.8636e-05	-4.9216e-09	3.8564e-05	3.5398e-06	-3.5549e-06
0.095	-0.031674	-2.7227e-09	0.031686	3.7965e-06	-3.7272e-06	-0.03045	-2.5169e-09	0.03046	3.73e-06	-3.6868e-06	-0.029092	-2.8237e-09	0.029108	3.6813e-06	-3.655e-06	-0.027412	-3.0034e-09	0.02743	3.6322e-06	-3.6224e-06	-0.024356	-2.8938e-09	0.02437	3.5963e-06	-3.5922e-06	-0.01599	-3.9461e-09	0.016002	3.5622e-06	-3.5663e-06	-3.8778e-05	-5.016e-09	3.8606e-05	3.5363e-06	-3.5548e-06
0.09	-0.032256	-2.5346e-09	0.032274	3.8015e-06	-3.7315e-06	-0.031022	-2.8631e-09	0.031036	3.7323e-06	-3.6911e-06	-0.029654	-2.5208e-09	0.02967	3.6844e-06	-3.6526e-06	-0.027946	-3.0481e-09	0.027958	3.6448e-06	-3.6301e-06	-0.024774	-3.3197e-09	0.024782	3.5963e-06	-3.5925e-06	-0.016166	-4.024e-09	0.016178	3.5552e-06	-3.5656e-06	-3.8466e-05	-5.1013e-09	3.8536e-05	3.5409e-06	-3.5587e-06
0.085	-0.032842	-2.5841e-09	0.032856	3.8049e-06	-3.7333e-06	-0.031594	-2.8916e-09	0.03161	3.739e-06	-3.6975e-06	-0.03021	-2.9832e-09	0.03022	3.6847e-06	-3.6577e-06	-0.028468	-3.1034e-09	0.02848	3.6396e-06	-3.6329e-06	-0.02518	-3.4347e-09	0.0252	3.5945e-06	-3.5907e-06	-0.01634	-3.4215e-09	0.01635	3.5603e-06	-3.5698e-06	-3.858e-05	-5.2165e-09	3.8508e-05	3.5416e-06	-3.5533e-06
0.08	-0.03343	-2.6281e-09	0.03345	3.8051e-06	-3.7354e-06	-0.032182	-2.7103e-09	0.032196	3.7337e-06	-3.6937e-06	-0.030786	-2.6752e-09	0.030792	3.6803e-06	-3.6561e-06	-0.029	-2.7413e-09	0.029014	3.6427e-06	-3.63e-06	-0.025596	-3.4399e-09	0.025612	3.5979e-06	-3.5917e-06	-0.016512	-3.6291e-09	0.016526	3.5616e-06	-3.5678e-06	-3.904e-05	-4.5379e-09	3.908e-05	3.5434e-06	-3.5555e-06
0.075	-0.034028	-2.6789e-09	0.03404	3.8119e-06	-3.7433e-06	-0.032758	-2.6971e-09	0.03277	3.7449e-06	-3.7051e-06	-0.031334	-2.7172e-09	0.031354	3.6786e-06	-3.6564e-06	-0.029526	-2.7941e-09	0.029544	3.6438e-06	-3.6313e-06	-0.026002	-3.011e-09	0.026012	3.5974e-06	-3.5942e-06	-0.016676	-4.2627e-09	0.01669	3.5564e-06	-3.5601e-06	-3.889e-05	-5.1103e-09	3.8886e-05	3.5406e-06	-3.5609e-06
0.07	-0.034598	-3.007e-09	0.034636	3.8145e-06	-3.7465e-06	-0.03334	-3.0624e-09	0.033356	3.7529e-06	-3.7071e-06	-0.03191	-2.761e-09	0.03193	3.6939e-06	-3.665e-06	-0.030062	-2.8415e-09	0.030082	3.6448e-06	-3.628e-06	-0.026404	-3.638e-09	0.026418	3.6004e-06	-3.6023e-06	-0.016842	-4.3365e-09	0.01686	3.5589e-06	-3.5645e-06	-3.9402e-05	-4.7266e-09	3.9224e-05	3.5485e-06	-3.565e-06
0.065	-0.035206	-2.7611e-09	0.03522	3.8167e-06	-3.7467e-06	-0.033924	-2.7734e-09	0.03394	3.7495e-06	-3.7038e-06	-0.032476	-2.8127e-09	0.032488	3.6931e-06	-3.6666e-06	-0.030582	-2.8824e-09	0.0306	3.6479e-06	-3.6326e-06	-0.0268	-3.7006e-09	0.02681	3.6025e-06	-3.5996e-06	-0.017004	-4.4107e-09	0.01702	3.5596e-06	-3.5663e-06	-3.9858e-05	-5.6327e-09	3.9908e-05	3.5433e-06	-3.5574e-06
0.06	-0.0358	-2.821e-09	0.035818	3.8292e-06	-3.76e-06	-0.034514	-2.8258e-09	0.034526	3.7539e-06	-3.714e-06	-0.033044	-3.2453e-09	0.033058	3.7008e-06	-3.673e-06	-0.031118	-3.3999e-09	0.03113	3.648e-06	-3.6371e-06	-0.02719	-3.6292e-09	0.027208	3.6039e-06	-3.5983e-06	-0.017162	-4.4978e-09	0.017174	3.5643e-06	-3.5673e-06	-3.9834e-05	-5.7366e-09	4.0056e-05	3.5373e-06	-3.5539e-06
0.055	-0.036388	-2.8602e-09	0.036404	3.8225e-06	-3.7538e-06	-0.035094	-3.2374e-09	0.035106	3.7591e-06	-3.7183e-06	-0.033612	-2.9086e-09	0.03362	3.7024e-06	-3.6764e-06	-0.03164	-3.4728e-09	0.031658	3.6508e-06	-3.6394e-06	-0.027576	-3.2559e-09	0.027594	3.6061e-06	-3.6056e-06	-0.017314	-3.8859e-09	0.017324	3.5601e-06	-3.5661e-06	-4.024e-05	-5.8409e-09	4.0196e-05	3.5364e-06	-3.5516e-06
0.05	-0.036988	-2.8967e-09	0.037006	3.8292e-06	-3.7603e-06	-0.035678	-2.9175e-09	0.035694	3.7611e-06	-3.7165e-06	-0.034206	-2.9086e-09	0.034192	3.7038e-06	-3.6772e-06	-0.032164	-3.0583e-09	0.032184	3.6523e-06	-3.635e-06	-0.027964	-3.9092e-09	0.02798	3.6034e-06	-3.6022e-06	-0.017462	-3.9679e-09	0.01748	3.5607e-06	-3.5724e-06	-4.0312e-05	-5.9502e-09	4.0308e-05	3.5404e-06	-3.5551e-06
0.045	-0.037582	-3.1092e-09	0.037598	3.8324e-06	-3.7618e-06	-0.036264	-3.2595e-09	0.036278	3.7672e-06	-3.7272e-06	-0.034742	-3.3844e-09	0.034768	3.7044e-06	-3.6826e-06	-0.03269	-3.0939e-09	0.032704	3.6482e-06	-3.6365e-06	-0.028338	-3.7504e-09	0.028354	3.6053e-06	-3.6036e-06	-0.017606	-4.7525e-09	0.01762	3.5614e-06	-3.5686e-06	-4.045e-05	-6.0722e-09	4.0462e-05	3.5372e-06	-3.5512e-06
0.04	-0.03818	-3.1039e-09	0.038192	3.8382e-06	-3.7668e-06	-0.036848	-3.3924e-09	0.036868	3.7686e-06	-3.7241e-06	-0.035316	-3.0109e-09	0.03533	3.7079e-06	-3.6854e-06	-0.033214	-3.5292e-09	0.033232	3.6544e-06	-3.6382e-06	-0.028708	-3.4476e-09	0.028728	3.602e-06	-3.5996e-06	-0.017756	-4.858e-09	0.017772	3.561e-06	-3.5662e-06	-4.0864e-05	-6.1942e-09	4.0802e-05	3.5343e-06	-3.5513e-06
0.035	-0.038772	-3.1778e-09	0.038792	3.8392e-06	-3.7694e-06	-0.037426	-3.0606e-09	0.037448	3.774e-06	-3.7269e-06	-0.035878	-3.0983e-09	0.035896	3.7127e-06	-3.6875e-06	-0.033738	-3.2089e-09	0.03375	3.6525e-06	-3.6424e-06	-0.029074	-4.121e-09	0.02909	3.6052e-06	-3.6027e-06	-0.017892	-4.9598e-09	0.017908	3.5642e-06	-3.5715e-06	-4.1198e-05	-6.2947e-09	4.1094e-05	3.5371e-06	-3.5557e-06
0.03	-0.039372	-3.0926e-09	0.039396	3.8475e-06	-3.7771e-06	-0.03804	-3.1198e-09	0.038034	3.7733e-06	-3.737e-06	-0.036454	-3.1715e-09	0.03647	3.7174e-06	-3.6901e-06	-0.03426	-3.2635e-09	0.034272	3.6565e-06	-3.6464e-06	-0.029444	-4.0529e-09	0.029456	3.6032e-06	-3.6039e-06	-0.018034	-5.0576e-09	0.018046	3.5641e-06	-3.5712e-06	-4.0956e-05	-6.4148e-09	4.116e-05	3.5371e-06	-3.5553e-06
0.025	-0.03996	-3.1573e-09	0.039976	3.8545e-06	-3.786e-06	-0.038602	-3.1542e-09	0.038614	3.7788e-06	-3.7363e-06	-0.037018	-3.6879e-09	0.03703	3.7184e-06	-3.6908e-06	-0.034772	-3.3124e-09	0.034788	3.657e-06	-3.6436e-06	-0.029794	-4.1737e-09	0.029808	3.6024e-06	-3.6033e-06	-0.018166	-5.1248e-09	0.01818	3.5657e-06	-3.5692e-06	-4.1244e-05	-6.562e-09	4.1432e-05	3.5383e-06	-3.5553e-06
0.02	-0.040564	-3.2157e-09	0.040576	3.853e-06	-3.785e-06	-0.039194	-3.6211e-09	0.039206	3.7738e-06	-3.7352e-06	-0.03759	-3.7341e-09	0.037602	3.7233e-06	-3.6966e-06	-0.035286	-3.3651e-09	0.035304	3.6566e-06	-3.647e-06	-0.030146	-3.7361e-09	0.030158	3.6115e-06	-3.6063e-06	-0.018298	-5.2332e-09	0.01832	3.5622e-06	-3.5694e-06	-4.1264e-05	-6.6689e-09	4.1192e-05	3.5344e-06	-3.5482e-06
0.015	-0.041154	-3.2626e-09	0.041172	3.8518e-06	-3.7826e-06	-0.03975	-3.6563e-09	0.039796	3.7765e-06	-3.7341e-06	-0.038146	-3.7896e-09	0.038164	3.7196e-06	-3.6958e-06	-0.035802	-3.398e-09	0.035812	3.6609e-06	-3.6467e-06	-0.030486	-3.7975e-09	0.030504	3.609e-06	-3.6049e-06	-0.018426	-5.333e-09	0.018442	3.5598e-06	-3.5639e-06	-4.1152e-05	-6.2432e-09	4.1398e-05	3.538e-06	-3.5496e-06
0.01	-0.041754	-3.3284e-09	0.04177	3.8528e-06	-3.7848e-06	-0.040368	-3.703e-09	0.040382	3.7883e-06	-3.7481e-06	-0.038728	-3.3658e-09	0.038736	3.7231e-06	-3.697e-06	-0.036314	-3.7255e-09	0.036328	3.6615e-06	-3.6501e-06	-0.03083	-4.5152e-09	0.030844	3.6076e-06	-3.6092e-06	-0.018554	-5.4287e-09	0.018566	3.5645e-06	-3.5722e-06	-4.1666e-05	-6.9087e-09	4.1538e-05	3.5373e-06	-3.5532e-06
0.005	-0.042346	-3.377e-09	0.042366	3.8538e-06	-3.7839e-06	-0.04095	-3.3792e-09	0.04096	3.7881e-06	-3.7445e-06	-0.03929	-3.4349e-09	0.039302	3.7293e-06	-3.7001e-06	-0.03682	-3.5538e-09	0.036832	3.6637e-06	-3.6528e-06	-0.031168	-4.2756e-09	0.03118	3.6122e-06	-3.6116e-06	-0.018684	-4.7592e-09	0.01869	3.5649e-06	-3.5727e-06	-4.1898e-05	-7.0547e-09	4.1854e-05	3.541e-06	-3.5555e-06
0	-0.042936	-3.4257e-09	0.042954	3.8654e-06	-3.7959e-06	-0.041534	-3.8211e-09	0.041548	3.7907e-06	-3.749e-06	-0.039846	-3.4878e-09	0.039864	3.7269e-06	-3.7056e-06	-0.037322	-3.6166e-09	0.037334	3.6643e-06	-3.6504e-06	-0.03149	-4.6968e-09	0.031504	3.6158e-06	-3.6113e-06	-0.018792	-5.4856e-09	0.018816	3.564e-06	-3.5712e-06	-4.2178e-05	-6.3461e-09	4.2026e-05	3.5419e-06	-3.5576e-06
