vg	id_vd = 0V	ig_vd = 0V	is_vd = 0V	iavdd_vd = 0V	ignd_vd = 0V	id_vd = 0.15V	ig_vd = 0.15V	is_vd = 0.15V	iavdd_vd = 0.15V	ignd_vd = 0.15V	id_vd = 0.3V	ig_vd = 0.3V	is_vd = 0.3V	iavdd_vd = 0.3V	ignd_vd = 0.3V	id_vd = 0.45V	ig_vd = 0.45V	is_vd = 0.45V	iavdd_vd = 0.45V	ignd_vd = 0.45V	id_vd = 0.6V	ig_vd = 0.6V	is_vd = 0.6V	iavdd_vd = 0.6V	ignd_vd = 0.6V	id_vd = 0.75V	ig_vd = 0.75V	is_vd = 0.75V	iavdd_vd = 0.75V	ignd_vd = 0.75V	id_vd = 0.9V	ig_vd = 0.9V	is_vd = 0.9V	iavdd_vd = 0.9V	ignd_vd = 0.9V
-0.3	-3.3837e-09	-4.0438e-08	-2.8392e-10	6.5686e-07	-6.1386e-07	3.3909e-09	-3.98662e-08	-3.7556e-09	6.7268e-07	-6.3258e-07	8.3828e-09	-3.9845e-08	-6.1856e-09	6.7638e-07	-6.3886e-07	1.36288e-08	-3.98942e-08	-8.7323e-09	6.7992e-07	-6.4502e-07	1.96516e-08	-4.0904e-08	-1.1472e-08	6.8618e-07	-6.5364e-07	2.73724e-08	-4.18778e-08	-1.47446e-08	6.914e-07	-6.62e-07	3.77186e-08	-4.27326e-08	-1.86912e-08	6.9436e-07	-6.702e-07
-0.295	-3.4343e-09	-3.6214e-08	-2.8758e-10	6.5802e-07	-6.1778e-07	3.4196e-09	-3.6024e-08	-3.7629e-09	6.7266e-07	-6.3644e-07	8.4198e-09	-3.60118e-08	-6.2011e-09	6.7646e-07	-6.4232e-07	1.36816e-08	-3.6099e-08	-8.8534e-09	6.7986e-07	-6.4872e-07	1.95528e-08	-3.69174e-08	-1.15378e-08	6.857e-07	-6.57e-07	2.7151e-08	-3.78742e-08	-1.47812e-08	6.9068e-07	-6.6508e-07	3.73964e-08	-3.88344e-08	-1.88258e-08	6.9342e-07	-6.7336e-07
-0.29	-3.4384e-09	-3.28372e-08	-2.9326e-10	6.5808e-07	-6.2166e-07	3.4311e-09	-3.2656e-08	-3.7766e-09	6.7274e-07	-6.3966e-07	8.4355e-09	-3.26586e-08	-6.263e-09	6.764e-07	-6.4584e-07	1.37608e-08	-3.27684e-08	-8.8651e-09	6.7992e-07	-6.5208e-07	1.96688e-08	-3.35144e-08	-1.1552e-08	6.854e-07	-6.5974e-07	2.7098e-08	-3.4442e-08	-1.47814e-08	6.9022e-07	-6.6794e-07	3.75646e-08	-3.54074e-08	-1.88194e-08	6.9294e-07	-6.7614e-07
-0.285	-3.4464e-09	-2.9741e-08	-2.9067e-10	6.5816e-07	-6.2496e-07	3.4416e-09	-2.95802e-08	-3.7997e-09	6.7262e-07	-6.4274e-07	8.4828e-09	-2.9589e-08	-6.3169e-09	6.7636e-07	-6.4896e-07	1.37166e-08	-2.97256e-08	-8.8917e-09	6.7994e-07	-6.5478e-07	1.96086e-08	-3.0432e-08	-1.16128e-08	6.8508e-07	-6.6248e-07	2.7036e-08	-3.12988e-08	-1.49054e-08	6.8956e-07	-6.7044e-07	3.73568e-08	-3.22758e-08	-1.88442e-08	6.924e-07	-6.7852e-07
-0.28	-3.4485e-09	-2.69654e-08	-2.9606e-10	6.586e-07	-6.2794e-07	3.4245e-09	-2.68304e-08	-3.8041e-09	6.728e-07	-6.4566e-07	8.4629e-09	-2.68198e-08	-6.3317e-09	6.7628e-07	-6.5134e-07	1.37958e-08	-2.69774e-08	-8.9369e-09	6.7988e-07	-6.5744e-07	1.96878e-08	-2.76544e-08	-1.17018e-08	6.8506e-07	-6.653e-07	2.7181e-08	-2.8491e-08	-1.4902e-08	6.8934e-07	-6.729e-07	3.7329e-08	-2.9476e-08	-1.89744e-08	6.9206e-07	-6.8094e-07
-0.275	-3.4535e-09	-2.4415e-08	-2.968e-10	6.5894e-07	-6.3078e-07	3.4483e-09	-2.42698e-08	-3.838e-09	6.7278e-07	-6.48e-07	8.4914e-09	-2.43198e-08	-6.3511e-09	6.76e-07	-6.5412e-07	1.37556e-08	-2.44696e-08	-8.9928e-09	6.7962e-07	-6.5994e-07	1.9713e-08	-2.51156e-08	-1.18092e-08	6.8462e-07	-6.6734e-07	2.71004e-08	-2.59036e-08	-1.49672e-08	6.8874e-07	-6.7484e-07	3.7443e-08	-2.69098e-08	-1.90108e-08	6.914e-07	-6.8272e-07
-0.27	-3.4581e-09	-2.21396e-08	-2.9647e-10	6.5928e-07	-6.3336e-07	3.4887e-09	-2.19986e-08	-3.8605e-09	6.7292e-07	-6.5056e-07	8.5049e-09	-2.20388e-08	-6.4044e-09	6.7606e-07	-6.5608e-07	1.37858e-08	-2.22218e-08	-8.9805e-09	6.795e-07	-6.622e-07	1.96868e-08	-2.28312e-08	-1.1863e-08	6.841e-07	-6.6924e-07	2.72574e-08	-2.36028e-08	-1.50708e-08	6.8856e-07	-6.7688e-07	3.73584e-08	-2.4593e-08	-1.91654e-08	6.9118e-07	-6.8468e-07
-0.265	-3.4666e-09	-2.00392e-08	-3.0347e-10	6.5904e-07	-6.3534e-07	3.5114e-09	-1.992e-08	-3.8834e-09	6.7288e-07	-6.5244e-07	8.5552e-09	-1.99594e-08	-6.3989e-09	6.7646e-07	-6.586e-07	1.38078e-08	-2.01464e-08	-9.0482e-09	6.798e-07	-6.6446e-07	1.98114e-08	-2.07154e-08	-1.19204e-08	6.8386e-07	-6.7098e-07	2.7252e-08	-2.15086e-08	-1.5165e-08	6.8814e-07	-6.7844e-07	3.74052e-08	-2.24774e-08	-1.91726e-08	6.906e-07	-6.8636e-07
-0.26	-3.4705e-09	-1.81414e-08	-2.9909e-10	6.5944e-07	-6.3752e-07	3.5208e-09	-1.8069e-08	-3.9203e-09	6.7262e-07	-6.5436e-07	8.5691e-09	-1.81046e-08	-6.4545e-09	6.7628e-07	-6.5988e-07	1.3803e-08	-1.82976e-08	-9.0666e-09	6.7938e-07	-6.6592e-07	1.97906e-08	-1.88364e-08	-1.19404e-08	6.839e-07	-6.7278e-07	2.72378e-08	-1.9608e-08	-1.53286e-08	6.8796e-07	-6.8012e-07	3.7265e-08	-2.05718e-08	-1.91194e-08	6.905e-07	-6.8784e-07
-0.255	-3.4716e-09	-1.6431e-08	-3.0366e-10	6.5968e-07	-6.3944e-07	3.5619e-09	-1.63502e-08	-3.9369e-09	6.7268e-07	-6.561e-07	8.556e-09	-1.64164e-08	-6.471e-09	6.7626e-07	-6.6176e-07	1.38562e-08	-1.65786e-08	-9.1132e-09	6.7958e-07	-6.6758e-07	1.9802e-08	-1.71132e-08	-1.206e-08	6.838e-07	-6.7448e-07	2.72538e-08	-1.78512e-08	-1.52912e-08	6.8732e-07	-6.8134e-07	3.72424e-08	-1.882e-08	-1.9249e-08	6.9022e-07	-6.894e-07
-0.25	-3.475e-09	-1.48846e-08	-3.0606e-10	6.598e-07	-6.4112e-07	3.5909e-09	-1.48038e-08	-3.9735e-09	6.7292e-07	-6.5776e-07	8.61e-09	-1.48668e-08	-6.5221e-09	6.7582e-07	-6.6316e-07	1.3848e-08	-1.5064e-08	-9.1549e-09	6.7936e-07	-6.6884e-07	1.98358e-08	-1.5585e-08	-1.21268e-08	6.834e-07	-6.7548e-07	2.72382e-08	-1.6318e-08	-1.54974e-08	6.8708e-07	-6.8282e-07	3.73916e-08	-1.72544e-08	-1.95434e-08	6.9006e-07	-6.9054e-07
-0.245	-3.4764e-09	-1.34398e-08	-3.0436e-10	6.6016e-07	-6.4276e-07	3.5889e-09	-1.3395e-08	-3.9858e-09	6.7302e-07	-6.5914e-07	8.6133e-09	-1.34558e-08	-6.5614e-09	6.7618e-07	-6.6474e-07	1.39056e-08	-1.3662e-08	-9.2262e-09	6.7914e-07	-6.7018e-07	1.99272e-08	-1.41594e-08	-1.2205e-08	6.8328e-07	-6.7668e-07	2.74002e-08	-1.48796e-08	-1.54176e-08	6.8688e-07	-6.8398e-07	3.74658e-08	-1.58016e-08	-1.96464e-08	6.897e-07	-6.9162e-07
-0.24	-3.4827e-09	-1.21756e-08	-3.0876e-10	6.6006e-07	-6.4432e-07	3.5984e-09	-1.21508e-08	-4.0292e-09	6.7274e-07	-6.6032e-07	8.6133e-09	-1.22206e-08	-6.5776e-09	6.7602e-07	-6.6584e-07	1.39446e-08	-1.2406e-08	-9.236e-09	6.7942e-07	-6.7152e-07	1.9957e-08	-1.28876e-08	-1.22766e-08	6.8318e-07	-6.779e-07	2.73758e-08	-1.35888e-08	-1.56598e-08	6.8682e-07	-6.8468e-07	3.75406e-08	-1.45276e-08	-1.96652e-08	6.8952e-07	-6.9276e-07
-0.235	-3.4885e-09	-1.09952e-08	-3.148e-10	6.6072e-07	-6.4564e-07	3.6351e-09	-1.0977e-08	-4.0315e-09	6.7298e-07	-6.6132e-07	8.7103e-09	-1.10574e-08	-6.6369e-09	6.7604e-07	-6.6702e-07	1.39656e-08	-1.12552e-08	-9.3296e-09	6.7896e-07	-6.7234e-07	1.99682e-08	-1.1719e-08	-1.22634e-08	6.8298e-07	-6.7878e-07	2.73916e-08	-1.23998e-08	-1.55744e-08	6.864e-07	-6.8598e-07	3.75208e-08	-1.33428e-08	-1.98496e-08	6.8924e-07	-6.936e-07
-0.23	-3.4886e-09	-9.9686e-09	-3.0729e-10	6.6048e-07	-6.4676e-07	3.633e-09	-9.9186e-09	-4.0653e-09	6.7268e-07	-6.6228e-07	8.7369e-09	-1.0018e-08	-6.7035e-09	6.7602e-07	-6.6802e-07	1.4063e-08	-1.0225e-08	-9.3517e-09	6.7928e-07	-6.7368e-07	2e-08	-1.06724e-08	-1.23414e-08	6.8282e-07	-6.7986e-07	2.73778e-08	-1.13458e-08	-1.5688e-08	6.8624e-07	-6.8656e-07	3.76244e-08	-1.22838e-08	-2.00358e-08	6.8922e-07	-6.944e-07
-0.225	-3.4957e-09	-9.0166e-09	-3.1257e-10	6.6082e-07	-6.4804e-07	3.6628e-09	-8.9837e-09	-4.0732e-09	6.7296e-07	-6.6354e-07	8.7737e-09	-9.0802e-09	-6.678e-09	6.7596e-07	-6.6898e-07	1.40792e-08	-9.2988e-09	-9.4978e-09	6.7896e-07	-6.7432e-07	2.0022e-08	-9.7258e-09	-1.23752e-08	6.8286e-07	-6.8082e-07	2.75064e-08	-1.0382e-08	-1.58428e-08	6.859e-07	-6.8728e-07	3.78376e-08	-1.13042e-08	-2.01408e-08	6.8896e-07	-6.9506e-07
-0.22	-3.4978e-09	-8.1629e-09	-3.1598e-10	6.6118e-07	-6.4922e-07	3.6689e-09	-8.1473e-09	-4.109e-09	6.7268e-07	-6.642e-07	8.7779e-09	-8.2365e-09	-6.769e-09	6.7576e-07	-6.6958e-07	1.41606e-08	-8.452e-09	-9.4882e-09	6.789e-07	-6.754e-07	2.0118e-08	-8.8793e-09	-1.2448e-08	6.825e-07	-6.8134e-07	2.7528e-08	-9.5297e-09	-1.5951e-08	6.8596e-07	-6.879e-07	3.77568e-08	-1.04264e-08	-2.02574e-08	6.8866e-07	-6.9552e-07
-0.215	-3.506e-09	-7.3753e-09	-3.1554e-10	6.6114e-07	-6.5006e-07	3.7054e-09	-7.3663e-09	-4.1287e-09	6.728e-07	-6.6494e-07	8.8593e-09	-7.4556e-09	-6.7938e-09	6.759e-07	-6.705e-07	1.42052e-08	-7.6755e-09	-9.5969e-09	6.789e-07	-6.7566e-07	2.01166e-08	-8.085e-09	-1.2459e-08	6.8264e-07	-6.8192e-07	2.76862e-08	-8.7343e-09	-1.60192e-08	6.8522e-07	-6.8834e-07	3.7878e-08	-9.6442e-09	-2.03316e-08	6.882e-07	-6.9576e-07
-0.21	-3.5028e-09	-6.676e-09	-3.2316e-10	6.6162e-07	-6.5134e-07	3.716e-09	-6.6713e-09	-4.1319e-09	6.7262e-07	-6.6576e-07	8.8564e-09	-6.7505e-09	-6.8275e-09	6.7608e-07	-6.7138e-07	1.4311e-08	-6.9792e-09	-9.6892e-09	6.7894e-07	-6.7656e-07	2.01294e-08	-7.3861e-09	-1.25812e-08	6.8238e-07	-6.823e-07	2.77486e-08	-8.0308e-09	-1.61138e-08	6.8496e-07	-6.8862e-07	3.79012e-08	-8.9234e-09	-2.04374e-08	6.879e-07	-6.9628e-07
-0.205	-3.5104e-09	-6.0211e-09	-3.2125e-10	6.6208e-07	-6.5208e-07	3.7404e-09	-6.0295e-09	-4.1985e-09	6.7278e-07	-6.6652e-07	8.9436e-09	-6.1214e-09	-6.9054e-09	6.7618e-07	-6.7192e-07	1.43188e-08	-6.3449e-09	-9.7415e-09	6.7868e-07	-6.7688e-07	2.02454e-08	-6.74e-09	-1.26436e-08	6.8208e-07	-6.8282e-07	2.77888e-08	-7.3707e-09	-1.61384e-08	6.8516e-07	-6.8922e-07	3.78884e-08	-8.2493e-09	-2.06042e-08	6.8762e-07	-6.9658e-07
-0.2	-3.5161e-09	-5.4513e-09	-3.2179e-10	6.6224e-07	-6.5278e-07	3.7642e-09	-5.46e-09	-4.196e-09	6.729e-07	-6.6692e-07	8.9784e-09	-5.5531e-09	-6.9488e-09	6.7616e-07	-6.7232e-07	1.4399e-08	-5.7722e-09	-9.7972e-09	6.7874e-07	-6.7748e-07	2.03178e-08	-6.1707e-09	-1.27416e-08	6.8196e-07	-6.8342e-07	2.78252e-08	-6.7824e-09	-1.6371e-08	6.8466e-07	-6.8956e-07	3.80044e-08	-7.6542e-09	-2.08994e-08	6.8744e-07	-6.9682e-07
-0.195	-3.5212e-09	-4.9257e-09	-3.2336e-10	6.6226e-07	-6.5356e-07	3.8041e-09	-4.929e-09	-4.2735e-09	6.7298e-07	-6.6738e-07	9.002e-09	-5.0325e-09	-7.0089e-09	6.758e-07	-6.73e-07	1.43828e-08	-5.2446e-09	-9.8442e-09	6.7876e-07	-6.7814e-07	2.04892e-08	-5.6305e-09	-1.2891e-08	6.8168e-07	-6.8364e-07	2.78792e-08	-6.2411e-09	-1.65012e-08	6.8472e-07	-6.8988e-07	3.8248e-08	-7.0968e-09	-2.1066e-08	6.8702e-07	-6.9706e-07
-0.19	-3.5245e-09	-4.4568e-09	-3.2244e-10	6.6264e-07	-6.5416e-07	3.8625e-09	-4.4641e-09	-4.2869e-09	6.7338e-07	-6.683e-07	9.034e-09	-4.5654e-09	-6.9938e-09	6.76e-07	-6.7348e-07	1.4467e-08	-4.7693e-09	-9.9195e-09	6.7862e-07	-6.7848e-07	2.04884e-08	-5.1638e-09	-1.2954e-08	6.8134e-07	-6.838e-07	2.81192e-08	-5.7561e-09	-1.66662e-08	6.8442e-07	-6.9024e-07	3.8168e-08	-6.6123e-09	-2.11502e-08	6.871e-07	-6.9734e-07
-0.185	-3.5286e-09	-4.0281e-09	-3.2402e-10	6.6272e-07	-6.547e-07	3.9098e-09	-4.0351e-09	-4.3584e-09	6.7314e-07	-6.686e-07	9.1221e-09	-4.129e-09	-7.1393e-09	6.761e-07	-6.7398e-07	1.457e-08	-4.3471e-09	-1.00547e-08	6.789e-07	-6.7898e-07	2.0408e-08	-4.7263e-09	-1.30436e-08	6.8134e-07	-6.8402e-07	2.82428e-08	-5.3164e-09	-1.69356e-08	6.8402e-07	-6.9014e-07	3.83464e-08	-6.1603e-09	-2.12384e-08	6.8654e-07	-6.975e-07
-0.18	-3.5345e-09	-3.6573e-09	-3.2262e-10	6.6278e-07	-6.5542e-07	3.9365e-09	-3.6612e-09	-4.3642e-09	6.7292e-07	-6.6902e-07	9.1213e-09	-3.7563e-09	-7.1614e-09	6.7604e-07	-6.741e-07	1.45904e-08	-3.9612e-09	-1.01057e-08	6.7856e-07	-6.7926e-07	2.06566e-08	-4.3364e-09	-1.31748e-08	6.814e-07	-6.844e-07	2.85034e-08	-4.9188e-09	-1.70398e-08	6.839e-07	-6.9036e-07	3.8593e-08	-5.758e-09	-2.15826e-08	6.8656e-07	-6.9772e-07
-0.175	-3.5324e-09	-3.2998e-09	-3.2175e-10	6.6276e-07	-6.558e-07	3.9651e-09	-3.3109e-09	-4.415e-09	6.7282e-07	-6.692e-07	9.2036e-09	-3.4037e-09	-7.2614e-09	6.7588e-07	-6.7472e-07	1.46524e-08	-3.607e-09	-1.01891e-08	6.7836e-07	-6.7938e-07	2.07746e-08	-3.9781e-09	-1.33896e-08	6.8114e-07	-6.8476e-07	2.85614e-08	-4.5465e-09	-1.72116e-08	6.8386e-07	-6.9056e-07	3.87218e-08	-5.3735e-09	-2.17104e-08	6.8614e-07	-6.9774e-07
-0.17	-3.5405e-09	-2.9899e-09	-3.2453e-10	6.6326e-07	-6.5644e-07	3.9868e-09	-2.9934e-09	-4.4449e-09	6.7302e-07	-6.6936e-07	9.3138e-09	-3.0872e-09	-7.2614e-09	6.7594e-07	-6.7476e-07	1.47588e-08	-3.2925e-09	-1.01721e-08	6.7842e-07	-6.7956e-07	2.0906e-08	-3.6621e-09	-1.34738e-08	6.8122e-07	-6.8486e-07	2.8668e-08	-4.2248e-09	-1.7339e-08	6.8376e-07	-6.9078e-07	3.88846e-08	-5.0408e-09	-2.19368e-08	6.8606e-07	-6.9802e-07
-0.165	-3.5394e-09	-2.7014e-09	-3.2411e-10	6.6336e-07	-6.5708e-07	4.03e-09	-2.7128e-09	-4.4881e-09	6.7288e-07	-6.6966e-07	9.3085e-09	-2.8033e-09	-7.32e-09	6.759e-07	-6.751e-07	1.4838e-08	-3.005e-09	-1.03513e-08	6.787e-07	-6.7996e-07	2.09606e-08	-3.3667e-09	-1.35456e-08	6.8102e-07	-6.8528e-07	2.86796e-08	-3.9237e-09	-1.74544e-08	6.8374e-07	-6.9078e-07	3.89678e-08	-4.7302e-09	-2.2166e-08	6.8614e-07	-6.9796e-07
-0.16	-3.5457e-09	-2.446e-09	-3.239e-10	6.636e-07	-6.573e-07	4.0787e-09	-2.4598e-09	-4.5437e-09	6.7294e-07	-6.699e-07	9.3786e-09	-2.5513e-09	-7.4478e-09	6.762e-07	-6.7536e-07	1.49572e-08	-2.7505e-09	-1.05134e-08	6.7814e-07	-6.7992e-07	2.1095e-08	-3.1078e-09	-1.37662e-08	6.8102e-07	-6.8504e-07	2.88952e-08	-3.653e-09	-1.7774e-08	6.8378e-07	-6.9126e-07	3.92214e-08	-4.4537e-09	-2.24222e-08	6.859e-07	-6.9796e-07
-0.155	-3.543e-09	-2.2091e-09	-3.2958e-10	6.638e-07	-6.5744e-07	4.1564e-09	-2.2306e-09	-4.6462e-09	6.729e-07	-6.7024e-07	9.4985e-09	-2.3178e-09	-7.5436e-09	6.7608e-07	-6.7578e-07	1.5042e-08	-2.5186e-09	-1.05727e-08	6.7826e-07	-6.8028e-07	2.12632e-08	-2.8642e-09	-1.39056e-08	6.8074e-07	-6.8516e-07	2.91352e-08	-3.3986e-09	-1.80322e-08	6.8318e-07	-6.9096e-07	3.931e-08	-4.187e-09	-2.26992e-08	6.8574e-07	-6.9802e-07
-0.15	-3.5432e-09	-2.0036e-09	-3.263e-10	6.6382e-07	-6.579e-07	4.2337e-09	-2.0212e-09	-4.7053e-09	6.7314e-07	-6.7078e-07	9.5853e-09	-2.1046e-09	-7.6727e-09	6.761e-07	-6.7566e-07	1.5202e-08	-2.3043e-09	-1.06948e-08	6.7852e-07	-6.8058e-07	2.1445e-08	-2.6447e-09	-1.4145e-08	6.8066e-07	-6.8566e-07	2.93478e-08	-3.179e-09	-1.81592e-08	6.8334e-07	-6.9142e-07	3.96322e-08	-3.9576e-09	-2.29884e-08	6.8566e-07	-6.982e-07
-0.145	-3.5523e-09	-1.8123e-09	-3.309e-10	6.6388e-07	-6.5812e-07	4.2862e-09	-1.8334e-09	-4.7564e-09	6.7328e-07	-6.7094e-07	9.7859e-09	-1.9181e-09	-7.8097e-09	6.7586e-07	-6.7596e-07	1.5275e-08	-2.1129e-09	-1.08583e-08	6.7842e-07	-6.8068e-07	2.16968e-08	-2.4496e-09	-1.43826e-08	6.8084e-07	-6.8556e-07	2.94924e-08	-2.9714e-09	-1.83702e-08	6.8306e-07	-6.914e-07	3.98654e-08	-3.7424e-09	-2.32508e-08	6.8532e-07	-6.9832e-07
-0.14	-3.5518e-09	-1.6402e-09	-3.3296e-10	6.639e-07	-6.5852e-07	4.3741e-09	-1.6642e-09	-4.8496e-09	6.7308e-07	-6.708e-07	9.928e-09	-1.7505e-09	-7.9375e-09	6.7592e-07	-6.7622e-07	1.55634e-08	-1.9357e-09	-1.11012e-08	6.7862e-07	-6.8086e-07	2.18452e-08	-2.2714e-09	-1.448e-08	6.8078e-07	-6.8576e-07	2.99342e-08	-2.7862e-09	-1.865e-08	6.8332e-07	-6.9162e-07	4.02022e-08	-3.5471e-09	-2.37602e-08	6.8556e-07	-6.9842e-07
-0.135	-3.5603e-09	-1.4881e-09	-3.3345e-10	6.64e-07	-6.5872e-07	4.4654e-09	-1.5061e-09	-4.9464e-09	6.7302e-07	-6.7094e-07	1.00254e-08	-1.5953e-09	-8.0379e-09	6.7618e-07	-6.7656e-07	1.56808e-08	-1.7777e-09	-1.12835e-08	6.7844e-07	-6.8104e-07	2.2143e-08	-2.1096e-09	-1.48272e-08	6.8066e-07	-6.859e-07	3.02042e-08	-2.6158e-09	-1.89442e-08	6.8282e-07	-6.9122e-07	4.05986e-08	-3.3667e-09	-2.40884e-08	6.8548e-07	-6.9854e-07
-0.13	-3.5579e-09	-1.3477e-09	-3.3583e-10	6.6426e-07	-6.5904e-07	4.5798e-09	-1.3696e-09	-5.0699e-09	6.7306e-07	-6.7106e-07	1.01467e-08	-1.4547e-09	-8.1834e-09	6.7614e-07	-6.7644e-07	1.58558e-08	-1.6373e-09	-1.14837e-08	6.785e-07	-6.8118e-07	2.24238e-08	-1.9594e-09	-1.51718e-08	6.806e-07	-6.8574e-07	3.03602e-08	-2.4621e-09	-1.9307e-08	6.829e-07	-6.9154e-07	4.09824e-08	-3.2045e-09	-2.46218e-08	6.8514e-07	-6.985e-07
-0.125	-3.5635e-09	-1.2254e-09	-3.3036e-10	6.6444e-07	-6.5934e-07	4.7403e-09	-1.2448e-09	-5.1916e-09	6.7314e-07	-6.7128e-07	1.02765e-08	-1.3271e-09	-8.3447e-09	6.7608e-07	-6.766e-07	1.612e-08	-1.5084e-09	-1.1652e-08	6.7802e-07	-6.8098e-07	2.26854e-08	-1.825e-09	-1.54478e-08	6.8058e-07	-6.8594e-07	3.0805e-08	-2.3213e-09	-1.9688e-08	6.827e-07	-6.9138e-07	4.13554e-08	-3.0571e-09	-2.49708e-08	6.85e-07	-6.9836e-07
-0.12	-3.5666e-09	-1.1132e-09	-3.2988e-10	6.645e-07	-6.5938e-07	4.8129e-09	-1.1335e-09	-5.3146e-09	6.731e-07	-6.713e-07	1.04842e-08	-1.2166e-09	-8.5774e-09	6.7572e-07	-6.7658e-07	1.62956e-08	-1.3929e-09	-1.19474e-08	6.7836e-07	-6.8094e-07	2.30304e-08	-1.7043e-09	-1.58058e-08	6.8018e-07	-6.8572e-07	3.1237e-08	-2.1953e-09	-2.02318e-08	6.826e-07	-6.914e-07	4.19716e-08	-2.9216e-09	-2.57582e-08	6.849e-07	-6.9848e-07
-0.115	-3.5707e-09	-1.012e-09	-3.2514e-10	6.647e-07	-6.5986e-07	4.9943e-09	-1.0323e-09	-5.4694e-09	6.731e-07	-6.7174e-07	1.06636e-08	-1.114e-09	-8.7376e-09	6.7606e-07	-6.7708e-07	1.66246e-08	-1.284e-09	-1.226e-08	6.7826e-07	-6.8128e-07	2.3387e-08	-1.5947e-09	-1.61612e-08	6.8034e-07	-6.8596e-07	3.16966e-08	-2.0757e-09	-2.06686e-08	6.8262e-07	-6.9132e-07	4.25748e-08	-2.7935e-09	-2.60994e-08	6.8494e-07	-6.982e-07
-0.11	-3.5724e-09	-9.193e-10	-3.3039e-10	6.65e-07	-6.6016e-07	5.1653e-09	-9.4371e-10	-5.675e-09	6.7326e-07	-6.719e-07	1.09801e-08	-1.0225e-09	-9.0288e-09	6.7594e-07	-6.7706e-07	1.69086e-08	-1.1891e-09	-1.25332e-08	6.7818e-07	-6.8138e-07	2.3791e-08	-1.4926e-09	-1.65938e-08	6.8034e-07	-6.8632e-07	3.21422e-08	-1.9688e-09	-2.13198e-08	6.8274e-07	-6.9162e-07	4.29634e-08	-2.6722e-09	-2.67076e-08	6.8498e-07	-6.9838e-07
-0.105	-3.5754e-09	-8.3552e-10	-3.2958e-10	6.649e-07	-6.6048e-07	5.4082e-09	-8.6116e-10	-5.8773e-09	6.731e-07	-6.7178e-07	1.12394e-08	-9.3933e-10	-9.3003e-09	6.7612e-07	-6.7708e-07	1.73074e-08	-1.1059e-09	-1.29098e-08	6.7824e-07	-6.8126e-07	2.42488e-08	-1.4e-09	-1.70416e-08	6.8034e-07	-6.8608e-07	3.27188e-08	-1.8696e-09	-2.18276e-08	6.8244e-07	-6.9146e-07	4.38478e-08	-2.5652e-09	-2.76292e-08	6.8496e-07	-6.985e-07
-0.1	-3.5796e-09	-7.6421e-10	-3.2876e-10	6.6532e-07	-6.6056e-07	5.6264e-09	-7.8552e-10	-6.1169e-09	6.7308e-07	-6.7176e-07	1.16184e-08	-8.6366e-10	-9.615e-09	6.7612e-07	-6.7718e-07	1.77418e-08	-1.0259e-09	-1.34132e-08	6.7806e-07	-6.813e-07	2.4704e-08	-1.3185e-09	-1.7629e-08	6.8016e-07	-6.8632e-07	3.3199e-08	-1.7814e-09	-2.23458e-08	6.8242e-07	-6.9138e-07	4.4586e-08	-2.4712e-09	-2.8453e-08	6.8466e-07	-6.9834e-07
-0.095	-3.5819e-09	-6.9936e-10	-3.2723e-10	6.6514e-07	-6.6062e-07	5.8985e-09	-7.2115e-10	-6.4025e-09	6.732e-07	-6.7172e-07	1.1964e-08	-7.9466e-10	-1.00347e-08	6.7594e-07	-6.7706e-07	1.8241e-08	-9.5224e-10	-1.38372e-08	6.7818e-07	-6.8138e-07	2.53484e-08	-1.2412e-09	-1.80742e-08	6.8016e-07	-6.8624e-07	3.41642e-08	-1.6955e-09	-2.32282e-08	6.8244e-07	-6.9162e-07	4.55002e-08	-2.3755e-09	-2.93874e-08	6.847e-07	-6.985e-07
-0.09	-3.5834e-09	-6.3988e-10	-3.1972e-10	6.6534e-07	-6.6074e-07	6.2191e-09	-6.611e-10	-6.6849e-09	6.7328e-07	-6.7208e-07	1.2392e-08	-7.3461e-10	-1.04596e-08	6.7576e-07	-6.772e-07	1.8707e-08	-8.9257e-10	-1.44208e-08	6.7806e-07	-6.8148e-07	2.58774e-08	-1.1737e-09	-1.88456e-08	6.8016e-07	-6.8638e-07	3.50014e-08	-1.6181e-09	-2.41316e-08	6.8254e-07	-6.9156e-07	4.63864e-08	-2.2883e-09	-3.03836e-08	6.8476e-07	-6.9858e-07
-0.085	-3.5964e-09	-5.8728e-10	-3.2009e-10	6.654e-07	-6.6082e-07	6.5856e-09	-6.0639e-10	-7.1081e-09	6.7332e-07	-6.7232e-07	1.2898e-08	-6.794e-10	-1.09163e-08	6.7564e-07	-6.7694e-07	1.9385e-08	-8.2906e-10	-1.50492e-08	6.7788e-07	-6.8136e-07	2.6711e-08	-1.1067e-09	-1.95866e-08	6.8032e-07	-6.8638e-07	3.5939e-08	-1.5498e-09	-2.5106e-08	6.8244e-07	-6.9154e-07	4.77432e-08	-2.2093e-09	-3.16764e-08	6.8446e-07	-6.9866e-07
-0.08	-3.5993e-09	-5.3946e-10	-3.1491e-10	6.657e-07	-6.6136e-07	7.0212e-09	-5.5694e-10	-7.5213e-09	6.7328e-07	-6.7228e-07	1.33982e-08	-6.282e-10	-1.14902e-08	6.7586e-07	-6.7704e-07	1.99954e-08	-7.7541e-10	-1.56616e-08	6.779e-07	-6.816e-07	2.75294e-08	-1.0483e-09	-2.0441e-08	6.802e-07	-6.8626e-07	3.7052e-08	-1.4848e-09	-2.62574e-08	6.8246e-07	-6.918e-07	4.90054e-08	-2.1408e-09	-3.30404e-08	6.8434e-07	-6.9818e-07
-0.075	-3.6129e-09	-4.9792e-10	-3.1001e-10	6.6586e-07	-6.6138e-07	7.5058e-09	-5.1171e-10	-8.0084e-09	6.7332e-07	-6.7234e-07	1.40108e-08	-5.8153e-10	-1.21432e-08	6.7612e-07	-6.773e-07	2.07738e-08	-7.2649e-10	-1.64482e-08	6.7812e-07	-6.8176e-07	2.85976e-08	-9.997e-10	-2.15762e-08	6.8022e-07	-6.8612e-07	3.83222e-08	-1.4268e-09	-2.7438e-08	6.8222e-07	-6.9176e-07	5.04944e-08	-2.0692e-09	-3.46804e-08	6.8458e-07	-6.9842e-07
-0.07	-3.612e-09	-4.5961e-10	-3.0289e-10	6.6556e-07	-6.613e-07	8.0358e-09	-4.7777e-10	-8.5555e-09	6.7336e-07	-6.725e-07	1.47522e-08	-5.4385e-10	-1.2863e-08	6.7586e-07	-6.7732e-07	2.16458e-08	-6.8738e-10	-1.73452e-08	6.7788e-07	-6.8152e-07	2.97088e-08	-9.4578e-10	-2.25774e-08	6.8016e-07	-6.8634e-07	3.96564e-08	-1.3716e-09	-2.89254e-08	6.823e-07	-6.9156e-07	5.2238e-08	-2.0067e-09	-3.6237e-08	6.843e-07	-6.9846e-07
-0.065	-3.6136e-09	-4.2366e-10	-3.0029e-10	6.6568e-07	-6.6156e-07	8.7146e-09	-4.4091e-10	-9.231e-09	6.7322e-07	-6.7236e-07	1.564e-08	-5.0536e-10	-1.3702e-08	6.7614e-07	-6.7752e-07	2.27552e-08	-6.4532e-10	-1.84992e-08	6.779e-07	-6.8182e-07	3.10702e-08	-9.0101e-10	-2.3982e-08	6.802e-07	-6.864e-07	4.1345e-08	-1.3172e-09	-3.06054e-08	6.821e-07	-6.916e-07	5.42934e-08	-1.9448e-09	-3.8365e-08	6.8436e-07	-6.9832e-07
-0.06	-3.626e-09	-3.9415e-10	-2.9131e-10	6.6602e-07	-6.6154e-07	9.4455e-09	-4.0913e-10	-9.9496e-09	6.7342e-07	-6.7244e-07	1.6567e-08	-4.6874e-10	-1.46704e-08	6.76e-07	-6.7744e-07	2.39414e-08	-6.0381e-10	-1.96936e-08	6.7818e-07	-6.8176e-07	3.2548e-08	-8.6233e-10	-2.55398e-08	6.7992e-07	-6.8618e-07	4.31772e-08	-1.2694e-09	-3.2461e-08	6.8216e-07	-6.9166e-07	5.65892e-08	-1.8908e-09	-4.06152e-08	6.8394e-07	-6.9824e-07
-0.055	-3.6359e-09	-3.6386e-10	-2.8189e-10	6.6606e-07	-6.6158e-07	1.02891e-08	-3.799e-10	-1.07994e-08	6.735e-07	-6.7256e-07	1.7714e-08	-4.38e-10	-1.5819e-08	6.758e-07	-6.7732e-07	2.53782e-08	-5.7127e-10	-2.10484e-08	6.7792e-07	-6.8166e-07	3.43714e-08	-8.2001e-10	-2.73826e-08	6.8012e-07	-6.8628e-07	4.53254e-08	-1.228e-09	-3.47762e-08	6.8218e-07	-6.916e-07	5.92224e-08	-1.8358e-09	-4.33566e-08	6.844e-07	-6.9824e-07
-0.05	-3.6473e-09	-3.3854e-10	-2.7302e-10	6.6606e-07	-6.6202e-07	1.13448e-08	-3.5416e-10	-1.1849e-08	6.7326e-07	-6.7228e-07	1.8962e-08	-4.1245e-10	-1.7044e-08	6.7622e-07	-6.7746e-07	2.7026e-08	-5.3959e-10	-2.27152e-08	6.7824e-07	-6.8174e-07	3.63816e-08	-7.8646e-10	-2.9257e-08	6.8004e-07	-6.8616e-07	4.78364e-08	-1.1847e-09	-3.71146e-08	6.8206e-07	-6.9156e-07	6.20234e-08	-1.7883e-09	-4.63704e-08	6.8438e-07	-6.9808e-07
-0.045	-3.6561e-09	-3.1543e-10	-2.6729e-10	6.661e-07	-6.6182e-07	1.24942e-08	-3.3134e-10	-1.29748e-08	6.7318e-07	-6.7232e-07	2.04642e-08	-3.835e-10	-1.85516e-08	6.7606e-07	-6.7778e-07	2.89318e-08	-5.1031e-10	-2.45926e-08	6.7824e-07	-6.8192e-07	3.87614e-08	-7.5272e-10	-3.17222e-08	6.7988e-07	-6.861e-07	5.06938e-08	-1.1422e-09	-4.0024e-08	6.821e-07	-6.9156e-07	6.584e-08	-1.7348e-09	-4.99212e-08	6.8408e-07	-6.9814e-07
-0.04	-3.6692e-09	-2.9224e-10	-2.5566e-10	6.6628e-07	-6.6194e-07	1.38302e-08	-3.0999e-10	-1.434e-08	6.7326e-07	-6.7244e-07	2.21912e-08	-3.6272e-10	-2.0335e-08	6.7604e-07	-6.7758e-07	3.10276e-08	-4.8486e-10	-2.67412e-08	6.7814e-07	-6.8166e-07	4.13978e-08	-7.2415e-10	-3.4326e-08	6.7978e-07	-6.861e-07	5.3995e-08	-1.1074e-09	-4.34476e-08	6.82e-07	-6.916e-07	6.96858e-08	-1.6915e-09	-5.39722e-08	6.8416e-07	-6.9806e-07
-0.035	-3.6872e-09	-2.724e-10	-2.3825e-10	6.6614e-07	-6.619e-07	1.53916e-08	-2.8633e-10	-1.5951e-08	6.7322e-07	-6.725e-07	2.42152e-08	-3.409e-10	-2.23408e-08	6.7606e-07	-6.7762e-07	3.35488e-08	-4.6201e-10	-2.93092e-08	6.7818e-07	-6.82e-07	4.44354e-08	-6.8969e-10	-3.74428e-08	6.8008e-07	-6.8622e-07	5.77484e-08	-1.0746e-09	-4.71184e-08	6.8194e-07	-6.9172e-07	7.42642e-08	-1.6507e-09	-5.863e-08	6.8434e-07	-6.9838e-07
-0.03	-3.7119e-09	-2.5203e-10	-2.3346e-10	6.664e-07	-6.6242e-07	1.74318e-08	-2.6846e-10	-1.78242e-08	6.734e-07	-6.7258e-07	2.64908e-08	-3.1859e-10	-2.46442e-08	6.7596e-07	-6.7754e-07	3.6457e-08	-4.3558e-10	-3.218e-08	6.7812e-07	-6.8188e-07	4.79678e-08	-6.6382e-10	-4.1022e-08	6.801e-07	-6.8634e-07	6.2097e-08	-1.0391e-09	-5.1601e-08	6.8184e-07	-6.9162e-07	7.95042e-08	-1.6109e-09	-6.38658e-08	6.8426e-07	-6.9808e-07
-0.025	-3.7317e-09	-2.3834e-10	-2.0418e-10	6.665e-07	-6.6204e-07	1.93508e-08	-2.5717e-10	-1.99316e-08	6.7346e-07	-6.7286e-07	2.9262e-08	-3.022e-10	-2.73776e-08	6.7598e-07	-6.7772e-07	3.98044e-08	-4.1552e-10	-3.56082e-08	6.7812e-07	-6.8174e-07	5.2181e-08	-6.3839e-10	-4.52074e-08	6.7998e-07	-6.8636e-07	6.73036e-08	-1.0062e-09	-5.66302e-08	6.818e-07	-6.9148e-07	8.5685e-08	-1.568e-09	-6.99174e-08	6.8408e-07	-6.9804e-07
-0.02	-3.7415e-09	-2.2559e-10	-2.0189e-10	6.6656e-07	-6.6216e-07	2.1679e-08	-2.4094e-10	-2.21516e-08	6.7332e-07	-6.727e-07	3.22726e-08	-2.8657e-10	-3.04142e-08	6.762e-07	-6.7756e-07	4.3737e-08	-3.9828e-10	-3.94704e-08	6.778e-07	-6.8198e-07	5.69814e-08	-6.1771e-10	-5.0066e-08	6.7974e-07	-6.8622e-07	7.31392e-08	-9.8028e-10	-6.24792e-08	6.8214e-07	-6.9168e-07	9.28186e-08	-1.5325e-09	-7.7294e-08	6.841e-07	-6.9818e-07
-0.015	-3.7746e-09	-2.1215e-10	-1.677e-10	6.6644e-07	-6.623e-07	2.44972e-08	-2.2552e-10	-2.5027e-08	6.736e-07	-6.7262e-07	3.59594e-08	-2.7088e-10	-3.40898e-08	6.7622e-07	-6.7754e-07	4.81572e-08	-3.8077e-10	-4.4026e-08	6.7816e-07	-6.82e-07	6.2667e-08	-5.9189e-10	-5.56186e-08	6.7972e-07	-6.8622e-07	8.00266e-08	-9.5089e-10	-6.94066e-08	6.8182e-07	-6.9154e-07	1.011772e-07	-1.5006e-09	-8.5542e-08	6.839e-07	-6.977e-07
-0.01	-3.7899e-09	-2.0002e-10	-1.3476e-10	6.6652e-07	-6.624e-07	2.77176e-08	-2.1164e-10	-2.8226e-08	6.7342e-07	-6.7276e-07	4.01344e-08	-2.5709e-10	-3.8378e-08	6.7588e-07	-6.776e-07	5.34374e-08	-3.6378e-10	-4.9114e-08	6.7812e-07	-6.8182e-07	6.91058e-08	-5.72e-10	-6.20412e-08	6.7982e-07	-6.8628e-07	8.76918e-08	-9.2015e-10	-7.71654e-08	6.8198e-07	-6.913e-07	1.104858e-07	-1.4673e-09	-9.51062e-08	6.8412e-07	-6.9778e-07
-0.005	-3.848e-09	-1.9142e-10	-1.0986e-10	6.6698e-07	-6.6254e-07	3.15762e-08	-2.0263e-10	-3.2083e-08	6.7356e-07	-6.7282e-07	4.51408e-08	-2.4403e-10	-4.32236e-08	6.7624e-07	-6.7762e-07	5.94278e-08	-3.4396e-10	-5.51866e-08	6.7816e-07	-6.82e-07	7.6532e-08	-5.5212e-10	-6.9734e-08	6.799e-07	-6.863e-07	9.69702e-08	-8.9998e-10	-8.63562e-08	6.817e-07	-6.9126e-07	1.2172e-07	-1.4355e-09	-1.064888e-07	6.8372e-07	-6.9798e-07
0	-3.866e-09	-1.8157e-10	-4.804e-11	6.667e-07	-6.626e-07	3.59556e-08	-1.9235e-10	-3.64732e-08	6.7358e-07	-6.7264e-07	5.0638e-08	-2.2992e-10	-4.8835e-08	6.7636e-07	-6.778e-07	6.64312e-08	-3.3058e-10	-6.21948e-08	6.7794e-07	-6.8178e-07	8.52946e-08	-5.334e-10	-7.83644e-08	6.7988e-07	-6.859e-07	1.073886e-07	-8.7619e-10	-9.6815e-08	6.8204e-07	-6.916e-07	1.3448e-07	-1.4017e-09	-1.1884e-07	6.8398e-07	-6.9802e-07
0.005	-3.9362e-09	-1.7165e-10	5.66e-12	6.67e-07	-6.6274e-07	4.10714e-08	-1.8253e-10	-4.15892e-08	6.7364e-07	-6.7284e-07	5.72188e-08	-2.2108e-10	-5.5371e-08	6.7624e-07	-6.7764e-07	7.46888e-08	-3.1918e-10	-7.05632e-08	6.7814e-07	-6.817e-07	9.55336e-08	-5.1284e-10	-8.86666e-08	6.7984e-07	-6.8604e-07	1.1974e-07	-8.5009e-10	-1.092388e-07	6.8168e-07	-6.9126e-07	1.4936e-07	-1.3682e-09	-1.3378e-07	6.8374e-07	-6.9792e-07
0.01	-4.0103e-09	-1.6241e-10	3.14e-11	6.6708e-07	-6.6302e-07	4.6964e-08	-1.7234e-10	-4.75062e-08	6.7362e-07	-6.7274e-07	6.47492e-08	-2.0815e-10	-6.28674e-08	6.7616e-07	-6.776e-07	8.41462e-08	-3.0693e-10	-7.985e-08	6.7794e-07	-6.8182e-07	1.070458e-07	-4.9745e-10	-1.002542e-07	6.799e-07	-6.8618e-07	1.337e-07	-8.2504e-10	-1.2284e-07	6.8192e-07	-6.9132e-07	1.6644e-07	-1.3375e-09	-1.5104e-07	6.8366e-07	-6.9798e-07
0.015	-4.0606e-09	-1.5401e-10	1.2998e-10	6.6718e-07	-6.6276e-07	5.39386e-08	-1.6146e-10	-5.4482e-08	6.736e-07	-6.7274e-07	7.36182e-08	-1.9781e-10	-7.17764e-08	6.7612e-07	-6.7762e-07	9.51038e-08	-2.89e-10	-9.09866e-08	6.7796e-07	-6.8192e-07	1.2084e-07	-4.7436e-10	-1.13807e-07	6.7978e-07	-6.8632e-07	1.501e-07	-8.026e-10	-1.3992e-07	6.8202e-07	-6.916e-07	1.866e-07	-1.3084e-09	-1.712e-07	6.8376e-07	-6.9784e-07
0.02	-4.1392e-09	-1.4767e-10	1.6717e-10	6.6724e-07	-6.6328e-07	6.18258e-08	-1.5294e-10	-6.23536e-08	6.735e-07	-6.7284e-07	8.37858e-08	-1.8802e-10	-8.19734e-08	6.7588e-07	-6.7762e-07	1.078132e-07	-2.8005e-10	-1.03476e-07	6.7824e-07	-6.8206e-07	1.3642e-07	-4.6269e-10	-1.295e-07	6.7984e-07	-6.8652e-07	1.6922e-07	-7.8309e-10	-1.587e-07	6.8176e-07	-6.9118e-07	2.0928e-07	-1.2809e-09	-1.9366e-07	6.8378e-07	-6.9776e-07
0.025	-4.2022e-09	-1.3626e-10	2.965e-10	6.6738e-07	-6.6326e-07	7.11926e-08	-1.4856e-10	-7.16998e-08	6.7366e-07	-6.7304e-07	9.59462e-08	-1.8212e-10	-9.39902e-08	6.7604e-07	-6.7772e-07	1.2278e-07	-2.6641e-10	-1.1846e-07	6.7832e-07	-6.8206e-07	1.5516e-07	-4.4678e-10	-1.4806e-07	6.7968e-07	-6.8616e-07	1.9128e-07	-7.6263e-10	-1.8088e-07	6.8156e-07	-6.9138e-07	2.3612e-07	-1.2511e-09	-2.2042e-07	6.837e-07	-6.9774e-07
0.03	-4.3681e-09	-1.3072e-10	3.7853e-10	6.6744e-07	-6.6336e-07	8.20806e-08	-1.4045e-10	-8.24606e-08	6.7398e-07	-6.7334e-07	1.097028e-07	-1.7088e-10	-1.077368e-07	6.7624e-07	-6.7768e-07	1.3984e-07	-2.5726e-10	-1.3544e-07	6.78e-07	-6.8188e-07	1.7618e-07	-4.3148e-10	-1.6906e-07	6.8002e-07	-6.8608e-07	2.1706e-07	-7.4233e-10	-2.0648e-07	6.8192e-07	-6.9162e-07	2.6684e-07	-1.2203e-09	-2.5154e-07	6.8378e-07	-6.9778e-07
0.035	-4.4979e-09	-1.2393e-10	5.0943e-10	6.6758e-07	-6.6328e-07	9.47072e-08	-1.2852e-10	-9.5131e-08	6.7378e-07	-6.7306e-07	1.262e-07	-1.5913e-10	-1.2396e-07	6.7606e-07	-6.7768e-07	1.5992e-07	-2.4681e-10	-1.5578e-07	6.7794e-07	-6.8206e-07	2.0112e-07	-4.2008e-10	-1.9416e-07	6.7994e-07	-6.862e-07	2.4678e-07	-7.2026e-10	-2.3608e-07	6.8166e-07	-6.913e-07	3.0238e-07	-1.1975e-09	-2.8708e-07	6.8346e-07	-6.9762e-07
0.04	-4.575e-09	-1.1415e-10	6.4819e-10	6.6746e-07	-6.635e-07	1.092032e-07	-1.2624e-10	-1.09742e-07	6.739e-07	-6.7296e-07	1.446e-07	-1.5347e-10	-1.4252e-07	6.7606e-07	-6.7784e-07	1.8292e-07	-2.375e-10	-1.7902e-07	6.7804e-07	-6.8194e-07	2.2904e-07	-4.0441e-10	-2.2254e-07	6.7978e-07	-6.8616e-07	2.8152e-07	-7.0372e-10	-2.7098e-07	6.8174e-07	-6.9156e-07	3.4358e-07	-1.1691e-09	-3.282e-07	6.8364e-07	-6.9792e-07
0.045	-4.7413e-09	-1.0957e-10	8.3298e-10	6.676e-07	-6.6326e-07	1.2664e-07	-1.2177e-10	-1.269e-07	6.7358e-07	-6.7306e-07	1.6652e-07	-1.4493e-10	-1.6694e-07	6.7596e-07	-6.7772e-07	2.1042e-07	-2.2702e-10	-2.0636e-07	6.7796e-07	-6.8178e-07	2.6264e-07	-3.8973e-10	-2.5552e-07	6.7972e-07	-6.8632e-07	3.2192e-07	-6.8335e-10	-3.1092e-07	6.8186e-07	-6.9142e-07	3.9206e-07	-1.1421e-09	-3.7632e-07	6.8382e-07	-6.978e-07
0.05	-4.9392e-09	-1.0059e-10	1.00539e-09	6.6764e-07	-6.6354e-07	1.4622e-07	-1.139e-10	-1.4678e-07	6.7356e-07	-6.7304e-07	1.9186e-07	-1.3746e-10	-1.899e-07	6.7624e-07	-6.7772e-07	2.4192e-07	-2.1348e-10	-2.3728e-07	6.7814e-07	-6.8178e-07	3.0084e-07	-3.7675e-10	-2.9456e-07	6.7982e-07	-6.8604e-07	3.6832e-07	-6.5999e-10	-3.5748e-07	6.8186e-07	-6.9138e-07	4.478e-07	-1.118e-09	-4.3244e-07	6.8358e-07	-6.9774e-07
0.055	-5.1024e-09	-9.626e-11	1.15005e-09	6.6768e-07	-6.6366e-07	1.6944e-07	-1.0887e-10	-1.7016e-07	6.7382e-07	-6.732e-07	2.2158e-07	-1.3047e-10	-2.1926e-07	6.7618e-07	-6.7782e-07	2.7838e-07	-2.0436e-10	-2.7442e-07	6.7796e-07	-6.8218e-07	3.4664e-07	-3.5973e-10	-3.3946e-07	6.8004e-07	-6.8632e-07	4.2312e-07	-6.4536e-10	-4.1268e-07	6.8192e-07	-6.915e-07	5.1242e-07	-1.0918e-09	-4.9788e-07	6.8358e-07	-6.9774e-07
0.06	-5.2e-09	-9.237e-11	1.5323e-09	6.679e-07	-6.6374e-07	1.9654e-07	-1.0474e-10	-1.9698e-07	6.7346e-07	-6.7296e-07	2.5554e-07	-1.22e-10	-2.5374e-07	6.7612e-07	-6.7814e-07	3.2078e-07	-1.9609e-10	-3.1678e-07	6.7812e-07	-6.823e-07	3.985e-07	-3.5155e-10	-3.9152e-07	6.7986e-07	-6.8644e-07	4.851e-07	-6.2608e-10	-4.7442e-07	6.8146e-07	-6.9112e-07	5.8894e-07	-1.0702e-09	-5.7344e-07	6.8356e-07	-6.9764e-07
0.065	-5.7615e-09	-8.778e-11	1.8438e-09	6.6776e-07	-6.6374e-07	2.2754e-07	-9.438e-11	-2.2812e-07	6.738e-07	-6.7306e-07	2.951e-07	-1.1723e-10	-2.935e-07	6.7618e-07	-6.7808e-07	3.7028e-07	-1.8609e-10	-3.662e-07	6.78e-07	-6.8212e-07	4.5812e-07	-3.3905e-10	-4.5104e-07	6.798e-07	-6.8618e-07	5.5718e-07	-6.0989e-10	-5.4734e-07	6.8164e-07	-6.9128e-07	6.7468e-07	-1.0455e-09	-6.5952e-07	6.8344e-07	-6.9754e-07
0.07	-6.1398e-09	-8.003e-11	2.2231e-09	6.6774e-07	-6.6374e-07	2.642e-07	-8.855e-11	-2.646e-07	6.7382e-07	-6.7306e-07	3.4222e-07	-1.0931e-10	-3.4056e-07	6.761e-07	-6.7796e-07	4.2806e-07	-1.7724e-10	-4.2344e-07	6.7794e-07	-6.8186e-07	5.2962e-07	-3.2434e-10	-5.2312e-07	6.8002e-07	-6.8622e-07	6.433e-07	-5.9389e-10	-6.3248e-07	6.8154e-07	-6.9132e-07	7.7652e-07	-1.0191e-09	-7.6154e-07	6.8376e-07	-6.9778e-07
0.075	-6.5134e-09	-7.65e-11	2.5844e-09	6.6806e-07	-6.6406e-07	3.0642e-07	-8.157e-11	-3.0654e-07	6.7388e-07	-6.7318e-07	3.9598e-07	-9.966e-11	-3.9384e-07	6.7614e-07	-6.7786e-07	4.9424e-07	-1.7035e-10	-4.906e-07	6.784e-07	-6.8212e-07	6.1054e-07	-3.1408e-10	-6.0474e-07	6.797e-07	-6.8608e-07	7.4114e-07	-5.7429e-10	-7.31e-07	6.8162e-07	-6.9134e-07	8.96e-07	-9.987e-10	-8.7936e-07	6.8374e-07	-6.9778e-07
0.08	-6.9457e-09	-6.637e-11	3.0477e-09	6.6794e-07	-6.641e-07	3.5624e-07	-7.8e-11	-3.5678e-07	6.738e-07	-6.734e-07	4.5922e-07	-9.635e-11	-4.577e-07	6.7638e-07	-6.7808e-07	5.724e-07	-1.6129e-10	-5.6874e-07	6.7806e-07	-6.8214e-07	7.0654e-07	-3.0086e-10	-6.9966e-07	6.7984e-07	-6.8636e-07	8.5676e-07	-5.596e-10	-8.4814e-07	6.815e-07	-6.9116e-07	1.03376e-06	-9.7327e-10	-1.0184e-06	6.8344e-07	-6.9762e-07
0.085	-7.4615e-09	-6.455e-11	3.5668e-09	6.6788e-07	-6.6408e-07	4.131e-07	-7.515e-11	-4.1318e-07	6.7404e-07	-6.7342e-07	5.3156e-07	-8.981e-11	-5.3042e-07	6.7618e-07	-6.7808e-07	6.6248e-07	-1.5365e-10	-6.5894e-07	6.7824e-07	-6.8224e-07	8.1688e-07	-2.8928e-10	-8.0996e-07	6.7992e-07	-6.861e-07	9.8866e-07	-5.4306e-10	-9.7876e-07	6.814e-07	-6.911e-07	1.1965e-06	-9.4879e-10	-1.176e-06	6.8348e-07	-6.9756e-07
0.09	-8.2391e-09	-5.702e-11	4.2561e-09	6.6804e-07	-6.64e-07	4.8078e-07	-6.829e-11	-4.8138e-07	6.7414e-07	-6.7326e-07	6.1794e-07	-8.326e-11	-6.1568e-07	6.7614e-07	-6.7776e-07	7.6908e-07	-1.4432e-10	-7.6564e-07	6.781e-07	-6.821e-07	9.4752e-07	-2.7652e-10	-9.3994e-07	6.8008e-07	-6.8646e-07	1.14612e-06	-5.2497e-10	-1.13334e-06	6.818e-07	-6.9118e-07	1.3806e-06	-9.2872e-10	-1.3596e-06	6.8372e-07	-6.978e-07
0.095	-8.9399e-09	-5.306e-11	4.981e-09	6.6824e-07	-6.6424e-07	5.5702e-07	-6.257e-11	-5.583e-07	6.7388e-07	-6.7338e-07	7.1738e-07	-7.93e-11	-7.1506e-07	6.7616e-07	-6.7804e-07	8.9088e-07	-1.3472e-10	-8.867e-07	6.7832e-07	-6.821e-07	1.09606e-06	-2.6188e-10	-1.08994e-06	6.7996e-07	-6.864e-07	1.3258e-06	-5.0812e-10	-1.3121e-06	6.8178e-07	-6.9146e-07	1.5919e-06	-9.0812e-10	-1.5746e-06	6.837e-07	-6.9792e-07
0.1	-9.6946e-09	-4.783e-11	5.7747e-09	6.6852e-07	-6.6442e-07	6.481e-07	-5.645e-11	-6.4988e-07	6.7376e-07	-6.7326e-07	8.3312e-07	-6.994e-11	-8.3174e-07	6.7636e-07	-6.781e-07	1.03546e-06	-1.2705e-10	-1.02946e-06	6.7838e-07	-6.8212e-07	1.2732e-06	-2.5673e-10	-1.2624e-06	6.7986e-07	-6.8638e-07	1.5345e-06	-4.9288e-10	-1.5228e-06	6.816e-07	-6.9144e-07	1.8423e-06	-8.8479e-10	-1.8259e-06	6.8396e-07	-6.9778e-07
0.105	-1.0612e-08	-4.315e-11	6.7084e-09	6.6826e-07	-6.642e-07	7.5462e-07	-5.186e-11	-7.5432e-07	6.7394e-07	-6.7328e-07	9.6576e-07	-6.516e-11	-9.6586e-07	6.7618e-07	-6.778e-07	1.2025e-06	-1.2112e-10	-1.1947e-06	6.7802e-07	-6.821e-07	1.4732e-06	-2.4396e-10	-1.465e-06	6.7986e-07	-6.861e-07	1.7741e-06	-4.7608e-10	-1.7605e-06	6.8158e-07	-6.9124e-07	2.1295e-06	-8.6317e-10	-2.1159e-06	6.8372e-07	-6.9764e-07
0.11	-1.15038e-08	-3.853e-11	7.5408e-09	6.6828e-07	-6.6422e-07	8.7944e-07	-4.706e-11	-8.9452e-07	6.7386e-07	-6.7356e-07	1.1235e-06	-6.029e-11	-1.1224e-06	6.7614e-07	-6.7802e-07	1.3959e-06	-1.1269e-10	-1.3891e-06	6.7826e-07	-6.8234e-07	1.7125e-06	-2.3398e-10	-1.7015e-06	6.7974e-07	-6.8612e-07	2.0589e-06	-4.6278e-10	-2.048e-06	6.8144e-07	-6.9112e-07	2.4688e-06	-8.444e-10	-2.448e-06	6.8358e-07	-6.9768e-07
0.115	-1.14792e-08	-2.986e-11	8.3126e-09	6.684e-07	-6.6442e-07	1.01986e-06	-4.077e-11	-1.01948e-06	6.7402e-07	-6.7322e-07	1.3085e-06	-5.623e-11	-1.3037e-06	6.7652e-07	-6.7822e-07	1.6181e-06	-1.0576e-10	-1.6119e-06	6.7812e-07	-6.8218e-07	1.9837e-06	-2.2202e-10	-1.9749e-06	6.7968e-07	-6.8614e-07	2.384e-06	-4.4635e-10	-2.3699e-06	6.8178e-07	-6.9142e-07	2.8565e-06	-8.1946e-10	-2.8381e-06	6.8376e-07	-6.976e-07
0.12	-1.42682e-08	-2.128e-11	1.03045e-08	6.6876e-07	-6.6478e-07	1.1869e-06	-3.345e-11	-1.1836e-06	6.7386e-07	-6.7322e-07	1.5213e-06	-4.373e-11	-1.5174e-06	6.7622e-07	-6.7796e-07	1.8829e-06	-9.831e-11	-1.8731e-06	6.7804e-07	-6.82e-07	2.3042e-06	-2.1297e-10	-2.2952e-06	6.7964e-07	-6.8622e-07	2.7707e-06	-4.3019e-10	-2.7566e-06	6.8172e-07	-6.9138e-07	3.3097e-06	-7.9745e-10	-3.2947e-06	6.835e-07	-6.9754e-07
0.125	-1.47458e-08	-1.983e-11	1.08596e-08	6.6852e-07	-6.6482e-07	1.3799e-06	-2.658e-11	-1.3771e-06	6.7402e-07	-6.7348e-07	1.7629e-06	-4.028e-11	-1.7584e-06	6.7644e-07	-6.7792e-07	2.1827e-06	-9.157e-11	-2.1759e-06	6.7832e-07	-6.8196e-07	2.6691e-06	-2.0392e-10	-2.6595e-06	6.7974e-07	-6.863e-07	3.2095e-06	-4.1659e-10	-3.1951e-06	6.8174e-07	-6.9154e-07	3.8338e-06	-7.7734e-10	-3.819e-06	6.8346e-07	-6.9762e-07
0.13	-1.806e-08	-1.565e-11	1.30282e-08	6.6874e-07	-6.6486e-07	1.6056e-06	-2.411e-11	-1.6031e-06	6.739e-07	-6.7316e-07	2.055e-06	-3.567e-11	-2.0474e-06	6.7636e-07	-6.779e-07	2.5375e-06	-8.465e-11	-2.5312e-06	6.7794e-07	-6.8206e-07	3.1e-06	-1.9234e-10	-3.0923e-06	6.7978e-07	-6.8622e-07	3.7231e-06	-4.0413e-10	-3.715e-06	6.8192e-07	-6.9132e-07	4.4478e-06	-7.5397e-10	-4.4298e-06	6.8358e-07	-6.9754e-07
0.135	-1.96756e-08	-6.86e-12	1.65034e-08	6.687e-07	-6.6466e-07	1.8659e-06	-1.706e-11	-1.8613e-06	6.7392e-07	-6.7354e-07	2.3809e-06	-2.878e-11	-2.3803e-06	6.7648e-07	-6.7816e-07	2.9486e-06	-7.738e-11	-2.94e-06	6.7814e-07	-6.8214e-07	3.5942e-06	-1.8171e-10	-3.5845e-06	6.7968e-07	-6.863e-07	4.3116e-06	-3.8966e-10	-4.2984e-06	6.817e-07	-6.9118e-07	5.1459e-06	-7.3146e-10	-5.1289e-06	6.8336e-07	-6.9752e-07
0.14	-2.22004e-08	-1.33e-12	1.91152e-08	6.6896e-07	-6.6494e-07	2.1733e-06	-1.392e-11	-2.1704e-06	6.7394e-07	-6.7338e-07	2.7785e-06	-2.443e-11	-2.7721e-06	6.7612e-07	-6.7792e-07	3.4258e-06	-7.291e-11	-3.4215e-06	6.7802e-07	-6.8212e-07	4.1811e-06	-1.7266e-10	-4.168e-06	6.7986e-07	-6.8622e-07	5.0081e-06	-3.7669e-10	-4.9904e-06	6.817e-07	-6.9148e-07	5.9751e-06	-7.1422e-10	-5.9573e-06	6.8338e-07	-6.9732e-07
0.145	-2.5991e-08	5.16e-12	2.0839e-08	6.69e-07	-6.6486e-07	2.5211e-06	-1.013e-11	-2.5193e-06	6.7416e-07	-6.7364e-07	3.2286e-06	-2.031e-11	-3.2174e-06	6.7648e-07	-6.7832e-07	3.976e-06	-6.317e-11	-3.9654e-06	6.7808e-07	-6.8214e-07	4.8445e-06	-1.6165e-10	-4.8329e-06	6.795e-07	-6.862e-07	5.8046e-06	-3.6257e-10	-5.7869e-06	6.8204e-07	-6.9154e-07	6.9214e-06	-6.933e-10	-6.9062e-06	6.8348e-07	-6.976e-07
0.15	-2.79662e-08	1.169e-11	2.52974e-08	6.6906e-07	-6.6518e-07	2.9287e-06	-4.03e-12	-2.9314e-06	6.741e-07	-6.7362e-07	3.748e-06	-1.525e-11	-3.7417e-06	6.765e-07	-6.7834e-07	4.6102e-06	-5.335e-11	-4.607e-06	6.7806e-07	-6.822e-07	5.6168e-06	-1.5121e-10	-5.6065e-06	6.7972e-07	-6.8618e-07	6.7271e-06	-3.4741e-10	-6.7142e-06	6.8168e-07	-6.913e-07	8.0082e-06	-6.7351e-10	-8.0513e-06	6.8358e-07	-6.9782e-07
0.155	-3.38648e-08	1.52e-11	2.78106e-08	6.693e-07	-6.6502e-07	3.405e-06	1.05e-12	-3.4108e-06	6.7392e-07	-6.7336e-07	4.3536e-06	-6.72e-12	-4.3482e-06	6.763e-07	-6.781e-07	5.362e-06	-4.795e-11	-5.3632e-06	6.7812e-07	-6.8224e-07	6.5307e-06	-1.4267e-10	-6.5228e-06	6.7956e-07	-6.8624e-07	7.8092e-06	-3.3156e-10	-7.7923e-06	6.8158e-07	-6.9144e-07	9.2948e-06	-6.5368e-10	-9.2771e-06	6.8334e-07	-6.9742e-07
0.16	-3.78364e-08	1.883e-11	3.5714e-08	6.6904e-07	-6.6506e-07	3.9557e-06	5.7e-12	-3.9636e-06	6.742e-07	-6.737e-07	5.0578e-06	-1.87e-12	-5.0473e-06	6.7658e-07	-6.7818e-07	6.2167e-06	-3.981e-11	-6.2145e-06	6.784e-07	-6.8228e-07	7.5669e-06	-1.3148e-10	-7.5625e-06	6.7978e-07	-6.8626e-07	9.0434e-06	-3.2006e-10	-9.0339e-06	6.8184e-07	-6.914e-07	1.07634e-05	-6.3578e-10	-1.07428e-05	6.8358e-07	-6.976e-07
0.165	-4.1948e-08	2.857e-11	3.91696e-08	6.69e-07	-6.6512e-07	4.6003e-06	1.448e-11	-4.5986e-06	6.7414e-07	-6.734e-07	5.8767e-06	3.31e-12	-5.882e-06	6.7634e-07	-6.7822e-07	7.2287e-06	-3.854e-11	-7.2159e-06	6.782e-07	-6.8212e-07	8.7817e-06	-1.1968e-10	-8.7812e-06	6.7956e-07	-6.8614e-07	1.05009e-05	-3.0448e-10	-1.0489e-05	6.8176e-07	-6.9168e-07	1.248e-05	-6.1491e-10	-1.2462e-05	6.834e-07	-6.9764e-07
0.17	-4.9245e-08	3.451e-11	4.48296e-08	6.6934e-07	-6.6528e-07	5.3444e-06	2.204e-11	-5.3357e-06	6.7418e-07	-6.7344e-07	6.8323e-06	1.095e-11	-6.8269e-06	6.7646e-07	-6.7832e-07	8.386e-06	-4.023e-11	-8.3798e-06	6.783e-07	-6.8208e-07	1.01749e-05	-1.1061e-10	-1.01718e-05	6.797e-07	-6.8628e-07	1.2184e-05	-2.9141e-10	-1.2144e-05	6.8178e-07	-6.916e-07	1.4414e-05	-5.9692e-10	-1.4424e-05	6.8364e-07	-6.9752e-07
0.175	-5.67752e-08	3.876e-11	5.235e-08	6.6934e-07	-6.6546e-07	6.2161e-06	2.764e-11	-6.2247e-06	6.7402e-07	-6.7348e-07	7.947e-06	1.583e-11	-7.9435e-06	6.7656e-07	-6.7842e-07	9.7337e-06	-3.094e-11	-9.7382e-06	6.7842e-07	-6.8238e-07	1.1834e-05	-9.775e-11	-1.1816e-05	6.7968e-07	-6.8616e-07	1.409e-05	-2.7162e-10	-1.408e-05	6.8168e-07	-6.9114e-07	1.6708e-05	-5.7982e-10	-1.6706e-05	6.8338e-07	-6.9744e-07
0.18	-6.4194e-08	4.359e-11	5.9612e-08	6.6928e-07	-6.6522e-07	7.219e-06	3.455e-11	-7.2174e-06	6.742e-07	-6.7342e-07	9.2242e-06	2.192e-11	-9.2054e-06	6.7636e-07	-6.7828e-07	1.12839e-05	-2.381e-11	-1.12765e-05	6.7846e-07	-6.8212e-07	1.368e-05	-9.166e-11	-1.3682e-05	6.7962e-07	-6.8608e-07	1.63e-05	-2.5892e-10	-1.6292e-05	6.817e-07	-6.9146e-07	1.9338e-05	-5.6072e-10	-1.9318e-05	6.8362e-07	-6.976e-07
0.185	-7.2025e-08	5.244e-11	7.17268e-08	6.6934e-07	-6.654e-07	8.3851e-06	3.895e-11	-8.3886e-06	6.7426e-07	-6.7358e-07	1.071e-05	2.636e-11	-1.07004e-05	6.7652e-07	-6.7804e-07	1.3116e-05	-4.85e-12	-1.3118e-05	6.7832e-07	-6.8226e-07	1.5868e-05	-8.119e-11	-1.5868e-05	6.7978e-07	-6.8632e-07	1.8906e-05	-2.4768e-10	-1.8888e-05	6.8152e-07	-6.9142e-07	2.2392e-05	-5.3948e-10	-2.238e-05	6.8344e-07	-6.9736e-07
0.19	-8.8111e-08	5.828e-11	8.3266e-08	6.6956e-07	-6.6546e-07	9.7252e-06	4.658e-11	-9.7331e-06	6.7426e-07	-6.7356e-07	1.2448e-05	3.477e-11	-1.2412e-05	6.763e-07	-6.7806e-07	1.5198e-05	2.54e-12	-1.5184e-05	6.784e-07	-6.8272e-07	1.8378e-05	-7.197e-11	-1.8368e-05	6.7986e-07	-6.8638e-07	2.1864e-05	-2.3297e-10	-2.185e-05	6.8156e-07	-6.9148e-07	2.5868e-05	-5.2226e-10	-2.5824e-05	6.8352e-07	-6.9758e-07
0.195	-1.021152e-07	6.426e-11	9.7827e-08	6.694e-07	-6.6544e-07	1.12897e-05	5.128e-11	-1.12901e-05	6.7404e-07	-6.7366e-07	1.4414e-05	4.432e-11	-1.441e-05	6.7646e-07	-6.7834e-07	1.7636e-05	6.92e-12	-1.7638e-05	6.7834e-07	-6.8228e-07	2.1326e-05	-6.134e-11	-2.1328e-05	6.7996e-07	-6.8624e-07	2.5338e-05	-2.223e-10	-2.5312e-05	6.8156e-07	-6.912e-07	2.9956e-05	-5.027e-10	-2.9934e-05	6.8338e-07	-6.9754e-07
0.2	-1.171782e-07	7.19e-11	1.132524e-07	6.6958e-07	-6.6574e-07	1.3118e-05	5.731e-11	-1.309e-05	6.7424e-07	-6.7352e-07	1.6694e-05	5.209e-11	-1.6684e-05	6.763e-07	-6.781e-07	2.0392e-05	2.01e-11	-2.0392e-05	6.7834e-07	-6.8232e-07	2.4656e-05	-5.328e-11	-2.4638e-05	6.7974e-07	-6.8612e-07	2.9308e-05	-2.0653e-10	-2.9228e-05	6.817e-07	-6.9134e-07	3.4512e-05	-4.842e-10	-3.4482e-05	6.8346e-07	-6.9752e-07
0.205	-5.0676e-07	7.975e-11	2.1256e-07	6.697e-07	-6.6552e-07	1.5206e-05	5.984e-11	-1.5206e-05	6.7426e-07	-6.7358e-07	1.9362e-05	5.589e-11	-1.9366e-05	6.7636e-07	-6.7804e-07	2.3646e-05	2.785e-11	-2.3646e-05	6.7834e-07	-6.8244e-07	2.8562e-05	-4.533e-11	-2.8558e-05	6.7972e-07	-6.8628e-07	3.3868e-05	-1.9449e-10	-3.389e-05	6.8192e-07	-6.9138e-07	3.9932e-05	-4.7009e-10	-3.9896e-05	6.835e-07	-6.9744e-07
0.21	-1.5536e-07	8.543e-11	1.5342e-07	6.6954e-07	-6.6568e-07	1.7616e-05	6.573e-11	-1.7582e-05	6.7416e-07	-6.7344e-07	2.2388e-05	5.923e-11	-2.2372e-05	6.767e-07	-6.782e-07	2.737e-05	3.489e-11	-2.7374e-05	6.7806e-07	-6.8218e-07	3.2986e-05	-3.352e-11	-3.296e-05	6.7958e-07	-6.8634e-07	3.9088e-05	-1.8178e-10	-3.9084e-05	6.8174e-07	-6.914e-07	4.5996e-05	-4.498e-10	-4.5982e-05	6.8348e-07	-6.9736e-07
0.215	-1.78e-07	9.591e-11	1.7448e-07	6.6942e-07	-6.6556e-07	2.0416e-05	7.299e-11	-2.0398e-05	6.7426e-07	-6.7376e-07	2.5978e-05	6.538e-11	-2.5968e-05	6.7646e-07	-6.7828e-07	3.171e-05	4.299e-11	-3.17e-05	6.7844e-07	-6.8222e-07	3.8164e-05	-2.303e-11	-3.8128e-05	6.7972e-07	-6.8662e-07	4.5166e-05	-1.6717e-10	-4.5158e-05	6.8174e-07	-6.9136e-07	5.307e-05	-4.3229e-10	-5.3106e-05	6.8344e-07	-6.9752e-07
0.22	-2.0646e-07	1.0359e-10	2.0166e-07	6.6964e-07	-6.6586e-07	2.362e-05	7.942e-11	-2.3596e-05	6.7428e-07	-6.7402e-07	3e-05	7.171e-11	-3.0012e-05	6.764e-07	-6.7822e-07	3.659e-05	4.907e-11	-3.661e-05	6.7824e-07	-6.822e-07	4.4054e-05	-1.401e-11	-4.3982e-05	6.7968e-07	-6.864e-07	5.2068e-05	-1.552e-10	-5.2038e-05	6.8172e-07	-6.9148e-07	6.121e-05	-4.1634e-10	-6.109e-05	6.8344e-07	-6.9754e-07
0.225	-2.3724e-07	1.1235e-10	2.3286e-07	6.6966e-07	-6.6588e-07	2.745e-05	8.448e-11	-2.7354e-05	6.743e-07	-6.735e-07	3.4758e-05	7.96e-11	-3.475e-05	6.763e-07	-6.7816e-07	4.239e-05	5.694e-11	-4.24e-05	6.7824e-07	-6.8242e-07	5.0894e-05	-4.51e-12	-5.087e-05	6.7968e-07	-6.865e-07	6.0112e-05	-1.429e-10	-6.0128e-05	6.8176e-07	-6.9142e-07	7.0596e-05	-3.9798e-10	-7.0548e-05	6.8346e-07	-6.9748e-07
0.23	-2.7918e-07	1.207e-10	2.7452e-07	6.6978e-07	-6.6572e-07	3.1584e-05	9.214e-11	-3.1648e-05	6.7414e-07	-6.7374e-07	4.0128e-05	8.645e-11	-4.011e-05	6.7624e-07	-6.7814e-07	4.886e-05	6.197e-11	-4.8862e-05	6.7814e-07	-6.8238e-07	5.861e-05	4.99e-12	-5.8582e-05	6.7972e-07	-6.8632e-07	6.9242e-05	-1.2895e-10	-6.9158e-05	6.8174e-07	-6.9134e-07	8.1074e-05	-3.7879e-10	-8.1064e-05	6.8346e-07	-6.9748e-07
0.235	-3.2578e-07	1.2856e-10	3.296e-07	6.697e-07	-6.6586e-07	3.6582e-05	9.94e-11	-3.661e-05	6.7402e-07	-6.7356e-07	4.6398e-05	9.349e-11	-4.6394e-05	6.7634e-07	-6.7816e-07	5.6432e-05	6.909e-11	-5.6448e-05	6.7826e-07	-6.8248e-07	6.7628e-05	1.514e-11	-6.7654e-05	6.7962e-07	-6.8618e-07	7.9804e-05	-1.1551e-10	-7.9742e-05	6.8182e-07	-6.9124e-07	9.33e-05	-3.6064e-10	-9.334e-05	6.8336e-07	-6.9756e-07
0.24	-3.8062e-07	1.362e-10	3.7778e-07	6.6994e-07	-6.6598e-07	4.2222e-05	1.0626e-10	-4.221e-05	6.7428e-07	-6.7378e-07	5.349e-05	1.01e-10	-5.349e-05	6.7638e-07	-6.7828e-07	6.5062e-05	7.847e-11	-6.5048e-05	6.781e-07	-6.826e-07	7.7814e-05	2.263e-11	-7.7824e-05	6.7976e-07	-6.8648e-07	9.1724e-05	-1.0339e-10	-9.171e-05	6.8164e-07	-6.9142e-07	0.000107114	-3.4535e-10	-0.000107106	6.8356e-07	-6.9752e-07
0.245	-4.4642e-07	1.4275e-10	4.3856e-07	6.699e-07	-6.6612e-07	4.8702e-05	1.1306e-10	-4.8658e-05	6.7426e-07	-6.7364e-07	6.1624e-05	1.0884e-10	-6.1612e-05	6.7632e-07	-6.782e-07	7.4852e-05	8.47e-11	-7.493e-05	6.7832e-07	-6.8254e-07	8.948e-05	3.125e-11	-8.9468e-05	6.7974e-07	-6.8622e-07	0.000105254	-9.255e-11	-0.000105236	6.8158e-07	-6.9154e-07	0.00012326	-3.2922e-10	-0.00012286	6.8346e-07	-6.9762e-07
0.25	-5.1976e-07	1.5097e-10	5.2312e-07	6.7e-07	-6.6594e-07	5.625e-05	1.1816e-10	-5.626e-05	6.741e-07	-6.7358e-07	7.1096e-05	1.151e-10	-7.1148e-05	6.7634e-07	-6.7856e-07	8.6316e-05	9.342e-11	-8.6344e-05	6.782e-07	-6.8248e-07	0.000103044	4.275e-11	-0.000102984	6.798e-07	-6.8634e-07	0.00012154	-7.826e-11	-0.000121	6.8188e-07	-6.915e-07	0.0001415	-3.0601e-10	-0.00014126	6.8328e-07	-6.9754e-07
0.255	-6.1332e-07	1.618e-10	6.158e-07	6.7008e-07	-6.6606e-07	6.4754e-05	1.2656e-10	-6.4762e-05	6.741e-07	-6.737e-07	8.1876e-05	1.2247e-10	-8.1834e-05	6.766e-07	-6.7824e-07	9.9268e-05	1.0166e-10	-9.915e-05	6.784e-07	-6.825e-07	0.0001186	5.289e-11	-0.00011832	6.798e-07	-6.8644e-07	0.00013908	-6.826e-11	-0.0001389	6.818e-07	-6.914e-07	0.00016186	-2.9329e-10	-0.00016156	6.8326e-07	-6.9752e-07
0.26	-7.183e-07	1.7165e-10	7.2284e-07	6.7002e-07	-6.6606e-07	7.4678e-05	1.3202e-10	-7.4658e-05	6.7416e-07	-6.7366e-07	9.4234e-05	1.2907e-10	-9.4256e-05	6.7638e-07	-6.7848e-07	0.000114168	1.0926e-10	-0.000114106	6.7838e-07	-6.8246e-07	0.00013624	6.123e-11	-0.0001359	6.7978e-07	-6.864e-07	0.00015966	-5.764e-11	-0.0001592	6.8168e-07	-6.9152e-07	0.0001855	-2.7634e-10	-0.00018524	6.8354e-07	-6.9778e-07
0.265	-8.3812e-07	1.8369e-10	8.4112e-07	6.7028e-07	-6.664e-07	8.5844e-05	1.4068e-10	-8.591e-05	6.7442e-07	-6.7386e-07	0.000108202	1.3946e-10	-0.000108302	6.7654e-07	-6.784e-07	0.00013126	1.1897e-10	-0.00013106	6.7842e-07	-6.8272e-07	0.0001559	6.986e-11	-0.00015576	6.7992e-07	-6.8632e-07	0.00018258	-4.152e-11	-0.0001822	6.8156e-07	-6.9148e-07	0.00021178	-2.601e-10	-0.00021156	6.8338e-07	-6.9756e-07
0.27	-9.7934e-07	1.9167e-10	9.889e-07	6.7e-07	-6.6622e-07	9.888e-05	1.4823e-10	-9.8884e-05	6.7416e-07	-6.7386e-07	0.00012482	1.4509e-10	-0.00012452	6.7682e-07	-6.7872e-07	0.00015076	1.2395e-10	-0.00015038	6.7828e-07	-6.8274e-07	0.00017878	7.999e-11	-0.00017848	6.7984e-07	-6.8632e-07	0.00020882	-2.902e-11	-0.00020868	6.8174e-07	-6.9144e-07	0.00024198	-2.4435e-10	-0.00024178	6.836e-07	-6.9798e-07
0.275	-1.14816e-06	2.0083e-10	1.15008e-06	6.7018e-07	-6.6622e-07	0.000113352	1.5603e-10	-0.000113342	6.7426e-07	-6.739e-07	0.00014296	1.5066e-10	-0.00014266	6.7672e-07	-6.7834e-07	0.0001725	1.3407e-10	-0.00017214	6.784e-07	-6.8254e-07	0.00020428	8.983e-11	-0.00020396	6.7988e-07	-6.8646e-07	0.00023832	-1.763e-11	-0.00023794	6.8158e-07	-6.9148e-07	0.0002757	-2.249e-10	-0.00027528	6.8354e-07	-6.9802e-07
0.28	-1.4269e-06	2.0625e-10	1.4753e-06	6.7026e-07	-6.6662e-07	0.00013052	1.664e-10	-0.0001302	6.7446e-07	-6.7408e-07	0.00016392	1.5948e-10	-0.00016364	6.7674e-07	-6.783e-07	0.00019758	1.4374e-10	-0.00019726	6.7818e-07	-6.8242e-07	0.0002336	1e-10	-0.00023322	6.7984e-07	-6.8648e-07	0.00027204	-2.8e-12	-0.00027178	6.8158e-07	-6.9146e-07	0.0003142	-2.08e-10	-0.00031414	6.8374e-07	-6.9788e-07
0.285	-1.7511e-06	2.192e-10	1.7024e-06	6.7026e-07	-6.663e-07	0.00014936	1.7832e-10	-0.00014912	6.7442e-07	-6.741e-07	0.0001874	1.759e-10	-0.00018704	6.7646e-07	-6.7828e-07	0.00022568	1.5176e-10	-0.00022534	6.7808e-07	-6.8228e-07	0.00026608	1.1301e-10	-0.00026588	6.799e-07	-6.8662e-07	0.00030978	7.33e-12	-0.00030946	6.819e-07	-6.9164e-07	0.0003567	-1.8866e-10	-0.00035656	6.8354e-07	-6.9768e-07
0.29	-1.9957e-06	2.3276e-10	2.0148e-06	6.7006e-07	-6.6656e-07	0.0001711	1.861e-10	-0.00017082	6.7438e-07	-6.741e-07	0.00021442	1.9006e-10	-0.00021408	6.768e-07	-6.7876e-07	0.00025768	1.5972e-10	-0.00025752	6.7796e-07	-6.8216e-07	0.00030348	1.2167e-10	-0.00030294	6.799e-07	-6.8682e-07	0.00035228	2.009e-11	-0.00035194	6.8184e-07	-6.9156e-07	0.00040554	-1.6791e-10	-0.00040528	6.8364e-07	-6.9766e-07
0.295	-2.3911e-06	2.4464e-10	2.3731e-06	6.7042e-07	-6.6664e-07	0.00019536	1.9346e-10	-0.00019512	6.7438e-07	-6.7384e-07	0.00024446	1.8798e-10	-0.00024412	6.7672e-07	-6.787e-07	0.0002931	1.6713e-10	-0.00029292	6.7826e-07	-6.8264e-07	0.00034458	1.2863e-10	-0.00034448	6.7988e-07	-6.8656e-07	0.00039964	3.356e-11	-0.00039938	6.8176e-07	-6.9142e-07	0.00045884	-1.4928e-10	-0.00045882	6.8392e-07	-6.9786e-07
0.3	-2.7431e-06	2.5588e-10	2.6932e-06	6.7032e-07	-6.6654e-07	0.00022302	2.0159e-10	-0.00022278	6.7452e-07	-6.7412e-07	0.00027876	1.9363e-10	-0.0002786	6.7652e-07	-6.7834e-07	0.00033388	1.7859e-10	-0.0003335	6.7836e-07	-6.8264e-07	0.0003919	1.4295e-10	-0.00039144	6.8014e-07	-6.8672e-07	0.00045298	4.566e-11	-0.00045306	6.8168e-07	-6.9146e-07	0.00051926	-1.2889e-10	-0.0005188	6.838e-07	-6.9796e-07
0.305	-3.1588e-06	2.71e-10	3.0778e-06	6.7054e-07	-6.6668e-07	0.00025382	2.1093e-10	-0.00025356	6.742e-07	-6.74e-07	0.00031702	2.0412e-10	-0.00031666	6.7646e-07	-6.7842e-07	0.0003785	1.8595e-10	-0.00037836	6.7854e-07	-6.8256e-07	0.00044366	1.5384e-10	-0.00044314	6.802e-07	-6.8706e-07	0.00051232	6.243e-11	-0.00051188	6.82e-07	-6.9172e-07	0.00058538	-1.0621e-10	-0.0005852	6.8368e-07	-6.9806e-07
0.31	-3.6157e-06	2.8149e-10	3.6405e-06	6.7036e-07	-6.6672e-07	0.00028914	2.2301e-10	-0.00028894	6.7424e-07	-6.7392e-07	0.0003602	2.1152e-10	-0.00036006	6.765e-07	-6.7862e-07	0.00042968	1.9577e-10	-0.00042946	6.7822e-07	-6.824e-07	0.00050182	1.6246e-10	-0.0005017	6.801e-07	-6.8684e-07	0.00057848	7.532e-11	-0.00057816	6.8186e-07	-6.9154e-07	0.00066036	-8.439e-11	-0.00065984	6.8378e-07	-6.9792e-07
0.315	-4.1552e-06	2.967e-10	4.1742e-06	6.7048e-07	-6.6678e-07	0.00032802	2.3136e-10	-0.00032764	6.7462e-07	-6.7412e-07	0.00040814	2.1804e-10	-0.00040782	6.7658e-07	-6.7854e-07	0.00048564	2.0823e-10	-0.00048526	6.7818e-07	-6.824e-07	0.00056666	1.7422e-10	-0.0005659	6.8024e-07	-6.867e-07	0.00065124	8.828e-11	-0.00065084	6.821e-07	-6.9184e-07	0.00074152	-7.449e-11	-0.0007416	6.8394e-07	-6.9796e-07
0.32	-4.7385e-06	3.1411e-10	4.8216e-06	6.7074e-07	-6.6682e-07	0.0003721	2.4129e-10	-0.0003719	6.7438e-07	-6.7406e-07	0.00046192	2.3044e-10	-0.00046186	6.7678e-07	-6.786e-07	0.00054838	2.185e-10	-0.00054832	6.7836e-07	-6.8256e-07	0.00063856	1.8774e-10	-0.0006386	6.8026e-07	-6.8666e-07	0.0007327	1.0303e-10	-0.00073236	6.8214e-07	-6.919e-07	0.00083296	-7.084e-11	-0.0008326	6.838e-07	-6.9792e-07
0.325	-5.3805e-06	3.2764e-10	5.3852e-06	6.7066e-07	-6.6654e-07	0.00042044	2.5414e-10	-0.00042012	6.7462e-07	-6.7412e-07	0.00052106	2.3896e-10	-0.00052126	6.7646e-07	-6.784e-07	0.0006176	2.2925e-10	-0.00061692	6.7866e-07	-6.8256e-07	0.00071734	2.0018e-10	-0.0007168	6.8026e-07	-6.8674e-07	0.00082078	1.1666e-10	-0.00082074	6.8206e-07	-6.9166e-07	0.00093112	-6.298e-11	-0.0009304	6.8392e-07	-6.983e-07
0.33	-6.1098e-06	3.4626e-10	6.2275e-06	6.7042e-07	-6.667e-07	0.00047506	2.6775e-10	-0.00047468	6.743e-07	-6.7394e-07	0.00058742	2.524e-10	-0.0005877	6.7666e-07	-6.7878e-07	0.00069502	2.3938e-10	-0.00069466	6.7838e-07	-6.8276e-07	0.00080522	2.1084e-10	-0.00080494	6.8014e-07	-6.8678e-07	0.00091988	1.2936e-10	-0.00091932	6.8192e-07	-6.918e-07	0.0010406	-4.953e-11	-0.0010405	6.8394e-07	-6.9824e-07
0.335	-6.7645e-06	3.6227e-10	6.8476e-06	6.7054e-07	-6.667e-07	0.0005347	2.7843e-10	-0.0005345	6.7448e-07	-6.7396e-07	0.00066026	2.6586e-10	-0.0006601	6.7652e-07	-6.785e-07	0.00077904	2.471e-10	-0.00077854	6.784e-07	-6.8242e-07	0.00090082	2.2056e-10	-0.00090036	6.8012e-07	-6.8678e-07	0.00102602	1.4239e-10	-0.00102598	6.8226e-07	-6.9198e-07	0.0011586	-2.163e-11	-0.00115824	6.8424e-07	-6.9844e-07
0.34	-7.6847e-06	3.8057e-10	7.6475e-06	6.7056e-07	-6.6696e-07	0.00060132	2.9034e-10	-0.00060126	6.7446e-07	-6.741e-07	0.00074144	2.7702e-10	-0.00074084	6.7664e-07	-6.7868e-07	0.00087298	2.5932e-10	-0.00087254	6.7838e-07	-6.827e-07	0.00100684	2.3494e-10	-0.00100604	6.8018e-07	-6.8692e-07	0.00114424	1.5787e-10	-0.0011446	6.8242e-07	-6.9216e-07	0.0012898	-6.1e-12	-0.001289	6.8406e-07	-6.9832e-07
0.345	-8.3743e-06	4.0111e-10	8.3874e-06	6.7054e-07	-6.6678e-07	0.00067394	3.0404e-10	-0.00067372	6.7438e-07	-6.7418e-07	0.00082908	2.8783e-10	-0.00082932	6.7636e-07	-6.7872e-07	0.0009736	2.7324e-10	-0.00097334	6.7862e-07	-6.8268e-07	0.00112038	2.4719e-10	-0.00112024	6.803e-07	-6.8692e-07	0.001272	1.7665e-10	-0.0012714	6.825e-07	-6.9214e-07	0.0014298	2.093e-11	-0.0014286	6.8452e-07	-6.9866e-07
0.35	-9.5663e-06	4.1956e-10	9.474e-06	6.7074e-07	-6.6682e-07	0.00075512	3.1608e-10	-0.00075438	6.7442e-07	-6.739e-07	0.00092708	2.9916e-10	-0.00092712	6.766e-07	-6.7848e-07	0.00108616	2.8505e-10	-0.00108604	6.786e-07	-6.828e-07	0.0012468	2.5956e-10	-0.0012466	6.806e-07	-6.87e-07	0.0014116	1.9319e-10	-0.0014108	6.825e-07	-6.9246e-07	0.001584	3.409e-11	-0.0015834	6.8432e-07	-6.9874e-07
0.355	-1.05025e-05	4.386e-10	1.04829e-05	6.709e-07	-6.6704e-07	0.00084214	3.3011e-10	-0.00084206	6.744e-07	-6.7422e-07	0.0010325	3.1479e-10	-0.00103178	6.7696e-07	-6.7882e-07	0.0012068	3.012e-10	-0.0012058	6.787e-07	-6.8282e-07	0.0013812	2.7612e-10	-0.0013812	6.805e-07	-6.8712e-07	0.0015612	2.0631e-10	-0.0015602	6.8272e-07	-6.9232e-07	0.0017472	5.103e-11	-0.0017456	6.8464e-07	-6.989e-07
0.36	-1.15018e-05	4.596e-10	1.15006e-05	6.707e-07	-6.6706e-07	0.00093916	3.4482e-10	-0.00093868	6.7448e-07	-6.7424e-07	0.00114836	3.2886e-10	-0.00114844	6.7678e-07	-6.7872e-07	0.0013392	3.1148e-10	-0.0013386	6.7904e-07	-6.8286e-07	0.0015294	2.8626e-10	-0.0015298	6.806e-07	-6.8724e-07	0.0017238	2.2066e-10	-0.0017232	6.827e-07	-6.9236e-07	0.0019252	6.775e-11	-0.0019252	6.8478e-07	-6.991e-07
0.365	-1.1719e-05	4.829e-10	1.2776e-05	6.709e-07	-6.6718e-07	0.00104262	3.5566e-10	-0.00104216	6.7474e-07	-6.7404e-07	0.0012732	3.3851e-10	-0.0012726	6.7664e-07	-6.7862e-07	0.00148	3.2223e-10	-0.0014794	6.7866e-07	-6.8286e-07	0.001687	2.9891e-10	-0.001686	6.8042e-07	-6.8704e-07	0.0018972	2.3677e-10	-0.0018962	6.8252e-07	-6.9244e-07	0.0021146	8.659e-11	-0.0021132	6.849e-07	-6.9934e-07
0.37	-1.4038e-05	5.0597e-10	1.383e-05	6.7078e-07	-6.671e-07	0.0011566	3.752e-10	-0.00115572	6.744e-07	-6.7438e-07	0.0014094	3.5221e-10	-0.0014092	6.7686e-07	-6.787e-07	0.0016348	3.397e-10	-0.0016352	6.7884e-07	-6.8296e-07	0.0018592	3.1477e-10	-0.0018576	6.806e-07	-6.8732e-07	0.0020864	2.5308e-10	-0.0020848	6.8288e-07	-6.9268e-07	0.0023188	1.1008e-10	-0.0023182	6.853e-07	-6.9958e-07
0.375	-1.503e-05	5.2809e-10	1.532e-05	6.7094e-07	-6.67e-07	0.0012778	3.8958e-10	-0.001277	6.7464e-07	-6.7442e-07	0.001554	3.6755e-10	-0.0015542	6.768e-07	-6.7902e-07	0.0017996	3.5202e-10	-0.0017992	6.7888e-07	-6.8296e-07	0.0020404	3.2735e-10	-0.0020406	6.8078e-07	-6.8738e-07	0.0022842	2.6957e-10	-0.0022846	6.8282e-07	-6.9264e-07	0.0025352	1.3014e-10	-0.0025346	6.8542e-07	-6.9964e-07
0.38	-1.6256e-05	5.5316e-10	1.6392e-05	6.7094e-07	-6.672e-07	0.0014102	4.0839e-10	-0.0014092	6.7462e-07	-6.7422e-07	0.001713	3.7983e-10	-0.0017128	6.7688e-07	-6.7878e-07	0.0019784	3.6395e-10	-0.001978	6.7902e-07	-6.8342e-07	0.002238	3.4087e-10	-0.0022372	6.8092e-07	-6.8748e-07	0.0025002	2.8473e-10	-0.0025	6.83e-07	-6.9274e-07	0.0027678	1.484e-10	-0.0027688	6.8544e-07	-6.9954e-07
0.385	-1.766e-05	5.7639e-10	1.7886e-05	6.7076e-07	-6.6706e-07	0.001551	4.1979e-10	-0.0015504	6.748e-07	-6.7444e-07	0.001882	3.9449e-10	-0.00188	6.7688e-07	-6.7884e-07	0.002167	3.8066e-10	-0.0021658	6.7908e-07	-6.8328e-07	0.0024444	3.5544e-10	-0.0024454	6.8078e-07	-6.876e-07	0.0027264	2.9931e-10	-0.0027254	6.8354e-07	-6.9338e-07	0.0030112	1.695e-10	-0.0030118	6.8564e-07	-6.9998e-07
0.39	-1.9142e-05	6.0168e-10	1.9138e-05	6.7082e-07	-6.6726e-07	0.0017036	4.3737e-10	-0.0017026	6.746e-07	-6.7424e-07	0.0020628	4.0912e-10	-0.0020618	6.7688e-07	-6.7896e-07	0.0023704	3.9324e-10	-0.00237	6.7944e-07	-6.8338e-07	0.0026684	3.7011e-10	-0.0026696	6.811e-07	-6.8788e-07	0.002969	3.1489e-10	-0.0029684	6.833e-07	-6.9338e-07	0.0032738	1.9024e-10	-0.0032724	6.8566e-07	-7.0004e-07
0.395	-2.07e-05	6.302e-10	2.064e-05	6.7102e-07	-6.6728e-07	0.0018644	4.5764e-10	-0.0018634	6.748e-07	-6.7434e-07	0.0022542	4.216e-10	-0.0022536	6.7716e-07	-6.7932e-07	0.0025842	4.0864e-10	-0.0025834	6.7926e-07	-6.8344e-07	0.0029046	3.8783e-10	-0.0029036	6.8128e-07	-6.8782e-07	0.0032228	3.3174e-10	-0.0032216	6.8358e-07	-6.935e-07	0.0035476	2.1156e-10	-0.003545	6.8626e-07	-7.007e-07
0.4	-2.2166e-05	6.5718e-10	2.2194e-05	6.7124e-07	-6.6728e-07	0.0020368	4.7365e-10	-0.002036	6.749e-07	-6.745e-07	0.0024602	4.4039e-10	-0.0024598	6.7738e-07	-6.793e-07	0.0028146	4.2186e-10	-0.002814	6.793e-07	-6.8378e-07	0.0031564	4.0157e-10	-0.0031552	6.8116e-07	-6.8806e-07	0.0034962	3.4744e-10	-0.0034956	6.8376e-07	-6.9352e-07	0.0038382	2.3388e-10	-0.0038388	6.865e-07	-7.0064e-07
0.405	-2.4008e-05	6.8774e-10	2.3594e-05	6.7112e-07	-6.6742e-07	0.0022174	4.9096e-10	-0.0022174	6.7504e-07	-6.746e-07	0.0026758	4.5592e-10	-0.0026762	6.7728e-07	-6.791e-07	0.0030542	4.3267e-10	-0.003054	6.7926e-07	-6.8354e-07	0.003418	4.1491e-10	-0.0034158	6.8162e-07	-6.8806e-07	0.0037772	3.6199e-10	-0.0037764	6.8394e-07	-6.9386e-07	0.0041424	2.5441e-10	-0.0041402	6.8662e-07	-7.0088e-07
0.41	-2.53e-05	7.2022e-10	2.5184e-05	6.7106e-07	-6.6742e-07	0.0024126	5.0919e-10	-0.002411	6.7506e-07	-6.744e-07	0.0029076	4.6943e-10	-0.0029072	6.7738e-07	-6.7946e-07	0.0033106	4.4966e-10	-0.0033098	6.796e-07	-6.8372e-07	0.003698	4.3172e-10	-0.0036966	6.8188e-07	-6.8828e-07	0.0040786	3.8225e-10	-0.0040764	6.8398e-07	-6.9386e-07	0.0044628	2.7658e-10	-0.0044628	6.8698e-07	-7.0136e-07
0.415	-2.6706e-05	7.4898e-10	2.6832e-05	6.7118e-07	-6.6746e-07	0.0026138	5.252e-10	-0.0026128	6.7498e-07	-6.747e-07	0.0031482	4.8482e-10	-0.0031494	6.772e-07	-6.7924e-07	0.0035776	4.6587e-10	-0.0035772	6.796e-07	-6.837e-07	0.0039864	4.4728e-10	-0.0039892	6.8164e-07	-6.8842e-07	0.0043898	3.9936e-10	-0.0043882	6.8446e-07	-6.9404e-07	0.0047966	2.945e-10	-0.004795	6.8708e-07	-7.0138e-07
0.42	-2.8476e-05	7.8453e-10	2.8528e-05	6.713e-07	-6.675e-07	0.0028304	5.4725e-10	-0.0028306	6.7504e-07	-6.7472e-07	0.003406	5.0379e-10	-0.0034064	6.7754e-07	-6.794e-07	0.0038622	4.8062e-10	-0.0038614	6.7976e-07	-6.84e-07	0.0042944	4.6314e-10	-0.004295	6.8182e-07	-6.8848e-07	0.0047184	4.1668e-10	-0.0047176	6.8424e-07	-6.9434e-07	0.005146	3.1243e-10	-0.0051454	6.875e-07	-7.0188e-07
0.425	-3.0306e-05	8.1554e-10	3.0508e-05	6.7114e-07	-6.6748e-07	0.0030532	5.632e-10	-0.0030522	6.7496e-07	-6.7452e-07	0.003673	5.2077e-10	-0.0036724	6.7742e-07	-6.7962e-07	0.0041572	4.9831e-10	-0.0041554	6.7978e-07	-6.841e-07	0.004613	4.7947e-10	-0.0046144	6.8204e-07	-6.887e-07	0.00506	4.338e-10	-0.00506	6.846e-07	-6.944e-07	0.0055052	3.3431e-10	-0.0055074	6.878e-07	-7.0206e-07
0.43	-3.2062e-05	8.5131e-10	3.2022e-05	6.7142e-07	-6.675e-07	0.0032892	5.8386e-10	-0.0032888	6.7506e-07	-6.7478e-07	0.0039564	5.3636e-10	-0.0039564	6.7762e-07	-6.7962e-07	0.0044678	5.1477e-10	-0.0044682	6.8038e-07	-6.8414e-07	0.0049494	4.9692e-10	-0.004948	6.8228e-07	-6.8872e-07	0.0054202	4.4985e-10	-0.0054194	6.848e-07	-6.9472e-07	0.005889	3.5145e-10	-0.0058838	6.8814e-07	-7.0228e-07
0.435	-3.3734e-05	8.8885e-10	3.3814e-05	6.712e-07	-6.6758e-07	0.003534	6.0707e-10	-0.0035328	6.75e-07	-6.7458e-07	0.004248	5.536e-10	-0.0042484	6.7782e-07	-6.7946e-07	0.0047894	5.3141e-10	-0.0047898	6.8012e-07	-6.8434e-07	0.0052952	5.137e-10	-0.005296	6.8254e-07	-6.894e-07	0.0057882	4.6785e-10	-0.0057874	6.8528e-07	-6.9512e-07	0.006278	3.7314e-10	-0.0062782	6.882e-07	-7.0258e-07
0.44	-3.5274e-05	9.2573e-10	3.5302e-05	6.7124e-07	-6.6744e-07	0.0037918	6.2747e-10	-0.0037896	6.7516e-07	-6.7484e-07	0.0045594	5.7285e-10	-0.004559	6.7776e-07	-6.7988e-07	0.0051288	5.4758e-10	-0.005128	6.8042e-07	-6.847e-07	0.0056624	5.2903e-10	-0.0056606	6.8268e-07	-6.8948e-07	0.0061754	4.8632e-10	-0.006176	6.8554e-07	-6.9536e-07	0.0066876	3.9275e-10	-0.006689	6.8854e-07	-7.0308e-07
0.445	-3.6984e-05	9.6769e-10	3.6982e-05	6.7154e-07	-6.676e-07	0.0040558	6.5169e-10	-0.0040532	6.7512e-07	-6.7474e-07	0.0048766	5.9326e-10	-0.004877	6.7782e-07	-6.798e-07	0.0054778	5.6759e-10	-0.0054754	6.8034e-07	-6.8444e-07	0.0060328	5.4599e-10	-0.0060336	6.8284e-07	-6.8966e-07	0.0065736	5.0453e-10	-0.0065718	6.8552e-07	-6.9546e-07	0.0071056	4.13e-10	-0.007105	6.889e-07	-7.0358e-07
0.45	-3.8476e-05	1.00824e-09	3.8754e-05	6.7138e-07	-6.6758e-07	0.0043314	6.7371e-10	-0.0043316	6.7528e-07	-6.748e-07	0.0052114	6.1168e-10	-0.0052102	6.7784e-07	-6.8e-07	0.0058426	5.8245e-10	-0.0058426	6.8042e-07	-6.8462e-07	0.0064256	5.6231e-10	-0.0064252	6.8314e-07	-6.8984e-07	0.0069892	5.2382e-10	-0.0069878	6.8608e-07	-6.96e-07	0.0075402	4.3835e-10	-0.0075396	6.8946e-07	-7.04e-07
0.455	-4.0448e-05	1.05318e-09	4.0612e-05	6.712e-07	-6.6746e-07	0.0046144	6.9742e-10	-0.0046124	6.7508e-07	-6.7482e-07	0.0055524	6.2895e-10	-0.0055512	6.78e-07	-6.8006e-07	0.0062174	6.0215e-10	-0.0062154	6.8062e-07	-6.8484e-07	0.0068248	5.8142e-10	-0.0068262	6.834e-07	-6.9008e-07	0.0074108	5.4239e-10	-0.0074128	6.8642e-07	-6.962e-07	0.0079888	4.5828e-10	-0.0079884	6.8952e-07	-7.0402e-07
0.46	-4.2318e-05	1.10074e-09	4.2302e-05	6.716e-07	-6.677e-07	0.0049098	7.2482e-10	-0.0049084	6.755e-07	-6.7516e-07	0.0059136	6.4919e-10	-0.0059128	6.7824e-07	-6.802e-07	0.0066092	6.2251e-10	-0.0066086	6.806e-07	-6.8486e-07	0.0072438	6.0237e-10	-0.0072432	6.836e-07	-6.9042e-07	0.007853	5.6285e-10	-0.0078558	6.8672e-07	-6.9652e-07	0.0084524	4.7933e-10	-0.008453	6.9008e-07	-7.0428e-07
0.465	-4.4062e-05	1.1427e-09	4.4452e-05	6.717e-07	-6.6786e-07	0.0052072	7.4921e-10	-0.0052082	6.7538e-07	-6.7488e-07	0.0062788	6.7015e-10	-0.0062788	6.7838e-07	-6.8038e-07	0.0070066	6.398e-10	-0.0070078	6.8118e-07	-6.8502e-07	0.0076668	6.2049e-10	-0.0076684	6.841e-07	-6.9056e-07	0.0083036	5.8486e-10	-0.0083024	6.8696e-07	-6.966e-07	0.0089266	4.9994e-10	-0.0089248	6.9052e-07	-7.0504e-07
0.47	-4.5608e-05	1.1928e-09	4.547e-05	6.7148e-07	-6.679e-07	0.00552	7.7381e-10	-0.0055192	6.7542e-07	-6.7494e-07	0.0066656	6.8983e-10	-0.0066642	6.7838e-07	-6.805e-07	0.0074266	6.5935e-10	-0.0074248	6.811e-07	-6.8532e-07	0.0081164	6.3861e-10	-0.0081134	6.8416e-07	-6.9082e-07	0.0087716	6.0319e-10	-0.0087712	6.8702e-07	-6.9694e-07	0.0094142	5.2118e-10	-0.0094142	6.9118e-07	-7.0568e-07
0.475	-4.734e-05	1.2445e-09	4.7666e-05	6.715e-07	-6.6768e-07	0.0058354	8.0136e-10	-0.0058358	6.7566e-07	-6.753e-07	0.007057	7.1173e-10	-0.0070548	6.7844e-07	-6.8044e-07	0.0078482	6.7865e-10	-0.0078494	6.8126e-07	-6.8548e-07	0.0085652	6.5823e-10	-0.0085658	6.8424e-07	-6.9098e-07	0.0092456	6.2333e-10	-0.0092462	6.875e-07	-6.974e-07	0.0099134	5.4438e-10	-0.0099128	6.9136e-07	-7.061e-07
0.48	-4.8764e-05	1.2967e-09	4.9062e-05	6.7144e-07	-6.6768e-07	0.0061626	8.3121e-10	-0.0061614	6.754e-07	-6.7506e-07	0.0074652	7.3599e-10	-0.0074618	6.7856e-07	-6.805e-07	0.0082938	6.9819e-10	-0.0082894	6.817e-07	-6.8582e-07	0.0090336	6.7793e-10	-0.0090314	6.846e-07	-6.9122e-07	0.009742	6.4155e-10	-0.0097372	6.878e-07	-6.9772e-07	0.0104288	5.6611e-10	-0.0104274	6.9186e-07	-7.064e-07
0.485	-5.096e-05	1.3531e-09	5.1116e-05	6.715e-07	-6.6768e-07	0.00649	8.6268e-10	-0.0064896	6.7558e-07	-6.751e-07	0.0078776	7.5922e-10	-0.0078766	6.789e-07	-6.8092e-07	0.0087396	7.2316e-10	-0.0087392	6.8182e-07	-6.8606e-07	0.0095074	6.997e-10	-0.0095084	6.8496e-07	-6.9138e-07	0.0102384	6.63e-10	-0.0102374	6.8816e-07	-6.9794e-07	0.0109514	5.8961e-10	-0.0109512	6.9216e-07	-7.0686e-07
0.49	-5.276e-05	1.4109e-09	5.29e-05	6.7168e-07	-6.6794e-07	0.0068306	8.9298e-10	-0.0068312	6.7572e-07	-6.7514e-07	0.0083088	7.8338e-10	-0.008305	6.7904e-07	-6.8074e-07	0.0092048	7.4756e-10	-0.0092024	6.8194e-07	-6.863e-07	0.0099998	7.1913e-10	-0.0099998	6.8516e-07	-6.9184e-07	0.0107568	6.847e-10	-0.0107536	6.887e-07	-6.986e-07	0.011489	6.1648e-10	-0.01149	6.928e-07	-7.071e-07
0.495	-5.4174e-05	1.4689e-09	5.4046e-05	6.7176e-07	-6.6794e-07	0.0071704	9.2458e-10	-0.0071708	6.7586e-07	-6.754e-07	0.0087424	8.0551e-10	-0.0087426	6.792e-07	-6.8116e-07	0.0096752	7.6812e-10	-0.0096764	6.822e-07	-6.8666e-07	0.0104984	7.3943e-10	-0.0105014	6.8542e-07	-6.9208e-07	0.0112772	7.0684e-10	-0.0112772	6.891e-07	-6.9882e-07	0.012062	6.3835e-10	-0.012042	6.9306e-07	-7.0752e-07
0.5	-5.579e-05	1.5332e-09	5.5806e-05	6.717e-07	-6.6784e-07	0.007523	9.5964e-10	-0.0075224	6.759e-07	-6.7538e-07	0.0091934	8.2967e-10	-0.009193	6.793e-07	-6.8124e-07	0.0101658	7.9287e-10	-0.010165	6.8246e-07	-6.8656e-07	0.0110172	7.6408e-10	-0.0110148	6.8564e-07	-6.9212e-07	0.011844	7.3011e-10	-0.01182	6.8926e-07	-6.9904e-07	0.012622	6.6185e-10	-0.0126	6.937e-07	-7.0822e-07
0.505	-5.7086e-05	1.5992e-09	5.7128e-05	6.7154e-07	-6.6804e-07	0.007873	9.9256e-10	-0.0078692	6.759e-07	-6.7554e-07	0.009649	8.5639e-10	-0.0096482	6.7914e-07	-6.81e-07	0.010658	8.1794e-10	-0.0106566	6.8262e-07	-6.8676e-07	0.011562	7.8738e-10	-0.0115368	6.8574e-07	-6.9248e-07	0.012388	7.5001e-10	-0.012366	6.8996e-07	-6.9964e-07	0.013186	6.8826e-10	-0.013168	6.9408e-07	-7.0898e-07
0.51	-5.9066e-05	1.6675e-09	5.9036e-05	6.717e-07	-6.678e-07	0.0082318	1.02599e-09	-0.0082326	6.7586e-07	-6.7548e-07	0.0101218	8.8151e-10	-0.010121	6.794e-07	-6.8138e-07	0.0111674	8.379e-10	-0.011166	6.8264e-07	-6.87e-07	0.012106	8.1068e-10	-0.01208	6.8628e-07	-6.9292e-07	0.01295	7.7524e-10	-0.012926	6.9006e-07	-6.9998e-07	0.01377	7.1286e-10	-0.013746	6.9468e-07	-7.0918e-07
0.515	-6.041e-05	1.7358e-09	6.035e-05	6.7166e-07	-6.6776e-07	0.0085894	1.06266e-09	-0.0085884	6.7576e-07	-6.7542e-07	0.0105946	9.1212e-10	-0.010596	6.7972e-07	-6.8162e-07	0.011708	8.6343e-10	-0.0116792	6.8312e-07	-6.8724e-07	0.012642	8.3473e-10	-0.012618	6.8666e-07	-6.9358e-07	0.013514	8.013e-10	-0.013492	6.9038e-07	-7.0038e-07	0.014348	7.3772e-10	-0.01433	6.9506e-07	-7.0976e-07
0.52	-6.2066e-05	1.8082e-09	6.2144e-05	6.717e-07	-6.6792e-07	0.0089526	1.10342e-09	-0.0089544	6.7616e-07	-6.7546e-07	0.0110834	9.3937e-10	-0.011086	6.7952e-07	-6.815e-07	0.012236	8.9153e-10	-0.012216	6.8326e-07	-6.8728e-07	0.0132	8.5839e-10	-0.013176	6.8698e-07	-6.938e-07	0.014098	8.2715e-10	-0.014074	6.9092e-07	-7.0088e-07	0.014956	7.6463e-10	-0.014936	6.959e-07	-7.1038e-07
0.525	-6.3646e-05	1.8846e-09	6.375e-05	6.7184e-07	-6.6806e-07	0.009317	1.1431e-09	-0.0093178	6.7604e-07	-6.7554e-07	0.011606	9.6879e-10	-0.0115746	6.7998e-07	-6.8164e-07	0.01277	9.1684e-10	-0.012742	6.8336e-07	-6.8766e-07	0.01376	8.8772e-10	-0.013736	6.8736e-07	-6.9404e-07	0.014676	8.5034e-10	-0.014656	6.914e-07	-7.014e-07	0.015564	7.8851e-10	-0.015542	6.965e-07	-7.1096e-07
0.53	-6.4902e-05	1.9674e-09	6.5154e-05	6.7196e-07	-6.6818e-07	0.009688	1.1852e-09	-0.0096872	6.7604e-07	-6.7564e-07	0.012114	1.00099e-09	-0.01209	6.8014e-07	-6.8188e-07	0.013318	9.4177e-10	-0.013298	6.8376e-07	-6.8782e-07	0.014332	9.1326e-10	-0.014314	6.8784e-07	-6.9436e-07	0.015278	8.7639e-10	-0.01526	6.9176e-07	-7.0152e-07	0.016186	8.1944e-10	-0.01616	6.968e-07	-7.116e-07
0.535	-6.6676e-05	2.0423e-09	6.6586e-05	6.719e-07	-6.6828e-07	0.0100528	1.2297e-09	-0.0100524	6.7628e-07	-6.7576e-07	0.01262	1.02966e-09	-0.012602	6.8008e-07	-6.822e-07	0.01387	9.6726e-10	-0.013846	6.84e-07	-6.8806e-07	0.014914	9.3765e-10	-0.014892	6.8778e-07	-6.9452e-07	0.015882	9.0033e-10	-0.015862	6.9218e-07	-7.0218e-07	0.016804	8.4611e-10	-0.016782	6.9756e-07	-7.1216e-07
0.54	-6.7964e-05	2.1315e-09	6.7896e-05	6.72e-07	-6.6824e-07	0.0104254	1.2759e-09	-0.0104242	6.7632e-07	-6.7614e-07	0.013146	1.06038e-09	-0.013122	6.8054e-07	-6.826e-07	0.014434	9.9698e-10	-0.014418	6.843e-07	-6.884e-07	0.015512	9.6591e-10	-0.015486	6.882e-07	-6.95e-07	0.016498	9.2987e-10	-0.016476	6.9288e-07	-7.027e-07	0.017448	8.7538e-10	-0.017422	6.9808e-07	-7.1256e-07
0.545	-6.9458e-05	2.2199e-09	6.9622e-05	6.7184e-07	-6.6814e-07	0.0107922	1.3249e-09	-0.0107936	6.763e-07	-6.7586e-07	0.01367	1.09094e-09	-0.01365	6.8044e-07	-6.8224e-07	0.014996	1.02759e-09	-0.014978	6.8438e-07	-6.8858e-07	0.016102	9.9086e-10	-0.016082	6.886e-07	-6.9536e-07	0.017116	9.5816e-10	-0.017092	6.9334e-07	-7.0312e-07	0.018088	9.0438e-10	-0.018062	6.9874e-07	-7.1316e-07
0.55	-7.0894e-05	2.3105e-09	7.0992e-05	6.7156e-07	-6.68e-07	0.0111654	1.3746e-09	-0.011166	6.7648e-07	-6.759e-07	0.014214	1.1246e-09	-0.01419	6.8062e-07	-6.8254e-07	0.015586	1.05612e-09	-0.015568	6.846e-07	-6.889e-07	0.016714	1.02055e-09	-0.016696	6.8878e-07	-6.9568e-07	0.01775	9.8586e-10	-0.017724	6.939e-07	-7.0338e-07	0.01874	9.3617e-10	-0.018716	6.991e-07	-7.1372e-07
0.555	-7.251e-05	2.4081e-09	7.2504e-05	6.7218e-07	-6.6852e-07	0.011558	1.4243e-09	-0.011538	6.7618e-07	-6.7582e-07	0.014748	1.1602e-09	-0.014724	6.8078e-07	-6.825e-07	0.016166	1.08935e-09	-0.016148	6.8506e-07	-6.892e-07	0.017326	1.05174e-09	-0.017306	6.8928e-07	-6.961e-07	0.018384	1.01742e-09	-0.018362	6.94e-07	-7.0382e-07	0.01939	9.6496e-10	-0.019366	6.9956e-07	-7.144e-07
0.56	-7.3612e-05	2.5055e-09	7.3638e-05	6.7208e-07	-6.6816e-07	0.011936	1.4786e-09	-0.011908	6.7648e-07	-6.7602e-07	0.015298	1.1973e-09	-0.015278	6.8068e-07	-6.8256e-07	0.016766	1.1197e-09	-0.016748	6.85e-07	-6.8936e-07	0.017956	1.09343e-09	-0.01793	6.896e-07	-6.9624e-07	0.019036	1.05607e-09	-0.019016	6.945e-07	-7.0442e-07	0.020066	9.9615e-10	-0.020036	7.0034e-07	-7.1486e-07
0.565	-7.4916e-05	2.6125e-09	7.4992e-05	6.7198e-07	-6.6804e-07	0.012294	1.5333e-09	-0.012272	6.7646e-07	-6.759e-07	0.015846	1.2336e-09	-0.015824	6.8122e-07	-6.8294e-07	0.017364	1.151e-09	-0.017342	6.853e-07	-6.8942e-07	0.018582	1.11281e-09	-0.018558	6.8998e-07	-6.9688e-07	0.019686	1.07777e-09	-0.019658	6.9514e-07	-7.0496e-07	0.020728	1.02933e-09	-0.020704	7.0096e-07	-7.1564e-07
0.57	-7.6206e-05	2.7238e-09	7.6044e-05	6.7208e-07	-6.6818e-07	0.01266	1.5927e-09	-0.012644	6.7664e-07	-6.7626e-07	0.016408	1.2737e-09	-0.016386	6.8116e-07	-6.8306e-07	0.017982	1.1885e-09	-0.017962	6.8564e-07	-6.8988e-07	0.019228	1.1451e-09	-0.019198	6.9052e-07	-6.9712e-07	0.020346	1.11263e-09	-0.020326	6.9562e-07	-7.0542e-07	0.02141	1.06002e-09	-0.021392	7.017e-07	-7.162e-07
0.575	-7.7284e-05	2.8302e-09	7.7484e-05	6.7214e-07	-6.6852e-07	0.01302	1.652e-09	-0.013	6.7654e-07	-6.7608e-07	0.016972	1.3138e-09	-0.016946	6.8122e-07	-6.8312e-07	0.018596	1.2229e-09	-0.01857	6.8612e-07	-6.903e-07	0.019862	1.1767e-09	-0.01984	6.91e-07	-6.977e-07	0.021014	1.1467e-09	-0.020988	6.9632e-07	-7.0588e-07	0.022092	1.09484e-09	-0.022066	7.0214e-07	-7.1656e-07
0.58	-7.8348e-05	2.9511e-09	7.8356e-05	6.7202e-07	-6.683e-07	0.013384	1.7161e-09	-0.013362	6.7694e-07	-6.7644e-07	0.017542	1.3542e-09	-0.017524	6.8168e-07	-6.8346e-07	0.019218	1.258e-09	-0.019202	6.8602e-07	-6.903e-07	0.020518	1.211e-09	-0.020496	6.9116e-07	-6.978e-07	0.021686	1.1762e-09	-0.021668	6.9678e-07	-7.0638e-07	0.022792	1.1279e-09	-0.022768	7.0314e-07	-7.1764e-07
0.585	-7.9424e-05	3.0824e-09	7.9128e-05	6.7182e-07	-6.6842e-07	0.013738	1.7802e-09	-0.013716	6.7664e-07	-6.7622e-07	0.018112	1.4009e-09	-0.018088	6.8166e-07	-6.8356e-07	0.019842	1.2941e-09	-0.019824	6.8648e-07	-6.9062e-07	0.021172	1.247e-09	-0.021152	6.918e-07	-6.9836e-07	0.022362	1.2109e-09	-0.022342	6.97e-07	-7.072e-07	0.02348	1.1644e-09	-0.023458	7.0402e-07	-7.1852e-07
0.59	-8.0446e-05	3.2017e-09	8.067e-05	6.721e-07	-6.683e-07	0.014096	1.8606e-09	-0.014072	6.7694e-07	-6.7636e-07	0.018696	1.4479e-09	-0.018678	6.8176e-07	-6.837e-07	0.020486	1.3305e-09	-0.020464	6.8674e-07	-6.9094e-07	0.02184	1.282e-09	-0.02182	6.9198e-07	-6.9854e-07	0.02305	1.247e-09	-0.023028	6.9762e-07	-7.0736e-07	0.02419	1.2028e-09	-0.024172	7.0454e-07	-7.1892e-07
0.595	-8.1578e-05	3.3279e-09	8.135e-05	6.7206e-07	-6.6824e-07	0.014442	1.935e-09	-0.01442	6.7704e-07	-6.7638e-07	0.019274	1.5021e-09	-0.019252	6.824e-07	-6.8416e-07	0.02112	1.3687e-09	-0.0211	6.8694e-07	-6.9112e-07	0.022504	1.317e-09	-0.022486	6.9224e-07	-6.9902e-07	0.023738	1.2826e-09	-0.023716	6.9808e-07	-7.08e-07	0.024896	1.235e-09	-0.024876	7.05e-07	-7.1952e-07
0.6	-8.268e-05	3.4708e-09	8.2852e-05	6.7212e-07	-6.6828e-07	0.01479	1.9988e-09	-0.01477	6.7712e-07	-6.7678e-07	0.019862	1.5479e-09	-0.019836	6.8228e-07	-6.842e-07	0.02177	1.4121e-09	-0.021752	6.8724e-07	-6.914e-07	0.023188	1.3543e-09	-0.023164	6.9264e-07	-6.9926e-07	0.02444	1.3204e-09	-0.02442	6.988e-07	-7.088e-07	0.025616	1.2779e-09	-0.025592	7.057e-07	-7.205e-07
0.605	-8.401e-05	3.6098e-09	8.3816e-05	6.7192e-07	-6.684e-07	0.015136	2.0722e-09	-0.01511	6.7714e-07	-6.767e-07	0.020444	1.5922e-09	-0.020418	6.825e-07	-6.8452e-07	0.022418	1.4524e-09	-0.022398	6.875e-07	-6.9174e-07	0.023862	1.3972e-09	-0.02384	6.9314e-07	-6.9966e-07	0.025138	1.359e-09	-0.025116	6.9944e-07	-7.0904e-07	0.026332	1.3175e-09	-0.026306	7.0622e-07	-7.2088e-07
0.61	-8.4976e-05	3.7606e-09	8.495e-05	6.7202e-07	-6.683e-07	0.015472	2.1512e-09	-0.015452	6.7702e-07	-6.766e-07	0.021036	1.6277e-09	-0.02102	6.8266e-07	-6.8476e-07	0.023084	1.4961e-09	-0.023058	6.8796e-07	-6.9184e-07	0.024554	1.4383e-09	-0.02453	6.9364e-07	-7.0042e-07	0.025852	1.4007e-09	-0.025832	6.9976e-07	-7.0956e-07	0.027058	1.3561e-09	-0.027036	7.0694e-07	-7.2174e-07
0.615	-8.6194e-05	3.9164e-09	8.6498e-05	6.7208e-07	-6.6846e-07	0.015806	2.2351e-09	-0.015784	6.7712e-07	-6.7676e-07	0.021624	1.6719e-09	-0.021604	6.8264e-07	-6.8438e-07	0.023742	1.5406e-09	-0.023716	6.8844e-07	-6.9244e-07	0.025238	1.4856e-09	-0.02522	6.9378e-07	-7.0044e-07	0.026556	1.4412e-09	-0.02654	7.0048e-07	-7.1036e-07	0.027786	1.3944e-09	-0.027764	7.0776e-07	-7.221e-07
0.62	-8.745e-05	4.0874e-09	8.721e-05	6.7218e-07	-6.6862e-07	0.016134	2.3236e-09	-0.016116	6.7732e-07	-6.7678e-07	0.022218	1.7332e-09	-0.022204	6.828e-07	-6.8484e-07	0.024408	1.587e-09	-0.024392	6.8846e-07	-6.926e-07	0.025942	1.5208e-09	-0.025918	6.9426e-07	-7.011e-07	0.027284	1.4896e-09	-0.027264	7.0088e-07	-7.1082e-07	0.028526	1.4376e-09	-0.0285	7.0814e-07	-7.2288e-07
0.625	-8.8218e-05	4.2407e-09	8.8376e-05	6.7218e-07	-6.6852e-07	0.016458	2.4182e-09	-0.016438	6.7706e-07	-6.7662e-07	0.022816	1.8016e-09	-0.022796	6.8318e-07	-6.8496e-07	0.025072	1.6289e-09	-0.025056	6.889e-07	-6.9288e-07	0.026638	1.5655e-09	-0.026614	6.9462e-07	-7.0124e-07	0.028	1.5257e-09	-0.027978	7.0164e-07	-7.1142e-07	0.029258	1.4809e-09	-0.029234	7.0916e-07	-7.236e-07
0.63	-8.9054e-05	4.4287e-09	8.909e-05	6.7226e-07	-6.6832e-07	0.016778	2.4932e-09	-0.01676	6.771e-07	-6.7676e-07	0.02341	1.8492e-09	-0.023396	6.8352e-07	-6.8512e-07	0.025754	1.676e-09	-0.025732	6.892e-07	-6.9314e-07	0.027352	1.6143e-09	-0.027328	6.951e-07	-7.0174e-07	0.02873	1.5678e-09	-0.028712	7.0212e-07	-7.1202e-07	0.030008	1.5262e-09	-0.029984	7.0972e-07	-7.2408e-07
0.635	-9.0016e-05	4.6191e-09	9.0102e-05	6.723e-07	-6.684e-07	0.017098	2.5804e-09	-0.017072	6.7714e-07	-6.7684e-07	0.024	1.9134e-09	-0.02398	6.8338e-07	-6.8538e-07	0.02643	1.7312e-09	-0.02641	6.8934e-07	-6.9342e-07	0.028052	1.6572e-09	-0.028032	6.956e-07	-7.024e-07	0.029454	1.6134e-09	-0.029432	7.0256e-07	-7.1258e-07	0.030744	1.5758e-09	-0.030722	7.102e-07	-7.251e-07
0.64	-9.1226e-05	4.7854e-09	9.0874e-05	6.7224e-07	-6.6864e-07	0.017402	2.6949e-09	-0.01738	6.7734e-07	-6.7676e-07	0.024594	1.9707e-09	-0.02457	6.834e-07	-6.8528e-07	0.027108	1.778e-09	-0.027086	6.897e-07	-6.9388e-07	0.028766	1.7074e-09	-0.028744	6.9602e-07	-7.027e-07	0.030188	1.6604e-09	-0.030162	7.0326e-07	-7.1312e-07	0.031494	1.6191e-09	-0.031468	7.1118e-07	-7.2586e-07
0.645	-9.2016e-05	4.9929e-09	9.2014e-05	6.7234e-07	-6.686e-07	0.017706	2.8192e-09	-0.01769	6.7742e-07	-6.7702e-07	0.025196	2.0402e-09	-0.025168	6.835e-07	-6.8534e-07	0.0278	1.8353e-09	-0.027778	6.9008e-07	-6.9424e-07	0.029486	1.7581e-09	-0.029464	6.967e-07	-7.0338e-07	0.030934	1.7109e-09	-0.030914	7.038e-07	-7.135e-07	0.032248	1.6699e-09	-0.03223	7.1172e-07	-7.2626e-07
0.65	-9.2532e-05	5.2021e-09	9.2622e-05	6.7202e-07	-6.6846e-07	0.018004	2.9402e-09	-0.017986	6.775e-07	-6.7714e-07	0.02578	2.1203e-09	-0.025766	6.8396e-07	-6.8596e-07	0.028488	1.8902e-09	-0.028462	6.8992e-07	-6.9446e-07	0.0302	1.8071e-09	-0.03018	6.9712e-07	-7.035e-07	0.031664	1.7586e-09	-0.031644	7.0436e-07	-7.1428e-07	0.033006	1.7233e-09	-0.032982	7.125e-07	-7.271e-07
0.655	-9.3548e-05	5.4216e-09	9.37e-05	6.7236e-07	-6.685e-07	0.018302	3.0559e-09	-0.018282	6.7762e-07	-6.7686e-07	0.02638	2.1924e-09	-0.026358	6.8406e-07	-6.8598e-07	0.029182	1.9457e-09	-0.029164	6.9056e-07	-6.9466e-07	0.030934	1.8632e-09	-0.030916	6.9736e-07	-7.04e-07	0.032422	1.811e-09	-0.032394	7.0514e-07	-7.1486e-07	0.033772	1.772e-09	-0.03375	7.1316e-07	-7.279e-07
0.66	-9.4108e-05	5.6467e-09	9.4216e-05	6.7248e-07	-6.685e-07	0.01859	3.1711e-09	-0.018568	6.7762e-07	-6.7718e-07	0.026962	2.2685e-09	-0.026944	6.8442e-07	-6.8588e-07	0.029872	2.0085e-09	-0.029852	6.9106e-07	-6.9504e-07	0.031658	1.916e-09	-0.03164	6.9788e-07	-7.0464e-07	0.033154	1.8672e-09	-0.033136	7.057e-07	-7.1524e-07	0.034532	1.8245e-09	-0.034506	7.1412e-07	-7.2864e-07
0.665	-9.5176e-05	5.8935e-09	9.5448e-05	6.7246e-07	-6.6884e-07	0.018874	3.289e-09	-0.01885	6.7784e-07	-6.773e-07	0.02756	2.3293e-09	-0.027538	6.8464e-07	-6.8638e-07	0.030574	2.068e-09	-0.030562	6.911e-07	-6.9528e-07	0.032398	1.9717e-09	-0.032374	6.9852e-07	-7.0516e-07	0.03392	1.92e-09	-0.033902	7.0592e-07	-7.1588e-07	0.035302	1.8933e-09	-0.035282	7.1492e-07	-7.2936e-07
0.67	-9.5648e-05	6.1391e-09	9.5746e-05	6.723e-07	-6.6866e-07	0.019152	3.4207e-09	-0.01913	6.7788e-07	-6.7712e-07	0.028142	2.423e-09	-0.028116	6.8476e-07	-6.8622e-07	0.031272	2.1263e-09	-0.03125	6.9126e-07	-6.9562e-07	0.033126	2.028e-09	-0.033104	6.9896e-07	-7.056e-07	0.03467	1.9756e-09	-0.034646	7.0658e-07	-7.1652e-07	0.036068	1.9367e-09	-0.036044	7.1528e-07	-7.3016e-07
0.675	-9.6824e-05	6.3945e-09	9.6456e-05	6.7234e-07	-6.6884e-07	0.019434	3.5617e-09	-0.019404	6.7782e-07	-6.774e-07	0.028732	2.4923e-09	-0.02871	6.8496e-07	-6.8668e-07	0.031976	2.1907e-09	-0.031956	6.917e-07	-6.9574e-07	0.033868	2.101e-09	-0.03385	6.9924e-07	-7.059e-07	0.035434	2.0321e-09	-0.03541	7.0746e-07	-7.1738e-07	0.036844	1.9969e-09	-0.036828	7.1606e-07	-7.3058e-07
0.68	-9.7684e-05	6.6548e-09	9.7848e-05	6.7244e-07	-6.6872e-07	0.0197	3.7171e-09	-0.019676	6.7754e-07	-6.7736e-07	0.029308	2.5718e-09	-0.029282	6.8518e-07	-6.8696e-07	0.032676	2.2522e-09	-0.032652	6.9208e-07	-6.9596e-07	0.034602	2.1498e-09	-0.034584	6.995e-07	-7.061e-07	0.036188	2.0906e-09	-0.03617	7.0778e-07	-7.175e-07	0.037618	2.0567e-09	-0.0376	7.1706e-07	-7.318e-07
0.685	-9.8492e-05	6.9391e-09	9.8408e-05	6.7248e-07	-6.6918e-07	0.019962	3.8615e-09	-0.019942	6.7794e-07	-6.7718e-07	0.029894	2.6606e-09	-0.029872	6.8526e-07	-6.8686e-07	0.033386	2.3254e-09	-0.033368	6.9206e-07	-6.9622e-07	0.035352	2.2128e-09	-0.03533	6.9986e-07	-7.065e-07	0.036962	2.1646e-09	-0.03694	7.082e-07	-7.182e-07	0.038406	2.1187e-09	-0.03838	7.1778e-07	-7.3232e-07
0.69	-9.899e-05	7.2331e-09	9.9136e-05	6.724e-07	-6.69e-07	0.020216	4.0163e-09	-0.020198	6.7772e-07	-6.7742e-07	0.030462	2.7666e-09	-0.030438	6.852e-07	-6.8696e-07	0.034088	2.3972e-09	-0.03407	6.9256e-07	-6.9662e-07	0.036094	2.2789e-09	-0.036072	7.003e-07	-7.0692e-07	0.037718	2.2229e-09	-0.037696	7.0896e-07	-7.188e-07	0.039176	2.1801e-09	-0.039158	7.1858e-07	-7.3302e-07
0.695	-9.9822e-05	7.5333e-09	9.9694e-05	6.7276e-07	-6.6884e-07	0.020474	4.168e-09	-0.02045	6.777e-07	-6.7726e-07	0.031038	2.8497e-09	-0.031018	6.8522e-07	-6.8708e-07	0.034806	2.4686e-09	-0.034784	6.9304e-07	-6.973e-07	0.03685	2.3476e-09	-0.036826	7.0082e-07	-7.0758e-07	0.03849	2.2853e-09	-0.038476	7.0954e-07	-7.1936e-07	0.039968	2.2446e-09	-0.039948	7.1936e-07	-7.337e-07
0.7	-0.000100682	7.8593e-09	0.000100968	6.724e-07	-6.6874e-07	0.020718	4.3219e-09	-0.020696	6.781e-07	-6.7728e-07	0.031596	2.9655e-09	-0.031574	6.8536e-07	-6.8728e-07	0.03551	2.5443e-09	-0.035492	6.9334e-07	-6.9744e-07	0.037592	2.4194e-09	-0.037574	7.0124e-07	-7.0792e-07	0.039254	2.3531e-09	-0.039242	7.1026e-07	-7.2006e-07	0.04075	2.3235e-09	-0.040726	7.2e-07	-7.3468e-07
0.705	-0.000101552	8.1966e-09	0.00010149	6.725e-07	-6.6906e-07	0.020966	4.4955e-09	-0.020942	6.7784e-07	-6.775e-07	0.03216	3.0442e-09	-0.032142	6.8586e-07	-6.8752e-07	0.03623	2.6242e-09	-0.036202	6.9352e-07	-6.9754e-07	0.038346	2.4887e-09	-0.038336	7.0176e-07	-7.0844e-07	0.040042	2.4356e-09	-0.040014	7.107e-07	-7.2058e-07	0.041542	2.3832e-09	-0.04152	7.208e-07	-7.3538e-07
0.71	-0.000101642	8.5253e-09	0.000101212	6.726e-07	-6.6896e-07	0.021202	4.6768e-09	-0.021178	6.7794e-07	-6.776e-07	0.032718	3.1664e-09	-0.03269	6.8582e-07	-6.8776e-07	0.036932	2.7155e-09	-0.03691	6.9404e-07	-6.9784e-07	0.0391	2.5748e-09	-0.039078	7.0232e-07	-7.0888e-07	0.040806	2.496e-09	-0.040788	7.1146e-07	-7.2122e-07	0.042322	2.4603e-09	-0.042302	7.2156e-07	-7.3604e-07
0.715	-0.00010236	8.9095e-09	0.000102448	6.7254e-07	-6.6902e-07	0.021438	4.8639e-09	-0.021412	6.7802e-07	-6.7764e-07	0.033266	3.2896e-09	-0.033248	6.8618e-07	-6.8796e-07	0.037648	2.7848e-09	-0.037634	6.9426e-07	-6.9828e-07	0.039864	2.6405e-09	-0.039846	7.0272e-07	-7.093e-07	0.04159	2.5675e-09	-0.041564	7.1196e-07	-7.2188e-07	0.043118	2.5362e-09	-0.043098	7.2262e-07	-7.3692e-07
0.72	-0.00010302	9.27e-09	0.000103344	6.7234e-07	-6.6896e-07	0.021662	5.0546e-09	-0.021638	6.7812e-07	-6.7744e-07	0.033808	3.3864e-09	-0.033792	6.8628e-07	-6.8792e-07	0.038356	2.8701e-09	-0.038336	6.9438e-07	-6.9842e-07	0.040618	2.7169e-09	-0.040592	7.0342e-07	-7.0974e-07	0.042358	2.6439e-09	-0.042338	7.1278e-07	-7.2276e-07	0.043906	2.6117e-09	-0.043886	7.2312e-07	-7.3784e-07
0.725	-0.000104044	9.6743e-09	0.00010451	6.7256e-07	-6.6882e-07	0.02189	5.2768e-09	-0.021868	6.7798e-07	-6.7774e-07	0.034358	3.5057e-09	-0.034332	6.8608e-07	-6.8808e-07	0.039078	2.9626e-09	-0.039052	6.949e-07	-6.9882e-07	0.041386	2.796e-09	-0.041362	7.0384e-07	-7.102e-07	0.043148	2.7422e-09	-0.043132	7.134e-07	-7.2314e-07	0.044708	2.692e-09	-0.044686	7.2374e-07	-7.3824e-07
0.73	-0.000104938	1.00848e-08	0.000104798	6.7256e-07	-6.6904e-07	0.022104	5.4861e-09	-0.022084	6.7848e-07	-6.7808e-07	0.034886	3.6484e-09	-0.034864	6.8662e-07	-6.8822e-07	0.03978	3.0703e-09	-0.039762	6.9522e-07	-6.9924e-07	0.042136	2.8834e-09	-0.042118	7.0404e-07	-7.1082e-07	0.043926	2.8092e-09	-0.043904	7.1408e-07	-7.2386e-07	0.045498	2.7752e-09	-0.045476	7.246e-07	-7.3904e-07
0.735	-0.000104906	1.05372e-08	0.000104932	6.7266e-07	-6.6912e-07	0.02232	5.7058e-09	-0.0223	6.782e-07	-6.7744e-07	0.03542	3.7636e-09	-0.035394	6.8678e-07	-6.884e-07	0.040494	3.1529e-09	-0.040476	6.9528e-07	-6.9956e-07	0.042906	2.9855e-09	-0.04289	7.0462e-07	-7.1126e-07	0.044718	2.9042e-09	-0.044696	7.1448e-07	-7.2434e-07	0.046298	2.8581e-09	-0.04628	7.2536e-07	-7.3986e-07
0.74	-0.00010525	1.09737e-08	0.00010512	6.7264e-07	-6.689e-07	0.022528	5.9379e-09	-0.022508	6.7842e-07	-6.7772e-07	0.035934	3.8997e-09	-0.035916	6.8678e-07	-6.8834e-07	0.0412	3.2472e-09	-0.041178	6.9566e-07	-6.9984e-07	0.043664	3.0597e-09	-0.043648	7.0498e-07	-7.1168e-07	0.045496	2.9729e-09	-0.045478	7.1534e-07	-7.252e-07	0.04709	2.9464e-09	-0.04707	7.2656e-07	-7.4086e-07
0.745	-0.000105924	1.14818e-08	0.000105734	6.7284e-07	-6.6926e-07	0.022732	6.1703e-09	-0.022716	6.785e-07	-6.7784e-07	0.036456	4.0433e-09	-0.03643	6.8686e-07	-6.8878e-07	0.04192	3.3631e-09	-0.041894	6.96e-07	-7.0002e-07	0.04444	3.1545e-09	-0.044414	7.057e-07	-7.1226e-07	0.046294	3.0694e-09	-0.046268	7.1592e-07	-7.2558e-07	0.047902	3.0494e-09	-0.047872	7.2718e-07	-7.4172e-07
0.75	-0.000105992	1.20004e-08	0.000105936	6.7288e-07	-6.692e-07	0.022936	6.4399e-09	-0.022916	6.7864e-07	-6.7794e-07	0.03696	4.1839e-09	-0.036942	6.8674e-07	-6.8862e-07	0.04262	3.4573e-09	-0.042598	6.9612e-07	-7.004e-07	0.045196	3.2589e-09	-0.045174	7.059e-07	-7.1254e-07	0.047076	3.1569e-09	-0.047052	7.163e-07	-7.2642e-07	0.048696	3.1245e-09	-0.048676	7.278e-07	-7.4252e-07
0.755	-0.000106394	1.24988e-08	0.000106396	6.7274e-07	-6.693e-07	0.023126	6.6779e-09	-0.023112	6.7856e-07	-6.7798e-07	0.037462	4.3305e-09	-0.03744	6.8702e-07	-6.8898e-07	0.04332	3.5709e-09	-0.0433	6.9662e-07	-7.0056e-07	0.045954	3.3394e-09	-0.045938	7.065e-07	-7.129e-07	0.047858	3.2678e-09	-0.047834	7.1706e-07	-7.2672e-07	0.04949	3.222e-09	-0.049472	7.2854e-07	-7.4324e-07
0.76	-0.000106604	1.30582e-08	0.000106856	6.7284e-07	-6.6914e-07	0.023324	6.9717e-09	-0.02331	6.7864e-07	-6.7818e-07	0.037958	4.5153e-09	-0.037942	6.8726e-07	-6.8896e-07	0.04403	3.6774e-09	-0.044012	6.97e-07	-7.0092e-07	0.046732	3.444e-09	-0.04671	7.0694e-07	-7.1362e-07	0.048654	3.3667e-09	-0.048632	7.1746e-07	-7.2756e-07	0.0503	3.3265e-09	-0.050278	7.2962e-07	-7.4404e-07
0.765	-0.00010756	1.36658e-08	0.000108088	6.7266e-07	-6.6908e-07	0.02351	7.252e-09	-0.02349	6.7854e-07	-6.7778e-07	0.038444	4.657e-09	-0.038426	6.873e-07	-6.8896e-07	0.044728	3.8088e-09	-0.04471	6.9716e-07	-7.01e-07	0.047488	3.5585e-09	-0.04747	7.072e-07	-7.1388e-07	0.049438	3.4581e-09	-0.04942	7.182e-07	-7.2804e-07	0.051102	3.4253e-09	-0.051084	7.3032e-07	-7.4454e-07
0.77	-0.000108766	1.42124e-08	0.000108652	6.7268e-07	-6.6942e-07	0.0237	7.5396e-09	-0.023678	6.7836e-07	-6.779e-07	0.038934	4.8275e-09	-0.038914	6.875e-07	-6.8928e-07	0.045438	3.9188e-09	-0.045418	6.9722e-07	-7.0136e-07	0.048264	3.6525e-09	-0.048244	7.0788e-07	-7.146e-07	0.05024	3.5826e-09	-0.050218	7.1876e-07	-7.288e-07	0.05192	3.5313e-09	-0.05189	7.3094e-07	-7.4538e-07
0.775	-0.000108894	1.48584e-08	0.00010896	6.7304e-07	-6.6938e-07	0.023876	7.8519e-09	-0.023856	6.7852e-07	-6.7784e-07	0.039406	5.026e-09	-0.039386	6.876e-07	-6.893e-07	0.046136	4.0522e-09	-0.046112	6.9768e-07	-7.0182e-07	0.04903	3.7767e-09	-0.049012	7.0808e-07	-7.1476e-07	0.051024	3.6889e-09	-0.051006	7.1938e-07	-7.2934e-07	0.052714	3.6351e-09	-0.052692	7.318e-07	-7.4622e-07
0.78	-0.0001095	1.5513e-08	0.000109654	6.7286e-07	-6.6914e-07	0.024054	8.202e-09	-0.024034	6.7866e-07	-6.7784e-07	0.039878	5.2178e-09	-0.039858	6.8804e-07	-6.8946e-07	0.046834	4.1887e-09	-0.04681	6.9814e-07	-7.0204e-07	0.049808	3.9003e-09	-0.049786	7.09e-07	-7.153e-07	0.051826	3.786e-09	-0.051806	7.1988e-07	-7.298e-07	0.053524	3.7482e-09	-0.0535	7.3282e-07	-7.4708e-07
0.785	-0.000110066	1.6225e-08	0.00011033	6.7268e-07	-6.6908e-07	0.024222	8.543e-09	-0.024206	6.7858e-07	-6.7806e-07	0.040334	5.4017e-09	-0.040316	6.881e-07	-6.8972e-07	0.047522	4.3074e-09	-0.047504	6.982e-07	-7.0216e-07	0.05057	4.0146e-09	-0.050552	7.0908e-07	-7.1574e-07	0.052614	3.9142e-09	-0.05259	7.2054e-07	-7.3046e-07	0.05433	3.8886e-09	-0.054304	7.3338e-07	-7.48e-07
0.79	-0.00011021	1.69288e-08	0.000110694	6.7272e-07	-6.6934e-07	0.024396	8.9086e-09	-0.024378	6.7842e-07	-6.7806e-07	0.04079	5.6149e-09	-0.040774	6.881e-07	-6.897e-07	0.048222	4.4538e-09	-0.048196	6.9872e-07	-7.025e-07	0.051348	4.1372e-09	-0.051324	7.095e-07	-7.1616e-07	0.053414	4.0328e-09	-0.053396	7.2108e-07	-7.311e-07	0.055138	4.0015e-09	-0.05512	7.341e-07	-7.4868e-07
0.795	-0.000110802	1.77118e-08	0.000110802	6.7292e-07	-6.6934e-07	0.024564	9.273e-09	-0.02454	6.784e-07	-6.7792e-07	0.041236	5.8228e-09	-0.041218	6.882e-07	-6.8998e-07	0.048898	4.6113e-09	-0.048874	6.989e-07	-7.0274e-07	0.052112	4.2673e-09	-0.05209	7.0978e-07	-7.1662e-07	0.05421	4.1413e-09	-0.05418	7.219e-07	-7.3166e-07	0.05594	4.1169e-09	-0.055918	7.35e-07	-7.4948e-07
0.8	-0.000110804	1.84738e-08	0.000110678	6.7298e-07	-6.6938e-07	0.024722	9.6573e-09	-0.024702	6.7864e-07	-6.7812e-07	0.04168	6.0459e-09	-0.041662	6.8838e-07	-6.9002e-07	0.04959	4.7491e-09	-0.049564	6.9904e-07	-7.0318e-07	0.052886	4.3963e-09	-0.052862	7.1032e-07	-7.1706e-07	0.055006	4.2841e-09	-0.054982	7.2246e-07	-7.3248e-07	0.056758	4.2642e-09	-0.056736	7.3578e-07	-7.5024e-07
0.805	-0.000110876	1.93516e-08	0.000111098	6.7298e-07	-6.693e-07	0.02488	1.00529e-08	-0.024862	6.7872e-07	-6.7818e-07	0.042112	6.2605e-09	-0.04209	6.8836e-07	-6.9024e-07	0.050262	4.9215e-09	-0.05024	6.994e-07	-7.034e-07	0.05365	4.5327e-09	-0.05363	7.1084e-07	-7.176e-07	0.055798	4.3994e-09	-0.055778	7.2332e-07	-7.331e-07	0.057558	4.3842e-09	-0.057542	7.3666e-07	-7.5102e-07
0.81	-0.000111224	2.02456e-08	0.000111512	6.7284e-07	-6.6932e-07	0.02504	1.04947e-08	-0.025016	6.7876e-07	-6.7826e-07	0.042542	6.5059e-09	-0.042518	6.8878e-07	-6.9044e-07	0.050942	5.0646e-09	-0.050922	6.9978e-07	-7.0384e-07	0.054424	4.6593e-09	-0.054408	7.1144e-07	-7.1784e-07	0.056608	4.5401e-09	-0.056582	7.2384e-07	-7.3384e-07	0.058378	4.5231e-09	-0.058352	7.374e-07	-7.516e-07
0.815	-0.000112008	2.11448e-08	0.000111936	6.7296e-07	-6.6932e-07	0.025188	1.09397e-08	-0.025162	6.7872e-07	-6.7834e-07	0.042952	6.7686e-09	-0.042938	6.8856e-07	-6.9028e-07	0.05161	5.2543e-09	-0.05159	6.9996e-07	-7.0412e-07	0.055184	4.818e-09	-0.055168	7.1216e-07	-7.1828e-07	0.057392	4.6852e-09	-0.05737	7.2436e-07	-7.3416e-07	0.05918	4.6637e-09	-0.059158	7.3838e-07	-7.5284e-07
0.82	-0.00011233	2.21234e-08	0.000113006	6.7302e-07	-6.6936e-07	0.025338	1.13885e-08	-0.025318	6.7872e-07	-6.7816e-07	0.04337	7.0283e-09	-0.04335	6.8884e-07	-6.9056e-07	0.052282	5.4285e-09	-0.052264	7.0006e-07	-7.0406e-07	0.055962	4.9554e-09	-0.055946	7.1236e-07	-7.1882e-07	0.0582	4.8428e-09	-0.058174	7.2504e-07	-7.347e-07	0.059996	4.8252e-09	-0.059978	7.3896e-07	-7.5346e-07
0.825	-0.000112924	2.3135e-08	0.000113208	6.729e-07	-6.692e-07	0.025484	1.1916e-08	-0.025462	6.7892e-07	-6.7816e-07	0.043768	7.3039e-09	-0.043756	6.8912e-07	-6.9044e-07	0.05294	5.6058e-09	-0.05292	7.0082e-07	-7.0476e-07	0.05672	5.1221e-09	-0.056704	7.125e-07	-7.1912e-07	0.058982	4.9975e-09	-0.05897	7.2584e-07	-7.3558e-07	0.060802	4.9677e-09	-0.06078	7.3996e-07	-7.5426e-07
0.83	-0.000113348	2.4208e-08	0.000113732	6.7278e-07	-6.6912e-07	0.025626	1.24262e-08	-0.02561	6.7878e-07	-6.7822e-07	0.04417	7.5902e-09	-0.044154	6.8924e-07	-6.9068e-07	0.053602	5.7994e-09	-0.05358	7.009e-07	-7.049e-07	0.057494	5.2756e-09	-0.057476	7.1314e-07	-7.196e-07	0.059788	5.1549e-09	-0.059774	7.265e-07	-7.3612e-07	0.061614	5.1305e-09	-0.061596	7.4066e-07	-7.5534e-07
0.835	-0.000113932	2.53102e-08	0.000114042	6.7284e-07	-6.695e-07	0.025766	1.29714e-08	-0.025746	6.788e-07	-6.7852e-07	0.044558	7.8819e-09	-0.04454	6.8902e-07	-6.9072e-07	0.054252	5.9921e-09	-0.054232	7.0092e-07	-7.0508e-07	0.05826	5.4474e-09	-0.058232	7.135e-07	-7.202e-07	0.060584	5.3126e-09	-0.06056	7.271e-07	-7.3708e-07	0.062426	5.3012e-09	-0.062402	7.414e-07	-7.5586e-07
0.84	-0.000114106	2.64754e-08	0.00011446	6.7286e-07	-6.6924e-07	0.025908	1.35376e-08	-0.02588	6.788e-07	-6.7848e-07	0.044944	8.1686e-09	-0.044928	6.8952e-07	-6.912e-07	0.0549	6.1959e-09	-0.05488	7.0124e-07	-7.053e-07	0.059028	5.6174e-09	-0.05901	7.1434e-07	-7.2088e-07	0.061384	5.4814e-09	-0.06136	7.2758e-07	-7.374e-07	0.063244	5.4636e-09	-0.063224	7.4254e-07	-7.5682e-07
0.845	-0.000114768	2.77396e-08	0.00011471	6.7284e-07	-6.6936e-07	0.026032	1.41214e-08	-0.026016	6.7914e-07	-6.7866e-07	0.04532	8.5174e-09	-0.045302	6.8926e-07	-6.9104e-07	0.05554	6.4164e-09	-0.05552	7.0176e-07	-7.0568e-07	0.05978	5.7836e-09	-0.059766	7.1476e-07	-7.2138e-07	0.062176	5.6526e-09	-0.062154	7.281e-07	-7.3808e-07	0.06405	5.6342e-09	-0.064028	7.435e-07	-7.5756e-07
0.85	-0.000115036	2.90262e-08	0.000115006	6.7276e-07	-6.6924e-07	0.026166	1.47412e-08	-0.026144	6.7896e-07	-6.7828e-07	0.045698	8.8451e-09	-0.045678	6.8934e-07	-6.9092e-07	0.056182	6.6333e-09	-0.056162	7.0172e-07	-7.056e-07	0.060548	5.9685e-09	-0.060532	7.15e-07	-7.2166e-07	0.062982	5.8297e-09	-0.062964	7.288e-07	-7.388e-07	0.064864	5.8289e-09	-0.064846	7.4416e-07	-7.5858e-07
0.855	-0.000115036	3.03656e-08	0.000115006	6.7314e-07	-6.6938e-07	0.026294	1.53704e-08	-0.026274	6.7916e-07	-6.7858e-07	0.046056	9.2088e-09	-0.04604	6.8946e-07	-6.911e-07	0.056808	6.8494e-09	-0.056792	7.019e-07	-7.0596e-07	0.061304	6.1744e-09	-0.061292	7.1546e-07	-7.2206e-07	0.063772	5.9962e-09	-0.06375	7.2954e-07	-7.3944e-07	0.065674	6.0129e-09	-0.06565	7.4488e-07	-7.5938e-07
0.86	-0.000115036	3.18316e-08	0.000115004	6.732e-07	-6.6942e-07	0.026428	1.6063e-08	-0.0264	6.7894e-07	-6.7828e-07	0.046416	9.5829e-09	-0.046404	6.8974e-07	-6.9114e-07	0.057436	7.1347e-09	-0.057418	7.0228e-07	-7.0616e-07	0.062066	6.3537e-09	-0.062048	7.1572e-07	-7.2252e-07	0.064574	6.1954e-09	-0.064554	7.303e-07	-7.398e-07	0.066492	6.2044e-09	-0.066468	7.4568e-07	-7.6004e-07
0.865	-0.00011504	3.32802e-08	0.000115008	6.7302e-07	-6.6942e-07	0.026544	1.67694e-08	-0.026522	6.7912e-07	-6.7842e-07	0.046766	9.9298e-09	-0.046746	6.8956e-07	-6.9124e-07	0.05805	7.3247e-09	-0.058036	7.0242e-07	-7.0664e-07	0.06282	6.5656e-09	-0.062802	7.1622e-07	-7.2278e-07	0.065366	6.383e-09	-0.065344	7.309e-07	-7.4066e-07	0.067292	6.4015e-09	-0.067274	7.4614e-07	-7.6076e-07
0.87	-0.000115036	3.48502e-08	0.000115008	6.7312e-07	-6.6952e-07	0.026664	1.74668e-08	-0.026644	6.7894e-07	-6.7848e-07	0.047108	1.03448e-08	-0.047088	6.8994e-07	-6.9138e-07	0.058664	7.6047e-09	-0.058648	7.0274e-07	-7.0688e-07	0.063568	6.7844e-09	-0.063544	7.1694e-07	-7.2328e-07	0.066152	6.6026e-09	-0.066138	7.3146e-07	-7.4114e-07	0.068102	6.6082e-09	-0.068078	7.4736e-07	-7.6164e-07
0.875	-0.000115044	3.65526e-08	0.000115008	6.732e-07	-6.6948e-07	0.026782	1.8285e-08	-0.026762	6.7906e-07	-6.7852e-07	0.047448	1.07788e-08	-0.047424	6.902e-07	-6.9172e-07	0.059272	7.8626e-09	-0.059254	7.0336e-07	-7.0734e-07	0.064328	7.0101e-09	-0.064312	7.1714e-07	-7.2394e-07	0.066966	6.8097e-09	-0.06694	7.3206e-07	-7.4184e-07	0.068914	6.8287e-09	-0.068898	7.4798e-07	-7.6242e-07
0.88	-0.000115042	3.82722e-08	0.00011892	6.729e-07	-6.6952e-07	0.02689	1.90754e-08	-0.026876	6.7888e-07	-6.7858e-07	0.047774	1.11871e-08	-0.047756	6.901e-07	-6.9148e-07	0.059866	8.1557e-09	-0.059848	7.0344e-07	-7.073e-07	0.065074	7.2321e-09	-0.065056	7.1788e-07	-7.2456e-07	0.06775	7.0253e-09	-0.067728	7.326e-07	-7.424e-07	0.069718	7.0606e-09	-0.069704	7.492e-07	-7.6334e-07
0.885	-0.00012148	4.01e-08	0.00011838	6.7322e-07	-6.6938e-07	0.027012	1.9946e-08	-0.026986	6.7908e-07	-6.7844e-07	0.048106	1.1693e-08	-0.048082	6.9018e-07	-6.9172e-07	0.060464	8.43e-09	-0.060448	7.038e-07	-7.0764e-07	0.065824	7.4682e-09	-0.065808	7.1816e-07	-7.246e-07	0.068552	7.2576e-09	-0.068532	7.3316e-07	-7.4312e-07	0.07054	7.2722e-09	-0.070522	7.497e-07	-7.6424e-07
0.89	-0.00011946	4.1995e-08	0.0001194	6.731e-07	-6.6966e-07	0.027118	2.0864e-08	-0.027102	6.79e-07	-6.7874e-07	0.048418	1.2157e-08	-0.0484	6.901e-07	-6.918e-07	0.061052	8.7514e-09	-0.061028	7.0412e-07	-7.079e-07	0.066564	7.7052e-09	-0.06655	7.1846e-07	-7.2492e-07	0.069338	7.491e-09	-0.069324	7.3378e-07	-7.4358e-07	0.071342	7.5265e-09	-0.071318	7.5056e-07	-7.65e-07
0.895	-0.00011792	4.40302e-08	0.0001217	6.7314e-07	-6.6936e-07	0.027228	2.18142e-08	-0.027206	6.7934e-07	-6.7862e-07	0.048738	1.2682e-08	-0.048718	6.9012e-07	-6.9204e-07	0.06163	9.0755e-09	-0.06161	7.043e-07	-7.082e-07	0.067314	7.9645e-09	-0.0673	7.1884e-07	-7.2554e-07	0.070136	7.7224e-09	-0.070118	7.3458e-07	-7.4432e-07	0.072148	7.7492e-09	-0.072132	7.515e-07	-7.6588e-07
0.9	-0.00012154	4.61522e-08	0.00012078	6.731e-07	-6.695e-07	0.027332	2.2789e-08	-0.027314	6.7914e-07	-6.7866e-07	0.049042	1.31886e-08	-0.049018	6.9028e-07	-6.9186e-07	0.062204	9.3863e-09	-0.062184	7.0466e-07	-7.0858e-07	0.068054	8.2117e-09	-0.068032	7.1912e-07	-7.2562e-07	0.07092	7.9737e-09	-0.070908	7.3526e-07	-7.4502e-07	0.07296	8.0063e-09	-0.072934	7.5212e-07	-7.6654e-07
