|Vgs|	Gm_|Vds|=0.01V	Gm_|Vds|=0.02V	Gm_|Vds|=0.03V	Gm_|Vds|=0.04V	Gm_|Vds|=0.05V	Gm_|Vds|=0.06V	Gm_|Vds|=0.07V	Gm_|Vds|=0.08V	Gm_|Vds|=0.09V	Gm_|Vds|=0.1V
-0.3	8.59999999999951e-10	-5.60000000000018e-10	2.00000000000066e-11	1.24000000000003e-09	-1.04000000000001e-09	2.04000000000001e-09	9.86000000000022e-10	2.10600000000006e-09	2.06000000000004e-09	7.10000000000015e-10
-0.295	5.11666666666626e-10	-1.38333333333343e-10	4.33333333333398e-11	1.04166666666668e-09	-4.50000000000004e-10	1.26333333333332e-09	8.04833333333337e-10	1.63966666666668e-09	8.45333333333342e-10	1.45666666666669e-10
-0.29	4.06999999999978e-10	1.59999999999954e-11	2.19000000000005e-10	5.76000000000005e-10	-4.50000000000037e-11	7.16999999999992e-10	7.57700000000001e-10	7.72300000000008e-10	8.51000000000005e-10	-2.77499999999998e-10
-0.285	2.73999999999991e-10	1.82999999999999e-10	1.89000000000004e-10	4.67e-10	2.32000000000001e-10	3.11999999999992e-10	6.66399999999997e-10	4.41199999999995e-10	4.25999999999997e-10	-5.16200000000001e-10
-0.28	1.74000000000004e-10	2.92999999999999e-10	2.16000000000004e-10	3.53e-10	3.40999999999999e-10	1.62e-10	4.718e-10	3.265e-10	2.38100000000001e-10	-5.04e-10
-0.275	2.13000000000003e-10	2.96999999999996e-10	2.19000000000005e-10	3.00999999999997e-10	2.66000000000001e-10	2.25999999999999e-10	2.59e-10	2.64000000000001e-10	3.721e-10	-3.722e-10
-0.27	2.92000000000003e-10	2.64999999999994e-10	1.25000000000005e-10	3.14999999999997e-10	2.37000000000004e-10	3.1e-10	9.74e-11	3.69700000000001e-10	2.995e-10	-3.458e-10
-0.265	2.82000000000004e-10	2.30999999999996e-10	9.40000000000039e-11	3.04999999999998e-10	2.95000000000003e-10	4.77000000000001e-10	8.8e-11	5.59e-10	1.42899999999999e-10	-2.768e-10
-0.26	2.31e-10	1.93999999999997e-10	1.67000000000001e-10	2.91999999999996e-10	2.53999999999999e-10	5.77000000000001e-10	1.40099999999999e-10	4.84300000000001e-10	2.26899999999999e-10	-1.689e-10
-0.255	2.06000000000001e-10	1.53999999999997e-10	2.37999999999998e-10	2.67999999999997e-10	1.66999999999999e-10	3.90000000000001e-10	1.849e-10	2.60800000000001e-10	3.02199999999999e-10	-2.108e-10
-0.25	1.91000000000005e-10	9.39999999999998e-11	2.71999999999996e-10	2.20000000000001e-10	1.80000000000001e-10	2.13000000000001e-10	2.59600000000001e-10	2.335e-10	2.403e-10	-3.688e-10
-0.245	1.30000000000003e-10	5.90000000000015e-11	3.19999999999999e-10	2.06000000000003e-10	1.21e-10	1.57999999999999e-10	2.752e-10	4.23499999999999e-10	2.316e-10	-4.514e-10
-0.24	8.69999999999977e-11	8.20000000000003e-11	3.87999999999999e-10	2.15000000000004e-10	-5.29999999999997e-11	2.29999999999988e-11	1.461e-10	5.93299999999999e-10	2.583e-10	-4.194e-10
-0.235	1.18999999999996e-10	8.69999999999982e-11	3.57999999999998e-10	2.40000000000006e-10	3.86448442427118e-24	-7.29999999999994e-11	6.88000000000015e-11	5.988e-10	2.56900000000002e-10	-3.81499999999999e-10
-0.23	1.51999999999993e-10	4.99999999999993e-11	1.99000000000003e-10	2.28000000000005e-10	1.89000000000002e-10	3.69999999999991e-11	2.145e-10	5.07e-10	2.47800000000001e-10	-2.94899999999999e-10
-0.225	1.38999999999993e-10	7.60000000000031e-11	1.05000000000004e-10	1.37000000000004e-10	2.16e-10	1.93999999999997e-10	3.641e-10	3.36700000000001e-10	7.6000000000001e-11	-9.16999999999988e-11
-0.22	1.02999999999999e-10	1.43000000000003e-10	1.11999999999997e-10	1.30000000000002e-10	1.93999999999999e-10	2.03e-10	3.95300000000001e-10	9.76000000000012e-11	-1.71399999999999e-10	2.13500000000001e-10
-0.215	1.06000000000004e-10	1.35000000000005e-10	7.09999999999973e-11	1.39e-10	2.06999999999999e-10	2.42000000000002e-10	3.42000000000001e-10	-8.75999999999993e-11	-1.86399999999999e-10	3.41500000000001e-10
-0.21	1.22000000000004e-10	9.10000000000071e-11	2.80000000000003e-11	-2.0000000000006e-12	1.18999999999999e-10	3.46e-10	2.677e-10	-4.79000000000004e-11	5.3999999999998e-12	2.217e-10
-0.205	1.03000000000003e-10	1.32000000000003e-10	1.39000000000001e-10	-8.99999999999986e-11	-2.79999999999982e-11	2.96000000000002e-10	1.50800000000001e-10	1.351e-10	2.104e-10	6.67999999999999e-11
-0.2	7.89999999999994e-11	2.25999999999999e-10	2.71e-10	2.40000000000011e-11	-4.09999999999981e-11	1.16000000000004e-10	5.89000000000006e-11	2.419e-10	3.412e-10	-1.089e-10
-0.195	8.39999999999968e-11	2.24999999999998e-10	2.06999999999997e-10	1.9e-10	5.4000000000002e-11	7.20000000000034e-11	1.186e-10	1.779e-10	3.72e-10	-2.578e-10
-0.19	1.03999999999999e-10	1.76999999999996e-10	7.19999999999972e-11	1.76999999999998e-10	7.70000000000029e-11	1.14e-10	1.283e-10	3.71000000000008e-11	2.452e-10	-2.25e-10
-0.185	1.00000000000002e-10	1.84999999999999e-10	4.89999999999984e-11	7.59999999999964e-11	-3.09999999999991e-11	1.19999999999975e-11	3.93e-11	-1.29499999999998e-10	-6.01999999999994e-11	-7.06999999999999e-11
-0.18	6.80000000000001e-11	1.60000000000003e-10	2.89999999999965e-11	8.99999999999965e-11	-9.00000000000006e-11	-1.16000000000004e-10	4.03999999999991e-11	-3.37499999999999e-10	-2.30699999999999e-10	-1.97999999999999e-11
-0.175	4.20000000000004e-11	3.79999999999992e-11	-1.09e-10	4.39999999999969e-11	-2.80000000000003e-11	-7.10000000000052e-11	-6.42000000000006e-11	-3.561e-10	-9.36999999999998e-11	-1.63999999999999e-11
-0.17	4.0000000000004e-11	-6.20000000000024e-11	-1.78999999999993e-10	-1.76000000000002e-10	2.09999999999982e-11	2.29999999999967e-11	-3.18800000000001e-10	-1.77700000000001e-10	8.10999999999998e-11	2.46e-11
-0.165	4.00000000000123e-12	-5.89999999999974e-11	-1.39999999999993e-10	-3.14999999999999e-10	2.69999999999979e-11	-1.56000000000002e-10	-3.614e-10	-1.48400000000002e-10	1.349e-10	1.67e-11
-0.16	-5.40000000000041e-11	-6.00000000000018e-11	-1.81999999999998e-10	-3.12999999999996e-10	3.60000000000007e-11	-4.14000000000001e-10	-2.45699999999998e-10	-2.56400000000002e-10	1.234e-10	7.64e-11
-0.155	-3.60000000000027e-11	-1.61000000000008e-10	-2.39999999999999e-10	-3.75999999999995e-10	5.50000000000003e-11	-4.63999999999997e-10	-2.94299999999998e-10	-1.79200000000001e-10	2.26e-11	3.156e-10
-0.15	-7.9999999999983e-12	-2.68000000000003e-10	-2.16e-10	-4.65999999999996e-10	-8.1000000000002e-11	-4.91999999999997e-10	-3.05499999999999e-10	-1.146e-10	-1.638e-10	4.551e-10
-0.145	-5.0999999999999e-11	-2.69e-10	-2.77000000000002e-10	-4.90999999999997e-10	-4.06e-10	-6.08e-10	-1.20099999999998e-10	-3.828e-10	-4.179e-10	4.354e-10
-0.14	-9.70000000000007e-11	-2.92000000000002e-10	-3.98000000000002e-10	-5.10999999999997e-10	-6.25999999999999e-10	-5.97000000000001e-10	-1.29699999999999e-10	-6.44499999999999e-10	-6.401e-10	5.634e-10
-0.135	-9.79999999999969e-11	-3.60000000000003e-10	-4.19e-10	-5.77999999999999e-10	-6.27000000000002e-10	-4.14000000000001e-10	-4.38300000000001e-10	-6.10399999999998e-10	-6.57899999999999e-10	7.00099999999999e-10
-0.13	-1.36999999999996e-10	-3.17999999999994e-10	-4.48000000000001e-10	-6.49000000000002e-10	-6.89e-10	-4.45e-10	-7.38900000000001e-10	-6.57199999999999e-10	-7.77399999999999e-10	6.446e-10
-0.125	-2.45e-10	-2.7899999999999e-10	-6.1e-10	-6.97e-10	-8.33999999999997e-10	-6.88999999999998e-10	-9.757e-10	-9.943e-10	-1.1594e-09	7.80299999999999e-10
-0.12	-3.29000000000001e-10	-4.08999999999997e-10	-8.03999999999998e-10	-7.79999999999999e-10	-9.31999999999998e-10	-8.35999999999995e-10	-1.2789e-09	-1.1856e-09	-1.3921e-09	1.143e-09
-0.115	-3.8e-10	-5.65999999999999e-10	-9.10999999999997e-10	-9.47000000000002e-10	-1.138e-09	-1.05899999999999e-09	-1.5019e-09	-1.2049e-09	-1.4786e-09	1.3466e-09
-0.11	-4.56e-10	-7.00999999999998e-10	-1.04e-09	-1.13600000000001e-09	-1.355e-09	-1.478e-09	-1.6664e-09	-1.4881e-09	-1.7282e-09	1.5089e-09
-0.105	-5.73999999999995e-10	-9.72999999999998e-10	-1.278e-09	-1.392e-09	-1.496e-09	-1.821e-09	-1.9403e-09	-1.9028e-09	-1.9969e-09	1.8174e-09
-0.1	-6.95999999999991e-10	-1.255e-09	-1.5e-09	-1.794e-09	-1.731e-09	-2.057e-09	-2.1834e-09	-2.1811e-09	-2.2123e-09	2.2296e-09
-0.095	-7.97999999999993e-10	-1.414e-09	-1.685e-09	-2.165e-09	-2.11e-09	-2.348e-09	-2.4082e-09	-2.4854e-09	-2.4633e-09	2.6588e-09
-0.09	-9.61999999999998e-10	-1.623e-09	-1.937e-09	-2.443e-09	-2.494e-09	-2.64300000000001e-09	-2.8414e-09	-2.90970000000001e-09	-2.7463e-09	3.0996e-09
-0.085	-1.151e-09	-1.924e-09	-2.221e-09	-2.785e-09	-2.904e-09	-3.01e-09	-3.3764e-09	-3.3823e-09	-3.3542e-09	3.7087e-09
-0.08	-1.27e-09	-2.2e-09	-2.583e-09	-3.213e-09	-3.533e-09	-3.538e-09	-3.9698e-09	-4.0531e-09	-4.3285e-09	4.4258e-09
-0.075	-1.43800000000001e-09	-2.482e-09	-3.08900000000001e-09	-3.624e-09	-4.293e-09	-4.227e-09	-4.7768e-09	-4.8765e-09	-5.22039999999999e-09	5.09789999999999e-09
-0.07	-1.732e-09	-2.855e-09	-3.611e-09	-4.055e-09	-4.919e-09	-5.1595e-09	-5.676e-09	-5.63479999999999e-09	-5.67979999999999e-09	5.90459999999999e-09
-0.0649999999999999	-2.048e-09	-3.34400000000001e-09	-4.19699999999999e-09	-4.635e-09	-5.525e-09	-6.1536e-09	-6.5247e-09	-6.52079999999999e-09	-4.9695e-09	6.98309999999999e-09
-0.0599999999999999	-2.361e-09	-3.904e-09	-5.01799999999999e-09	-5.529e-09	-6.495e-09	-7.088e-09	-7.42599999999999e-09	-7.61549999999999e-09	-2.5021e-09	8.17739999999999e-09
-0.0549999999999999	-2.79399999999999e-09	-4.508e-09	-5.97599999999999e-09	-6.652e-09	-7.64399999999999e-09	-8.1999e-09	-8.49249999999999e-09	-8.79729999999999e-09	1.332e-09	9.59919999999999e-09
-0.0499999999999999	-3.278e-09	-5.29400000000001e-09	-6.93100000000001e-09	-7.81500000000002e-09	-8.79200000000002e-09	-9.51160000000002e-09	-9.80850000000002e-09	-1.02222e-08	5.81380000000003e-09	1.1263e-08
-0.0449999999999999	-3.75000000000002e-09	-6.22400000000002e-09	-8.00000000000004e-09	-9.23600000000004e-09	-1.02203e-08	-1.09672e-08	-1.15214000000001e-08	-1.12522e-08	1.01772000000001e-08	1.29298000000001e-08
-0.0399999999999999	-4.35500000000002e-09	-7.19000000000002e-09	-9.33700000000004e-09	-1.0954e-08	-1.19713e-08	-1.26863e-08	-1.35209000000001e-08	-9.66440000000005e-09	1.38074000000001e-08	1.49425000000001e-08
-0.035	-5.14800000000002e-09	-8.35300000000003e-09	-1.0863e-08	-1.27e-08	-1.39385e-08	-1.4748e-08	-1.56662000000001e-08	-4.44320000000005e-09	1.66584000000001e-08	1.74024000000001e-08
-0.03	-6.01000000000002e-09	-9.76500000000003e-09	-1.2491e-08	-1.4596e-08	-1.61418e-08	-1.71219e-08	-1.66945000000001e-08	3.07969999999994e-09	1.93687e-08	2.00324000000001e-08
-0.025	-6.96000000000001e-09	-1.1349e-08	-1.4419e-08	-1.69467e-08	-1.87073e-08	-1.98352e-08	-1.36273e-08	1.16539e-08	2.24847e-08	2.32325e-08
-0.02	-8.18599999999999e-09	-1.3191e-08	-1.6837e-08	-1.9804e-08	-2.17097e-08	-2.22777e-08	-5.58819999999999e-09	2.04914e-08	2.60454e-08	2.72785e-08
-0.015	-9.56299999999998e-09	-1.5394e-08	-1.9613e-08	-2.30404e-08	-2.51901e-08	-2.03536e-08	5.3246e-09	2.82253e-08	3.0168e-08	3.17151e-08
-0.01	-1.102e-08	-1.7923e-08	-2.27543e-08	-2.66822e-08	-2.76681e-08	-1.09029e-08	1.80269e-08	3.4155e-08	3.51431e-08	3.66295e-08
-0.005	-1.28e-08	-2.0803e-08	-2.65225e-08	-3.09611e-08	-2.40427e-08	3.2714e-09	3.14688e-08	3.96004e-08	4.09096e-08	4.2559e-08
-0	-1.4927e-08	-2.4124e-08	-3.09196e-08	-3.3265e-08	-1.16057e-08	1.97787e-08	4.28085e-08	4.60102e-08	4.75435e-08	4.938e-08
0.005	-1.7278e-08	-2.80128e-08	-3.59185e-08	-2.72674e-08	6.1221e-09	3.82673e-08	5.16085e-08	5.38335e-08	5.55221e-08	5.7156e-08
0.01	-1.9983e-08	-3.2609e-08	-3.8751e-08	-1.12009e-08	2.67217e-08	5.48687e-08	6.02220999999999e-08	6.29394999999999e-08	6.47003999999999e-08	6.63969999999999e-08
0.015	-2.3215e-08	-3.7939e-08	-3.21555e-08	1.06544e-08	4.92051e-08	6.68248999999999e-08	6.99134e-08	7.31529999999999e-08	7.51026999999999e-08	7.73789999999999e-08
0.02	-2.6951e-08	-4.40804e-08	-1.36714e-08	3.60319e-08	6.89244999999999e-08	7.75223999999999e-08	8.11444999999999e-08	8.47865999999999e-08	8.73109999999999e-08	9.00409999999999e-08
0.025	-3.1293e-08	-4.44087e-08	1.16032e-08	6.26556999999999e-08	8.34109999999999e-08	8.96800999999999e-08	9.41541999999999e-08	9.82829999999999e-08	1.01352e-07	1.04512e-07
0.03	-3.63613e-08	-3.00563e-08	4.09781e-08	8.50373999999999e-08	9.68878999999999e-08	1.037081e-07	1.09109e-07	1.13902e-07	1.17564e-07	1.21465e-07
0.035	-4.22059e-08	-4.2471e-09	7.22249999999999e-08	1.020003e-07	1.126737e-07	1.202478e-07	1.26735e-07	1.31872e-07	1.36661e-07	1.41219e-07
0.04	-4.90348e-08	2.70169e-08	9.86197999999999e-08	1.183998e-07	1.307645e-07	1.39588e-07	1.47347e-07	1.52858e-07	1.58818e-07	1.64005e-07
0.045	-5.04883e-08	6.31514e-08	1.184389e-07	1.374602e-07	1.51536e-07	1.62239e-07	1.70991e-07	1.77598e-07	1.84378e-07	1.90502e-07
0.05	-3.65593e-08	9.80536999999999e-08	1.377054e-07	1.59814e-07	1.76001e-07	1.88697e-07	1.98616e-07	2.06799e-07	2.14299e-07	2.21385e-07
0.055	-8.85189999999999e-09	1.240861e-07	1.600634e-07	1.8582e-07	2.04612e-07	2.19259e-07	2.30843e-07	2.40774e-07	2.49033e-07	2.56965e-07
0.0600000000000001	2.57139e-08	1.454891e-07	1.85832e-07	2.15821e-07	2.37626e-07	2.54913e-07	2.68056e-07	2.80061e-07	2.89187e-07	2.98405e-07
0.0650000000000001	6.59668e-08	1.687821e-07	2.15831e-07	2.50608e-07	2.76144e-07	2.96526e-07	3.11377e-07	3.25387e-07	3.35939e-07	3.47109e-07
0.0700000000000001	1.064143e-07	1.95672e-07	2.50719e-07	2.91062e-07	3.21151e-07	3.44585e-07	3.61891e-07	3.77617e-07	3.90441e-07	4.03809e-07
0.0750000000000001	1.376453e-07	2.27321e-07	2.90923000000001e-07	3.38001000000001e-07	3.73123000000001e-07	4.00046000000001e-07	4.20509000000001e-07	4.38374000000001e-07	4.53543000000001e-07	4.69350000000001e-07
0.0800000000000001	1.62247200000001e-07	2.64270000000001e-07	3.37651000000002e-07	3.92653000000002e-07	4.33028000000002e-07	4.64600000000002e-07	4.88449000000002e-07	5.09410000000002e-07	5.26904000000002e-07	5.45575000000003e-07
0.0850000000000001	1.88726000000001e-07	3.07294000000001e-07	3.92301000000001e-07	4.56493000000002e-07	5.02361000000002e-07	5.39764000000002e-07	5.67591000000002e-07	5.91930000000002e-07	6.12262000000002e-07	6.34112000000002e-07
0.09	2.19651000000001e-07	3.57191000000001e-07	4.55745000000001e-07	5.30476000000002e-07	5.83374000000002e-07	6.26760000000002e-07	6.59424000000002e-07	6.88108000000002e-07	7.11384000000002e-07	7.35650000000002e-07
0.095	2.55324000000001e-07	4.14802000000001e-07	5.29331000000001e-07	6.15552000000002e-07	6.77648000000002e-07	7.27172000000002e-07	7.65730000000002e-07	7.99962000000002e-07	8.26498000000002e-07	8.53184000000002e-07
0.1	2.96511e-07	4.81799e-07	6.14969e-07	7.14424000000001e-07	7.87066000000001e-07	8.44488000000001e-07	8.90422000000001e-07	9.28630000000001e-07	9.59938000000001e-07	9.91880000000001e-07
0.105	3.44553e-07	5.59513e-07	7.14415999999999e-07	8.30017999999999e-07	9.15207999999999e-07	9.81901999999999e-07	1.035148e-06	1.077858e-06	1.114826e-06	1.153422e-06
0.11	4.00264e-07	6.49246e-07	8.29917999999999e-07	9.64059999999999e-07	1.064344e-06	1.1406e-06	1.201232e-06	1.251734e-06	1.295284e-06	1.33973e-06
0.115	4.6354e-07	7.53317999999999e-07	9.63001999999999e-07	1.118888e-06	1.235726e-06	1.324206e-06	1.394804e-06	1.452628e-06	1.504362e-06	1.556348e-06
0.12	5.36709e-07	8.74955999999999e-07	1.117008e-06	1.299152e-06	1.434058e-06	1.53859e-06	1.621128e-06	1.686988e-06	1.74679e-06	1.808478e-06
0.125	6.22771e-07	1.016668e-06	1.297458e-06	1.508434e-06	1.66511e-06	1.787124e-06	1.881514e-06	1.96146e-06	2.029828e-06	2.09831e-06
0.13	7.23440999999999e-07	1.180408e-06	1.50784e-06	1.751824e-06	1.93431e-06	2.07416e-06	2.18345e-06	2.28088e-06	2.359178e-06	2.433074e-06
0.135	8.39869999999999e-07	1.370112e-06	1.749934e-06	2.036776e-06	2.24739e-06	2.40958e-06	2.540062e-06	2.650222e-06	2.738972e-06	2.824614e-06
0.14	9.74627999999999e-07	1.589092e-06	2.02892e-06	2.366482e-06	2.608954e-06	2.79886e-06	2.949992e-06	3.072998e-06	3.175196e-06	3.278766e-06
0.145	1.13204e-06	1.843816e-06	2.355126e-06	2.74705e-06	3.02909e-06	3.248582e-06	3.418602e-06	3.564546e-06	3.68647e-06	3.807256e-06
0.15	1.31402e-06	2.143176e-06	2.73613e-06	3.18696e-06	3.51799e-06	3.76821e-06	3.968738e-06	4.140734e-06	4.289662e-06	4.427082e-06
0.155	1.525058e-06	2.490032e-06	3.179362e-06	3.699642e-06	4.086044e-06	4.377854e-06	4.612256e-06	4.810428e-06	4.991378e-06	5.15378e-06
0.16	1.772634e-06	2.886658e-06	3.691746e-06	4.300316e-06	4.7453e-06	5.09015e-06	5.35444e-06	5.589094e-06	5.79909799999999e-06	5.9926e-06
0.165	2.061474e-06	3.351452e-06	4.291256e-06	4.998726e-06	5.515798e-06	5.90895599999999e-06	6.23219999999999e-06	6.5004e-06	6.73599999999999e-06	6.95919999999999e-06
0.17	2.392048e-06	3.894484e-06	4.98929e-06	5.80422e-06	6.40639999999999e-06	6.86459999999999e-06	7.25999999999999e-06	7.55279999999999e-06	7.81879999999999e-06	8.07859999999999e-06
0.175	2.776646e-06	4.52011e-06	5.78562799999999e-06	6.73659999999999e-06	7.42939999999999e-06	7.98339999999999e-06	8.42119999999999e-06	8.76099999999999e-06	9.07039999999999e-06	9.37479999999999e-06
0.18	3.227946e-06	5.244434e-06	6.70839999999999e-06	7.81179999999999e-06	8.62599999999999e-06	9.27019999999999e-06	9.76219999999999e-06	1.01716e-05	1.05386e-05	1.08792e-05
0.185	3.743888e-06	6.07839999999999e-06	7.79319999999999e-06	9.04979999999999e-06	1.002e-05	1.0763e-05	1.13332e-05	1.1819e-05	1.22518e-05	1.26342e-05
0.19	4.335552e-06	7.04819999999999e-06	9.04979999999999e-06	1.0509e-05	1.16246e-05	1.25026e-05	1.31442e-05	1.37226e-05	1.42216e-05	1.46808e-05
0.195	5.028226e-06	8.17919999999999e-06	1.0506e-05	1.2216e-05	1.34908e-05	1.45202e-05	1.52478e-05	1.59312e-05	1.64988e-05	1.70522e-05
0.2	5.81893200000001e-06	9.48860000000002e-06	1.21906e-05	1.41684e-05	1.56622e-05	1.68564e-05	1.77046e-05	1.84992e-05	1.91318e-05	1.98038e-05
0.205	6.72680000000003e-06	1.09972e-05	1.41274000000001e-05	1.64394000000001e-05	1.81684000000001e-05	1.95430000000001e-05	2.05688000000001e-05	2.14414000000001e-05	2.21494000000001e-05	2.29610000000001e-05
0.21	7.79700000000003e-06	1.27686000000001e-05	1.63746000000001e-05	1.90882000000001e-05	2.10568000000001e-05	2.26250000000001e-05	2.38522000000001e-05	2.48236000000001e-05	2.56370000000001e-05	2.65644000000001e-05
0.215	9.05540000000003e-06	1.4842e-05	1.89920000000001e-05	2.21274000000001e-05	2.44008000000001e-05	2.61854000000001e-05	2.75992000000001e-05	2.87840000000001e-05	2.97350000000001e-05	3.08104000000001e-05
0.22	1.05126e-05	1.71838e-05	2.20034000000001e-05	2.55952000000001e-05	2.82720000000001e-05	3.03408000000001e-05	3.19832000000001e-05	3.33940000000001e-05	3.45540000000001e-05	3.57874000000001e-05
0.225	1.2178e-05	1.98714e-05	2.54464e-05	2.9607e-05	3.27538e-05	3.5207e-05	3.7142e-05	3.87258e-05	4.0169e-05	4.14894e-05
0.23	1.41086e-05	2.30316e-05	2.94366e-05	3.42974e-05	3.79526e-05	4.08582e-05	4.30558e-05	4.48988e-05	4.66622e-05	4.8122e-05
0.235	1.63622e-05	2.66918e-05	3.4124e-05	3.97762e-05	4.40056e-05	4.74034e-05	4.98756e-05	5.21297999999999e-05	5.41728e-05	5.59176e-05
0.24	1.89208e-05	3.08556e-05	3.9553e-05	4.61728e-05	5.10545999999999e-05	5.50062e-05	5.78842e-05	6.05699999999999e-05	6.2836e-05	6.4881e-05
0.245	2.18334e-05	3.57134e-05	4.57854e-05	5.35787999999999e-05	5.92339999999999e-05	6.3775e-05	6.71469999999999e-05	7.02439999999999e-05	7.27919999999999e-05	7.50959999999999e-05
0.25	2.52268e-05	4.13678e-05	5.30678e-05	6.20559999999999e-05	6.867e-05	7.38419999999999e-05	7.78269999999999e-05	8.13429999999999e-05	8.42829999999999e-05	8.69599999999999e-05
0.255	2.91084e-05	4.78534e-05	6.1552e-05	7.18159999999999e-05	7.95339999999999e-05	8.54929999999999e-05	9.02159999999999e-05	9.42009999999999e-05	9.75779999999999e-05	0.000100808
0.26	3.3586e-05	5.53432e-05	7.11489999999999e-05	8.30789999999999e-05	9.19859999999999e-05	9.90329999999999e-05	0.000104462	0.00010905	0.000112796	0.00011665
0.265	3.87872e-05	6.3886e-05	8.19689999999999e-05	9.58079999999999e-05	0.000106179	0.000114487	0.000120712	0.000125937	0.000130162	0.000134729
0.27	4.4715e-05	7.37079999999999e-05	9.46809999999999e-05	0.000110467	0.00012267	0.000132143	0.000139509	0.000145342	0.000150489	0.000155986
0.275	5.15098e-05	8.50019999999999e-05	0.000109574	0.000127693	0.000141791	0.000152612	0.000161173	0.000167955	0.000174196	0.000180595
0.28	5.9357e-05	9.79519999999999e-05	0.000126424	0.000147569	0.000163689	0.000176271	0.000185913	0.00019424	0.000201437	0.000208478
0.285	6.83039999999999e-05	0.000112783	0.000145617	0.000170239	0.000188897	0.000203373	0.000214409	0.000224476	0.000232816	0.000240459
0.29	7.84359999999999e-05	0.000129936	0.000167958	0.000196485	0.00021793	0.000234651	0.000247476	0.000259197	0.000269028	0.000277551
0.295	8.99949999999999e-05	0.000149556	0.000193485	0.000226653	0.000251116	0.000270713	0.000285438	0.000299094	0.00031032	0.000319946
0.3	0.00010335	0.000171704	0.000222202	0.00026061	0.000289037	0.00031179	0.000328851	0.000344639	0.000357103	0.000368151
0.305	0.000118439	0.000196981	0.000254946	0.000299073	0.000332374	0.000358639	0.000378604	0.000396277	0.000410543	0.000423999
0.31	0.000135475	0.000226082	0.000292371	0.000343154	0.000381945	0.000412408	0.000435573	0.000455173	0.000472505	0.000488478
0.315	0.000155135	0.000259031	0.000334975	0.000393581	0.000438324	0.000473896	0.000500574	0.000522664	0.000543346	0.00056166
0.32	0.000177196	0.000295758	0.000383718	0.000450705	0.000502062	0.000543505	0.00057436	0.00059976	0.0006232	0.00064504
0.325	0.000201309	0.000337251000000001	0.000438718000000001	0.000515391000000001	0.000574340000000001	0.000622040000000001	0.000657840000000001	0.000687540000000001	0.000714540000000002	0.000739760000000002
0.33	0.000228469000000001	0.000384267000000002	0.000500488000000002	0.000589060000000003	0.000657040000000003	0.000711360000000003	0.000752460000000003	0.000787580000000004	0.000818780000000004	0.000846480000000004
0.335	0.000259093000000001	0.000436622000000002	0.000570560000000002	0.000672240000000002	0.000750400000000003	0.000811980000000003	0.000859720000000003	0.000901200000000003	0.000935640000000004	0.000967640000000004
0.34	0.000292826000000001	0.000494988000000002	0.000649340000000002	0.000765780000000002	0.000855420000000003	0.000925260000000003	0.000981140000000003	0.00102966	0.00106782	0.00110544
0.345	0.000330827000000001	0.000561320000000002	0.000736260000000002	0.000870900000000002	0.000974940000000003	0.001054	0.00111884	0.00117448	0.00121856	0.00126082
0.35	0.000374004	0.000635860000000001	0.000833760000000001	0.000988600000000001	0.00110942	0.00119942	0.00127464	0.00133708	0.00138838	0.00143624
0.355	0.000421734	0.000717739999999999	0.000944679999999999	0.00111952	0.00125798	0.00136256	0.00144972	0.001519	0.00157904	0.00163442
0.36	0.0004735	0.000808819999999999	0.00106774	0.00126532	0.0014233	0.00154612	0.0016451	0.00172292	0.00179384	0.00185716
0.365	0.00053006	0.000910139999999999	0.00120292	0.00142828	0.00160788	0.00174992	0.00186162	0.00195156	0.00203098	0.0021028
0.37	0.00059268	0.00102096	0.00135392	0.0016095	0.0018121	0.00197208	0.00209978	0.0022048	0.00229166	0.00237374
0.375	0.00066088	0.00114162	0.00151976	0.00180904	0.00203578	0.00221656	0.0023625	0.00248406	0.0025844	0.00267742
0.38	0.000734219999999999	0.00127304	0.00169698	0.00202702	0.0022802	0.00248974	0.00265478	0.00279428	0.00291182	0.00301668
0.385	0.000813539999999999	0.00141604	0.00188982	0.00226342	0.00255104	0.00279128	0.00297814	0.00313642	0.00327256	0.00339114
0.39	0.000898759999999999	0.00157178	0.00210052	0.00252044	0.00285158	0.00311972	0.00333506	0.0035128	0.00367152	0.00380446
0.395	0.000989299999999999	0.00173906	0.00232566	0.00280044	0.00317722	0.00348154	0.00372618	0.00392946	0.00410852	0.00425742
0.4	0.00108496	0.00191408	0.00256878	0.00310152	0.0035289	0.00387898	0.0041498	0.00438456	0.00458039999999999	0.004749
0.405	0.0011858	0.002097	0.0028313	0.00342464	0.00391054	0.0043014	0.0046094	0.0048742	0.0050914	0.00528179999999999
0.41	0.0012929	0.00229118	0.00310852	0.00377154	0.0043162	0.004746	0.0051044	0.0054008	0.00564199999999999	0.0058566
0.415	0.00140476	0.00249622	0.00340246	0.0041374	0.004746	0.0052232	0.0056274	0.0059606	0.00623139999999999	0.00647519999999999
0.42	0.00151838	0.00271146	0.0037122	0.004523	0.0051982	0.0057306	0.006181	0.0065498	0.0068638	0.0071388
0.425	0.00163542	0.00293706	0.00403060000000001	0.00492700000000001	0.00566540000000001	0.00626100000000001	0.00676780000000001	0.00717460000000001	0.00753760000000001	0.00784040000000001
0.43	0.00175646	0.00317046	0.00435980000000001	0.00534080000000001	0.00615380000000001	0.00682120000000001	0.00738200000000001	0.00783820000000001	0.00824400000000001	0.00857960000000001
0.435	0.00187754	0.0034066	0.00469780000000001	0.00576680000000001	0.00666200000000001	0.00741140000000001	0.00802560000000001	0.00853500000000001	0.00898440000000001	0.00935960000000001
0.44	0.00199772	0.0036414	0.00503640000000001	0.00620780000000001	0.00718320000000001	0.00802160000000001	0.00869900000000001	0.00926320000000001	0.00975680000000001	0.0101734
0.445	0.0021179	0.0038768	0.0053772	0.006655	0.0077228	0.0086428	0.0093916	0.010022	0.0105548	0.011021
0.45	0.00223518	0.0041138	0.0057232	0.00710399999999999	0.00828039999999999	0.00927399999999999	0.010105	0.0108068	0.0113838	0.0118994
0.455	0.00235016	0.0043456	0.006069	0.00756059999999999	0.00884239999999999	0.00991939999999999	0.0108272	0.0116084	0.0122412	0.0127988
0.46	0.0024701	0.0045702	0.0064146	0.0080178	0.00939799999999999	0.0105664	0.0115478	0.01241	0.0131116	0.0137208
0.465	0.0025894	0.0047952	0.00676159999999999	0.00846259999999999	0.00994519999999999	0.0112074	0.0122874	0.0132148	0.0139954	0.0146654
0.47	0.0026978	0.0050132	0.00709499999999999	0.00889899999999999	0.0104898	0.0118566	0.0130354	0.0140358	0.0148946	0.0156216
0.475	0.002802	0.00520839999999999	0.00740819999999999	0.00932779999999999	0.0110334	0.0125068	0.0137724	0.0148594	0.0157814	0.0165846
0.48	0.002906	0.0053942	0.0077062	0.0097428	0.0115558	0.013137	0.014502	0.0156724	0.0166572	0.0175592
0.485	0.00299240000000001	0.00558380000000001	0.00798880000000001	0.0101428	0.0120614	0.0137538	0.0152128	0.0164846	0.0175468	0.018537
0.49	0.00306200000000001	0.00576020000000001	0.00825600000000001	0.0105256	0.0125582	0.0143558	0.0159052	0.0172922	0.018438	0.0194958
0.495	0.0031358	0.00591540000000001	0.00850480000000001	0.010881	0.0130156	0.0149214	0.0165918	0.0180736	0.0193014	0.0204324
0.5	0.0031982	0.00606140000000001	0.00873760000000001	0.0112112	0.0134384	0.0154458	0.0172434	0.0188262	0.0201474	0.0213604
0.505	0.003244	0.0062016	0.0089622	0.0115184	0.0138482	0.015943	0.0178536	0.0195456	0.0209842	0.022256
0.51	0.0032964	0.00632359999999999	0.00916579999999999	0.0118008	0.0142348	0.0164218	0.0184488	0.020231	0.021784	0.023108
0.515	0.0033442	0.00642319999999999	0.00933639999999999	0.0120658	0.0145906	0.0168712	0.018998	0.02088	0.022538	0.023944
0.52	0.0033764	0.00651279999999999	0.00948579999999999	0.012299	0.0149264	0.017293	0.019484	0.021486	0.02325	0.024756
0.525	0.0034192	0.00659119999999999	0.00961159999999999	0.0124866	0.015222	0.017692	0.019954	0.022064	0.02392	0.025526
0.53	0.0034634	0.0066526	0.00971839999999999	0.0126532	0.015466	0.018042	0.020408	0.022606	0.024536	0.02625
0.535	0.003474	0.0067014	0.00981799999999999	0.0128028	0.015686	0.018342	0.020808	0.023078	0.025084	0.02691
0.54	0.0034752	0.0067308	0.00989059999999999	0.0129102	0.015866	0.018618	0.021154	0.02349	0.02558	0.027516
0.545	0.003492	0.00674059999999999	0.00994559999999999	0.013006	0.016002	0.01885	0.021454	0.023862	0.02606	0.028082
0.55	0.0034872	0.00675780000000001	0.00999040000000002	0.013122	0.016124	0.019024	0.02172	0.024184	0.026504	0.0286
0.555	0.0034552	0.00677720000000001	0.00999380000000002	0.013202	0.016228	0.019172	0.021964	0.024476	0.02688	0.029072
0.56	0.0034486	0.00676800000000001	0.00997400000000001	0.013222	0.016284	0.019292	0.022156	0.024754	0.027232	0.029498
0.565	0.0034646	0.00674300000000001	0.00996520000000001	0.01324	0.016326	0.01936	0.022282	0.024992	0.027552	0.029888
0.57	0.0034472	0.00670700000000001	0.00995000000000001	0.013228	0.01637	0.019402	0.02238	0.025168	0.02779	0.030222
0.575	0.003409	0.00664819999999999	0.00991199999999999	0.013146	0.01636	0.019426	0.022448	0.025296	0.027968	0.030468
0.58	0.0033848	0.00659019999999999	0.00985999999999999	0.013062	0.01631	0.01942	0.022458	0.025388	0.028116	0.030668
0.585	0.0033418	0.00652379999999999	0.00980399999999999	0.013006	0.016256	0.019398	0.022432	0.025424	0.028214	0.030856
0.59	0.0032736	0.0064454	0.00973799999999999	0.012934	0.016186	0.019354	0.022408	0.025422	0.028246	0.030976
0.595	0.0032304	0.006408	0.00964399999999999	0.012838	0.01609	0.019286	0.022378	0.025406	0.02825	0.031028
0.6	0.0032184	0.0063774	0.00952999999999999	0.012742	0.015972	0.019194	0.022304	0.025338	0.028244	0.031062
0.605	0.0031962	0.00629740000000001	0.00943400000000001	0.01265	0.015832	0.019064	0.022186	0.025228	0.028192	0.0310720000000001
0.61	0.0031546	0.00622880000000001	0.00933800000000001	0.012542	0.015694	0.018914	0.02207	0.025112	0.0280860000000001	0.031024
0.615	0.0031076	0.00618180000000001	0.00922200000000001	0.012404	0.01555	0.018754	0.021952	0.024964	0.0279680000000001	0.030904
0.62	0.0030512	0.00608400000000001	0.00912600000000001	0.012256	0.015372	0.018558	0.021756	0.024792	0.0278240000000001	0.03076
0.625	0.0029846	0.00597600000000001	0.00903800000000001	0.012114	0.015204	0.018356	0.021512	0.02462	0.0276280000000001	0.0306020000000001
0.63	0.0029386	0.005904	0.00891799999999999	0.011962	0.015044	0.018158	0.021286	0.024404	0.027412	0.030386
0.635	0.002918	0.00581599999999999	0.00877599999999999	0.011792	0.014852	0.017936	0.02103	0.024146	0.027188	0.030158
0.64	0.0029072	0.00570599999999999	0.008634	0.011604	0.014642	0.0177	0.02073	0.023886	0.026926	0.029926
0.645	0.0028836	0.00561399999999999	0.008478	0.01142	0.01444	0.017472	0.02048	0.023626	0.026628	0.029654
0.65	0.0028114	0.00552199999999999	0.00832	0.011254	0.014218	0.017244	0.020258	0.02334	0.02631	0.029374
0.655	0.0027292	0.00542199999999999	0.008202	0.011082	0.013978	0.017008	0.020004	0.023044	0.026014	0.029084
0.66	0.002681	0.005334	0.008104	0.010894	0.013772	0.016766	0.019758	0.022754	0.025744	0.028762
0.665	0.002623	0.00525	0.00796399999999999	0.010714	0.013574	0.016518	0.019516	0.022438	0.025448	0.028432
0.67	0.00256	0.005168	0.00781399999999999	0.010562	0.013352	0.016262	0.019246	0.022124	0.025124	0.02808
0.675	0.002558	0.00509	0.00770599999999999	0.010384	0.01313	0.01599	0.018932	0.021834	0.024798	0.027712
0.68	0.0025474	0.00500399999999999	0.00756799999999999	0.01018	0.012908	0.015726	0.018602	0.021512	0.024446	0.027364
0.685	0.0024766	0.004898	0.007394	0.010026	0.012678	0.015462	0.018298	0.021176	0.02405	0.026984
0.69	0.0024088	0.004784	0.00726000000000001	0.00988400000000002	0.01246	0.0152	0.01801	0.020876	0.023672	0.026596
0.695	0.002353	0.00467800000000001	0.00714200000000001	0.00968800000000002	0.01225	0.014946	0.017704	0.020554	0.023326	0.026246
0.7	0.0023032	0.00458000000000001	0.00700200000000001	0.00950800000000002	0.012052	0.014686	0.017396	0.02019	0.022976	0.02586
0.705	0.0022734	0.00447800000000001	0.00687200000000002	0.00935600000000002	0.011878	0.014426	0.017104	0.019838	0.022602	0.025434
0.71	0.0022576	0.004402	0.006762	0.00914799999999999	0.011672	0.014164	0.016798	0.01951	0.022238	0.025042
0.715	0.0022314	0.00437599999999999	0.00666	0.00894399999999999	0.011406	0.013908	0.01647	0.01918	0.021888	0.024658
0.72	0.0021878	0.004334	0.006552	0.00878600000000001	0.011164	0.013662	0.016174	0.018828	0.021508	0.024246
0.725	0.0021498	0.00424	0.006414	0.00861400000000001	0.010972	0.013426	0.01592	0.01848	0.02112	0.023846
0.73	0.0021076	0.00414	0.00625800000000001	0.00843400000000001	0.010758	0.013188	0.015632	0.01816	0.020758	0.02344
0.735	0.0020386	0.004066	0.0061	0.00828600000000001	0.010536	0.012926	0.015316	0.017832	0.020378	0.022976
0.74	0.0019858	0.00398600000000001	0.005956	0.00815200000000002	0.010372	0.012664	0.015034	0.017506	0.019988	0.022534
0.745	0.0019576	0.00388	0.005838	0.008024	0.010188	0.012412	0.014736	0.017182	0.019634	0.022174
0.75	0.0019008	0.003782	0.005742	0.00790399999999999	0.00996599999999999	0.012152	0.014438	0.016852	0.019284	0.021804
0.755	0.0018394	0.003712	0.00565599999999999	0.00774799999999999	0.00980599999999999	0.011922	0.014196	0.016546	0.018938	0.021416
0.76	0.0018094	0.003662	0.00557199999999999	0.007574	0.00966399999999998	0.011762	0.013962	0.016248	0.018614	0.021084
0.765	0.0017958	0.003574	0.005484	0.007406	0.00947399999999998	0.011588	0.013712	0.015932	0.018278	0.020742
0.77	0.00176139999999999	0.00348	0.00538199999999999	0.007228	0.00927199999999999	0.011362	0.013458	0.015654	0.017938	0.020338
0.775	0.00168939999999999	0.003468	0.00526199999999999	0.00704800000000001	0.00907999999999998	0.011132	0.0132	0.015414	0.01763	0.019932
0.78	0.0016446	0.003448	0.00514	0.006918	0.00889199999999999	0.010894	0.012948	0.015134	0.017306	0.019572
0.785	0.0016296	0.003354	0.005032	0.00683399999999999	0.008708	0.010656	0.012716	0.014832	0.01695	0.01923
0.79	0.0015962	0.003272	0.004894	0.00671799999999999	0.008526	0.010438	0.012502	0.014546	0.016612	0.018872
0.795	0.0015896	0.003208	0.004766	0.00657399999999999	0.008362	0.010232	0.012284	0.014248	0.016314	0.018514
0.8	0.00161720000000001	0.00310999999999999	0.00471	0.00645599999999998	0.008208	0.010044	0.012024	0.013928	0.01602	0.018166
0.805	0.0015842	0.00302799999999999	0.00464599999999999	0.00634199999999998	0.00803599999999999	0.009888	0.011768	0.013634	0.015684	0.017808
0.81	0.0015132	0.00297999999999999	0.00455199999999999	0.00618999999999998	0.00786599999999999	0.009704	0.011518	0.01338	0.015382	0.017418
0.815	0.001472	0.00292599999999999	0.00450599999999999	0.00604199999999999	0.00772599999999999	0.009478	0.01123	0.013142	0.015162	0.017028
0.82	0.001432	0.002876	0.00444	0.00594000000000001	0.00760200000000001	0.00930400000000002	0.010998	0.012912	0.014886	0.016692
0.825	0.0014058	0.002844	0.004312	0.00584800000000001	0.00746400000000001	0.00915600000000002	0.010824	0.0127	0.01456	0.016416
0.83	0.0013898	0.002802	0.004224	0.00574400000000001	0.00731000000000001	0.00893600000000003	0.010628	0.01248	0.014318	0.016122
0.835	0.0013588	0.00269600000000001	0.00418200000000002	0.00565800000000003	0.00717200000000003	0.00874000000000005	0.010446	0.012256	0.014072	0.0158320000000001
0.84	0.0013518	0.00258000000000001	0.00411400000000002	0.00557200000000003	0.00704000000000003	0.00860600000000004	0.010262	0.012018	0.013744	0.015614
0.845	0.0013394	0.00254000000000001	0.00401000000000001	0.00543800000000001	0.00689800000000002	0.00842800000000002	0.010036	0.011756	0.013476	0.015372
0.85	0.0012668	0.00250000000000001	0.00392000000000001	0.00529200000000001	0.00676800000000001	0.00825400000000002	0.00986000000000001	0.011522	0.013282	0.015064
0.855	0.0012316	0.002434	0.00383800000000001	0.00518400000000001	0.006642	0.008148	0.00971600000000001	0.011308	0.013036	0.014802
0.86	0.0012482	0.002452	0.00374199999999999	0.005084	0.00650999999999999	0.00800399999999998	0.00952	0.011076	0.012762	0.014534
0.865	0.0012188	0.002504	0.00363999999999999	0.004978	0.00637799999999999	0.00780799999999998	0.009364	0.010862	0.012498	0.014194
0.87	0.001192	0.002466	0.00357199999999999	0.004884	0.00624399999999998	0.00766199999999998	0.009244	0.010662	0.012224	0.013896
0.875	0.001194	0.002406	0.00354399999999999	0.00479	0.006116	0.00754199999999998	0.00904599999999999	0.01042	0.011952	0.013628
0.88	0.001176	0.002356	0.003508	0.00469599999999999	0.00601400000000001	0.00737599999999999	0.008798	0.010212	0.01171	0.013318
0.885	0.001158	0.00225199999999999	0.003416	0.00461199999999999	0.005906	0.007216	0.008598	0.01007	0.011508	0.013064
0.89	0.001144	0.002144	0.00331	0.004566	0.00579599999999999	0.007124	0.008434	0.00994799999999996	0.011352	0.012894
0.895	0.00112333333333333	0.00205	0.00322666666666667	0.00459333333333334	0.00572666666666665	0.00698666666666667	0.00821000000000001	0.00986666666666664	0.0111666666666667	0.0126266666666666
0.9	0.00116000000000001	0.00196000000000002	0.00300000000000001	0.00456000000000006	0.00559999999999996	0.00692000000000001	0.00817999999999999	0.00985999999999989	0.0110600000000001	0.01258
