vd	id_vg = 0V	ig_vg = 0V	is_vg = 0V	iavdd_vg = 0V	ignd_vg = 0V	id_vg = 0.15V	ig_vg = 0.15V	is_vg = 0.15V	iavdd_vg = 0.15V	ignd_vg = 0.15V	id_vg = 0.3V	ig_vg = 0.3V	is_vg = 0.3V	iavdd_vg = 0.3V	ignd_vg = 0.3V	id_vg = 0.45V	ig_vg = 0.45V	is_vg = 0.45V	iavdd_vg = 0.45V	ignd_vg = 0.45V	id_vg = 0.6V	ig_vg = 0.6V	is_vg = 0.6V	iavdd_vg = 0.6V	ignd_vg = 0.6V	id_vg = 0.75V	ig_vg = 0.75V	is_vg = 0.75V	iavdd_vg = 0.75V	ignd_vg = 0.75V	id_vg = 0.9V	ig_vg = 0.9V	is_vg = 0.9V	iavdd_vg = 0.9V	ignd_vg = 0.9V
0	-2.5406e-09	-1.6664e-10	-7.8188e-10	6.5708e-07	-6.538e-07	-6.37972e-08	-1.018e-11	5.75682e-08	6.6914e-07	-6.6528e-07	-1.00746e-05	2.0594e-10	1.03694e-05	6.7224e-07	-6.681e-07	-2.4942e-05	7.8999e-10	3.9382e-05	6.7486e-07	-6.7096e-07	-0.00010504	2.5636e-09	0.0001074	6.7888e-07	-6.7506e-07	-0.0001299	8.2013e-09	0.0001253	6.845e-07	-6.81e-07	-0.00013622	2.889e-08	0.00013498	6.9068e-07	-6.8698e-07
0.005	4.03142e-08	-1.6896e-10	-4.40796e-08	6.5874e-07	-6.5508e-07	2.2534e-06	-8.06e-12	-2.2527e-06	6.695e-07	-6.6562e-07	6.2544e-05	1.9966e-10	-5.9436e-05	6.7214e-07	-6.6838e-07	5.2646e-05	7.7798e-10	-0.0003989	6.7456e-07	-6.708e-07	0.00066346	2.5041e-09	-0.00066748	6.7888e-07	-6.753e-07	0.0007825	8.0099e-09	-0.00078688	6.8458e-07	-6.8094e-07	0.00084332	2.81292e-08	-0.00084094	6.9028e-07	-6.867e-07
0.01	7.70924e-08	-1.6788e-10	-8.05138e-08	6.591e-07	-6.5538e-07	4.2252e-06	-1.167e-11	-4.2257e-06	6.6964e-07	-6.6584e-07	0.00013412	1.9751e-10	-0.00013396	6.724e-07	-6.6902e-07	0.00083592	7.7428e-10	-0.00083706	6.7446e-07	-6.7104e-07	0.0014192	2.4502e-09	-0.0014196	6.7818e-07	-6.7478e-07	0.0016784	7.8195e-09	-0.0016776	6.8346e-07	-6.7998e-07	0.001801	2.74016e-08	-0.001804	6.888e-07	-6.8548e-07
0.015	1.095774e-07	-1.6946e-10	-1.128e-07	6.5914e-07	-6.5582e-07	5.9893e-06	-1.158e-11	-5.9785e-06	6.694e-07	-6.6616e-07	0.00019632	1.9326e-10	-0.000196	6.7232e-07	-6.6906e-07	0.001266	7.5196e-10	-0.0012646	6.7446e-07	-6.7144e-07	0.0021742	2.3953e-09	-0.002173	6.7816e-07	-6.7488e-07	0.0025822	7.651e-09	-0.002584	6.8328e-07	-6.8006e-07	0.002777	2.67168e-08	-0.002777	6.8834e-07	-6.8538e-07
0.02	1.3748e-07	-1.706e-10	-1.4038e-07	6.5962e-07	-6.5624e-07	7.502e-06	-1.029e-11	-7.4873e-06	6.696e-07	-6.6638e-07	0.0002519	1.9206e-10	-0.00025162	6.7246e-07	-6.693e-07	0.0016714	7.4697e-10	-0.0016712	6.7462e-07	-6.7168e-07	0.0029108	2.3551e-09	-0.0029098	6.7812e-07	-6.7512e-07	0.003468	7.48e-09	-0.0034672	6.832e-07	-6.8022e-07	0.0037316	2.60236e-08	-0.0037334	6.8826e-07	-6.8506e-07
0.025	1.6228e-07	-1.6886e-10	-1.6548e-07	6.5978e-07	-6.5648e-07	8.8588e-06	-1.019e-11	-8.857e-06	6.6946e-07	-6.6646e-07	0.00030306	1.9144e-10	-0.00030262	6.723e-07	-6.6918e-07	0.0020688	7.3622e-10	-0.0020672	6.7438e-07	-6.717e-07	0.0036476	2.302e-09	-0.003646	6.78e-07	-6.7476e-07	0.0043608	7.3151e-09	-0.004361	6.8304e-07	-6.7994e-07	0.0047032	2.53848e-08	-0.0047004	6.8776e-07	-6.8488e-07
0.03	1.8476e-07	-1.6931e-10	-1.8734e-07	6.599e-07	-6.5678e-07	1.00593e-05	-1.139e-11	-1.00513e-05	6.6944e-07	-6.6656e-07	0.00034856	1.9138e-10	-0.000348	6.7254e-07	-6.696e-07	0.0024414	7.33e-10	-0.0024406	6.7464e-07	-6.7162e-07	0.004364	2.2647e-09	-0.0043658	6.7816e-07	-6.7532e-07	0.0052432	7.1588e-09	-0.0052376	6.8274e-07	-6.8016e-07	0.0056532	2.47766e-08	-0.0056548	6.8784e-07	-6.8472e-07
0.035	2.0388e-07	-1.7024e-10	-2.068e-07	6.5996e-07	-6.5702e-07	1.11276e-05	-1.408e-11	-1.11265e-05	6.6958e-07	-6.6666e-07	0.00039052	1.8903e-10	-0.00039042	6.7232e-07	-6.6966e-07	0.0028078	6.9892e-10	-0.0028052	6.7464e-07	-6.7192e-07	0.0050812	2.2211e-09	-0.0050804	6.7774e-07	-6.7508e-07	0.0061304	6.9938e-09	-0.0061274	6.8268e-07	-6.7998e-07	0.00662	2.4136e-08	-0.0066188	6.8738e-07	-6.8482e-07
0.04	2.2192e-07	-1.7182e-10	-2.2414e-07	6.5996e-07	-6.5742e-07	1.208e-05	-1.414e-11	-1.2068e-05	6.6976e-07	-6.6686e-07	0.00042834	1.8687e-10	-0.00042818	6.7216e-07	-6.6964e-07	0.0031498	6.8726e-10	-0.0031484	6.7434e-07	-6.721e-07	0.0057814	2.1776e-09	-0.0057806	6.7782e-07	-6.7534e-07	0.006996	6.8361e-09	-0.006994	6.827e-07	-6.8002e-07	0.007568	2.35542e-08	-0.007565	6.872e-07	-6.8474e-07
0.045	2.3746e-07	-1.7033e-10	-2.4006e-07	6.6046e-07	-6.5772e-07	1.2972e-05	-1.25e-11	-1.295e-05	6.6936e-07	-6.6694e-07	0.00046386	1.8366e-10	-0.00046338	6.7224e-07	-6.6974e-07	0.003483	6.7739e-10	-0.0034818	6.7416e-07	-6.7202e-07	0.0064798	2.1305e-09	-0.0064796	6.7786e-07	-6.7522e-07	0.0078748	6.6914e-09	-0.0078758	6.8256e-07	-6.8002e-07	0.008527	2.2975e-08	-0.0085274	6.8702e-07	-6.845e-07
0.05	2.527e-07	-1.6893e-10	-2.5406e-07	6.6042e-07	-6.5802e-07	1.3752e-05	-1.177e-11	-1.375e-05	6.6968e-07	-6.673e-07	0.00049524	1.7815e-10	-0.00049498	6.7226e-07	-6.6984e-07	0.0037972	6.6148e-10	-0.003795	6.7464e-07	-6.7208e-07	0.0071622	2.0935e-09	-0.0071592	6.7794e-07	-6.754e-07	0.008734	6.543e-09	-0.0087314	6.8242e-07	-6.8026e-07	0.0094708	2.24336e-08	-0.0094694	6.8664e-07	-6.8452e-07
0.055	2.6574e-07	-1.7033e-10	-2.677e-07	6.606e-07	-6.581e-07	1.449e-05	-1.407e-11	-1.4476e-05	6.6964e-07	-6.6734e-07	0.00052488	1.7597e-10	-0.00052476	6.7248e-07	-6.7024e-07	0.0040952	6.6298e-10	-0.0040944	6.7446e-07	-6.7218e-07	0.0078274	2.0408e-09	-0.0078274	6.7776e-07	-6.7546e-07	0.0095878	6.4031e-09	-0.009586	6.824e-07	-6.8006e-07	0.0104112	2.18776e-08	-0.0104112	6.869e-07	-6.8466e-07
0.06	2.7842e-07	-1.7347e-10	-2.7984e-07	6.6052e-07	-6.5844e-07	1.5164e-05	-1.624e-11	-1.5154e-05	6.6942e-07	-6.6734e-07	0.00055276	1.7571e-10	-0.00055226	6.7226e-07	-6.7018e-07	0.0043848	6.4946e-10	-0.0043864	6.7432e-07	-6.722e-07	0.0084962	2.0028e-09	-0.0084962	6.7806e-07	-6.7566e-07	0.0104504	6.2725e-09	-0.0104522	6.8208e-07	-6.7998e-07	0.0113618	2.13358e-08	-0.0113606	6.867e-07	-6.8456e-07
0.065	2.903e-07	-1.7154e-10	-2.917e-07	6.6084e-07	-6.5842e-07	1.5792e-05	-1.625e-11	-1.5778e-05	6.696e-07	-6.6736e-07	0.0005779	1.7479e-10	-0.00057764	6.7264e-07	-6.7036e-07	0.0046558	6.3456e-10	-0.0046558	6.741e-07	-6.7246e-07	0.009142	1.9813e-09	-0.0091412	6.7784e-07	-6.757e-07	0.0112948	6.1282e-09	-0.011294	6.8232e-07	-6.7994e-07	0.012326	2.08072e-08	-0.0123	6.8636e-07	-6.8418e-07
0.07	3.013e-07	-1.7121e-10	-3.026e-07	6.6078e-07	-6.5884e-07	1.6396e-05	-1.426e-11	-1.6386e-05	6.6958e-07	-6.6764e-07	0.00060214	1.7596e-10	-0.00060202	6.7238e-07	-6.7032e-07	0.0049204	6.3551e-10	-0.0049182	6.7444e-07	-6.7256e-07	0.0097882	1.945e-09	-0.0097896	6.7774e-07	-6.7594e-07	0.012176	5.9954e-09	-0.012154	6.8198e-07	-6.799e-07	0.013274	2.03242e-08	-0.013252	6.8614e-07	-6.8406e-07
0.075	3.1196e-07	-1.7113e-10	-3.1362e-07	6.608e-07	-6.5896e-07	1.6952e-05	-1.44e-11	-1.6952e-05	6.696e-07	-6.6776e-07	0.0006242	1.7683e-10	-0.00062398	6.7212e-07	-6.7066e-07	0.0051652	6.2335e-10	-0.0051654	6.7458e-07	-6.726e-07	0.0104156	1.8954e-09	-0.0104144	6.777e-07	-6.7598e-07	0.013004	5.8865e-09	-0.012988	6.8202e-07	-6.8022e-07	0.014208	1.98162e-08	-0.014184	6.858e-07	-6.8406e-07
0.08	3.2198e-07	-1.7268e-10	-3.2344e-07	6.6086e-07	-6.5916e-07	1.7502e-05	-1.699e-11	-1.751e-05	6.6948e-07	-6.676e-07	0.00064566	1.7648e-10	-0.0006458	6.7216e-07	-6.7052e-07	0.0054046	6.3711e-10	-0.005403	6.7468e-07	-6.7278e-07	0.0110374	1.859e-09	-0.0110398	6.779e-07	-6.7608e-07	0.013852	5.7539e-09	-0.013824	6.818e-07	-6.8018e-07	0.015148	1.9348e-08	-0.015124	6.8596e-07	-6.8406e-07
0.085	3.32e-07	-1.7339e-10	-3.3358e-07	6.6082e-07	-6.592e-07	1.8002e-05	-1.573e-11	-1.802e-05	6.6954e-07	-6.6782e-07	0.00066604	1.7184e-10	-0.00066608	6.7212e-07	-6.7084e-07	0.0056266	6.2554e-10	-0.0056244	6.7426e-07	-6.7312e-07	0.01167	1.8434e-09	-0.011646	6.7766e-07	-6.7604e-07	0.014672	5.6393e-09	-0.014652	6.8192e-07	-6.804e-07	0.016068	1.89002e-08	-0.016046	6.856e-07	-6.8408e-07
0.09	3.416e-07	-1.7374e-10	-3.425e-07	6.6102e-07	-6.5926e-07	1.8518e-05	-1.485e-11	-1.8532e-05	6.696e-07	-6.6802e-07	0.00068566	1.6811e-10	-0.00068544	6.7248e-07	-6.7086e-07	0.0058414	6.1239e-10	-0.0058412	6.7452e-07	-6.7278e-07	0.012272	1.802e-09	-0.012246	6.7748e-07	-6.7626e-07	0.015504	5.5229e-09	-0.015478	6.8192e-07	-6.804e-07	0.017006	1.84506e-08	-0.01698	6.8572e-07	-6.8436e-07
0.095	3.505e-07	-1.7309e-10	-3.5198e-07	6.614e-07	-6.5948e-07	1.9004e-05	-1.277e-11	-1.9028e-05	6.6954e-07	-6.6808e-07	0.00070322	1.6667e-10	-0.00070346	6.7226e-07	-6.7082e-07	0.0060434	5.829e-10	-0.0060436	6.7466e-07	-6.732e-07	0.01285	1.7835e-09	-0.012828	6.7798e-07	-6.7636e-07	0.016314	5.4121e-09	-0.016288	6.8194e-07	-6.8034e-07	0.01792	1.8021e-08	-0.017898	6.8572e-07	-6.843e-07
0.1	3.6042e-07	-1.7374e-10	-3.6138e-07	6.612e-07	-6.598e-07	1.9496e-05	-1.505e-11	-1.948e-05	6.6946e-07	-6.6792e-07	0.0007215	1.6697e-10	-0.00072178	6.722e-07	-6.7086e-07	0.0062356	5.8718e-10	-0.0062366	6.7458e-07	-6.7346e-07	0.013426	1.7474e-09	-0.013402	6.7786e-07	-6.766e-07	0.017124	5.3021e-09	-0.017102	6.8196e-07	-6.8046e-07	0.018848	1.7616e-08	-0.018828	6.8536e-07	-6.8406e-07
0.105	3.6858e-07	-1.7685e-10	-3.6988e-07	6.6132e-07	-6.5994e-07	1.9994e-05	-1.419e-11	-1.9956e-05	6.6942e-07	-6.684e-07	0.00073894	1.6581e-10	-0.0007385	6.723e-07	-6.7096e-07	0.0064186	5.9298e-10	-0.0064196	6.7428e-07	-6.7362e-07	0.013978	1.733e-09	-0.01396	6.7784e-07	-6.7676e-07	0.017924	5.2003e-09	-0.017898	6.818e-07	-6.8034e-07	0.019766	1.72062e-08	-0.019742	6.8544e-07	-6.842e-07
0.11	3.782e-07	-1.7724e-10	-3.7868e-07	6.6128e-07	-6.6022e-07	2.0444e-05	-1.802e-11	-2.0422e-05	6.6942e-07	-6.683e-07	0.00075536	1.6751e-10	-0.00075554	6.7198e-07	-6.71e-07	0.006595	5.9083e-10	-0.0065944	6.744e-07	-6.7346e-07	0.014528	1.69e-09	-0.01451	6.7796e-07	-6.7672e-07	0.018726	5.0972e-09	-0.018706	6.8168e-07	-6.8042e-07	0.020682	1.68208e-08	-0.020658	6.8548e-07	-6.8426e-07
0.115	3.8674e-07	-1.7462e-10	-3.8824e-07	6.6154e-07	-6.6022e-07	2.0902e-05	-1.945e-11	-2.089e-05	6.6966e-07	-6.6838e-07	0.00077198	1.6756e-10	-0.00077206	6.7222e-07	-6.713e-07	0.0067614	5.6592e-10	-0.0067574	6.75e-07	-6.737e-07	0.015064	1.6665e-09	-0.015036	6.7778e-07	-6.7664e-07	0.019512	4.9924e-09	-0.019486	6.8186e-07	-6.8102e-07	0.021588	1.64522e-08	-0.021564	6.8528e-07	-6.8422e-07
0.12	3.9626e-07	-1.7483e-10	-3.9706e-07	6.6164e-07	-6.6062e-07	2.1386e-05	-1.853e-11	-2.137e-05	6.696e-07	-6.6852e-07	0.00078776	1.6835e-10	-0.00078744	6.721e-07	-6.7118e-07	0.006917	5.5801e-10	-0.006918	6.7494e-07	-6.7368e-07	0.01558	1.6366e-09	-0.01556	6.7812e-07	-6.7694e-07	0.02029	4.9004e-09	-0.020268	6.8176e-07	-6.8088e-07	0.02249	1.607e-08	-0.022468	6.8536e-07	-6.8454e-07
0.125	4.0546e-07	-1.7534e-10	-4.057e-07	6.6182e-07	-6.607e-07	2.1828e-05	-1.541e-11	-2.1826e-05	6.695e-07	-6.6846e-07	0.00080364	1.6599e-10	-0.00080306	6.7202e-07	-6.712e-07	0.0070724	5.6366e-10	-0.0070706	6.7434e-07	-6.7376e-07	0.016098	1.6129e-09	-0.016072	6.7794e-07	-6.7726e-07	0.021072	4.7964e-09	-0.021054	6.82e-07	-6.811e-07	0.023398	1.57074e-08	-0.02338	6.8552e-07	-6.8444e-07
0.13	4.1432e-07	-1.7664e-10	-4.1478e-07	6.617e-07	-6.6074e-07	2.2288e-05	-1.603e-11	-2.2304e-05	6.6944e-07	-6.688e-07	0.00081864	1.6418e-10	-0.00081888	6.724e-07	-6.7144e-07	0.007217	5.7142e-10	-0.0072144	6.744e-07	-6.7406e-07	0.01659	1.5814e-09	-0.016564	6.7796e-07	-6.7712e-07	0.02184	4.7076e-09	-0.021812	6.8208e-07	-6.8106e-07	0.024294	1.53622e-08	-0.024266	6.8564e-07	-6.8482e-07
0.135	4.2298e-07	-1.7988e-10	-4.2386e-07	6.6194e-07	-6.6088e-07	2.2784e-05	-1.49e-11	-2.2772e-05	6.695e-07	-6.6864e-07	0.00083396	1.6135e-10	-0.00083412	6.7204e-07	-6.7156e-07	0.0073572	5.4582e-10	-0.0073574	6.7486e-07	-6.7382e-07	0.017076	1.5582e-09	-0.017054	6.7842e-07	-6.776e-07	0.022602	4.6231e-09	-0.022584	6.8176e-07	-6.8094e-07	0.025196	1.50374e-08	-0.025174	6.8542e-07	-6.849e-07
0.14	4.3244e-07	-1.788e-10	-4.326e-07	6.6202e-07	-6.6136e-07	2.3232e-05	-1.734e-11	-2.3228e-05	6.6936e-07	-6.6882e-07	0.00084914	1.6077e-10	-0.0008488	6.7228e-07	-6.7146e-07	0.0074872	5.4572e-10	-0.007487	6.7494e-07	-6.743e-07	0.017544	1.554e-09	-0.017522	6.7802e-07	-6.7744e-07	0.023358	4.5401e-09	-0.023324	6.8198e-07	-6.8124e-07	0.026088	1.47104e-08	-0.026056	6.8552e-07	-6.849e-07
0.145	4.4208e-07	-1.7745e-10	-4.4232e-07	6.6208e-07	-6.6158e-07	2.3732e-05	-1.637e-11	-2.3704e-05	6.6936e-07	-6.687e-07	0.00086478	1.5903e-10	-0.00086408	6.7208e-07	-6.7192e-07	0.0076146	5.46e-10	-0.0076152	6.7478e-07	-6.746e-07	0.01801	1.5137e-09	-0.017986	6.782e-07	-6.779e-07	0.024104	4.4632e-09	-0.024082	6.8202e-07	-6.8156e-07	0.026974	1.43694e-08	-0.026954	6.857e-07	-6.8506e-07
0.15	4.5056e-07	-1.8134e-10	-4.5108e-07	6.6224e-07	-6.6158e-07	2.4176e-05	-1.656e-11	-2.416e-05	6.694e-07	-6.6918e-07	0.00087914	1.6185e-10	-0.00087898	6.7228e-07	-6.7178e-07	0.0077372	5.3671e-10	-0.0077358	6.747e-07	-6.743e-07	0.018456	1.494e-09	-0.018432	6.7846e-07	-6.778e-07	0.024838	4.3733e-09	-0.024816	6.821e-07	-6.8156e-07	0.027856	1.40566e-08	-0.027836	6.8596e-07	-6.8532e-07
0.155	4.6022e-07	-1.8186e-10	-4.6038e-07	6.6218e-07	-6.618e-07	2.4678e-05	-1.645e-11	-2.4668e-05	6.6956e-07	-6.6896e-07	0.00089436	1.6179e-10	-0.00089372	6.7218e-07	-6.7208e-07	0.0078566	5.2881e-10	-0.0078564	6.7474e-07	-6.7448e-07	0.018892	1.4757e-09	-0.018868	6.7832e-07	-6.782e-07	0.025566	4.2876e-09	-0.025554	6.8222e-07	-6.8182e-07	0.028746	1.37684e-08	-0.028722	6.857e-07	-6.8522e-07
0.16	4.7062e-07	-1.8014e-10	-4.7052e-07	6.6216e-07	-6.6182e-07	2.5138e-05	-1.696e-11	-2.514e-05	6.6938e-07	-6.6928e-07	0.00090842	1.6157e-10	-0.00090812	6.7212e-07	-6.7178e-07	0.0079712	5.2676e-10	-0.0079702	6.7488e-07	-6.7466e-07	0.01931	1.4615e-09	-0.019288	6.787e-07	-6.7838e-07	0.026288	4.2093e-09	-0.02627	6.821e-07	-6.8166e-07	0.029608	1.34828e-08	-0.029586	6.8542e-07	-6.8516e-07
0.165	4.8048e-07	-1.7795e-10	-4.7998e-07	6.6236e-07	-6.62e-07	2.5624e-05	-2.136e-11	-2.5614e-05	6.6948e-07	-6.692e-07	0.00092334	1.6185e-10	-0.00092272	6.7214e-07	-6.7178e-07	0.0080824	5.3874e-10	-0.0080818	6.747e-07	-6.7486e-07	0.019724	1.4365e-09	-0.019702	6.788e-07	-6.784e-07	0.027012	4.129e-09	-0.02699	6.8248e-07	-6.8208e-07	0.030486	1.31932e-08	-0.030466	6.859e-07	-6.8522e-07
0.17	4.8948e-07	-1.7997e-10	-4.8968e-07	6.6218e-07	-6.6202e-07	2.6146e-05	-2.08e-11	-2.6108e-05	6.692e-07	-6.69e-07	0.000938	1.6107e-10	-0.00093778	6.7216e-07	-6.7192e-07	0.008187	5.2836e-10	-0.0081848	6.7468e-07	-6.7464e-07	0.020118	1.4031e-09	-0.020096	6.7876e-07	-6.7852e-07	0.027708	4.0736e-09	-0.027692	6.824e-07	-6.8212e-07	0.031348	1.29298e-08	-0.031326	6.8598e-07	-6.8572e-07
0.175	4.9984e-07	-1.8379e-10	-4.9936e-07	6.6242e-07	-6.6196e-07	2.6608e-05	-1.839e-11	-2.6602e-05	6.6942e-07	-6.6958e-07	0.0009522	1.567e-10	-0.00095254	6.7194e-07	-6.7208e-07	0.0082882	5.2627e-10	-0.0082878	6.7494e-07	-6.7476e-07	0.0205	1.3999e-09	-0.020482	6.7866e-07	-6.7844e-07	0.028406	4.0006e-09	-0.028382	6.8262e-07	-6.8232e-07	0.032204	1.2649e-08	-0.032178	6.8624e-07	-6.859e-07
0.18	5.092e-07	-1.8587e-10	-5.0934e-07	6.6234e-07	-6.6208e-07	2.7106e-05	-1.339e-11	-2.7094e-05	6.697e-07	-6.6958e-07	0.00096738	1.5688e-10	-0.00096682	6.7228e-07	-6.7242e-07	0.0083908	5.2289e-10	-0.0083882	6.7492e-07	-6.7488e-07	0.020876	1.393e-09	-0.020856	6.7894e-07	-6.7886e-07	0.0291	3.9319e-09	-0.029078	6.8262e-07	-6.8248e-07	0.03307	1.23786e-08	-0.033044	6.86e-07	-6.859e-07
0.185	5.2168e-07	-1.8658e-10	-5.1972e-07	6.6266e-07	-6.6234e-07	2.7608e-05	-1.277e-11	-2.7592e-05	6.6954e-07	-6.6954e-07	0.00098236	1.573e-10	-0.00098224	6.722e-07	-6.7222e-07	0.0084888	5.1715e-10	-0.008486	6.7504e-07	-6.7532e-07	0.021244	1.3815e-09	-0.021216	6.7882e-07	-6.7894e-07	0.02977	3.8644e-09	-0.029744	6.8296e-07	-6.8288e-07	0.033914	1.213e-08	-0.033888	6.8642e-07	-6.8636e-07
0.19	5.3002e-07	-1.8446e-10	-5.3036e-07	6.6264e-07	-6.6256e-07	2.8104e-05	-1.624e-11	-2.8102e-05	6.6938e-07	-6.6956e-07	0.00099666	1.5649e-10	-0.00099656	6.7236e-07	-6.7234e-07	0.0085802	5.17e-10	-0.008582	6.7502e-07	-6.7494e-07	0.021594	1.3371e-09	-0.02157	6.7906e-07	-6.7922e-07	0.030448	3.7952e-09	-0.030426	6.8282e-07	-6.8294e-07	0.034762	1.18814e-08	-0.034744	6.8654e-07	-6.8638e-07
0.195	5.4168e-07	-1.827e-10	-5.414e-07	6.626e-07	-6.6282e-07	2.8608e-05	-2.1e-11	-2.864e-05	6.694e-07	-6.6966e-07	0.00101148	1.584e-10	-0.0010112	6.721e-07	-6.7236e-07	0.0086748	5.0973e-10	-0.0086734	6.7516e-07	-6.754e-07	0.021926	1.3438e-09	-0.021908	6.7912e-07	-6.7916e-07	0.031102	3.7351e-09	-0.03108	6.8318e-07	-6.833e-07	0.035602	1.16476e-08	-0.035578	6.8638e-07	-6.8656e-07
0.2	5.523e-07	-1.8576e-10	-5.5264e-07	6.6276e-07	-6.6266e-07	2.915e-05	-2.077e-11	-2.912e-05	6.6956e-07	-6.6966e-07	0.00102686	1.5812e-10	-0.00102584	6.7204e-07	-6.7262e-07	0.0087656	5.2415e-10	-0.0087652	6.7518e-07	-6.7564e-07	0.022266	1.3223e-09	-0.022242	6.7932e-07	-6.7938e-07	0.031762	3.6697e-09	-0.031738	6.8294e-07	-6.8318e-07	0.03645	1.14176e-08	-0.03642	6.867e-07	-6.8676e-07
0.205	5.6364e-07	-1.8527e-10	-5.6316e-07	6.6266e-07	-6.6284e-07	2.9688e-05	-1.984e-11	-2.9672e-05	6.6942e-07	-6.699e-07	0.001041	1.6115e-10	-0.00104052	6.7234e-07	-6.728e-07	0.0088558	4.9809e-10	-0.0088536	6.7494e-07	-6.7554e-07	0.022578	1.3048e-09	-0.022558	6.7922e-07	-6.7958e-07	0.0324	3.6052e-09	-0.03238	6.8328e-07	-6.8344e-07	0.037268	1.11996e-08	-0.037248	6.8688e-07	-6.8718e-07
0.21	5.7404e-07	-1.8837e-10	-5.7554e-07	6.6266e-07	-6.6288e-07	3.0226e-05	-2.001e-11	-3.0226e-05	6.6966e-07	-6.7006e-07	0.00105552	1.581e-10	-0.00105506	6.722e-07	-6.7252e-07	0.0089438	5.0419e-10	-0.0089404	6.7508e-07	-6.7578e-07	0.02289	1.2825e-09	-0.022866	6.793e-07	-6.7992e-07	0.033034	3.5519e-09	-0.033014	6.8358e-07	-6.8412e-07	0.038108	1.09646e-08	-0.03808	6.8684e-07	-6.8728e-07
0.215	5.8582e-07	-1.8901e-10	-5.845e-07	6.6282e-07	-6.632e-07	3.0772e-05	-2.026e-11	-3.076e-05	6.6948e-07	-6.6984e-07	0.00106948	1.5551e-10	-0.00107	6.7224e-07	-6.7262e-07	0.0090264	5.0045e-10	-0.0090252	6.7534e-07	-6.7588e-07	0.023188	1.2854e-09	-0.023168	6.7956e-07	-6.7978e-07	0.033656	3.487e-09	-0.033634	6.836e-07	-6.8402e-07	0.038916	1.07576e-08	-0.0389	6.8688e-07	-6.8734e-07
0.22	5.972e-07	-1.8981e-10	-5.9658e-07	6.6296e-07	-6.6356e-07	3.1328e-05	-2.003e-11	-3.1314e-05	6.6954e-07	-6.703e-07	0.0010853	1.5456e-10	-0.00108528	6.7196e-07	-6.729e-07	0.0091114	5.1302e-10	-0.0091104	6.7526e-07	-6.7602e-07	0.023478	1.2681e-09	-0.023462	6.794e-07	-6.8022e-07	0.034274	3.4465e-09	-0.034256	6.8368e-07	-6.8432e-07	0.039738	1.0547e-08	-0.039722	6.8718e-07	-6.877e-07
0.225	6.0884e-07	-1.9296e-10	-6.0734e-07	6.6306e-07	-6.636e-07	3.185e-05	-1.995e-11	-3.1862e-05	6.6966e-07	-6.7032e-07	0.0010998	1.5578e-10	-0.00109936	6.72e-07	-6.7314e-07	0.0091906	5.1444e-10	-0.0091898	6.7544e-07	-6.7596e-07	0.023758	1.2522e-09	-0.023736	6.7962e-07	-6.803e-07	0.034874	3.3953e-09	-0.034852	6.8388e-07	-6.8442e-07	0.040542	1.0336e-08	-0.040524	6.874e-07	-6.8806e-07
0.23	6.2108e-07	-1.9423e-10	-6.2012e-07	6.6318e-07	-6.637e-07	3.242e-05	-1.758e-11	-3.2432e-05	6.6944e-07	-6.7008e-07	0.00111572	1.5524e-10	-0.0011144	6.7226e-07	-6.73e-07	0.0092716	5.0917e-10	-0.0092732	6.7532e-07	-6.7602e-07	0.024026	1.2514e-09	-0.024002	6.7966e-07	-6.8022e-07	0.035464	3.3471e-09	-0.03544	6.84e-07	-6.845e-07	0.04134	1.01414e-08	-0.041324	6.8774e-07	-6.8824e-07
0.235	6.331e-07	-1.9293e-10	-6.31e-07	6.6294e-07	-6.6382e-07	3.2958e-05	-1.471e-11	-3.3008e-05	6.6934e-07	-6.7034e-07	0.0011305	1.5372e-10	-0.00112972	6.7226e-07	-6.7324e-07	0.0093524	4.9207e-10	-0.009352	6.7502e-07	-6.7638e-07	0.024288	1.2364e-09	-0.024272	6.7996e-07	-6.808e-07	0.03605	3.2892e-09	-0.03603	6.8434e-07	-6.8496e-07	0.04215	9.954e-09	-0.042124	6.8804e-07	-6.887e-07
0.24	6.442e-07	-1.9031e-10	-6.4374e-07	6.6284e-07	-6.6392e-07	3.3594e-05	-1.766e-11	-3.355e-05	6.6934e-07	-6.7038e-07	0.00114512	1.5955e-10	-0.00114432	6.7198e-07	-6.729e-07	0.0094306	4.8586e-10	-0.0094326	6.7546e-07	-6.7626e-07	0.02454	1.2131e-09	-0.02452	6.7996e-07	-6.8082e-07	0.036618	3.2435e-09	-0.036594	6.8456e-07	-6.8522e-07	0.042932	9.7734e-09	-0.042916	6.8836e-07	-6.8894e-07
0.245	6.5708e-07	-1.9289e-10	-6.557e-07	6.632e-07	-6.639e-07	3.4156e-05	-2.269e-11	-3.4158e-05	6.6958e-07	-6.7052e-07	0.001161	1.5655e-10	-0.00115966	6.7208e-07	-6.7298e-07	0.0095104	4.8603e-10	-0.0095096	6.7546e-07	-6.7658e-07	0.024788	1.2172e-09	-0.024766	6.8008e-07	-6.8108e-07	0.037186	3.1909e-09	-0.037168	6.844e-07	-6.8548e-07	0.043718	9.5826e-09	-0.043704	6.8838e-07	-6.8924e-07
0.25	6.6934e-07	-1.9789e-10	-6.6796e-07	6.6314e-07	-6.6418e-07	3.4742e-05	-2.731e-11	-3.4744e-05	6.694e-07	-6.7052e-07	0.0011702	1.5398e-10	-0.0011744	6.7198e-07	-6.7326e-07	0.0095848	4.9352e-10	-0.0095888	6.7542e-07	-6.7632e-07	0.025022	1.2003e-09	-0.025	6.8018e-07	-6.8116e-07	0.037736	3.1557e-09	-0.037716	6.8478e-07	-6.8564e-07	0.044498	9.3977e-09	-0.044474	6.8894e-07	-6.896e-07
0.255	6.8282e-07	-1.9971e-10	-6.8054e-07	6.6324e-07	-6.6404e-07	3.534e-05	-2.504e-11	-3.5338e-05	6.6936e-07	-6.7044e-07	0.0011908	1.5352e-10	-0.0011904	6.7232e-07	-6.7358e-07	0.0096602	4.8342e-10	-0.0096626	6.7538e-07	-6.7678e-07	0.025252	1.1979e-09	-0.025234	6.8038e-07	-6.8178e-07	0.038278	3.1149e-09	-0.038262	6.8518e-07	-6.8584e-07	0.045276	9.2211e-09	-0.045256	6.8902e-07	-6.8996e-07
0.26	6.9546e-07	-2.0228e-10	-6.9476e-07	6.6344e-07	-6.6418e-07	3.596e-05	-2.233e-11	-3.5946e-05	6.6936e-07	-6.7056e-07	0.001206	1.5659e-10	-0.0012058	6.721e-07	-6.736e-07	0.0097366	4.9739e-10	-0.009734	6.754e-07	-6.7682e-07	0.025472	1.1889e-09	-0.025448	6.8062e-07	-6.8196e-07	0.038804	3.0579e-09	-0.038786	6.8512e-07	-6.8628e-07	0.046032	9.0571e-09	-0.046016	6.89e-07	-6.901e-07
0.265	7.0902e-07	-2.025e-10	-7.0732e-07	6.6342e-07	-6.647e-07	3.6542e-05	-2.022e-11	-3.658e-05	6.693e-07	-6.7048e-07	0.0012212	1.5547e-10	-0.0012208	6.7222e-07	-6.7342e-07	0.0098126	4.8142e-10	-0.0098116	6.7554e-07	-6.7688e-07	0.02569	1.1804e-09	-0.02567	6.808e-07	-6.8184e-07	0.039332	3.0302e-09	-0.039312	6.854e-07	-6.8666e-07	0.046802	8.8976e-09	-0.046784	6.8916e-07	-6.9038e-07
0.27	7.2226e-07	-2.0056e-10	-7.2056e-07	6.633e-07	-6.6456e-07	3.7164e-05	-2.147e-11	-3.7156e-05	6.6942e-07	-6.7062e-07	0.0012368	1.5594e-10	-0.0012362	6.7216e-07	-6.7364e-07	0.0098864	4.8996e-10	-0.0098862	6.7554e-07	-6.771e-07	0.025898	1.165e-09	-0.025878	6.8076e-07	-6.8198e-07	0.039836	2.9893e-09	-0.039812	6.854e-07	-6.8692e-07	0.047546	8.7393e-09	-0.047528	6.8962e-07	-6.9066e-07
0.275	7.3554e-07	-2.0488e-10	-7.3464e-07	6.6348e-07	-6.645e-07	3.7786e-05	-1.998e-11	-3.781e-05	6.6936e-07	-6.7078e-07	0.0012528	1.5654e-10	-0.0012522	6.7206e-07	-6.7344e-07	0.0099598	4.938e-10	-0.0099574	6.7576e-07	-6.7732e-07	0.026106	1.1701e-09	-0.02608	6.8078e-07	-6.8222e-07	0.040344	2.9499e-09	-0.04032	6.858e-07	-6.8686e-07	0.0483	8.597e-09	-0.04828	6.8988e-07	-6.9086e-07
0.28	7.4896e-07	-2.0463e-10	-7.4808e-07	6.6344e-07	-6.6484e-07	3.8428e-05	-2.257e-11	-3.8404e-05	6.6936e-07	-6.7068e-07	0.001268	1.5539e-10	-0.0012678	6.721e-07	-6.735e-07	0.0100326	4.9385e-10	-0.010033	6.7606e-07	-6.7732e-07	0.026296	1.155e-09	-0.026276	6.8096e-07	-6.8256e-07	0.040828	2.9096e-09	-0.040802	6.8594e-07	-6.8728e-07	0.049036	8.4349e-09	-0.049012	6.9004e-07	-6.914e-07
0.285	7.6384e-07	-2.0361e-10	-7.6264e-07	6.6362e-07	-6.6506e-07	3.9084e-05	-2.252e-11	-3.9114e-05	6.6942e-07	-6.7078e-07	0.0012838	1.5532e-10	-0.0012834	6.721e-07	-6.7372e-07	0.0101036	4.8348e-10	-0.0101046	6.7604e-07	-6.778e-07	0.02649	1.1483e-09	-0.02647	6.814e-07	-6.8292e-07	0.041312	2.8712e-09	-0.041284	6.8646e-07	-6.8774e-07	0.049774	8.2935e-09	-0.049748	6.9052e-07	-6.9188e-07
0.29	7.7832e-07	-2.0777e-10	-7.763e-07	6.6338e-07	-6.6492e-07	3.9718e-05	-2.364e-11	-3.974e-05	6.6928e-07	-6.7092e-07	0.0013	1.5113e-10	-0.0012994	6.7202e-07	-6.7388e-07	0.0101768	4.7432e-10	-0.0101742	6.7608e-07	-6.7776e-07	0.026674	1.1477e-09	-0.02666	6.8122e-07	-6.8308e-07	0.041768	2.8423e-09	-0.041748	6.8684e-07	-6.88e-07	0.05049	8.1509e-09	-0.050472	6.9058e-07	-6.919e-07
0.295	7.9388e-07	-2.109e-10	-7.9132e-07	6.6348e-07	-6.6516e-07	4.0414e-05	-2.531e-11	-4.0372e-05	6.6942e-07	-6.7102e-07	0.001316	1.5195e-10	-0.0013156	6.7184e-07	-6.7382e-07	0.0102484	4.6461e-10	-0.0102456	6.7576e-07	-6.7776e-07	0.026854	1.1363e-09	-0.026832	6.8126e-07	-6.8294e-07	0.042222	2.8027e-09	-0.042206	6.869e-07	-6.8832e-07	0.051202	8.0202e-09	-0.051176	6.9086e-07	-6.9248e-07
0.3	8.0746e-07	-2.1677e-10	-8.0528e-07	6.6354e-07	-6.6516e-07	4.1072e-05	-2.91e-11	-4.1098e-05	6.6928e-07	-6.712e-07	0.0013312	1.5237e-10	-0.0013304	6.7198e-07	-6.7406e-07	0.0103206	4.7947e-10	-0.010319	6.7582e-07	-6.7778e-07	0.027036	1.1281e-09	-0.027016	6.8146e-07	-6.8322e-07	0.042676	2.7708e-09	-0.042656	6.8682e-07	-6.8842e-07	0.051916	7.8884e-09	-0.051898	6.91e-07	-6.9256e-07
0.305	8.2224e-07	-2.1565e-10	-8.2076e-07	6.6378e-07	-6.6556e-07	4.1786e-05	-3.092e-11	-4.1728e-05	6.6924e-07	-6.713e-07	0.0013474	1.5197e-10	-0.001347	6.72e-07	-6.7416e-07	0.01039	4.7927e-10	-0.0103882	6.7604e-07	-6.7824e-07	0.027208	1.1187e-09	-0.027184	6.8168e-07	-6.8336e-07	0.04311	2.7495e-09	-0.043086	6.8736e-07	-6.8908e-07	0.05261	7.7565e-09	-0.052588	6.9162e-07	-6.933e-07
0.31	8.3758e-07	-2.1372e-10	-8.3482e-07	6.6356e-07	-6.6546e-07	4.243e-05	-2.524e-11	-4.2422e-05	6.6942e-07	-6.7138e-07	0.0013634	1.5498e-10	-0.0013628	6.7198e-07	-6.7408e-07	0.0104602	4.7664e-10	-0.0104586	6.7598e-07	-6.7822e-07	0.027376	1.1177e-09	-0.02736	6.8198e-07	-6.838e-07	0.043534	2.7131e-09	-0.04351	6.8736e-07	-6.8912e-07	0.053312	7.639e-09	-0.053286	6.9186e-07	-6.9362e-07
0.315	8.5208e-07	-2.1523e-10	-8.4962e-07	6.6362e-07	-6.6556e-07	4.3132e-05	-2.314e-11	-4.3142e-05	6.6938e-07	-6.7162e-07	0.001379	1.5596e-10	-0.0013792	6.7194e-07	-6.7442e-07	0.0105274	4.9401e-10	-0.0105282	6.7608e-07	-6.7866e-07	0.027536	1.1038e-09	-0.027512	6.822e-07	-6.8392e-07	0.043944	2.6813e-09	-0.04393	6.876e-07	-6.8964e-07	0.053988	7.5155e-09	-0.053968	6.9202e-07	-6.9402e-07
0.32	8.6946e-07	-2.1624e-10	-8.6604e-07	6.636e-07	-6.6556e-07	4.3822e-05	-2.332e-11	-4.3816e-05	6.6958e-07	-6.716e-07	0.0013954	1.5507e-10	-0.0013948	6.7204e-07	-6.743e-07	0.0105956	4.8669e-10	-0.010601	6.7628e-07	-6.7842e-07	0.027702	1.1053e-09	-0.027678	6.8216e-07	-6.8414e-07	0.044356	2.6603e-09	-0.044338	6.8818e-07	-6.899e-07	0.054672	7.3992e-09	-0.054652	6.923e-07	-6.9404e-07
0.325	8.8474e-07	-2.202e-10	-8.8406e-07	6.6372e-07	-6.6598e-07	4.4532e-05	-2.479e-11	-4.4514e-05	6.6924e-07	-6.717e-07	0.0014116	1.5273e-10	-0.0014108	6.7192e-07	-6.743e-07	0.010667	4.7591e-10	-0.0106664	6.7646e-07	-6.786e-07	0.027856	1.103e-09	-0.027832	6.8214e-07	-6.8426e-07	0.044748	2.6238e-09	-0.044732	6.8812e-07	-6.9008e-07	0.055336	7.2892e-09	-0.055316	6.926e-07	-6.9464e-07
0.33	9.0142e-07	-2.263e-10	-8.9798e-07	6.6366e-07	-6.6598e-07	4.5284e-05	-2.755e-11	-4.5256e-05	6.6924e-07	-6.7152e-07	0.001428	1.5417e-10	-0.0014278	6.721e-07	-6.7428e-07	0.010736	4.7761e-10	-0.0107356	6.7644e-07	-6.786e-07	0.028012	1.1029e-09	-0.027988	6.8256e-07	-6.8476e-07	0.045136	2.5982e-09	-0.04512	6.8842e-07	-6.9054e-07	0.056	7.1611e-09	-0.05598	6.9272e-07	-6.9478e-07
0.335	9.1824e-07	-2.2611e-10	-9.1512e-07	6.6366e-07	-6.6592e-07	4.5974e-05	-3.221e-11	-4.5968e-05	6.6948e-07	-6.7186e-07	0.0014442	1.5201e-10	-0.0014446	6.7198e-07	-6.7446e-07	0.0108034	4.682e-10	-0.0108014	6.765e-07	-6.7874e-07	0.028166	1.0972e-09	-0.028136	6.8266e-07	-6.8474e-07	0.045508	2.5673e-09	-0.045492	6.8878e-07	-6.9104e-07	0.05665	7.0553e-09	-0.05663	6.9314e-07	-6.9522e-07
0.34	9.3338e-07	-2.2644e-10	-9.3092e-07	6.6372e-07	-6.661e-07	4.6738e-05	-3.329e-11	-4.6714e-05	6.6928e-07	-6.7174e-07	0.0014614	1.4988e-10	-0.0014598	6.7196e-07	-6.7446e-07	0.0108726	4.6124e-10	-0.0108714	6.7646e-07	-6.7914e-07	0.028308	1.0816e-09	-0.028284	6.8304e-07	-6.854e-07	0.045876	2.5423e-09	-0.04586	6.8904e-07	-6.9124e-07	0.057298	6.9538e-09	-0.057278	6.9362e-07	-6.9578e-07
0.345	9.5092e-07	-2.3164e-10	-9.4942e-07	6.6372e-07	-6.6612e-07	4.7482e-05	-3.316e-11	-4.746e-05	6.6936e-07	-6.718e-07	0.0014772	1.4971e-10	-0.0014768	6.7196e-07	-6.7468e-07	0.0109386	4.7103e-10	-0.0109376	6.766e-07	-6.7906e-07	0.028448	1.0863e-09	-0.02843	6.828e-07	-6.8536e-07	0.046234	2.5229e-09	-0.046216	6.8914e-07	-6.9138e-07	0.057934	6.8522e-09	-0.05791	6.939e-07	-6.9618e-07
0.35	9.685e-07	-2.3499e-10	-9.6428e-07	6.6392e-07	-6.6622e-07	4.822e-05	-3.305e-11	-4.8248e-05	6.6946e-07	-6.7202e-07	0.0014938	1.5402e-10	-0.0014942	6.7198e-07	-6.7464e-07	0.0110094	4.7118e-10	-0.0110072	6.7674e-07	-6.7926e-07	0.028596	1.0673e-09	-0.028576	6.83e-07	-6.8552e-07	0.046586	2.5034e-09	-0.046564	6.8956e-07	-6.9208e-07	0.058562	6.7542e-09	-0.058542	6.9414e-07	-6.9656e-07
0.355	9.8546e-07	-2.3178e-10	-9.832e-07	6.641e-07	-6.6654e-07	4.8974e-05	-3.368e-11	-4.895e-05	6.6938e-07	-6.7186e-07	0.0015108	1.5231e-10	-0.0015102	6.7198e-07	-6.7474e-07	0.0110726	4.7127e-10	-0.011077	6.767e-07	-6.7926e-07	0.028736	1.0751e-09	-0.028714	6.8322e-07	-6.8568e-07	0.046916	2.4873e-09	-0.0469	6.8978e-07	-6.924e-07	0.059174	6.6578e-09	-0.05915	6.9448e-07	-6.97e-07
0.36	1.00338e-06	-2.3102e-10	-9.9994e-07	6.6384e-07	-6.664e-07	4.9784e-05	-3.406e-11	-4.976e-05	6.6924e-07	-6.7196e-07	0.0015268	1.5366e-10	-0.001527	6.7216e-07	-6.7472e-07	0.0111426	4.6363e-10	-0.011142	6.7648e-07	-6.794e-07	0.02887	1.0659e-09	-0.028852	6.8342e-07	-6.8592e-07	0.04725	2.4586e-09	-0.047232	6.9032e-07	-6.9256e-07	0.059788	6.5601e-09	-0.059768	6.9482e-07	-6.9736e-07
0.365	1.02288e-06	-2.3928e-10	-1.0179e-06	6.642e-07	-6.6664e-07	5.0526e-05	-3.074e-11	-5.0554e-05	6.6946e-07	-6.7192e-07	0.0015444	1.5238e-10	-0.0015436	6.7194e-07	-6.7484e-07	0.011207	4.6655e-10	-0.0112096	6.7676e-07	-6.7974e-07	0.029004	1.0647e-09	-0.028982	6.8352e-07	-6.8646e-07	0.047566	2.4417e-09	-0.047548	6.9038e-07	-6.928e-07	0.06038	6.4723e-09	-0.060362	6.9506e-07	-6.9768e-07
0.37	1.04082e-06	-2.4546e-10	-1.03838e-06	6.6414e-07	-6.6684e-07	5.1328e-05	-2.981e-11	-5.1314e-05	6.6946e-07	-6.7226e-07	0.0015604	1.5245e-10	-0.0015608	6.7214e-07	-6.7498e-07	0.011275	4.6395e-10	-0.0112764	6.7678e-07	-6.8002e-07	0.029144	1.0621e-09	-0.029116	6.8382e-07	-6.8656e-07	0.047882	2.4251e-09	-0.047866	6.9052e-07	-6.931e-07	0.06098	6.3877e-09	-0.060956	6.9566e-07	-6.9802e-07
0.375	1.05976e-06	-2.4505e-10	-1.05626e-06	6.6386e-07	-6.6694e-07	5.2162e-05	-3.222e-11	-5.2104e-05	6.6922e-07	-6.7216e-07	0.0015788	1.5052e-10	-0.0015786	6.7226e-07	-6.7514e-07	0.011342	4.6787e-10	-0.0113378	6.7686e-07	-6.7992e-07	0.02927	1.0511e-09	-0.02925	6.8398e-07	-6.8696e-07	0.048186	2.4048e-09	-0.048166	6.908e-07	-6.937e-07	0.061554	6.2934e-09	-0.061534	6.9604e-07	-6.9866e-07
0.38	1.07824e-06	-2.4751e-10	-1.07528e-06	6.6396e-07	-6.6686e-07	5.2982e-05	-3.797e-11	-5.2954e-05	6.6936e-07	-6.7226e-07	0.0015958	1.4799e-10	-0.0015954	6.7234e-07	-6.752e-07	0.0114076	4.5331e-10	-0.011409	6.7708e-07	-6.8016e-07	0.029404	1.0551e-09	-0.029376	6.8394e-07	-6.8704e-07	0.048478	2.3807e-09	-0.048464	6.9094e-07	-6.9386e-07	0.062126	6.2161e-09	-0.062108	6.9642e-07	-6.9918e-07
0.385	1.09866e-06	-2.4994e-10	-1.09318e-06	6.6432e-07	-6.67e-07	5.376e-05	-4.136e-11	-5.3786e-05	6.693e-07	-6.7246e-07	0.0016124	1.4911e-10	-0.0016118	6.7224e-07	-6.7534e-07	0.0114762	4.6702e-10	-0.0114746	6.7718e-07	-6.8012e-07	0.029526	1.0555e-09	-0.029504	6.8436e-07	-6.8742e-07	0.048766	2.3695e-09	-0.048748	6.9122e-07	-6.9414e-07	0.062694	6.1396e-09	-0.062672	6.9708e-07	-6.9982e-07
0.39	1.11696e-06	-2.5141e-10	-1.11188e-06	6.6414e-07	-6.67e-07	5.4616e-05	-4.211e-11	-5.459e-05	6.6934e-07	-6.7244e-07	0.0016296	1.4878e-10	-0.0016294	6.7202e-07	-6.7524e-07	0.01157	4.5825e-10	-0.0115388	6.7742e-07	-6.804e-07	0.029656	1.045e-09	-0.029634	6.8448e-07	-6.8762e-07	0.049052	2.3607e-09	-0.049034	6.9136e-07	-6.9462e-07	0.06325	6.0658e-09	-0.06323	6.9744e-07	-7.003e-07
0.395	1.13722e-06	-2.5369e-10	-1.13298e-06	6.6404e-07	-6.6734e-07	5.5396e-05	-4.321e-11	-5.5426e-05	6.693e-07	-6.7276e-07	0.0016466	1.5121e-10	-0.0016466	6.7216e-07	-6.755e-07	0.011636	4.6762e-10	-0.011608	6.7742e-07	-6.8042e-07	0.02978	1.0475e-09	-0.029762	6.8442e-07	-6.878e-07	0.049324	2.3392e-09	-0.049304	6.9198e-07	-6.9512e-07	0.063798	5.9896e-09	-0.063768	6.9752e-07	-7.0054e-07
0.4	1.1608e-06	-2.5863e-10	-1.1528e-06	6.6448e-07	-6.6772e-07	5.6312e-05	-4.237e-11	-5.631e-05	6.6948e-07	-6.725e-07	0.001665	1.4939e-10	-0.0016638	6.724e-07	-6.7572e-07	0.0117	4.613e-10	-0.0116692	6.7708e-07	-6.8058e-07	0.029898	1.0411e-09	-0.029882	6.847e-07	-6.8784e-07	0.049592	2.3168e-09	-0.049574	6.9216e-07	-6.9554e-07	0.064326	5.9161e-09	-0.064308	6.9804e-07	-7.01e-07
0.405	1.1812e-06	-2.5962e-10	-1.1749e-06	6.6472e-07	-6.6788e-07	5.713e-05	-4.027e-11	-5.7148e-05	6.6964e-07	-6.7296e-07	0.0016822	1.5144e-10	-0.0016814	6.722e-07	-6.7564e-07	0.011766	4.5185e-10	-0.011748	6.7758e-07	-6.8086e-07	0.03002	1.0432e-09	-0.030002	6.8478e-07	-6.8806e-07	0.049852	2.3023e-09	-0.049828	6.9252e-07	-6.9558e-07	0.064852	5.8439e-09	-0.064832	6.9826e-07	-7.0156e-07
0.41	1.1993e-06	-2.6168e-10	-1.1964e-06	6.6456e-07	-6.6776e-07	5.8016e-05	-3.939e-11	-5.7986e-05	6.6936e-07	-6.728e-07	0.0016998	1.5085e-10	-0.0016998	6.7242e-07	-6.7576e-07	0.011834	4.5924e-10	-0.011808	6.7758e-07	-6.8116e-07	0.03014	1.0321e-09	-0.030126	6.8498e-07	-6.8844e-07	0.050108	2.2918e-09	-0.050084	6.9264e-07	-6.96e-07	0.065376	5.7705e-09	-0.065356	6.989e-07	-7.0214e-07
0.415	1.2212e-06	-2.6961e-10	-1.2134e-06	6.6462e-07	-6.6786e-07	5.8868e-05	-4.263e-11	-5.8884e-05	6.6934e-07	-6.7276e-07	0.0017178	1.4729e-10	-0.0017178	6.7242e-07	-6.7602e-07	0.011898	4.5885e-10	-0.011876	6.774e-07	-6.811e-07	0.030264	1.0225e-09	-0.03024	6.8516e-07	-6.8872e-07	0.050356	2.2729e-09	-0.050332	6.933e-07	-6.966e-07	0.065878	5.7024e-09	-0.065852	6.9916e-07	-7.0234e-07
0.42	1.2419e-06	-2.7311e-10	-1.2377e-06	6.6462e-07	-6.6794e-07	5.9778e-05	-4.415e-11	-5.9828e-05	6.6946e-07	-6.73e-07	0.0017356	1.472e-10	-0.0017338	6.7214e-07	-6.759e-07	0.011962	4.5368e-10	-0.011938	6.776e-07	-6.81e-07	0.030382	1.0347e-09	-0.03036	6.8526e-07	-6.8872e-07	0.050596	2.2662e-09	-0.050572	6.9348e-07	-6.9702e-07	0.06638	5.6336e-09	-0.066358	6.9968e-07	-7.0306e-07
0.425	1.265e-06	-2.7305e-10	-1.2571e-06	6.644e-07	-6.681e-07	6.0712e-05	-4.73e-11	-6.072e-05	6.696e-07	-6.7332e-07	0.0017532	1.4625e-10	-0.0017524	6.7236e-07	-6.7618e-07	0.012026	4.5254e-10	-0.012002	6.7752e-07	-6.8124e-07	0.030496	1.0248e-09	-0.030472	6.8552e-07	-6.8916e-07	0.050832	2.2488e-09	-0.050806	6.939e-07	-6.9738e-07	0.066862	5.5806e-09	-0.06684	7.0002e-07	-7.035e-07
0.43	1.288e-06	-2.7801e-10	-1.2803e-06	6.6488e-07	-6.6812e-07	6.1652e-05	-5.01e-11	-6.1624e-05	6.6938e-07	-6.7314e-07	0.0017706	1.4799e-10	-0.0017706	6.7252e-07	-6.76e-07	0.01209	4.6557e-10	-0.01207	6.7764e-07	-6.817e-07	0.030614	1.0134e-09	-0.030596	6.8578e-07	-6.8948e-07	0.051054	2.2409e-09	-0.051036	6.943e-07	-6.9792e-07	0.067346	5.5257e-09	-0.067326	7.006e-07	-7.0406e-07
0.435	1.311e-06	-2.844e-10	-1.3029e-06	6.6496e-07	-6.6816e-07	6.2524e-05	-5.509e-11	-6.2486e-05	6.6942e-07	-6.732e-07	0.0017894	1.4303e-10	-0.0017884	6.7226e-07	-6.7628e-07	0.012158	4.5176e-10	-0.012134	6.7808e-07	-6.817e-07	0.030732	1.0197e-09	-0.030702	6.8602e-07	-6.8958e-07	0.05128	2.2281e-09	-0.051256	6.9466e-07	-6.983e-07	0.067814	5.4723e-09	-0.06779	7.0076e-07	-7.043e-07
0.44	1.3314e-06	-2.8558e-10	-1.3255e-06	6.6456e-07	-6.6834e-07	6.349e-05	-5.683e-11	-6.348e-05	6.694e-07	-6.7338e-07	0.0018078	1.4672e-10	-0.0018072	6.7206e-07	-6.7618e-07	0.01222	4.6093e-10	-0.012192	6.778e-07	-6.8176e-07	0.030846	1.0271e-09	-0.030818	6.863e-07	-6.9006e-07	0.0515	2.215e-09	-0.051478	6.947e-07	-6.9866e-07	0.068278	5.4089e-09	-0.068252	7.0124e-07	-7.0532e-07
0.445	1.3559e-06	-2.8635e-10	-1.3495e-06	6.6472e-07	-6.686e-07	6.439e-05	-5.395e-11	-6.445e-05	6.6948e-07	-6.7356e-07	0.0018252	1.4986e-10	-0.0018246	6.7246e-07	-6.7626e-07	0.012284	4.6887e-10	-0.012262	6.7776e-07	-6.8184e-07	0.030956	1.0207e-09	-0.030934	6.864e-07	-6.9036e-07	0.051712	2.2065e-09	-0.051694	6.9518e-07	-6.9878e-07	0.068722	5.352e-09	-0.068702	7.02e-07	-7.0538e-07
0.45	1.3778e-06	-2.9222e-10	-1.3718e-06	6.6474e-07	-6.6858e-07	6.537e-05	-5.202e-11	-6.536e-05	6.695e-07	-6.735e-07	0.001843	1.4591e-10	-0.0018428	6.7244e-07	-6.7642e-07	0.012346	4.6054e-10	-0.012326	6.7792e-07	-6.8222e-07	0.031062	1.0186e-09	-0.031044	6.864e-07	-6.9054e-07	0.051918	2.1861e-09	-0.0519	6.9562e-07	-6.996e-07	0.069158	5.3073e-09	-0.069148	7.0224e-07	-7.062e-07
0.455	1.4016e-06	-2.9424e-10	-1.3956e-06	6.6462e-07	-6.6878e-07	6.6324e-05	-5.114e-11	-6.6332e-05	6.6942e-07	-6.7338e-07	0.001862	1.4537e-10	-0.0018618	6.7224e-07	-6.766e-07	0.012412	4.5015e-10	-0.012388	6.7784e-07	-6.8204e-07	0.03118	1.015e-09	-0.031158	6.866e-07	-6.9086e-07	0.05213	2.1812e-09	-0.05211	6.955e-07	-6.9968e-07	0.069594	5.2539e-09	-0.069578	7.0278e-07	-7.0644e-07
0.46	1.4266e-06	-3.0117e-10	-1.4217e-06	6.6494e-07	-6.6874e-07	6.7304e-05	-5.392e-11	-6.7276e-05	6.6954e-07	-6.7364e-07	0.0018798	1.4672e-10	-0.0018794	6.724e-07	-6.7664e-07	0.012474	4.4111e-10	-0.012454	6.781e-07	-6.8246e-07	0.031286	1.006e-09	-0.031266	6.8672e-07	-6.9096e-07	0.052332	2.1751e-09	-0.052308	6.9606e-07	-6.9998e-07	0.070018	5.2029e-09	-0.070002	7.0322e-07	-7.0704e-07
0.465	1.451e-06	-3.097e-10	-1.4432e-06	6.6514e-07	-6.6876e-07	6.83e-05	-5.875e-11	-6.8296e-05	6.6928e-07	-6.7356e-07	0.0018998	1.4546e-10	-0.0018978	6.7254e-07	-6.7688e-07	0.012542	4.4605e-10	-0.012522	6.78e-07	-6.8264e-07	0.031398	1.0014e-09	-0.031372	6.869e-07	-6.912e-07	0.052524	2.1609e-09	-0.052506	6.9654e-07	-7.006e-07	0.070438	5.1586e-09	-0.07042	7.0374e-07	-7.076e-07
0.47	1.4744e-06	-3.1074e-10	-1.4689e-06	6.6494e-07	-6.6894e-07	6.9334e-05	-6.374e-11	-6.9306e-05	6.6946e-07	-6.7358e-07	0.0019174	1.4016e-10	-0.0019168	6.7236e-07	-6.7668e-07	0.012608	4.6343e-10	-0.012582	6.7834e-07	-6.8264e-07	0.031508	9.945e-10	-0.031484	6.873e-07	-6.9136e-07	0.052718	2.1564e-09	-0.052696	6.9658e-07	-7.0088e-07	0.07084	5.1174e-09	-0.070818	7.0422e-07	-7.0816e-07
0.475	1.5026e-06	-3.1334e-10	-1.4941e-06	6.6484e-07	-6.69e-07	7.0326e-05	-6.494e-11	-7.0344e-05	6.6936e-07	-6.7392e-07	0.0019366	1.418e-10	-0.0019346	6.7238e-07	-6.7678e-07	0.01267	4.4842e-10	-0.012648	6.785e-07	-6.83e-07	0.031618	9.983e-10	-0.031594	6.8748e-07	-6.9166e-07	0.052912	2.1434e-09	-0.05289	6.9706e-07	-7.0124e-07	0.07124	5.0768e-09	-0.07122	7.0446e-07	-7.0864e-07
0.48	1.5293e-06	-3.1606e-10	-1.5192e-06	6.6496e-07	-6.6918e-07	7.1376e-05	-6.989e-11	-7.1314e-05	6.6952e-07	-6.7376e-07	0.0019542	1.4265e-10	-0.0019542	6.7236e-07	-6.7698e-07	0.012732	4.5997e-10	-0.012708	6.785e-07	-6.8306e-07	0.031722	9.968e-10	-0.031702	6.8756e-07	-6.9228e-07	0.05309	2.1411e-09	-0.053072	6.9744e-07	-7.0184e-07	0.071624	5.0284e-09	-0.071604	7.0494e-07	-7.0922e-07
0.485	1.5504e-06	-3.2426e-10	-1.547e-06	6.6492e-07	-6.694e-07	7.2386e-05	-6.861e-11	-7.2334e-05	6.6928e-07	-6.737e-07	0.0019726	1.4333e-10	-0.001973	6.7228e-07	-6.7672e-07	0.012794	4.5323e-10	-0.012772	6.7854e-07	-6.8318e-07	0.031828	9.965e-10	-0.03181	6.877e-07	-6.925e-07	0.053276	2.1362e-09	-0.053252	6.9776e-07	-7.0228e-07	0.072008	4.986e-09	-0.071988	7.0558e-07	-7.1e-07
0.49	1.5807e-06	-3.2681e-10	-1.5731e-06	6.647e-07	-6.6938e-07	7.34e-05	-6.903e-11	-7.3468e-05	6.6964e-07	-6.742e-07	0.0019924	1.415e-10	-0.0019912	6.7252e-07	-6.773e-07	0.01286	4.5072e-10	-0.012838	6.7866e-07	-6.8328e-07	0.031938	9.991e-10	-0.031914	6.8798e-07	-6.9264e-07	0.053452	2.1291e-09	-0.053434	6.9806e-07	-7.0262e-07	0.072378	4.9439e-09	-0.072352	7.0594e-07	-7.1026e-07
0.495	1.6065e-06	-3.286e-10	-1.5991e-06	6.6502e-07	-6.6968e-07	7.45e-05	-6.901e-11	-7.4516e-05	6.6924e-07	-6.7396e-07	0.0020106	1.4415e-10	-0.0020106	6.7248e-07	-6.7736e-07	0.012924	4.4977e-10	-0.0129	6.7844e-07	-6.8332e-07	0.032046	9.957e-10	-0.032018	6.8814e-07	-6.9294e-07	0.053624	2.1124e-09	-0.053604	6.9832e-07	-7.0282e-07	0.072744	4.9042e-09	-0.072722	7.0648e-07	-7.111e-07
0.5	1.6341e-06	-3.3718e-10	-1.6289e-06	6.6522e-07	-6.6978e-07	7.5608e-05	-7.073e-11	-7.5574e-05	6.696e-07	-6.7424e-07	0.0020308	1.4011e-10	-0.0020294	6.7246e-07	-6.7732e-07	0.012988	4.5715e-10	-0.012962	6.7854e-07	-6.8356e-07	0.032144	9.912e-10	-0.032126	6.887e-07	-6.9358e-07	0.053804	2.1098e-09	-0.05378	6.9874e-07	-7.0364e-07	0.0731	4.8642e-09	-0.073078	7.0704e-07	-7.1162e-07
0.505	1.6623e-06	-3.4393e-10	-1.6566e-06	6.6522e-07	-6.6966e-07	7.673e-05	-7.221e-11	-7.6712e-05	6.6946e-07	-6.7434e-07	0.0020498	1.4041e-10	-0.00205	6.7242e-07	-6.775e-07	0.013048	4.4203e-10	-0.013028	6.7896e-07	-6.839e-07	0.032252	9.982e-10	-0.032234	6.8878e-07	-6.9356e-07	0.053968	2.1016e-09	-0.05395	6.9906e-07	-7.0376e-07	0.073442	4.8296e-09	-0.073424	7.077e-07	-7.1212e-07
0.51	1.6904e-06	-3.4836e-10	-1.6811e-06	6.6522e-07	-6.7002e-07	7.7788e-05	-7.387e-11	-7.7812e-05	6.694e-07	-6.744e-07	0.0020694	1.3633e-10	-0.002068	6.7236e-07	-6.7744e-07	0.01311	4.4519e-10	-0.013094	6.7882e-07	-6.839e-07	0.032364	9.895e-10	-0.032336	6.8916e-07	-6.94e-07	0.054134	2.094e-09	-0.05412	6.9946e-07	-7.0442e-07	0.073786	4.7917e-09	-0.07376	7.0776e-07	-7.1248e-07
0.515	1.7206e-06	-3.5357e-10	-1.7138e-06	6.6486e-07	-6.6976e-07	7.8952e-05	-7.98e-11	-7.8958e-05	6.6954e-07	-6.7454e-07	0.0020886	1.3649e-10	-0.0020882	6.7238e-07	-6.7742e-07	0.013174	4.3968e-10	-0.013156	6.7894e-07	-6.8438e-07	0.032454	9.944e-10	-0.032444	6.8936e-07	-6.9446e-07	0.0543	2.093e-09	-0.054278	6.9984e-07	-7.0468e-07	0.074114	4.7659e-09	-0.074096	7.0836e-07	-7.1316e-07
0.52	1.7499e-06	-3.5717e-10	-1.7413e-06	6.6504e-07	-6.7026e-07	8.0066e-05	-8.57e-11	-8.0068e-05	6.6946e-07	-6.7482e-07	0.0021078	1.3577e-10	-0.0021074	6.7254e-07	-6.7734e-07	0.013236	4.5339e-10	-0.013218	6.792e-07	-6.8454e-07	0.032564	9.899e-10	-0.032544	6.898e-07	-6.9466e-07	0.054464	2.0891e-09	-0.054438	7e-07	-7.0504e-07	0.074438	4.7424e-09	-0.074422	7.0876e-07	-7.1376e-07
0.525	1.7781e-06	-3.6095e-10	-1.7714e-06	6.6512e-07	-6.6984e-07	8.1206e-05	-9.045e-11	-8.1188e-05	6.6958e-07	-6.7474e-07	0.0021278	1.3503e-10	-0.0021264	6.7232e-07	-6.778e-07	0.013304	4.5221e-10	-0.013284	6.7908e-07	-6.8454e-07	0.032668	9.7864e-10	-0.032646	6.9004e-07	-6.9522e-07	0.054628	2.0847e-09	-0.054606	7.0052e-07	-7.0568e-07	0.074758	4.7054e-09	-0.074738	7.0928e-07	-7.1408e-07
0.53	1.8105e-06	-3.653e-10	-1.8014e-06	6.6528e-07	-6.7014e-07	8.2432e-05	-8.947e-11	-8.2378e-05	6.6952e-07	-6.745e-07	0.0021474	1.3551e-10	-0.0021464	6.7236e-07	-6.7788e-07	0.013368	4.504e-10	-0.013344	6.7924e-07	-6.847e-07	0.032766	9.9067e-10	-0.032752	6.9028e-07	-6.9548e-07	0.054782	2.0773e-09	-0.054762	7.0064e-07	-7.0572e-07	0.075058	4.6693e-09	-0.075046	7.0958e-07	-7.1458e-07
0.535	1.8398e-06	-3.7379e-10	-1.8321e-06	6.6522e-07	-6.7018e-07	8.3642e-05	-9.08e-11	-8.352e-05	6.6946e-07	-6.7488e-07	0.002167	1.4079e-10	-0.002166	6.7252e-07	-6.7786e-07	0.013432	4.4949e-10	-0.01341	6.7954e-07	-6.8496e-07	0.03287	9.7483e-10	-0.03285	6.905e-07	-6.9584e-07	0.054936	2.0687e-09	-0.054918	7.01e-07	-7.0638e-07	0.075372	4.6483e-09	-0.075344	7.1048e-07	-7.1562e-07
0.54	1.8715e-06	-3.8076e-10	-1.8608e-06	6.6532e-07	-6.7056e-07	8.4688e-05	-8.866e-11	-8.4728e-05	6.6978e-07	-6.7502e-07	0.0021864	1.3328e-10	-0.0021866	6.7254e-07	-6.7796e-07	0.013496	4.4424e-10	-0.013472	6.7962e-07	-6.851e-07	0.032972	9.8815e-10	-0.032952	6.907e-07	-6.9594e-07	0.055086	2.0584e-09	-0.05507	7.014e-07	-7.067e-07	0.075664	4.6247e-09	-0.07564	7.1098e-07	-7.1616e-07
0.545	1.8998e-06	-3.8493e-10	-1.8951e-06	6.6526e-07	-6.7056e-07	8.5908e-05	-9.157e-11	-8.5858e-05	6.6954e-07	-6.7494e-07	0.0022058	1.3265e-10	-0.002206	6.7262e-07	-6.7808e-07	0.013556	4.4002e-10	-0.013536	6.796e-07	-6.8526e-07	0.03307	9.8051e-10	-0.033046	6.9076e-07	-6.9626e-07	0.055242	2.0547e-09	-0.055224	7.0186e-07	-7.0718e-07	0.075954	4.5891e-09	-0.075932	7.114e-07	-7.1684e-07
0.55	1.9328e-06	-3.9068e-10	-1.9257e-06	6.6502e-07	-6.706e-07	8.7118e-05	-9.43e-11	-8.7092e-05	6.694e-07	-6.7504e-07	0.0022268	1.3518e-10	-0.002226	6.726e-07	-6.7842e-07	0.013622	4.4615e-10	-0.013598	6.7962e-07	-6.8542e-07	0.03317	9.6989e-10	-0.033148	6.9076e-07	-6.9642e-07	0.055388	2.0425e-09	-0.055374	7.0228e-07	-7.079e-07	0.07623	4.567e-09	-0.076212	7.1212e-07	-7.1744e-07
0.555	1.9656e-06	-3.995e-10	-1.956e-06	6.6534e-07	-6.708e-07	8.8364e-05	-9.958e-11	-8.828e-05	6.6926e-07	-6.7514e-07	0.0022462	1.2994e-10	-0.0022466	6.7258e-07	-6.7854e-07	0.013682	4.4035e-10	-0.013662	6.798e-07	-6.8576e-07	0.033274	9.7158e-10	-0.033254	6.9122e-07	-6.9666e-07	0.055544	2.0531e-09	-0.055524	7.0258e-07	-7.0804e-07	0.076508	4.5466e-09	-0.076488	7.1234e-07	-7.1804e-07
0.56	1.9985e-06	-4.0479e-10	-1.9892e-06	6.6508e-07	-6.706e-07	8.9536e-05	-1.0461e-10	-8.9524e-05	6.6944e-07	-6.7512e-07	0.0022672	1.2507e-10	-0.0022664	6.7278e-07	-6.7872e-07	0.01375	4.3625e-10	-0.013726	6.7984e-07	-6.8572e-07	0.033368	9.6467e-10	-0.033352	6.9134e-07	-6.973e-07	0.055686	2.0362e-09	-0.055666	7.0278e-07	-7.0858e-07	0.076774	4.5178e-09	-0.076754	7.1288e-07	-7.1834e-07
0.565	2.0312e-06	-4.07e-10	-2.0251e-06	6.65e-07	-6.7078e-07	9.0876e-05	-1.0972e-10	-9.086e-05	6.6942e-07	-6.7536e-07	0.0022872	1.2354e-10	-0.0022872	6.726e-07	-6.785e-07	0.013808	4.4101e-10	-0.013782	6.8022e-07	-6.8616e-07	0.03347	9.6995e-10	-0.033444	6.9128e-07	-6.9718e-07	0.055834	2.0336e-09	-0.05581	7.0316e-07	-7.0898e-07	0.077036	4.499e-09	-0.077022	7.1356e-07	-7.1908e-07
0.57	2.0658e-06	-4.1329e-10	-2.0572e-06	6.6542e-07	-6.7116e-07	9.2086e-05	-1.1406e-10	-9.2046e-05	6.6948e-07	-6.7556e-07	0.0023072	1.2713e-10	-0.0023072	6.725e-07	-6.7866e-07	0.013874	4.5129e-10	-0.01385	6.802e-07	-6.861e-07	0.033568	9.7223e-10	-0.03355	6.9168e-07	-6.9758e-07	0.055974	2.0324e-09	-0.05595	7.036e-07	-7.0948e-07	0.07729	4.4769e-09	-0.07728	7.1386e-07	-7.1984e-07
0.575	2.1018e-06	-4.2282e-10	-2.0916e-06	6.6534e-07	-6.7126e-07	9.3348e-05	-1.1603e-10	-9.3308e-05	6.6944e-07	-6.7552e-07	0.0023276	1.2925e-10	-0.0023286	6.728e-07	-6.786e-07	0.013934	4.4129e-10	-0.013912	6.8028e-07	-6.8622e-07	0.033672	9.6469e-10	-0.033648	6.9192e-07	-6.9792e-07	0.056118	2.0244e-09	-0.056094	7.039e-07	-7.099e-07	0.077554	4.4538e-09	-0.077536	7.1462e-07	-7.2032e-07
0.58	2.1358e-06	-4.283e-10	-2.1271e-06	6.6504e-07	-6.7102e-07	9.468e-05	-1.1692e-10	-9.4722e-05	6.6958e-07	-6.76e-07	0.0023488	1.2634e-10	-0.0023482	6.7286e-07	-6.7904e-07	0.013996	4.4773e-10	-0.013976	6.804e-07	-6.8652e-07	0.033768	9.6272e-10	-0.033746	6.9216e-07	-6.9826e-07	0.056256	2.0271e-09	-0.056236	7.0434e-07	-7.1038e-07	0.077804	4.4326e-09	-0.077782	7.1528e-07	-7.21e-07
0.585	2.1729e-06	-4.4028e-10	-2.1628e-06	6.6558e-07	-6.7138e-07	9.5964e-05	-1.17e-10	-9.6006e-05	6.6976e-07	-6.7592e-07	0.002369	1.2432e-10	-0.0023688	6.7284e-07	-6.7922e-07	0.014064	4.4186e-10	-0.01404	6.8068e-07	-6.8676e-07	0.033866	9.6737e-10	-0.033844	6.9248e-07	-6.9868e-07	0.056396	2.0143e-09	-0.05638	7.0502e-07	-7.1112e-07	0.078042	4.4151e-09	-0.078022	7.1556e-07	-7.217e-07
0.59	2.207e-06	-4.4602e-10	-2.1989e-06	6.656e-07	-6.7144e-07	9.7294e-05	-1.2006e-10	-9.7266e-05	6.6978e-07	-6.7566e-07	0.0023898	1.2338e-10	-0.002388	6.7304e-07	-6.7924e-07	0.014122	4.257e-10	-0.0141	6.8074e-07	-6.8706e-07	0.033966	9.7329e-10	-0.033942	6.924e-07	-6.9878e-07	0.05653	2.0155e-09	-0.056512	7.0514e-07	-7.1136e-07	0.078282	4.3984e-09	-0.078262	7.1598e-07	-7.2208e-07
0.595	2.2463e-06	-4.497e-10	-2.2365e-06	6.6544e-07	-6.7154e-07	9.8738e-05	-1.2252e-10	-9.8678e-05	6.6978e-07	-6.7602e-07	0.002411	1.1631e-10	-0.0024112	6.7298e-07	-6.795e-07	0.014186	4.3559e-10	-0.014168	6.8064e-07	-6.8702e-07	0.034062	9.5994e-10	-0.03404	6.9284e-07	-6.9908e-07	0.056674	2.0115e-09	-0.056652	7.057e-07	-7.1192e-07	0.078514	4.3873e-09	-0.078494	7.167e-07	-7.2266e-07
0.6	2.2842e-06	-4.5639e-10	-2.2715e-06	6.6538e-07	-6.7162e-07	9.9982e-05	-1.2925e-10	-9.9998e-05	6.694e-07	-6.7594e-07	0.002432	1.1683e-10	-0.0024304	6.7288e-07	-6.7964e-07	0.014246	4.3299e-10	-0.014228	6.808e-07	-6.874e-07	0.034154	9.6025e-10	-0.034136	6.9324e-07	-6.9968e-07	0.056808	2.0047e-09	-0.056782	7.061e-07	-7.124e-07	0.07874	4.3676e-09	-0.078722	7.1718e-07	-7.2344e-07
0.605	2.3202e-06	-4.6598e-10	-2.3087e-06	6.6538e-07	-6.7182e-07	0.00010132	-1.3438e-10	-0.000101338	6.6958e-07	-6.7624e-07	0.0024534	1.1739e-10	-0.0024516	6.7286e-07	-6.7956e-07	0.014314	4.3654e-10	-0.014292	6.807e-07	-6.874e-07	0.034252	9.5911e-10	-0.03423	6.9306e-07	-6.9966e-07	0.056942	1.9994e-09	-0.056916	7.0624e-07	-7.1292e-07	0.078964	4.3583e-09	-0.078948	7.174e-07	-7.2412e-07
0.61	2.3592e-06	-4.7182e-10	-2.3491e-06	6.653e-07	-6.7184e-07	0.000102744	-1.4132e-10	-0.00010279	6.6978e-07	-6.7636e-07	0.0024734	1.1469e-10	-0.0024738	6.7274e-07	-6.7942e-07	0.014372	4.3023e-10	-0.014354	6.8076e-07	-6.8746e-07	0.034344	9.5775e-10	-0.034328	6.9326e-07	-7.001e-07	0.057074	2.0016e-09	-0.05705	7.0662e-07	-7.1326e-07	0.079174	4.3407e-09	-0.079158	7.1824e-07	-7.2458e-07
0.615	2.3972e-06	-4.8008e-10	-2.3872e-06	6.6534e-07	-6.7192e-07	0.000104246	-1.4436e-10	-0.000104196	6.694e-07	-6.7626e-07	0.002495	1.1383e-10	-0.002494	6.7282e-07	-6.7962e-07	0.014442	4.3728e-10	-0.014418	6.81e-07	-6.8792e-07	0.034448	9.5501e-10	-0.034424	6.9378e-07	-7.0052e-07	0.057204	1.9954e-09	-0.057186	7.0712e-07	-7.1382e-07	0.079394	4.3275e-09	-0.079378	7.1866e-07	-7.2512e-07
0.62	2.4345e-06	-4.8907e-10	-2.425e-06	6.655e-07	-6.722e-07	0.000105606	-1.48e-10	-0.000105554	6.6952e-07	-6.7626e-07	0.002516	1.0983e-10	-0.0025154	6.7286e-07	-6.7968e-07	0.014502	4.3686e-10	-0.014482	6.812e-07	-6.8806e-07	0.034544	9.4946e-10	-0.034522	6.9408e-07	-7.009e-07	0.057332	1.9841e-09	-0.057314	7.073e-07	-7.1408e-07	0.079602	4.3135e-09	-0.079586	7.1902e-07	-7.2574e-07
0.625	2.4745e-06	-4.9717e-10	-2.4657e-06	6.6544e-07	-6.7238e-07	0.000107034	-1.4974e-10	-0.000107002	6.6946e-07	-6.7642e-07	0.0025368	1.1419e-10	-0.002536	6.729e-07	-6.7968e-07	0.014562	4.3352e-10	-0.014542	6.8118e-07	-6.8822e-07	0.034644	9.6236e-10	-0.034616	6.9432e-07	-7.0134e-07	0.057466	1.9906e-09	-0.05744	7.0764e-07	-7.1452e-07	0.079814	4.2992e-09	-0.07979	7.1956e-07	-7.264e-07
0.63	2.516e-06	-5.0503e-10	-2.505e-06	6.656e-07	-6.7246e-07	0.000108474	-1.5168e-10	-0.000108382	6.6964e-07	-6.7664e-07	0.0025586	1.1468e-10	-0.0025584	6.7304e-07	-6.8008e-07	0.014626	4.4016e-10	-0.014604	6.8132e-07	-6.886e-07	0.03473	9.4643e-10	-0.034712	6.9458e-07	-7.0188e-07	0.05759	1.9917e-09	-0.05757	7.0794e-07	-7.1498e-07	0.080018	4.2828e-09	-0.079994	7.2028e-07	-7.2734e-07
0.635	2.5569e-06	-5.1692e-10	-2.5461e-06	6.6546e-07	-6.7252e-07	0.000109966	-1.5515e-10	-0.000109924	6.6948e-07	-6.7672e-07	0.002581	1.058e-10	-0.0025804	6.7286e-07	-6.8024e-07	0.014688	4.282e-10	-0.014666	6.8162e-07	-6.8862e-07	0.034826	9.519e-10	-0.034808	6.9462e-07	-7.0188e-07	0.057726	1.9823e-09	-0.057702	7.0838e-07	-7.1554e-07	0.080212	4.285e-09	-0.08019	7.212e-07	-7.281e-07
0.64	2.6024e-06	-5.2444e-10	-2.5876e-06	6.6528e-07	-6.7266e-07	0.000111452	-1.5839e-10	-0.000111412	6.6954e-07	-6.7678e-07	0.0026024	9.968e-11	-0.002601	6.731e-07	-6.8038e-07	0.014752	4.2386e-10	-0.01473	6.815e-07	-6.8884e-07	0.034922	9.4956e-10	-0.0349	6.9502e-07	-7.0224e-07	0.05785	1.9845e-09	-0.057828	7.0878e-07	-7.1598e-07	0.080406	4.2643e-09	-0.080386	7.217e-07	-7.2876e-07
0.645	2.6412e-06	-5.2794e-10	-2.6285e-06	6.6562e-07	-6.7262e-07	0.000112958	-1.6606e-10	-0.000112914	6.6958e-07	-6.7684e-07	0.0026236	1.0121e-10	-0.002623	6.731e-07	-6.8046e-07	0.014812	4.3203e-10	-0.014792	6.8192e-07	-6.8926e-07	0.035016	9.5225e-10	-0.034996	6.9512e-07	-7.0252e-07	0.057972	1.9785e-09	-0.05796	7.0924e-07	-7.1636e-07	0.080598	4.2567e-09	-0.080584	7.222e-07	-7.2936e-07
0.65	2.6854e-06	-5.3585e-10	-2.677e-06	6.6574e-07	-6.7288e-07	0.000114426	-1.7366e-10	-0.000114474	6.6974e-07	-6.7706e-07	0.002646	1.048e-10	-0.002645	6.7298e-07	-6.8086e-07	0.014878	4.2511e-10	-0.014858	6.8184e-07	-6.8912e-07	0.035116	9.5254e-10	-0.03509	6.9554e-07	-7.029e-07	0.058102	1.9767e-09	-0.058076	7.095e-07	-7.1686e-07	0.080786	4.235e-09	-0.08077	7.2288e-07	-7.3026e-07
0.655	2.7289e-06	-5.4695e-10	-2.7177e-06	6.6584e-07	-6.7288e-07	0.00011628	-1.7698e-10	-0.000115982	6.6952e-07	-6.7708e-07	0.0026678	9.448e-11	-0.0026658	6.731e-07	-6.8082e-07	0.014938	4.3255e-10	-0.014918	6.818e-07	-6.8936e-07	0.03521	9.4023e-10	-0.035186	6.9562e-07	-7.031e-07	0.058226	1.9725e-09	-0.058208	7.1006e-07	-7.1736e-07	0.08098	4.2293e-09	-0.080958	7.2304e-07	-7.3064e-07
0.66	2.7751e-06	-5.5803e-10	-2.7624e-06	6.6564e-07	-6.729e-07	0.00011738	-1.7787e-10	-0.00011758	6.6954e-07	-6.7758e-07	0.00269	9.34e-11	-0.0026882	6.7336e-07	-6.808e-07	0.015002	4.3621e-10	-0.01498	6.8176e-07	-6.8964e-07	0.035304	9.5144e-10	-0.035278	6.958e-07	-7.0356e-07	0.058356	1.9697e-09	-0.05833	7.1064e-07	-7.1822e-07	0.081164	4.2211e-09	-0.08114	7.2368e-07	-7.3144e-07
0.665	2.8182e-06	-5.6776e-10	-2.8082e-06	6.655e-07	-6.7338e-07	0.00011946	-1.8513e-10	-0.00011914	6.6976e-07	-6.7748e-07	0.002711	9.835e-11	-0.00271	6.7304e-07	-6.8122e-07	0.015064	4.2669e-10	-0.015044	6.821e-07	-6.9012e-07	0.035394	9.4985e-10	-0.035376	6.9624e-07	-7.0384e-07	0.058474	1.9666e-09	-0.058454	7.1102e-07	-7.1832e-07	0.081344	4.2048e-09	-0.081322	7.243e-07	-7.3196e-07
0.67	2.8646e-06	-5.7624e-10	-2.8524e-06	6.659e-07	-6.7362e-07	0.0001211	-1.9516e-10	-0.0001207	6.6972e-07	-6.7736e-07	0.0027332	9.58e-11	-0.0027322	6.7318e-07	-6.8104e-07	0.015128	4.2679e-10	-0.015106	6.8246e-07	-6.9036e-07	0.035494	9.4469e-10	-0.035468	6.9624e-07	-7.0422e-07	0.058592	1.9623e-09	-0.058578	7.111e-07	-7.1888e-07	0.08152	4.198e-09	-0.0815	7.2472e-07	-7.326e-07
0.675	2.9151e-06	-5.8468e-10	-2.8964e-06	6.6568e-07	-6.7346e-07	0.00012272	-1.9806e-10	-0.00012236	6.6978e-07	-6.7762e-07	0.0027568	8.598e-11	-0.002755	6.7322e-07	-6.814e-07	0.01519	4.1984e-10	-0.015172	6.8242e-07	-6.9008e-07	0.035588	9.4885e-10	-0.035556	6.9672e-07	-7.0448e-07	0.05871	1.9639e-09	-0.058694	7.1166e-07	-7.197e-07	0.081696	4.1925e-09	-0.081678	7.2552e-07	-7.3358e-07
0.68	2.9542e-06	-5.9634e-10	-2.9451e-06	6.6554e-07	-6.7354e-07	0.00012424	-2.0338e-10	-0.00012394	6.6964e-07	-6.7778e-07	0.0027788	8.984e-11	-0.0027778	6.7318e-07	-6.8116e-07	0.01525	4.1826e-10	-0.01523	6.8258e-07	-6.906e-07	0.035674	9.5771e-10	-0.035652	6.9714e-07	-7.0502e-07	0.058836	1.9574e-09	-0.058818	7.1226e-07	-7.1992e-07	0.081868	4.183e-09	-0.08185	7.2584e-07	-7.3388e-07
0.685	3.0088e-06	-6.0501e-10	-2.9914e-06	6.6552e-07	-6.7346e-07	0.0001259	-2.0514e-10	-0.0001256	6.6956e-07	-6.7768e-07	0.0028006	9.133e-11	-0.0027994	6.7326e-07	-6.8136e-07	0.015316	4.1893e-10	-0.015298	6.8256e-07	-6.91e-07	0.035766	9.4434e-10	-0.03574	6.9716e-07	-7.052e-07	0.05896	1.9618e-09	-0.058942	7.1254e-07	-7.2068e-07	0.082038	4.1785e-09	-0.082016	7.2662e-07	-7.346e-07
0.69	3.0547e-06	-6.1414e-10	-3.0375e-06	6.6578e-07	-6.7356e-07	0.00012754	-2.0853e-10	-0.00012728	6.6964e-07	-6.7774e-07	0.0028236	9.045e-11	-0.0028232	6.7304e-07	-6.8146e-07	0.015378	4.1075e-10	-0.015358	6.8272e-07	-6.9092e-07	0.035862	9.434e-10	-0.03584	6.9708e-07	-7.0556e-07	0.05908	1.9516e-09	-0.059058	7.13e-07	-7.2108e-07	0.08221	4.1661e-09	-0.08219	7.2708e-07	-7.3518e-07
0.695	3.1062e-06	-6.2513e-10	-3.0892e-06	6.6564e-07	-6.7374e-07	0.00012918	-2.1341e-10	-0.00012898	6.697e-07	-6.78e-07	0.0028454	7.685e-11	-0.0028454	6.7344e-07	-6.8158e-07	0.015446	4.1885e-10	-0.01542	6.8278e-07	-6.9126e-07	0.035956	9.3989e-10	-0.035928	6.9768e-07	-7.0598e-07	0.059196	1.9568e-09	-0.05918	7.1332e-07	-7.2154e-07	0.082368	4.1654e-09	-0.082352	7.2782e-07	-7.3604e-07
0.7	3.1531e-06	-6.3448e-10	-3.1407e-06	6.6574e-07	-6.7442e-07	0.0001309	-2.1938e-10	-0.00013072	6.6948e-07	-6.781e-07	0.0028688	7.351e-11	-0.0028686	6.733e-07	-6.8188e-07	0.015506	4.1905e-10	-0.015486	6.8286e-07	-6.9154e-07	0.036046	9.4184e-10	-0.03602	6.9762e-07	-7.0616e-07	0.059322	1.9436e-09	-0.059296	7.1374e-07	-7.2222e-07	0.082538	4.1524e-09	-0.08252	7.2866e-07	-7.3694e-07
0.705	3.2066e-06	-6.4588e-10	-3.1916e-06	6.6584e-07	-6.74e-07	0.00013276	-2.2867e-10	-0.00013236	6.6958e-07	-6.781e-07	0.0028912	8.239e-11	-0.0028898	6.7326e-07	-6.8214e-07	0.01557	4.1524e-10	-0.015544	6.831e-07	-6.915e-07	0.036138	9.4326e-10	-0.036118	6.9828e-07	-7.068e-07	0.059436	1.9509e-09	-0.059418	7.1382e-07	-7.2254e-07	0.0827	4.145e-09	-0.082684	7.2896e-07	-7.3748e-07
0.71	3.2516e-06	-6.5991e-10	-3.2437e-06	6.6582e-07	-6.7426e-07	0.00013444	-2.3636e-10	-0.00013418	6.6984e-07	-6.7842e-07	0.0029134	7.755e-11	-0.0029136	6.7326e-07	-6.8204e-07	0.015628	4.1593e-10	-0.015608	6.8324e-07	-6.9174e-07	0.036232	9.3634e-10	-0.03621	6.9834e-07	-7.07e-07	0.059554	1.9491e-09	-0.059532	7.1462e-07	-7.229e-07	0.082858	4.1385e-09	-0.08284	7.2968e-07	-7.3824e-07
0.715	3.3084e-06	-6.6984e-10	-3.2944e-06	6.6558e-07	-6.744e-07	0.00013622	-2.4448e-10	-0.00013582	6.6964e-07	-6.784e-07	0.002937	7.14e-11	-0.0029364	6.7326e-07	-6.8202e-07	0.015694	4.1417e-10	-0.015672	6.8328e-07	-6.9214e-07	0.036324	9.3851e-10	-0.036298	6.9832e-07	-7.0734e-07	0.05967	1.9441e-09	-0.059648	7.148e-07	-7.2358e-07	0.08302	4.1391e-09	-0.082996	7.3004e-07	-7.3894e-07
0.72	3.359e-06	-6.7716e-10	-3.3469e-06	6.6588e-07	-6.7484e-07	0.000138	-2.4832e-10	-0.00013764	6.697e-07	-6.783e-07	0.0029602	6.886e-11	-0.002959	6.7346e-07	-6.8248e-07	0.01576	4.1596e-10	-0.015734	6.8342e-07	-6.9254e-07	0.03641	9.4018e-10	-0.03639	6.987e-07	-7.0764e-07	0.059784	1.9363e-09	-0.059766	7.151e-07	-7.242e-07	0.083168	4.1285e-09	-0.083154	7.307e-07	-7.3948e-07
0.725	3.4139e-06	-6.8992e-10	-3.4024e-06	6.6594e-07	-6.7474e-07	0.00013976	-2.5601e-10	-0.0001395	6.6976e-07	-6.7882e-07	0.0029826	6.762e-11	-0.0029828	6.7356e-07	-6.8238e-07	0.01582	4.1061e-10	-0.015796	6.836e-07	-6.9268e-07	0.036504	9.3753e-10	-0.036482	6.992e-07	-7.081e-07	0.059908	1.937e-09	-0.059886	7.1556e-07	-7.2468e-07	0.08333	4.1221e-09	-0.083314	7.3122e-07	-7.4038e-07
0.73	3.4678e-06	-7.0112e-10	-3.459e-06	6.659e-07	-6.7484e-07	0.00014158	-2.5823e-10	-0.00014124	6.6976e-07	-6.789e-07	0.0030058	6.243e-11	-0.003005	6.7354e-07	-6.8256e-07	0.01588	4.0119e-10	-0.015862	6.837e-07	-6.9312e-07	0.036592	9.3223e-10	-0.036568	6.9908e-07	-7.0848e-07	0.060022	1.9348e-09	-0.059992	7.1634e-07	-7.254e-07	0.083484	4.1238e-09	-0.083464	7.317e-07	-7.4084e-07
0.735	3.5272e-06	-7.1432e-10	-3.5128e-06	6.6586e-07	-6.751e-07	0.00014326	-2.6411e-10	-0.000143	6.6978e-07	-6.7886e-07	0.0030316	5.92e-11	-0.0030294	6.7334e-07	-6.826e-07	0.015944	4.0826e-10	-0.01592	6.838e-07	-6.9334e-07	0.036688	9.319e-10	-0.036668	6.9964e-07	-7.0898e-07	0.060134	1.9324e-09	-0.060114	7.1654e-07	-7.2584e-07	0.083632	4.1198e-09	-0.083612	7.3246e-07	-7.4186e-07
0.74	3.5803e-06	-7.2486e-10	-3.5654e-06	6.66e-07	-6.753e-07	0.0001452	-2.6775e-10	-0.000145	6.6974e-07	-6.7928e-07	0.0030532	5.902e-11	-0.003054	6.7366e-07	-6.8286e-07	0.01601	4.1037e-10	-0.015984	6.8412e-07	-6.9358e-07	0.036776	9.2794e-10	-0.036758	6.9976e-07	-7.0944e-07	0.060248	1.934e-09	-0.060238	7.1718e-07	-7.264e-07	0.083784	4.1101e-09	-0.083762	7.3324e-07	-7.424e-07
0.745	3.6383e-06	-7.3616e-10	-3.6282e-06	6.6588e-07	-6.7544e-07	0.00014704	-2.768e-10	-0.00014686	6.6954e-07	-6.7904e-07	0.0030768	5.248e-11	-0.0030772	6.7354e-07	-6.83e-07	0.016072	4.1019e-10	-0.01605	6.842e-07	-6.9364e-07	0.036872	9.3266e-10	-0.036842	6.9992e-07	-7.0966e-07	0.060368	1.9291e-09	-0.060342	7.1748e-07	-7.27e-07	0.083934	4.102e-09	-0.083914	7.3394e-07	-7.4334e-07
0.75	3.696e-06	-7.5035e-10	-3.6871e-06	6.6608e-07	-6.7528e-07	0.00014894	-2.8413e-10	-0.0001486	6.6962e-07	-6.7928e-07	0.003102	4.571e-11	-0.0031002	6.7392e-07	-6.8328e-07	0.016132	4.0925e-10	-0.016114	6.8432e-07	-6.9398e-07	0.036962	9.3013e-10	-0.036938	7.0044e-07	-7.1002e-07	0.060478	1.9327e-09	-0.060454	7.1776e-07	-7.2758e-07	0.084074	4.0967e-09	-0.084054	7.3442e-07	-7.44e-07
0.755	3.7606e-06	-7.6382e-10	-3.7406e-06	6.6584e-07	-6.7542e-07	0.00015082	-2.9455e-10	-0.00015048	6.6966e-07	-6.796e-07	0.0031258	4.472e-11	-0.003125	6.7338e-07	-6.8332e-07	0.0162	4.0927e-10	-0.01618	6.8428e-07	-6.9436e-07	0.037052	9.2799e-10	-0.037028	7.006e-07	-7.1042e-07	0.060592	1.9247e-09	-0.060576	7.1842e-07	-7.2814e-07	0.084228	4.093e-09	-0.084206	7.3506e-07	-7.4496e-07
0.76	3.8162e-06	-7.7887e-10	-3.8059e-06	6.659e-07	-6.7558e-07	0.00015278	-3.0336e-10	-0.00015244	6.6966e-07	-6.796e-07	0.0031478	4.938e-11	-0.0031474	6.736e-07	-6.8352e-07	0.016262	4.0859e-10	-0.016236	6.8454e-07	-6.9444e-07	0.037146	9.277e-10	-0.037118	7.01e-07	-7.1078e-07	0.060708	1.923e-09	-0.060682	7.1874e-07	-7.2862e-07	0.084366	4.0901e-09	-0.084354	7.3542e-07	-7.4546e-07
0.765	3.8779e-06	-7.8781e-10	-3.8655e-06	6.6586e-07	-6.756e-07	0.00015472	-3.1027e-10	-0.0001546	6.697e-07	-6.7966e-07	0.0031734	4.407e-11	-0.003173	6.7376e-07	-6.8368e-07	0.01632	4.0096e-10	-0.0163	6.8448e-07	-6.9458e-07	0.037228	9.2814e-10	-0.037214	7.0112e-07	-7.1136e-07	0.060822	1.9236e-09	-0.060802	7.1896e-07	-7.2908e-07	0.084514	4.0898e-09	-0.08449	7.3632e-07	-7.4626e-07
0.77	3.9374e-06	-7.9854e-10	-3.9236e-06	6.661e-07	-6.7606e-07	0.00015666	-3.1585e-10	-0.00015646	6.6968e-07	-6.7996e-07	0.0031972	3.738e-11	-0.0031968	6.7374e-07	-6.8394e-07	0.016388	3.9932e-10	-0.016362	6.8468e-07	-6.948e-07	0.037324	9.2576e-10	-0.037302	7.0154e-07	-7.115e-07	0.060932	1.9186e-09	-0.060908	7.1994e-07	-7.2986e-07	0.08465	4.0796e-09	-0.084636	7.3712e-07	-7.4686e-07
0.775	3.9956e-06	-8.1428e-10	-3.9857e-06	6.6612e-07	-6.763e-07	0.00015884	-3.1986e-10	-0.00015834	6.6958e-07	-6.7986e-07	0.0032222	3.194e-11	-0.0032214	6.7376e-07	-6.8412e-07	0.016448	3.9673e-10	-0.016428	6.8468e-07	-6.9506e-07	0.037414	9.1712e-10	-0.037396	7.019e-07	-7.1226e-07	0.061038	1.9172e-09	-0.061024	7.1996e-07	-7.3016e-07	0.0848	4.077e-09	-0.084784	7.375e-07	-7.4774e-07
0.78	4.0643e-06	-8.2682e-10	-4.0523e-06	6.6608e-07	-6.763e-07	0.00016074	-3.2782e-10	-0.00016042	6.7e-07	-6.801e-07	0.0032454	2.754e-11	-0.0032452	6.7382e-07	-6.843e-07	0.016508	3.9073e-10	-0.016484	6.8484e-07	-6.9542e-07	0.037502	9.2316e-10	-0.037484	7.02e-07	-7.1256e-07	0.061156	1.9262e-09	-0.061136	7.2036e-07	-7.309e-07	0.084938	4.0772e-09	-0.084918	7.381e-07	-7.4826e-07
0.785	4.1291e-06	-8.4074e-10	-4.1123e-06	6.6604e-07	-6.7644e-07	0.00016282	-3.3523e-10	-0.00016242	6.6982e-07	-6.8006e-07	0.0032708	2.634e-11	-0.0032698	6.741e-07	-6.8446e-07	0.016574	4.0331e-10	-0.01655	6.8504e-07	-6.9564e-07	0.037592	9.2192e-10	-0.037566	7.0218e-07	-7.1292e-07	0.06126	1.91e-09	-0.061242	7.2088e-07	-7.3138e-07	0.085078	4.0692e-09	-0.08506	7.3862e-07	-7.49e-07
0.79	4.1918e-06	-8.5675e-10	-4.1791e-06	6.659e-07	-6.7636e-07	0.00016486	-3.4445e-10	-0.00016452	6.6978e-07	-6.8042e-07	0.0032938	2.35e-11	-0.0032936	6.7386e-07	-6.8462e-07	0.016636	4.0152e-10	-0.01661	6.8528e-07	-6.9582e-07	0.037682	9.1793e-10	-0.037662	7.0272e-07	-7.1354e-07	0.061376	1.9147e-09	-0.061356	7.215e-07	-7.3208e-07	0.085212	4.0639e-09	-0.085192	7.395e-07	-7.5002e-07
0.795	4.2628e-06	-8.705e-10	-4.2431e-06	6.6616e-07	-6.7664e-07	0.00016692	-3.5206e-10	-0.00016656	6.6974e-07	-6.8046e-07	0.003319	2.055e-11	-0.003318	6.7402e-07	-6.8466e-07	0.016696	3.9882e-10	-0.01668	6.8534e-07	-6.9616e-07	0.037772	9.2541e-10	-0.03775	7.03e-07	-7.1382e-07	0.061482	1.9156e-09	-0.061468	7.2174e-07	-7.3264e-07	0.085348	4.0667e-09	-0.08533	7.4006e-07	-7.5078e-07
0.8	4.3289e-06	-8.8149e-10	-4.3125e-06	6.6624e-07	-6.7702e-07	0.00016892	-3.6564e-10	-0.00016878	6.6982e-07	-6.808e-07	0.003345	1.271e-11	-0.0033426	6.7402e-07	-6.85e-07	0.016766	3.9473e-10	-0.01674	6.8536e-07	-6.9644e-07	0.037868	9.1766e-10	-0.037842	7.0328e-07	-7.143e-07	0.061594	1.9172e-09	-0.061574	7.2238e-07	-7.3304e-07	0.085488	4.0601e-09	-0.085466	7.4066e-07	-7.5142e-07
0.805	4.3927e-06	-8.9706e-10	-4.3845e-06	6.66e-07	-6.7688e-07	0.00017108	-3.7364e-10	-0.00017082	6.6982e-07	-6.808e-07	0.0033684	9.92e-12	-0.0033678	6.7402e-07	-6.8516e-07	0.016824	3.9325e-10	-0.016806	6.856e-07	-6.9672e-07	0.037954	9.1212e-10	-0.03793	7.0344e-07	-7.148e-07	0.061698	1.9079e-09	-0.061686	7.2264e-07	-7.3364e-07	0.085616	4.0662e-09	-0.0856	7.4112e-07	-7.52e-07
0.81	4.4674e-06	-9.1515e-10	-4.4525e-06	6.6628e-07	-6.7728e-07	0.00017334	-3.8161e-10	-0.00017298	6.6964e-07	-6.8106e-07	0.0033934	4.17e-12	-0.0033934	6.738e-07	-6.854e-07	0.016886	3.8805e-10	-0.016866	6.86e-07	-6.9722e-07	0.03804	9.1627e-10	-0.038024	7.04e-07	-7.1526e-07	0.061808	1.9116e-09	-0.061798	7.232e-07	-7.3438e-07	0.085754	4.0573e-09	-0.085738	7.4164e-07	-7.5284e-07
0.815	4.5388e-06	-9.2538e-10	-4.5189e-06	6.6604e-07	-6.7726e-07	0.00017544	-3.8684e-10	-0.0001753	6.6976e-07	-6.8098e-07	0.003418	3.92e-12	-0.003418	6.7406e-07	-6.8544e-07	0.016952	3.8469e-10	-0.016928	6.8584e-07	-6.973e-07	0.03813	9.1157e-10	-0.038114	7.04e-07	-7.156e-07	0.06192	1.9158e-09	-0.0619	7.2362e-07	-7.348e-07	0.08589	4.0523e-09	-0.085866	7.4256e-07	-7.539e-07
0.82	4.611e-06	-9.4168e-10	-4.5978e-06	6.663e-07	-6.7752e-07	0.0001776	-3.9692e-10	-0.00017728	6.697e-07	-6.8104e-07	0.0034436	-8.8e-13	-0.0034422	6.741e-07	-6.8572e-07	0.017012	3.7963e-10	-0.016994	6.8632e-07	-6.979e-07	0.03822	9.1593e-10	-0.038196	7.047e-07	-7.1634e-07	0.062028	1.9068e-09	-0.062022	7.2404e-07	-7.3534e-07	0.086018	4.0517e-09	-0.085998	7.4282e-07	-7.546e-07
0.825	4.6875e-06	-9.5969e-10	-4.6685e-06	6.6628e-07	-6.777e-07	0.00017994	-4.0265e-10	-0.00017952	6.6984e-07	-6.814e-07	0.0034682	-5.74e-12	-0.003468	6.7422e-07	-6.8608e-07	0.017076	3.8207e-10	-0.017056	6.8618e-07	-6.9798e-07	0.03831	9.1604e-10	-0.038286	7.0478e-07	-7.1666e-07	0.062144	1.9052e-09	-0.062124	7.2466e-07	-7.3622e-07	0.086146	4.0475e-09	-0.08612	7.4354e-07	-7.5522e-07
0.83	4.755e-06	-9.7457e-10	-4.7403e-06	6.661e-07	-6.7804e-07	0.00018212	-4.1112e-10	-0.00018194	6.7e-07	-6.8168e-07	0.0034926	-1.412e-11	-0.0034936	6.742e-07	-6.8598e-07	0.017146	3.7968e-10	-0.017118	6.8626e-07	-6.984e-07	0.0384	9.2149e-10	-0.038378	7.0494e-07	-7.1688e-07	0.062252	1.9091e-09	-0.062236	7.2488e-07	-7.3692e-07	0.086278	4.049e-09	-0.086258	7.443e-07	-7.561e-07
0.835	4.8324e-06	-9.9015e-10	-4.8168e-06	6.6604e-07	-6.7802e-07	0.00018426	-4.2324e-10	-0.00018412	6.698e-07	-6.8162e-07	0.0035186	-2.057e-11	-0.003517	6.7426e-07	-6.8622e-07	0.0172	3.7934e-10	-0.01718	6.866e-07	-6.9862e-07	0.038488	9.1535e-10	-0.038466	7.0512e-07	-7.1724e-07	0.062354	1.9087e-09	-0.062332	7.2524e-07	-7.375e-07	0.086406	4.0489e-09	-0.086392	7.448e-07	-7.569e-07
0.84	4.9051e-06	-1.00681e-09	-4.8928e-06	6.6636e-07	-6.7826e-07	0.00018666	-4.3518e-10	-0.00018634	6.6988e-07	-6.8162e-07	0.0035452	-2.068e-11	-0.0035446	6.7436e-07	-6.864e-07	0.017268	3.7064e-10	-0.017252	6.8664e-07	-6.9908e-07	0.038582	9.1158e-10	-0.038558	7.0538e-07	-7.1806e-07	0.062462	1.9023e-09	-0.062446	7.26e-07	-7.381e-07	0.086532	4.0459e-09	-0.086518	7.4544e-07	-7.5764e-07
0.845	4.9833e-06	-1.02245e-09	-4.9624e-06	6.6614e-07	-6.7836e-07	0.00018902	-4.4533e-10	-0.00018878	6.6994e-07	-6.8218e-07	0.0035716	-3.356e-11	-0.0035692	6.7432e-07	-6.8682e-07	0.017334	3.7432e-10	-0.017312	6.8664e-07	-6.993e-07	0.038664	9.1219e-10	-0.038646	7.0568e-07	-7.1836e-07	0.062572	1.9038e-09	-0.06255	7.2632e-07	-7.3876e-07	0.086662	4.0441e-09	-0.086648	7.4622e-07	-7.5836e-07
0.85	5.0611e-06	-1.03725e-09	-5.0468e-06	6.664e-07	-6.7838e-07	0.00019142	-4.5501e-10	-0.0001911	6.6992e-07	-6.8216e-07	0.003595	-3.272e-11	-0.0035944	6.7426e-07	-6.868e-07	0.017396	3.702e-10	-0.017372	6.8694e-07	-6.9972e-07	0.038754	9.1764e-10	-0.03874	7.0618e-07	-7.1886e-07	0.062674	1.9046e-09	-0.062656	7.2684e-07	-7.3916e-07	0.08679	4.0465e-09	-0.08677	7.4698e-07	-7.5924e-07
0.855	5.1483e-06	-1.05391e-09	-5.1287e-06	6.665e-07	-6.789e-07	0.00019368	-4.6617e-10	-0.00019354	6.6972e-07	-6.8218e-07	0.003622	-3.86e-11	-0.0036202	6.7452e-07	-6.8718e-07	0.01746	3.6874e-10	-0.017438	6.8706e-07	-7.0004e-07	0.038846	9.1273e-10	-0.038826	7.0646e-07	-7.1938e-07	0.062784	1.9084e-09	-0.062762	7.275e-07	-7.3996e-07	0.08692	4.0458e-09	-0.086892	7.474e-07	-7.5986e-07
0.86	5.2232e-06	-1.07211e-09	-5.2028e-06	6.6616e-07	-6.7886e-07	0.00019606	-4.7361e-10	-0.00019586	6.6976e-07	-6.8252e-07	0.0036476	-4.921e-11	-0.0036476	6.7438e-07	-6.8724e-07	0.017524	3.6179e-10	-0.017502	6.8706e-07	-7.0008e-07	0.038936	9.0832e-10	-0.038912	7.0682e-07	-7.1974e-07	0.062896	1.9019e-09	-0.06287	7.279e-07	-7.4062e-07	0.08704	4.0405e-09	-0.08702	7.4816e-07	-7.6094e-07
0.865	5.3012e-06	-1.09097e-09	-5.2919e-06	6.6632e-07	-6.7904e-07	0.00019842	-4.8155e-10	-0.00019842	6.697e-07	-6.8266e-07	0.0036732	-5.34e-11	-0.0036734	6.7452e-07	-6.8756e-07	0.017588	3.6704e-10	-0.01756	6.8722e-07	-7.0034e-07	0.039024	8.9809e-10	-0.039006	7.068e-07	-7.2018e-07	0.063004	1.908e-09	-0.062974	7.281e-07	-7.4098e-07	0.087168	4.041e-09	-0.087146	7.4882e-07	-7.615e-07
0.87	5.392e-06	-1.10884e-09	-5.3792e-06	6.6644e-07	-6.7906e-07	0.00020092	-4.913e-10	-0.00020066	6.6984e-07	-6.8296e-07	0.0036988	-4.821e-11	-0.0036992	6.7456e-07	-6.8768e-07	0.01765	3.6297e-10	-0.017628	6.8744e-07	-7.0104e-07	0.039108	9.0349e-10	-0.039096	7.0734e-07	-7.206e-07	0.063102	1.901e-09	-0.063082	7.2884e-07	-7.4182e-07	0.08729	4.0402e-09	-0.087268	7.4966e-07	-7.626e-07
0.875	5.4735e-06	-1.12682e-09	-5.456e-06	6.6638e-07	-6.795e-07	0.00020326	-5.0252e-10	-0.00020302	6.6976e-07	-6.83e-07	0.0037274	-5.176e-11	-0.003726	6.7434e-07	-6.8778e-07	0.01771	3.5857e-10	-0.017692	6.8774e-07	-7.0126e-07	0.039198	9.0514e-10	-0.039182	7.0736e-07	-7.2098e-07	0.06321	1.8983e-09	-0.063192	7.2936e-07	-7.4258e-07	0.087414	4.0426e-09	-0.087398	7.5016e-07	-7.6336e-07
0.88	5.5659e-06	-1.14608e-09	-5.5452e-06	6.6626e-07	-6.7958e-07	0.00020584	-5.1362e-10	-0.00020544	6.6982e-07	-6.8308e-07	0.0037534	-6.579e-11	-0.0037526	6.7436e-07	-6.881e-07	0.017776	3.5684e-10	-0.017752	6.8792e-07	-7.0188e-07	0.039288	9.0407e-10	-0.039272	7.0768e-07	-7.2182e-07	0.063314	1.9024e-09	-0.063292	7.297e-07	-7.4322e-07	0.087544	4.0434e-09	-0.087522	7.5088e-07	-7.6402e-07
0.885	5.6564e-06	-1.1626e-09	-5.6303e-06	6.6644e-07	-6.798e-07	0.0002082	-5.2727e-10	-0.00020794	6.701e-07	-6.8356e-07	0.0037798	-7.756e-11	-0.0037784	6.7464e-07	-6.885e-07	0.01784	3.5768e-10	-0.017816	6.8778e-07	-7.0198e-07	0.039378	9.0615e-10	-0.039356	7.081e-07	-7.2226e-07	0.063418	1.9014e-09	-0.063402	7.3026e-07	-7.4384e-07	0.08766	4.0426e-09	-0.08764	7.5162e-07	-7.6512e-07
0.89	5.7382e-06	-1.1771e-09	-5.7231e-06	6.6632e-07	-6.7988e-07	0.00021072	-5.4098e-10	-0.00021058	6.6982e-07	-6.836e-07	0.003806	-8.2e-11	-0.0038054	6.7464e-07	-6.8882e-07	0.017904	3.5531e-10	-0.017886	6.8798e-07	-7.0258e-07	0.039466	9.0637e-10	-0.039446	7.083e-07	-7.2252e-07	0.063524	1.8928e-09	-0.0635	7.3074e-07	-7.4462e-07	0.087778	4.0412e-09	-0.087754	7.5214e-07	-7.6592e-07
0.895	5.8282e-06	-1.197e-09	-5.8108e-06	6.6652e-07	-6.8034e-07	0.0002134	-5.5286e-10	-0.00021314	6.699e-07	-6.8366e-07	0.0038324	-7.862e-11	-0.0038318	6.7486e-07	-6.8894e-07	0.017968	3.4847e-10	-0.017946	6.883e-07	-7.0294e-07	0.03955	9.0454e-10	-0.039534	7.086e-07	-7.2296e-07	0.06363	1.8938e-09	-0.063604	7.3122e-07	-7.4536e-07	0.087896	4.0464e-09	-0.08788	7.5262e-07	-7.6688e-07
0.9	5.9187e-06	-1.2167e-09	-5.9046e-06	6.664e-07	-6.8038e-07	0.00021604	-5.6243e-10	-0.00021572	6.6976e-07	-6.8386e-07	0.0038582	-8.656e-11	-0.003859	6.747e-07	-6.8924e-07	0.01803	3.4859e-10	-0.018012	6.8822e-07	-7.0308e-07	0.039642	8.9702e-10	-0.039622	7.091e-07	-7.2358e-07	0.063736	1.8931e-09	-0.06372	7.3152e-07	-7.4598e-07	0.088024	4.0416e-09	-0.088	7.5338e-07	-7.6772e-07
