101 6.16698364919646e-07
104.18 5.77832808035053e-07
107.361 5.68316299025563e-07
110.541 4.77874838512988e-07
113.721 3.55065308822999e-07
116.902 3.12776284476368e-07
120.082 3.40745404226226e-07
123.262 4.01997267674339e-07
126.443 3.86412941784651e-07
129.623 3.70688280598866e-07
132.803 4.2610483705748e-07
135.983 4.79967435756282e-07
139.164 5.09406278382402e-07
142.344 4.7973622866437e-07
145.524 5.5190500005454e-07
148.705 5.15741476253714e-07
151.885 5.10310848558267e-07
155.065 4.67805647671948e-07
158.246 3.62096715230927e-07
161.426 3.12202027084627e-07
164.606 2.96210592123666e-07
167.787 2.6030971248383e-07
170.967 2.45465266532585e-07
174.147 3.30959612378967e-07
177.328 4.65065967630987e-07
180.508 5.17682970515626e-07
183.688 4.80691671122859e-07
186.868 4.17650447229174e-07
190.049 3.74148994967142e-07
193.229 3.29181549210217e-07
196.409 3.44291201526678e-07
199.59 4.00940098142627e-07
202.77 3.68639953698025e-07
205.95 2.87254126562589e-07
209.131 3.25914232751703e-07
212.311 3.76489251878301e-07
215.491 3.53402431156651e-07
218.672 2.73943788795083e-07
221.852 2.33747266105803e-07
225.032 2.46511818387964e-07
228.213 3.16752164081601e-07
231.393 3.84195518898866e-07
234.573 3.97242397819411e-07
237.753 3.18509437162949e-07
240.934 2.78087642190642e-07
244.114 2.49858481530232e-07
247.294 1.949549700483e-07
250.475 2.48469917305711e-07
253.655 2.90497543793234e-07
256.835 3.53455058243692e-07
260.016 3.47229355786766e-07
263.196 3.16643682255907e-07
264.196 3.02812294044856e-07
272.598 3.30175056155865e-07
281.001 3.34251546951608e-07
289.403 3.26932560450736e-07
297.806 3.25447169661254e-07
306.208 3.16612784467211e-07
314.611 3.30392042775501e-07
323.013 3.41521690437989e-07
331.415 3.39822087579292e-07
339.818 3.05015360288283e-07
348.22 2.63350685205515e-07
356.623 2.96911613808177e-07
365.025 3.20593868250192e-07
373.428 3.1910429986304e-07
381.83 2.850484429751e-07
390.232 2.80020043236627e-07
398.635 2.78204438161093e-07
407.037 2.69229265689795e-07
415.44 2.66081550144448e-07
423.842 3.25305576894447e-07
432.245 3.40777648727002e-07
440.647 3.11600655220974e-07
449.049 2.80345139024329e-07
457.452 2.62217563071112e-07
465.854 2.46995196390551e-07
474.257 2.42122235132705e-07
482.659 2.33144962531325e-07
491.062 2.34901935964152e-07
499.464 2.20772341909007e-07
507.867 2.23426997569567e-07
516.269 2.24148553289776e-07
524.671 2.1579214182234e-07
533.074 2.53348684887281e-07
541.476 2.68243439736977e-07
549.879 2.74761819023022e-07
558.281 2.65310708712875e-07
566.684 2.44884093123186e-07
575.086 1.7880622345582e-07
583.488 1.7524556665068e-07
591.891 1.91174732295542e-07
600.293 2.29579163725285e-07
608.696 2.40581411459639e-07
617.098 2.25527717310029e-07
625.501 2.0897926042844e-07
633.903 2.0453298530343e-07
642.305 2.28696995050501e-07
650.708 2.41966536241326e-07
659.11 2.46734953154047e-07
667.513 2.00853378722915e-07
675.915 1.83152879935434e-07
684.318 1.95531784325131e-07
692.72 2.06157090628323e-07
693.72 1.93550003081367e-07
715.867 2.28592029318496e-07
738.014 2.29087786287912e-07
760.161 1.92247744683289e-07
782.307 1.61785419164287e-07
804.454 2.11881054463858e-07
826.601 2.22867766077698e-07
848.748 1.62529302906116e-07
870.895 2.08210447463424e-07
893.042 1.95482153889077e-07
915.189 1.78931928818994e-07
937.335 1.3919266875128e-07
959.482 1.70474398476e-07
981.629 1.74301300270378e-07
1003.776 1.84203183051245e-07
1025.923 1.87887899435802e-07
1048.07 1.85358180352921e-07
1070.217 1.92220627105057e-07
1092.364 2.32635861008482e-07
1114.51 1.70055047066196e-07
1136.657 1.39211440628749e-07
1158.804 1.4695145079312e-07
1180.951 1.28083060855725e-07
1203.098 1.42326056223858e-07
1225.245 1.62268878287942e-07
1247.392 1.82150170028334e-07
1269.538 1.55540102853153e-07
1291.685 1.83498047800683e-07
1313.832 1.6034146397564e-07
1335.979 1.35290318053892e-07
1358.126 1.3828764734482e-07
1380.273 1.15681959543817e-07
1402.42 1.47416685627554e-07
1424.566 1.60088177560616e-07
1446.713 1.65357981250358e-07
1468.86 1.4572642155353e-07
1491.007 1.60113888496963e-07
1513.154 1.36002109787436e-07
1535.301 1.54324582759307e-07
1557.448 1.29596712054919e-07
1579.595 1.59977776551458e-07
1601.741 1.40496021844754e-07
1623.888 1.10287616226894e-07
1646.035 1.3533460315436e-07
1668.182 1.40152383335992e-07
1690.329 1.51747534440148e-07
1712.476 1.73069277957557e-07
1734.623 1.25334611446373e-07
1756.769 1.44300346042094e-07
1778.916 9.71186017754325e-08
1801.063 1.20701328640753e-07
1823.21 1.60874026464505e-07
1824.21 1.37005742341875e-07
1882.531 1.2350126809385e-07
1940.853 1.13512032777446e-07
1999.174 1.37098486713837e-07
2057.495 1.45549651268651e-07
2115.817 1.33669910748156e-07
2174.138 1.11649774260923e-07
2232.46 1.21039285673832e-07
2290.781 1.32414955491104e-07
2349.102 1.24441471670801e-07
2407.424 1.26989923133685e-07
2465.745 1.11872658122349e-07
2524.066 1.12327756158669e-07
2582.388 1.44020248084966e-07
2640.709 1.07836536554072e-07
2699.031 7.62925679912426e-08
2757.352 8.6112839720969e-08
2815.673 9.45618133960691e-08
2873.995 1.18264414643036e-07
2932.316 1.47244993026399e-07
2990.637 1.33502223532219e-07
3048.959 9.56793829996986e-08
3107.28 9.35818319951691e-08
3165.602 1.1752334196248e-07
3223.923 1.19409763024195e-07
3282.244 9.99211341866279e-08
3340.566 9.73227647591107e-08
3398.887 1.18169008335144e-07
3457.208 1.07824274841691e-07
3515.53 8.76097035188256e-08
3573.851 7.87120725657379e-08
3632.173 9.80865582773558e-08
3690.494 9.45469766792277e-08
3748.815 1.00341167263999e-07
3807.137 9.72940788024322e-08
3865.458 7.58126447409546e-08
3923.779 7.77830588508876e-08
3982.101 7.34751574358023e-08
4040.422 7.60727046050415e-08
4098.744 9.58632224416264e-08
4157.065 9.31441595145482e-08
4215.386 9.59999015695388e-08
4273.708 9.48368849239616e-08
4332.029 6.68633477827423e-08
4390.35 6.91843685450233e-08
4448.672 6.99915407738504e-08
4506.993 8.32887250856232e-08
4565.315 8.0010348492157e-08
4623.636 8.73286730549924e-08
4681.957 8.8881455361309e-08
4740.279 8.42677423360962e-08
4798.6 7.78029628383358e-08
4799.6 1.03840736943811e-07
4953.131 9.98774254065193e-08
5106.663 1.02229860736563e-07
5260.194 8.68989533185057e-08
5413.725 7.57689260272228e-08
5567.257 7.22942798827753e-08
5720.788 6.5857327094709e-08
5874.32 5.71247730349e-08
6027.851 6.02781261940383e-08
6181.382 5.88952899273588e-08
6334.914 6.17437620225459e-08
6488.445 7.23494281536783e-08
6641.976 8.21138843240794e-08
6795.508 7.10797889328802e-08
6949.039 7.83040316396822e-08
7102.571 8.49642327627157e-08
7256.102 7.02444446996499e-08
7409.633 7.6884048125012e-08
7563.165 6.79807779987857e-08
7716.696 7.11294873323626e-08
7870.227 5.929727882948e-08
8023.759 6.56008950119039e-08
8177.29 6.40567213828957e-08
8330.822 7.03964716514857e-08
8484.353 7.59860818817252e-08
8637.884 7.51143950023112e-08
8791.416 5.88821087654329e-08
8944.947 5.52128629543876e-08
9098.478 5.9607939862731e-08
9252.01 6.18232515053319e-08
9405.541 5.37967894150076e-08
9559.073 5.53735502480229e-08
9712.604 6.0941527259742e-08
9866.135 7.05780502302063e-08
10019.667 5.8136762520799e-08
10173.198 4.80648828946734e-08
10326.729 4.11683143018619e-08
10480.261 4.63440393654644e-08
10633.792 5.71181371236182e-08
10787.324 5.8418701409103e-08
10940.855 6.87022046442566e-08
11094.386 6.41565916564767e-08
11247.918 4.71771841354471e-08
11401.449 3.45345224907772e-08
11554.98 3.05461462254709e-08
11708.512 3.85578077108957e-08
11862.043 5.06367882907001e-08
12015.575 5.14332775380616e-08
12169.106 4.33908381502727e-08
12322.637 4.49444334291776e-08
12476.169 3.66645500445746e-08
12629.7 5.73558306068465e-08
12630.7 4.86427069474036e-08
13034.822 6.10617019400392e-08
13438.943 6.93592993550984e-08
13843.065 5.635446080515e-08
14247.186 5.47201868126896e-08
14651.308 6.02119831373138e-08
15055.429 6.05015655682801e-08
15459.551 5.80135303654882e-08
15863.673 5.3081263836847e-08
16267.794 5.37412912033513e-08
16671.916 4.99288418491042e-08
17076.037 4.31477705127391e-08
17480.159 4.79150580835414e-08
17884.28 4.6422624644029e-08
18288.402 3.59458676902345e-08
18692.524 4.51806302957453e-08
19096.645 4.96812184675318e-08
19500.767 4.44971236749629e-08
19904.888 4.79336130848713e-08
20309.01 5.5610932373276e-08
20713.131 5.50638359557259e-08
21117.253 3.96972109345559e-08
21521.375 2.48306311769141e-08
21925.496 3.32217963082061e-08
22329.618 3.46815849264161e-08
22733.739 3.05941345012256e-08
23137.861 4.09780314000856e-08
23541.982 4.09645747743435e-08
23946.104 3.45197890579033e-08
24350.225 2.7372249629541e-08
24754.347 2.90282511964494e-08
25158.469 2.93584587621887e-08
25562.59 2.49603901798773e-08
25966.712 3.10495877443434e-08
26370.833 3.0959397668332e-08
26774.955 2.45057993929303e-08
27179.076 2.99216543258265e-08
27583.198 3.82910727825585e-08
27987.32 4.07138520739003e-08
28391.441 4.12235281226377e-08
28795.563 4.51950881136449e-08
29199.684 4.12965824837104e-08
29603.806 3.69742522273943e-08
30007.927 3.81906094453098e-08
30412.049 3.59751092411631e-08
30816.171 3.62019147725527e-08
31220.292 2.9928322788275e-08
31624.414 2.77677531447345e-08
32028.535 3.30737408138751e-08
32432.657 3.37157420886559e-08
32836.778 3.3916351426088e-08
33240.9 4.00665472092689e-08
33241.9 3.43988840577746e-08
34305.559 2.71159795972659e-08
35369.218 2.45884565015821e-08
36432.876 2.75332693644592e-08
37496.535 3.04661402747605e-08
38560.194 3.1657781236468e-08
39623.853 3.01780185031546e-08
40687.512 2.98321736607323e-08
41751.171 2.84846283241615e-08
42814.829 2.68769004324293e-08
43878.488 2.92669375122698e-08
44942.147 3.41174810777139e-08
46005.806 3.14601366296962e-08
47069.465 2.69150299746958e-08
48133.124 3.4906381554568e-08
49196.782 3.75640276899535e-08
50260.441 3.89820285329974e-08
51324.1 3.61103525702756e-08
52387.759 3.17386000959361e-08
53451.418 3.17444788636417e-08
54515.076 3.49396867192389e-08
55578.735 3.41127887983013e-08
56642.394 2.83706842569417e-08
57706.053 2.39792643956184e-08
58769.712 2.06665710767714e-08
59833.371 2.27264741168415e-08
60897.029 2.43270792229345e-08
61960.688 2.58517412382729e-08
63024.347 2.7944101682328e-08
64088.006 3.22449545483309e-08
65151.665 3.71154026198132e-08
66215.324 3.50667241890694e-08
67278.982 3.11400153400568e-08
68342.641 3.12164724269126e-08
69406.3 3.26924909726014e-08
70469.959 3.1221122868189e-08
71533.618 2.32337531737665e-08
72597.276 2.0427125483392e-08
73660.935 1.83566024691959e-08
74724.594 1.94339528927716e-08
75788.253 2.40244810427472e-08
76851.912 2.49778615720108e-08
77915.571 2.52715481783398e-08
78979.229 2.57916586950244e-08
80042.888 2.63239474589451e-08
81106.547 2.7070685159563e-08
82170.206 2.84893190412112e-08
83233.865 3.03402122635523e-08
84297.524 2.62800324425168e-08
85361.182 1.9239592422644e-08
86424.841 1.72365202779594e-08
87488.5 1.81854347541533e-08
87489.5 1.99074448831996e-08
90289.039 2.25262697911304e-08
93088.578 2.50716757240573e-08
95888.118 2.51570217822137e-08
98687.657 2.5599187513182e-08
101487.196 2.49083045845641e-08
104286.735 2.37849089834385e-08
107086.275 1.92411527685529e-08
109885.814 2.09787788941486e-08
112685.353 2.24816556962962e-08
115484.892 2.27624817412894e-08
118284.431 2.14218639103142e-08
121083.971 2.10107834661707e-08
123883.51 1.93525696512818e-08
126683.049 1.72339909761652e-08
129482.588 1.55765851181914e-08
132282.127 1.41883464242365e-08
135081.667 1.4294486581078e-08
137881.206 1.66948337968499e-08
140680.745 1.80386937502823e-08
143480.284 1.59456200173487e-08
146279.824 1.46627361077964e-08
149079.363 1.72650039539752e-08
151878.902 2.00191001977333e-08
154678.441 2.21924620527324e-08
157477.98 2.23340116750089e-08
160277.52 2.08299826091063e-08
163077.059 1.82949419664128e-08
165876.598 1.89488892335532e-08
168676.137 1.78377656670746e-08
171475.676 1.70251317302723e-08
174275.216 1.4712080352102e-08
177074.755 1.76712288843422e-08
179874.294 1.76672702319018e-08
182673.833 1.8699165355282e-08
185473.373 1.83660717381367e-08
188272.912 1.81217831382004e-08
191072.451 1.55884327332814e-08
193871.99 1.34058488912305e-08
196671.529 1.43636278796606e-08
199471.069 1.4545690830117e-08
202270.608 1.49261467573803e-08
205070.147 1.40814529391444e-08
207869.686 1.06102896230046e-08
210669.225 1.0063322328968e-08
213468.765 1.19283547393409e-08
216268.304 1.34798330197929e-08
219067.843 1.62891758847307e-08
221867.382 1.86029486653417e-08
224666.922 1.99865046228516e-08
227466.461 1.99484582819813e-08
230266 1.73131996515044e-08
230267 1.33338198953711e-08
237635.294 1.48893972110289e-08
245003.588 1.71380259370616e-08
252371.882 1.02788024497762e-08
259740.176 2.01277702545881e-08
267108.471 2.00087878839294e-08
274476.765 1.57156887589137e-08
281845.059 1.08004055857268e-08
289213.353 1.5260763130763e-08
296581.647 1.8810823577858e-08
303949.941 1.82417290000535e-08
311318.235 1.20793964044472e-08
318686.529 1.22675875571428e-08
326054.824 1.48054719218101e-08
333423.118 1.29337508377423e-08
340791.412 1.38458227208672e-08
348159.706 1.3801458707369e-08
355528 1.32231005703382e-08
362896.294 1.33937374799832e-08
370264.588 1.09847557870612e-08
377632.882 9.86861711096606e-09
385001.176 1.29605896485831e-08
392369.471 1.42740705226406e-08
399737.765 8.07247853135759e-09
407106.059 1.07328425899322e-08
414474.353 1.33981362943823e-08
421842.647 8.26490712734448e-09
429210.941 1.17220121246082e-08
436579.235 1.22282969469719e-08
443947.529 9.008535772108e-09
451315.824 9.87722074884917e-09
458684.118 1.21877853205107e-08
466052.412 1.2707446390158e-08
473420.706 1.26005514317673e-08
480789 1.09371629984539e-08
488157.294 1.0312690521229e-08
495525.588 1.35610161270249e-08
502893.882 1.14053200421604e-08
510262.176 9.5457844664891e-09
517630.471 1.29601804510679e-08
524998.765 1.25496413296335e-08
532367.059 1.28716404179734e-08
539735.353 1.4310152831921e-08
547103.647 1.19621075532398e-08
554471.941 6.89001228286444e-09
561840.235 8.13094437241288e-09
569208.529 8.77179924095119e-09
576576.824 1.02116261910918e-08
583945.118 9.35985552351404e-09
591313.412 1.188035492783e-08
598681.706 9.65645451407519e-09
606050 9.0612654948537e-09
606051 1.0213263566134e-08
625444.118 9.67945775505784e-09
644837.235 1.26444160626375e-08
664230.353 9.28676232081271e-09
683623.471 8.3787385139045e-09
703016.588 1.16375694731472e-08
722409.706 1.0139814521561e-08
741802.824 7.19335992001359e-09
761195.941 1.0980773837734e-08
780589.059 1.19571915644528e-08
799982.176 8.35847574974352e-09
819375.294 8.75880560655904e-09
838768.412 6.36416159318838e-09
858161.529 8.51492508449698e-09
877554.647 9.44262263431296e-09
896947.765 9.00646667466877e-09
916340.882 1.03841140397699e-08
935734 9.24574618989292e-09
955127.118 7.96766912952082e-09
974520.235 9.40482897402969e-09
993913.353 9.56459875562219e-09
1013306.471 8.95462603549498e-09
1032699.588 7.2231540474401e-09
1052092.706 7.89661507799829e-09
1071485.824 5.76162728602809e-09
1090878.941 1.06869963831882e-08
1110272.059 8.72334552826554e-09
1129665.176 4.9744216141291e-09
1149058.294 1.01182809275406e-08
1168451.412 8.61435113812742e-09
1187844.529 9.01378971728511e-09
1207237.647 6.8081471300428e-09
1226630.765 6.87349925356831e-09
1246023.882 7.9970403578168e-09
1265417 8.44304264428706e-09
1284810.118 8.46521030032661e-09
1304203.235 6.29251187182413e-09
1323596.353 8.64490430640828e-09
1342989.471 8.63181906467529e-09
1362382.588 9.15198085210619e-09
1381775.706 8.05143017167337e-09
1401168.824 1.12309233087391e-08
1420561.941 9.73699082803479e-09
1439955.059 8.63593472627922e-09
1459348.176 7.55412013164882e-09
1478741.294 8.71596163408031e-09
1498134.412 7.89390425504913e-09
1517527.529 7.98849381038552e-09
1536920.647 7.53906585934505e-09
1556313.765 8.03724200360868e-09
1575706.882 8.41567790889736e-09
1595100 8.40228440718559e-09
1595100 9.0836923070837e-09
1646141.765 7.78819883895162e-09
1697183.529 5.24647485751546e-09
1748225.294 8.44532745138205e-09
1799267.059 6.59262286629395e-09
1850308.824 7.85046354466754e-09
1901350.588 5.78691700778949e-09
1952392.353 8.32627500738536e-09
2003434.118 6.37452940064211e-09
2054475.882 5.85973414269446e-09
2105517.647 8.43837489557045e-09
2156559.412 7.12234936424089e-09
2207601.176 6.94246576745142e-09
2258642.941 7.27331295090516e-09
2309684.706 6.6561721919018e-09
2360726.471 6.24429833168493e-09
2411768.235 6.42909369883433e-09
2462810 8.63826269077583e-09
2513851.765 7.13530746927605e-09
2564893.529 5.35673271292491e-09
2615935.294 4.79562696920726e-09
2666977.059 7.198758561705e-09
2718018.824 7.04486376074188e-09
2769060.588 5.41264032603821e-09
2820102.353 5.4169789922893e-09
2871144.118 5.78330970462924e-09
2922185.882 6.23695894615792e-09
2973227.647 6.03083619617243e-09
3024269.412 6.23428602638516e-09
3075311.176 6.30700982726931e-09
3126352.941 7.08517524679011e-09
3177394.706 5.98101637679982e-09
3228436.471 6.3576584674034e-09
3279478.235 5.51152909475771e-09
3330520 6.25491280717535e-09
3381561.765 5.96141824888698e-09
3432603.529 6.44549556188013e-09
3483645.294 6.28557882462993e-09
3534687.059 5.83511284696295e-09
3585728.824 5.45385785791664e-09
3636770.588 5.58852482717816e-09
3687812.353 6.18760631933321e-09
3738854.118 5.1570357527675e-09
3789895.882 4.06275542415483e-09
3840937.647 5.61459513670633e-09
3891979.412 6.25766069618935e-09
3943021.176 4.40661733031064e-09
3994062.941 4.73672403961776e-09
4045104.706 5.20017438124724e-09
4096146.471 6.30020044904469e-09
4147188.235 5.4651007849875e-09
4198230 6.05912192540281e-09
4198230 4.9212950801415e-09
4332570.588 4.86951563545902e-09
4466911.176 4.46060470720771e-09
4601251.765 4.98512594993653e-09
4735592.353 4.04338302335937e-09
4869932.941 4.21527970322834e-09
5004273.529 5.80710533505323e-09
5138614.118 4.02553036261132e-09
5272954.706 4.65753087944871e-09
5407295.294 5.47908713521193e-09
5541635.882 4.64074594276541e-09
5675976.471 4.4550314925204e-09
5810317.059 5.62504942018187e-09
5944657.647 5.31530242337059e-09
6078998.235 4.45763374557474e-09
6213338.824 4.90017560744874e-09
6347679.412 3.71025598064644e-09
6482020 4.4472347011069e-09
6616360.588 4.2784988049745e-09
6750701.176 4.55354162811131e-09
6885041.765 4.55140300562788e-09
7019382.353 4.83176640774743e-09
7153722.941 3.78697214893921e-09
7288063.529 3.90795886521155e-09
7422404.118 3.07099165134785e-09
7556744.706 5.03928532766522e-09
7691085.294 4.18995785708228e-09
7825425.882 5.05240900894395e-09
7959766.471 4.51214091553033e-09
8094107.059 3.62084194889697e-09
8228447.647 3.37312424846142e-09
8362788.235 4.91895230335866e-09
8497128.824 4.07360353827313e-09
8631469.412 4.19730687374352e-09
8765810 2.34199848189012e-09
8900150.588 3.61792815374109e-09
9034491.176 4.2914364743162e-09
9168831.765 4.25566558642461e-09
9303172.353 3.83516225142033e-09
9437512.941 4.20933934055924e-09
9571853.529 3.79792250104245e-09
9706194.118 5.22489536393813e-09
9840534.706 4.44538356023098e-09
9974875.294 3.75222045184625e-09
10109215.882 3.90071667275383e-09
10243556.471 2.68606434459103e-09
10377897.059 4.33898447932871e-09
10512237.647 4.31079860122793e-09
10646578.235 4.18890853440732e-09
10780918.824 4.61842603730385e-09
10915259.412 3.81313063237612e-09
11049600 4.55174908282044e-09
11049600 4.35257004911315e-09
11403174.51 3.68921063853906e-09
11756749.02 3.94786838236457e-09
12110323.529 3.94550090813509e-09
12463898.039 3.66968967861791e-09
12817472.549 4.15236152716167e-09
13171047.059 3.58982008691271e-09
13524621.569 3.9871427312122e-09
13878196.078 4.637922869935e-09
14231770.588 3.29598765006648e-09
14585345.098 4.63311291142173e-09
14938919.608 3.24964816953815e-09
15292494.118 3.36919978010252e-09
15646068.627 3.15675641530833e-09
15999643.137 3.4991606653404e-09
16353217.647 3.12192975109787e-09
16706792.157 2.46341416410754e-09
17060366.667 3.76419823748757e-09
17413941.176 3.47192413366879e-09
17767515.686 3.38913949134073e-09
18121090.196 4.65871802845833e-09
18474664.706 3.95107422433141e-09
18828239.216 3.84428383436736e-09
19181813.725 3.38952911866404e-09
19535388.235 4.22618859080881e-09
19888962.745 3.68008229653912e-09
20242537.255 3.2703292861396e-09
20596111.765 3.57884069357548e-09
20949686.275 3.71101930354623e-09
21303260.784 3.61026130173991e-09
21656835.294 3.59308426232793e-09
22010409.804 2.91377567415104e-09
22363984.314 3.66284096687477e-09
22717558.824 4.36531435710825e-09
23071133.333 3.84823013007541e-09
23424707.843 4.47085554387302e-09
23778282.353 3.16968144589408e-09
24131856.863 3.45208628169426e-09
24485431.373 3.14449981475005e-09
24839005.882 2.4545265563665e-09
25192580.392 3.44569764177587e-09
25546154.902 2.76186320883574e-09
25899729.412 4.32847200485289e-09
26253303.922 2.68417849022683e-09
26606878.431 3.07951851069824e-09
26960452.941 2.9607363439742e-09
27314027.451 3.31289222694297e-09
27667601.961 3.76787419266789e-09
28021176.471 2.98441547085438e-09
28374750.98 3.27073853905171e-09
28728325.49 2.67791510292602e-09
29081900 3.04627501193797e-09
29081900 4.52504849428489e-09
30012498.039 2.91203556320236e-09
30943096.078 2.82059288654268e-09
31873694.118 3.11350844829957e-09
32804292.157 2.88355463988443e-09
33734890.196 2.99894729882636e-09
34665488.235 3.76002002196183e-09
35596086.275 4.27940192138971e-09
36526684.314 3.50361889477091e-09
37457282.353 3.28508981850281e-09
38387880.392 1.81477803067012e-09
39318478.431 3.0336860561652e-09
40249076.471 2.99488616737251e-09
41179674.51 4.02473892512484e-09
42110272.549 2.26838297165214e-09
43040870.588 3.24316652752299e-09
43971468.627 4.30126920965801e-09
44902066.667 3.1875046967647e-09
45832664.706 3.36612580074994e-09
46763262.745 2.52571380921888e-09
47693860.784 3.07682667501389e-09
48624458.824 2.87021794689124e-09
49555056.863 4.0007403686532e-09
50485654.902 3.54393428923963e-09
51416252.941 3.35561405931902e-09
52346850.98 3.17727916967393e-09
53277449.02 2.79563402220677e-09
54208047.059 3.1523805056052e-09
55138645.098 2.71774195669024e-09
56069243.137 4.02701743567348e-09
56999841.176 2.8702887576046e-09
57930439.216 2.28271251548984e-09
58861037.255 3.52758214791077e-09
59791635.294 2.62953041245436e-09
60722233.333 2.74047551553248e-09
61652831.373 2.43257729362096e-09
62583429.412 2.2748527369651e-09
63514027.451 1.83367420175447e-09
64444625.49 2.69725187159327e-09
65375223.529 2.0664218589737e-09
66305821.569 2.20423653088826e-09
67236419.608 -0
68167017.647 1.24272460091001e-09
69097615.686 2.57894470361205e-09
70028213.725 1.19517247733352e-09
70958811.765 3.19293126819038e-09
71889409.804 2.74439425281358e-09
72820007.843 -0
73750605.882 1.35914933444661e-09
74681203.922 3.19600641266506e-09
75611801.961 3.4864201139672e-09
76542400 2.84141702717176e-09
76542400 5.49398060957607e-09
78991686.275 4.09720975332795e-09
81440972.549 1.71877699931583e-09
83890258.824 -0
86339545.098 2.53493289238743e-09
88788831.373 5.70511529480775e-09
91238117.647 3.12490864872078e-09
93687403.922 2.07410304269015e-09
96136690.196 1.60113637660891e-08
98585976.471 -0
101035262.745 -0
103484549.02 7.91180441372919e-09
105933835.294 -0
108383121.569 3.48367492291644e-09
110832407.843 1.17542996919444e-09
113281694.118 -0
115730980.392 4.19130969603455e-09
118180266.667 3.11907107988643e-09
120629552.941 -0
123078839.216 3.30477458974633e-09
125528125.49 -0
127977411.765 4.67994921744557e-09
130426698.039 1.42470236204372e-09
132875984.314 5.89815440893491e-09
135325270.588 1.11993612865369e-09
137774556.863 -0
140223843.137 -0
142673129.412 1.24780693321286e-09
145122415.686 -0
147571701.961 5.59471670900478e-09
150020988.235 -0
152470274.51 -0
154919560.784 -0
157368847.059 -0
159818133.333 -0
162267419.608 -0
164716705.882 -0
167165992.157 -0
169615278.431 -0
172064564.706 6.0448013064211e-09
174513850.98 8.41823244433253e-09
176963137.255 9.01082855033489e-09
179412423.529 6.45689154161502e-09
181861709.804 -0
184310996.078 -0
186760282.353 8.31211216414559e-09
189209568.627 3.22158202893853e-09
191658854.902 7.04680439167461e-09
194108141.176 -0
196557427.451 -0
199006713.725 -0
201456000 -0
