101 3.61066019230757e-07
104.18 3.80509266047712e-07
107.361 3.21160448275776e-07
110.541 2.93347458159826e-07
113.721 2.95716350459402e-07
116.902 3.05501903708321e-07
120.082 3.0382200091541e-07
123.262 2.70593162361063e-07
126.443 2.31424846490621e-07
129.623 1.83298867337551e-07
132.803 2.34514512939706e-07
135.983 2.21608983917365e-07
139.164 2.16600361595198e-07
142.344 2.35300861471904e-07
145.524 2.57185624783075e-07
148.705 2.51386349398918e-07
151.885 2.37869305091034e-07
155.065 2.30167623498986e-07
158.246 2.57478950500625e-07
161.426 2.70398639061051e-07
164.606 2.68939019068017e-07
167.787 2.76064103288374e-07
170.967 2.41753647200831e-07
174.147 2.42512950465369e-07
177.328 2.80769350584838e-07
180.508 2.95396310097324e-07
183.688 2.85466186640359e-07
186.868 2.70807655558768e-07
190.049 2.22334176016236e-07
193.229 2.0097627325181e-07
196.409 2.01477161436624e-07
199.59 2.0739606931531e-07
202.77 2.21878123801799e-07
205.95 2.09317863777401e-07
209.131 1.90941539641401e-07
212.311 1.71020091505879e-07
215.491 1.89452981400848e-07
218.672 1.63514655161439e-07
221.852 1.38633488839998e-07
225.032 1.7765306112162e-07
228.213 2.30982278267693e-07
231.393 2.30005869172263e-07
234.573 1.99611555827214e-07
237.753 2.04759260720999e-07
240.934 2.38846166112892e-07
244.114 2.33005448638761e-07
247.294 2.09473609888355e-07
250.475 2.04017279853302e-07
253.655 1.74246271077328e-07
256.835 1.73296055522703e-07
260.016 1.59984754660833e-07
263.196 1.77109820871151e-07
264.196 2.5552466228238e-07
272.598 2.41372593513914e-07
281.001 2.22732851031988e-07
289.403 1.56722665526492e-07
297.806 1.27676253124437e-07
306.208 1.19014254985369e-07
314.611 1.37412399239706e-07
323.013 1.45789726988952e-07
331.415 1.75659048099461e-07
339.818 1.69463803764592e-07
348.22 1.64369372800117e-07
356.623 1.5805717528241e-07
365.025 1.59872330940603e-07
373.428 1.63166057401872e-07
381.83 1.6063610833211e-07
390.232 1.541020686348e-07
398.635 1.63225431265925e-07
407.037 1.76648486835946e-07
415.44 1.76780674940016e-07
423.842 1.86712212758347e-07
432.245 1.97196436336685e-07
440.647 1.65532870611053e-07
449.049 1.42626230661676e-07
457.452 1.27461246613031e-07
465.854 1.26863193143608e-07
474.257 1.47328695091773e-07
482.659 1.58705819213065e-07
491.062 1.53029009906242e-07
499.464 1.54663563478803e-07
507.867 1.60979766935329e-07
516.269 1.64125677834518e-07
524.671 1.71167029394076e-07
533.074 1.60421986471982e-07
541.476 1.38965606020905e-07
549.879 1.22171308550223e-07
558.281 1.33697818458405e-07
566.684 1.46349510151216e-07
575.086 1.2997238258734e-07
583.488 1.21935816470273e-07
591.891 1.2359818768088e-07
600.293 1.16144980808233e-07
608.696 1.05053295883478e-07
617.098 1.08802611960209e-07
625.501 1.17560131235905e-07
633.903 1.17955763091493e-07
642.305 1.22471266701412e-07
650.708 1.34387391495156e-07
659.11 1.45013060962045e-07
667.513 1.53846491204023e-07
675.915 1.4886780256233e-07
684.318 1.32070996226108e-07
692.72 1.33888876010598e-07
693.72 1.2657867926824e-07
715.867 1.34359156851177e-07
738.014 1.12178869660507e-07
760.161 1.03902957022026e-07
782.307 1.12640722529033e-07
804.454 1.07037576431294e-07
826.601 7.89326941580287e-08
848.748 9.52141838278729e-08
870.895 1.28182407129624e-07
893.042 1.28972916468668e-07
915.189 1.07867613227099e-07
937.335 9.50251865087779e-08
959.482 1.02486368134403e-07
981.629 1.17817182059997e-07
1003.776 9.54210534234661e-08
1025.923 7.59895630295644e-08
1048.07 1.28047072562367e-07
1070.217 1.18234949065727e-07
1092.364 1.21218809735373e-07
1114.51 1.34049962159234e-07
1136.657 1.42431092024738e-07
1158.804 1.36294497029623e-07
1180.951 1.19797168893554e-07
1203.098 1.02630693720903e-07
1225.245 1.09392469420598e-07
1247.392 7.81455564612035e-08
1269.538 7.92320748182148e-08
1291.685 8.78789799596246e-08
1313.832 9.92326362563206e-08
1335.979 1.00009446570686e-07
1358.126 8.02597097914185e-08
1380.273 9.94023859385448e-08
1402.42 9.64933628040814e-08
1424.566 1.07456674739007e-07
1446.713 7.82284489223207e-08
1468.86 8.54074230173818e-08
1491.007 1.08383728470154e-07
1513.154 1.11076824881545e-07
1535.301 8.2390894510632e-08
1557.448 6.27804991886984e-08
1579.595 8.11150610403251e-08
1601.741 9.50945379123398e-08
1623.888 9.757893661099e-08
1646.035 8.5754723513966e-08
1668.182 4.91207859847835e-08
1690.329 7.07839223736421e-08
1712.476 9.86892411712384e-08
1734.623 1.07802629269021e-07
1756.769 1.10721515208464e-07
1778.916 7.26428264872007e-08
1801.063 7.81659923509099e-08
1823.21 8.44306214698413e-08
1824.21 6.38806427034304e-08
1882.531 8.04236658006796e-08
1940.853 9.04378750408941e-08
1999.174 9.84563981690588e-08
2057.495 8.53312214923405e-08
2115.817 8.50835697490977e-08
2174.138 8.01296797834103e-08
2232.46 6.49764301806275e-08
2290.781 8.30754453995536e-08
2349.102 8.3372419706255e-08
2407.424 9.54998358105293e-08
2465.745 6.31727881466694e-08
2524.066 6.96928576279926e-08
2582.388 5.36369396817184e-08
2640.709 5.69468038683865e-08
2699.031 7.25004410633088e-08
2757.352 4.56215795346124e-08
2815.673 6.4196037578144e-08
2873.995 7.09970280232646e-08
2932.316 6.09908693977723e-08
2990.637 4.82319909054715e-08
3048.959 6.15318327800643e-08
3107.28 7.6425513552021e-08
3165.602 7.44493026201706e-08
3223.923 6.24136666554754e-08
3282.244 6.87237544583232e-08
3340.566 6.02635378210194e-08
3398.887 5.98762023347385e-08
3457.208 5.44612452628729e-08
3515.53 4.63600957583002e-08
3573.851 5.89006548678697e-08
3632.173 7.54211476962524e-08
3690.494 5.94638183887909e-08
3748.815 6.65387356827192e-08
3807.137 8.51944287215188e-08
3865.458 7.29835853500157e-08
3923.779 6.5901340150563e-08
3982.101 4.70726118507834e-08
4040.422 6.65644320689231e-08
4098.744 8.2488209141703e-08
4157.065 7.27850225384771e-08
4215.386 4.95158994027202e-08
4273.708 4.92985919095985e-08
4332.029 5.24562297269009e-08
4390.35 5.85523441471817e-08
4448.672 5.14297497338102e-08
4506.993 4.00606448428008e-08
4565.315 4.76759499546351e-08
4623.636 6.15915579964117e-08
4681.957 6.81318385128872e-08
4740.279 6.673860616514e-08
4798.6 5.59108645499887e-08
4799.6 5.66736973897631e-08
4953.131 5.5910064160201e-08
5106.663 4.53325296638181e-08
5260.194 5.10742784266043e-08
5413.725 5.13731753264713e-08
5567.257 4.91975188002957e-08
5720.788 4.65723414604228e-08
5874.32 4.86584861988022e-08
6027.851 4.42647770464663e-08
6181.382 4.17780055800382e-08
6334.914 5.19528534000268e-08
6488.445 5.08769692340192e-08
6641.976 3.50915463345591e-08
6795.508 4.59774522105389e-08
6949.039 5.06065952384376e-08
7102.571 6.12013453791095e-08
7256.102 5.14158181464544e-08
7409.633 4.25330514280965e-08
7563.165 5.83650549283117e-08
7716.696 5.61347783670866e-08
7870.227 4.49695423602787e-08
8023.759 3.9162439157832e-08
8177.29 3.55390204892389e-08
8330.822 5.72999141578152e-08
8484.353 5.18918633300611e-08
8637.884 3.94171812853674e-08
8791.416 4.85238081967372e-08
8944.947 4.51117007419054e-08
9098.478 3.52271884056153e-08
9252.01 3.6824475799487e-08
9405.541 4.06293422721958e-08
9559.073 4.17948453986055e-08
9712.604 5.18554381840706e-08
9866.135 4.22971600693659e-08
10019.667 4.25074374894513e-08
10173.198 3.1058688411141e-08
10326.729 3.12812997944511e-08
10480.261 3.4060525611887e-08
10633.792 4.18918197708093e-08
10787.324 3.97676409126871e-08
10940.855 3.2522021519603e-08
11094.386 3.24715003651879e-08
11247.918 4.30264160057371e-08
11401.449 4.06421622232946e-08
11554.98 3.24473058579103e-08
11708.512 4.20794710515681e-08
11862.043 4.49356322250092e-08
12015.575 4.02173881829661e-08
12169.106 3.83691113379203e-08
12322.637 3.28845193180534e-08
12476.169 3.2849217840174e-08
12629.7 3.95109996736017e-08
12630.7 4.32517637974793e-08
13034.822 3.66674569772771e-08
13438.943 3.6320134311004e-08
13843.065 3.67134664250185e-08
14247.186 3.2277767364165e-08
14651.308 3.42674992103339e-08
15055.429 4.01763425856084e-08
15459.551 3.88482774806779e-08
15863.673 4.28025478595037e-08
16267.794 4.14742807732604e-08
16671.916 3.79131754404224e-08
17076.037 3.90890596984096e-08
17480.159 3.50381908315001e-08
17884.28 2.97535808761329e-08
18288.402 3.66978100305016e-08
18692.524 3.71089007050124e-08
19096.645 3.63142837835996e-08
19500.767 3.98044766309646e-08
19904.888 3.73973578964588e-08
20309.01 3.19128850711403e-08
20713.131 2.87748043618099e-08
21117.253 2.68335157174313e-08
21521.375 2.85023937953347e-08
21925.496 3.23913641696044e-08
22329.618 3.42394185140372e-08
22733.739 2.93796753489887e-08
23137.861 2.87955494430562e-08
23541.982 2.92388076035624e-08
23946.104 2.96946692248465e-08
24350.225 3.52956059833297e-08
24754.347 3.8093241961841e-08
25158.469 3.82850917893165e-08
25562.59 3.29461587137354e-08
25966.712 2.27301350241599e-08
26370.833 2.10134666395217e-08
26774.955 2.59972435248585e-08
27179.076 2.50012120345684e-08
27583.198 2.29641169820586e-08
27987.32 3.16844731095786e-08
28391.441 3.13784643318534e-08
28795.563 3.34651821825386e-08
29199.684 3.55398194921322e-08
29603.806 3.49273697905801e-08
30007.927 3.10027951925703e-08
30412.049 2.86731835695463e-08
30816.171 2.48217309262566e-08
31220.292 2.81133525507612e-08
31624.414 2.48344278235775e-08
32028.535 2.2409231698636e-08
32432.657 2.51011373667127e-08
32836.778 2.87374163194313e-08
33240.9 2.50895178794375e-08
33241.9 2.61408349647556e-08
34305.559 2.48166501432208e-08
35369.218 2.44019962903365e-08
36432.876 2.35823712739466e-08
37496.535 2.42049271012164e-08
38560.194 2.2560887713648e-08
39623.853 2.01923484659658e-08
40687.512 1.91270651002401e-08
41751.171 1.92876699484529e-08
42814.829 2.91197659515159e-08
43878.488 3.23495213655447e-08
44942.147 2.71186232633831e-08
46005.806 2.41095761180743e-08
47069.465 2.32664262102692e-08
48133.124 2.5684043117627e-08
49196.782 2.55987217273664e-08
50260.441 2.55107711890202e-08
51324.1 2.46795059219168e-08
52387.759 2.21112343125984e-08
53451.418 1.86355241173586e-08
54515.076 2.12005103651543e-08
55578.735 2.3583603986028e-08
56642.394 1.9877621132472e-08
57706.053 1.76309562913221e-08
58769.712 1.74387306946181e-08
59833.371 2.21418438738926e-08
60897.029 2.61728231907336e-08
61960.688 2.6850610905777e-08
63024.347 2.34675654765541e-08
64088.006 2.34242248239124e-08
65151.665 2.25982579709034e-08
66215.324 2.06452861035961e-08
67278.982 1.89367845403916e-08
68342.641 1.72302506573131e-08
69406.3 1.58203414708551e-08
70469.959 1.53172469894531e-08
71533.618 1.95781617126601e-08
72597.276 1.85866732354268e-08
73660.935 1.63798734917586e-08
74724.594 1.73944187575292e-08
75788.253 1.91072807502871e-08
76851.912 2.11792170517216e-08
77915.571 2.06572432801711e-08
78979.229 2.0065703311592e-08
80042.888 2.03733404909918e-08
81106.547 1.93744237515059e-08
82170.206 1.99182011743046e-08
83233.865 1.90802573170803e-08
84297.524 1.88808246504187e-08
85361.182 2.01962955230165e-08
86424.841 1.83884151767733e-08
87488.5 1.60335660115281e-08
87489.5 1.62183252439007e-08
90289.039 1.50247375881113e-08
93088.578 1.35615013544982e-08
95888.118 1.38876927641822e-08
98687.657 1.47999249595696e-08
101487.196 1.51651772628231e-08
104286.735 1.63104070981656e-08
107086.275 1.45520862482459e-08
109885.814 1.22102510604694e-08
112685.353 1.39573503770605e-08
115484.892 1.66699529738324e-08
118284.431 2.01161425163464e-08
121083.971 2.15036179868105e-08
123883.51 2.07039920933315e-08
126683.049 1.5233877106309e-08
129482.588 1.22135669267106e-08
132282.127 1.02890925389346e-08
135081.667 1.06222430869984e-08
137881.206 1.07009474171648e-08
140680.745 1.09495782258394e-08
143480.284 1.11887232208244e-08
146279.824 1.07102725202914e-08
149079.363 1.19102146784618e-08
151878.902 1.0036175735664e-08
154678.441 8.33683652577535e-09
157477.98 8.94170681695762e-09
160277.52 1.041050885308e-08
163077.059 1.03246740858001e-08
165876.598 8.97800886225673e-09
168676.137 9.07515559707908e-09
171475.676 1.00242110117128e-08
174275.216 1.15406430992502e-08
177074.755 1.21147957203101e-08
179874.294 1.37275685186855e-08
182673.833 1.52305118486984e-08
185473.373 1.54570364179285e-08
188272.912 1.3347921112209e-08
191072.451 1.05488927355984e-08
193871.99 1.10871289709545e-08
196671.529 1.42762488544035e-08
199471.069 1.51167060381329e-08
202270.608 1.41326650157126e-08
205070.147 1.25843050885468e-08
207869.686 1.09124170560091e-08
210669.225 1.08198174763747e-08
213468.765 1.15605528958308e-08
216268.304 1.32570830158614e-08
219067.843 1.26717348088437e-08
221867.382 1.06699823384962e-08
224666.922 9.18754771442281e-09
227466.461 8.94529352758451e-09
230266 1.09961688693665e-08
230267 8.80143231729253e-09
237635.294 9.10831441219262e-09
245003.588 1.30122382937204e-08
252371.882 1.41884652216176e-08
259740.176 1.38476732414485e-08
267108.471 1.11110718282102e-08
274476.765 8.54412228379014e-09
281845.059 8.51657056194999e-09
289213.353 1.21357096220582e-08
296581.647 1.09933351796821e-08
303949.941 1.09788599272665e-08
311318.235 1.34756144043198e-08
318686.529 9.75350538198965e-09
326054.824 1.17888813864814e-08
333423.118 1.00131223019673e-08
340791.412 1.09020017850046e-08
348159.706 1.19447668731851e-08
355528 8.21351571177945e-09
362896.294 1.0825918772603e-08
370264.588 7.84972766162432e-09
377632.882 1.14169418827603e-08
385001.176 9.41054724980061e-09
392369.471 7.60354773489879e-09
399737.765 9.24280616936896e-09
407106.059 1.00886889834834e-08
414474.353 8.90219786540355e-09
421842.647 7.39729812641667e-09
429210.941 8.00171023405566e-09
436579.235 7.81377241396043e-09
443947.529 6.16494002843137e-09
451315.824 7.34040943384855e-09
458684.118 7.46668252099607e-09
466052.412 8.40119807904773e-09
473420.706 8.40581735169316e-09
480789 1.1409865434138e-08
488157.294 6.20510514345263e-09
495525.588 7.31891737074576e-09
502893.882 7.51895072424042e-09
510262.176 7.34971329496622e-09
517630.471 7.37001240238802e-09
524998.765 7.84074810249252e-09
532367.059 4.16658711724351e-09
539735.353 6.73394010334446e-09
547103.647 6.53060109415176e-09
554471.941 9.46423569737318e-09
561840.235 1.0358930083747e-08
569208.529 1.00198175308911e-08
576576.824 7.40683230184139e-09
583945.118 7.56605235660145e-09
591313.412 8.83072927594084e-09
598681.706 6.39043185696902e-09
606050 7.3465663579618e-09
606051 9.44161350952064e-09
625444.118 8.10559765521322e-09
644837.235 8.93972354327738e-09
664230.353 7.82353475965321e-09
683623.471 6.9669135053992e-09
703016.588 6.34397073926722e-09
722409.706 6.92866972195825e-09
741802.824 9.48999829948347e-09
761195.941 6.09617207830588e-09
780589.059 7.83841106458889e-09
799982.176 6.3273102319325e-09
819375.294 6.17713269798098e-09
838768.412 7.61436085401112e-09
858161.529 8.55080661536869e-09
877554.647 6.9802784663104e-09
896947.765 5.48492496700375e-09
916340.882 5.94311962880653e-09
935734 6.09917920697629e-09
955127.118 5.38487265729199e-09
974520.235 6.49710196576973e-09
993913.353 7.85744998033664e-09
1013306.471 7.02640518780384e-09
1032699.588 5.36232419203376e-09
1052092.706 4.86179835165546e-09
1071485.824 6.47564557122392e-09
1090878.941 8.53849794746242e-09
1110272.059 5.98255156848855e-09
1129665.176 6.03895263840255e-09
1149058.294 5.22342678128337e-09
1168451.412 5.70573062620826e-09
1187844.529 5.85654014783677e-09
1207237.647 7.70194963449837e-09
1226630.765 6.45942431736211e-09
1246023.882 5.58405134481889e-09
1265417 6.28761664200846e-09
1284810.118 5.62514697085836e-09
1304203.235 5.95017725421068e-09
1323596.353 5.0153315127929e-09
1342989.471 5.22224551628825e-09
1362382.588 4.69813569455499e-09
1381775.706 6.03756089479862e-09
1401168.824 6.34420631504966e-09
1420561.941 4.9186686519639e-09
1439955.059 6.00947012388112e-09
1459348.176 5.43598875355106e-09
1478741.294 6.78320957243973e-09
1498134.412 5.73191222247781e-09
1517527.529 5.62756731107221e-09
1536920.647 4.75380342147994e-09
1556313.765 5.84144231833899e-09
1575706.882 6.84445795439536e-09
1595100 5.81914000610355e-09
1595100 3.91281949909587e-09
1646141.765 4.73706029558397e-09
1697183.529 6.39015831768967e-09
1748225.294 6.36330809945348e-09
1799267.059 5.50780296925546e-09
1850308.824 5.13641460762202e-09
1901350.588 3.75339733092209e-09
1952392.353 4.39852434639378e-09
2003434.118 5.1348226549192e-09
2054475.882 4.11471823349518e-09
2105517.647 5.6337227852705e-09
2156559.412 4.86932891211748e-09
2207601.176 3.86029374861693e-09
2258642.941 3.93603149021626e-09
2309684.706 4.11027256937127e-09
2360726.471 4.29349496084698e-09
2411768.235 4.53240780974693e-09
2462810 4.93388539742179e-09
2513851.765 6.21510579207954e-09
2564893.529 5.11221167306787e-09
2615935.294 3.88438858879344e-09
2666977.059 4.60809225302985e-09
2718018.824 4.40356985898673e-09
2769060.588 4.49217274120274e-09
2820102.353 4.29167786444775e-09
2871144.118 3.94762149730839e-09
2922185.882 3.40952083210155e-09
2973227.647 4.60710616383046e-09
3024269.412 3.89211583023708e-09
3075311.176 3.27780104518974e-09
3126352.941 4.42474686584929e-09
3177394.706 4.44639655609439e-09
3228436.471 4.12163415986985e-09
3279478.235 3.69530986397132e-09
3330520 3.62070565770563e-09
3381561.765 4.15439220871634e-09
3432603.529 4.28347486079454e-09
3483645.294 3.32130163266671e-09
3534687.059 3.05899246263169e-09
3585728.824 3.49851297112012e-09
3636770.588 3.36850693701294e-09
3687812.353 3.21685620841412e-09
3738854.118 3.93193439996721e-09
3789895.882 3.56245216723965e-09
3840937.647 3.66136253288982e-09
3891979.412 3.39427190762315e-09
3943021.176 3.06960313475457e-09
3994062.941 2.99077245679077e-09
4045104.706 3.43394670828411e-09
4096146.471 2.77460299613956e-09
4147188.235 3.38931647613576e-09
4198230 3.1674673790917e-09
4198230 3.66048816457128e-09
4332570.588 3.48180702235294e-09
4466911.176 3.37331129595153e-09
4601251.765 3.27929258574816e-09
4735592.353 3.17939044004486e-09
4869932.941 3.14275912261243e-09
5004273.529 3.4825459831125e-09
5138614.118 3.24829220908316e-09
5272954.706 2.57772974356923e-09
5407295.294 2.61962905850147e-09
5541635.882 3.23716171575876e-09
5675976.471 3.0958215989862e-09
5810317.059 2.65707461447219e-09
5944657.647 3.36422326176758e-09
6078998.235 4.28485380485919e-09
6213338.824 3.38484192491127e-09
6347679.412 4.02277249748897e-09
6482020 2.97326145078748e-09
6616360.588 1.97769395315852e-09
6750701.176 2.58226385940962e-09
6885041.765 2.4531443415374e-09
7019382.353 3.55094077737589e-09
7153722.941 2.7578964199907e-09
7288063.529 3.04242273449132e-09
7422404.118 2.94452729058896e-09
7556744.706 2.07924437223584e-09
7691085.294 2.66990797897849e-09
7825425.882 3.02524637283995e-09
7959766.471 2.04245702812115e-09
8094107.059 1.95387909107391e-09
8228447.647 2.03112075491451e-09
8362788.235 3.02512814664714e-09
8497128.824 2.46089201270019e-09
8631469.412 2.60611334825541e-09
8765810 3.00608645565588e-09
8900150.588 2.13614959606839e-09
9034491.176 2.39112686923896e-09
9168831.765 3.39549031981575e-09
9303172.353 2.96729441159354e-09
9437512.941 2.74544570059302e-09
9571853.529 2.72707208058527e-09
9706194.118 2.49962071206198e-09
9840534.706 3.14268475895476e-09
9974875.294 3.05870259896286e-09
10109215.882 2.55106039339953e-09
10243556.471 1.99310641950469e-09
10377897.059 2.3062834129778e-09
10512237.647 1.83989268164007e-09
10646578.235 3.12366056165807e-09
10780918.824 2.7321139179457e-09
10915259.412 2.70343554772178e-09
11049600 3.03698678152231e-09
11049600 2.87036483911022e-09
11403174.51 2.21700171395661e-09
11756749.02 2.34099265499226e-09
12110323.529 1.97766901389891e-09
12463898.039 2.46517491559172e-09
12817472.549 1.66398908738378e-09
13171047.059 2.3395264292396e-09
13524621.569 2.28960310101406e-09
13878196.078 2.75673997613831e-09
14231770.588 2.19920643302215e-09
14585345.098 3.06461106470463e-09
14938919.608 2.11452119855379e-09
15292494.118 2.60178464257219e-09
15646068.627 2.18817643796497e-09
15999643.137 2.6014806044008e-09
16353217.647 3.24930021595545e-09
16706792.157 2.059930925743e-09
17060366.667 2.41863194298833e-09
17413941.176 1.71136474288972e-09
17767515.686 2.78403495159677e-09
18121090.196 1.93248795064168e-09
18474664.706 1.26917404161526e-09
18828239.216 2.26376237995662e-09
19181813.725 2.1931657465946e-09
19535388.235 1.79709768136265e-09
19888962.745 1.8512859856702e-09
20242537.255 2.04355695352071e-09
20596111.765 1.72575776500895e-09
20949686.275 1.99918786608619e-09
21303260.784 1.96478544254994e-09
21656835.294 2.20156003606913e-09
22010409.804 2.13718861195655e-09
22363984.314 1.48056528139063e-09
22717558.824 2.13507613227905e-09
23071133.333 2.07810221488571e-09
23424707.843 1.81532006005411e-09
23778282.353 1.83872312481388e-09
24131856.863 2.06301199533272e-09
24485431.373 1.93200128655719e-09
24839005.882 2.43999718662916e-09
25192580.392 2.03152441357511e-09
25546154.902 1.33692111082395e-09
25899729.412 1.90136356237897e-09
26253303.922 1.72736462581466e-09
26606878.431 1.92402594360678e-09
26960452.941 1.31628758376561e-09
27314027.451 1.80238104622159e-09
27667601.961 1.94518574920023e-09
28021176.471 2.17954407348772e-09
28374750.98 1.90405568215958e-09
28728325.49 2.26226552720226e-09
29081900 1.35109875660937e-09
29081900 2.2398279527586e-09
30012498.039 1.88455131622449e-09
30943096.078 2.10962581444914e-09
31873694.118 1.80939330567301e-09
32804292.157 1.41914608763522e-09
33734890.196 2.03726666265666e-09
34665488.235 2.11090061070365e-09
35596086.275 1.98569588700191e-09
36526684.314 1.55705156335949e-09
37457282.353 1.7899180722675e-09
38387880.392 2.38299977106838e-09
39318478.431 1.48464749529413e-09
40249076.471 1.78555697336332e-09
41179674.51 2.35466840870082e-09
42110272.549 1.71593041112309e-09
43040870.588 2.1412604960904e-09
43971468.627 1.36097674141872e-09
44902066.667 1.00557579228074e-09
45832664.706 1.67853933682449e-09
46763262.745 1.89952275158565e-09
47693860.784 2.14801742813718e-09
48624458.824 2.35400034579542e-09
49555056.863 1.45479370128337e-09
50485654.902 2.3079120105806e-09
51416252.941 2.27432590841076e-09
52346850.98 1.26883032686512e-09
53277449.02 1.5431985849579e-09
54208047.059 1.38634337040574e-09
55138645.098 2.21192671336352e-09
56069243.137 1.76484882973714e-09
56999841.176 1.28701018403681e-09
57930439.216 1.70615149330845e-09
58861037.255 9.21410277020633e-10
59791635.294 1.72161022659877e-09
60722233.333 1.9817370816588e-09
61652831.373 1.48411114669747e-09
62583429.412 2.05216864517744e-09
63514027.451 1.51240887281751e-09
64444625.49 1.78690942932901e-09
65375223.529 2.43797951605673e-09
66305821.569 2.02592034771794e-09
67236419.608 1.93689766961444e-09
68167017.647 1.36785202118361e-09
69097615.686 1.74328171478024e-09
70028213.725 1.26476242018233e-09
70958811.765 1.79654554242028e-09
71889409.804 1.2978981888294e-09
72820007.843 -0
73750605.882 1.8026112676642e-09
74681203.922 2.03428655603157e-09
75611801.961 1.66975006496626e-09
76542400 1.60026929826352e-09
76542400 1.35885589238723e-09
78991686.275 7.78209515595566e-10
81440972.549 1.01731454362035e-09
83890258.824 1.70332957647822e-09
86339545.098 1.01211977959652e-09
88788831.373 1.07548527405209e-09
91238117.647 4.53072704494492e-10
93687403.922 -0
96136690.196 3.9013471752229e-08
98585976.471 -0
101035262.745 3.00439790420378e-09
103484549.02 -0
105933835.294 7.53572999432903e-10
108383121.569 1.33246092188219e-09
110832407.843 -0
113281694.118 1.95344318497843e-09
115730980.392 1.30723902113253e-09
118180266.667 4.18898781875481e-10
120629552.941 1.61108747163214e-09
123078839.216 1.4765265803583e-09
125528125.49 -0
127977411.765 5.65296963713922e-10
130426698.039 2.04589868763402e-09
132875984.314 -0
135325270.588 -0
137774556.863 2.40326259941742e-09
140223843.137 2.59775179534598e-09
142673129.412 1.66926235329693e-09
145122415.686 9.17135912855412e-10
147571701.961 -0
150020988.235 1.60348146853842e-09
152470274.51 2.28518119607038e-09
154919560.784 2.44544794997198e-09
157368847.059 -0
159818133.333 -0
162267419.608 -0
164716705.882 4.11499481525683e-10
167165992.157 3.31350010772521e-09
169615278.431 1.15199988214453e-09
172064564.706 2.35520346141322e-09
174513850.98 -0
176963137.255 3.13397323977284e-09
179412423.529 -0
181861709.804 -0
184310996.078 -0
186760282.353 4.70119466418801e-09
189209568.627 -0
191658854.902 -0
194108141.176 6.38199903779691e-10
196557427.451 -0
199006713.725 -0
201456000 -0
