101 3.31631536903232e-06
104.18 2.39758023665528e-06
107.361 2.41999378439202e-06
110.541 2.52165151593316e-06
113.721 2.96261269682269e-06
116.902 3.07039355126863e-06
120.082 2.43281816525406e-06
123.262 2.20591987011604e-06
126.443 2.4845751125755e-06
129.623 2.175738334921e-06
132.803 2.66765618679331e-06
135.983 2.60870302286051e-06
139.164 2.3610385239807e-06
142.344 2.70010768464673e-06
145.524 3.82114686442107e-06
148.705 4.02694006469292e-06
151.885 3.8541753448145e-06
155.065 4.17136447006049e-06
158.246 2.29605019004376e-06
161.426 2.40749329356411e-06
164.606 2.09258612838167e-06
167.787 2.34248504507469e-06
170.967 2.48099538720006e-06
174.147 2.80884979330478e-06
177.328 2.28944379300686e-06
180.508 2.12653616944121e-06
183.688 2.29425113860299e-06
186.868 2.75579184953965e-06
190.049 2.43263617277741e-06
193.229 1.98238778436132e-06
196.409 1.5797636103706e-06
199.59 2.08671413002165e-06
202.77 1.99819818136209e-06
205.95 1.91656593822817e-06
209.131 1.80263168922728e-06
212.311 2.16508377417056e-06
215.491 2.21035493844177e-06
218.672 1.55031017591964e-06
221.852 2.24356213587935e-06
225.032 1.62388340906566e-06
228.213 2.20818932481169e-06
231.393 1.72504426637572e-06
234.573 1.62219290168228e-06
237.753 1.9796771394033e-06
240.934 2.11629154492121e-06
244.114 1.89759686241582e-06
247.294 1.69485235566996e-06
250.475 1.6839947778957e-06
253.655 1.85056302809713e-06
256.835 1.55844506005185e-06
260.016 1.63643757656992e-06
263.196 2.01496266659576e-06
264.196 1.32032874396135e-06
272.598 1.28593318799546e-06
281.001 1.47755037875265e-06
289.403 1.72037796388048e-06
297.806 1.42534644045404e-06
306.208 1.50813973910742e-06
314.611 1.32905474910398e-06
323.013 1.33199180204572e-06
331.415 1.4991799497251e-06
339.818 1.62654389302349e-06
348.22 1.67028038764861e-06
356.623 1.47309199891189e-06
365.025 1.39231198865282e-06
373.428 1.47563433472247e-06
381.83 1.39443157196479e-06
390.232 1.21821349143777e-06
398.635 1.1554046317217e-06
407.037 1.30576681545942e-06
415.44 1.29147226681801e-06
423.842 1.25734647764027e-06
432.245 1.34349289155451e-06
440.647 1.31208945442501e-06
449.049 1.2800555915518e-06
457.452 1.14700011083773e-06
465.854 1.28223042494553e-06
474.257 1.42278979620202e-06
482.659 1.14835738991516e-06
491.062 9.26085123552641e-07
499.464 1.11336152028636e-06
507.867 9.88555320738379e-07
516.269 9.89381031533857e-07
524.671 1.02538655233671e-06
533.074 1.05053692368282e-06
541.476 1.02767929274981e-06
549.879 1.16778469821663e-06
558.281 1.29386566917503e-06
566.684 1.313633453746e-06
575.086 1.12113958886902e-06
583.488 1.0291775436946e-06
591.891 9.95966216673392e-07
600.293 1.00369164981308e-06
608.696 9.31327767074428e-07
617.098 1.08020848687827e-06
625.501 1.29556009862337e-06
633.903 1.40862543324431e-06
642.305 1.28042528727757e-06
650.708 1.10813041375723e-06
659.11 9.64634800724352e-07
667.513 1.07045126302282e-06
675.915 1.005396043644e-06
684.318 9.21563459220514e-07
692.72 9.11533871516407e-07
693.72 1.04421337182112e-06
715.867 9.39992992728079e-07
738.014 8.98761003872487e-07
760.161 9.19510409898392e-07
782.307 9.36155376838028e-07
804.454 1.13984663480975e-06
826.601 1.39709377013535e-06
848.748 1.14504562289671e-06
870.895 9.37152763444834e-07
893.042 9.3410635693521e-07
915.189 1.11372034155867e-06
937.335 1.06076423085198e-06
959.482 7.61117098854519e-07
981.629 6.86521862273096e-07
1003.776 5.50590806944731e-07
1025.923 7.26842214682664e-07
1048.07 8.25463233326839e-07
1070.217 8.2623126718371e-07
1092.364 7.14984905230481e-07
1114.51 6.66502188138921e-07
1136.657 5.91071271859283e-07
1158.804 5.59875309726719e-07
1180.951 8.92775258363425e-07
1203.098 6.9791192526106e-07
1225.245 8.79946344761179e-07
1247.392 3.79582433228936e-07
1269.538 6.08931514356089e-07
1291.685 7.34804520835303e-07
1313.832 6.73190554076511e-07
1335.979 6.82385533785792e-07
1358.126 6.30264446502014e-07
1380.273 8.06496256326215e-07
1402.42 6.68296956432214e-07
1424.566 8.36691234777848e-07
1446.713 9.39643429412668e-07
1468.86 7.82010725691151e-07
1491.007 7.22070119016235e-07
1513.154 6.08867370067275e-07
1535.301 6.64426152154406e-07
1557.448 9.4060554309575e-07
1579.595 7.33789168206011e-07
1601.741 6.40593889276381e-07
1623.888 5.76117750299815e-07
1646.035 4.72875403968477e-07
1668.182 6.25103941158684e-07
1690.329 6.75357086489273e-07
1712.476 5.8743882600144e-07
1734.623 4.57485819102625e-07
1756.769 5.25762068984213e-07
1778.916 6.19586846815586e-07
1801.063 6.53168603512079e-07
1823.21 7.4505712110608e-07
1824.21 5.31381709396089e-07
1882.531 5.57970326554065e-07
1940.853 5.00978836688817e-07
1999.174 6.09754330020091e-07
2057.495 5.89471413649339e-07
2115.817 5.83142058143065e-07
2174.138 6.65838537206303e-07
2232.46 8.2251716921798e-07
2290.781 6.51036366891642e-07
2349.102 7.33469041348935e-07
2407.424 7.8066253398897e-07
2465.745 6.49697928808096e-07
2524.066 5.63947973561695e-07
2582.388 4.75226158499883e-07
2640.709 5.09380407202529e-07
2699.031 5.64411206344932e-07
2757.352 8.35525496038511e-07
2815.673 6.48291030245652e-07
2873.995 4.85851532548064e-07
2932.316 5.9956164651751e-07
2990.637 5.74520158266994e-07
3048.959 4.29702487857832e-07
3107.28 3.95765822050881e-07
3165.602 5.1029131229704e-07
3223.923 5.05810603715298e-07
3282.244 5.17215847147501e-07
3340.566 5.01792004415719e-07
3398.887 5.68584638777454e-07
3457.208 4.80773826783232e-07
3515.53 4.45715537912523e-07
3573.851 5.23811709741895e-07
3632.173 5.0485789090176e-07
3690.494 4.82726961626765e-07
3748.815 4.97997984586797e-07
3807.137 5.02204861953169e-07
3865.458 5.09137916290269e-07
3923.779 5.52788204368268e-07
3982.101 3.88271777030893e-07
4040.422 4.27948067599595e-07
4098.744 4.51506560068818e-07
4157.065 2.78358453902823e-07
4215.386 4.05404286391703e-07
4273.708 5.06051358186973e-07
4332.029 4.73414491277916e-07
4390.35 4.00901518657997e-07
4448.672 3.01768082116588e-07
4506.993 3.35999142558918e-07
4565.315 3.15011193174412e-07
4623.636 4.78804137267996e-07
4681.957 4.29397515637599e-07
4740.279 3.55298131999983e-07
4798.6 4.48692780943479e-07
4799.6 3.616100915203e-07
4953.131 4.60368404503534e-07
5106.663 5.12599829619617e-07
5260.194 4.53876954724491e-07
5413.725 5.34661712838228e-07
5567.257 5.33433560729733e-07
5720.788 3.79140333155972e-07
5874.32 3.50055717366545e-07
6027.851 3.24702359462472e-07
6181.382 3.79498970003522e-07
6334.914 4.61268991173482e-07
6488.445 3.36328253548533e-07
6641.976 3.78435503300395e-07
6795.508 2.68159375921569e-07
6949.039 3.68822056477033e-07
7102.571 3.38479309733127e-07
7256.102 3.38976126010724e-07
7409.633 3.33672994940045e-07
7563.165 3.26694976317671e-07
7716.696 3.44462962678428e-07
7870.227 3.1604290504488e-07
8023.759 2.94885275007246e-07
8177.29 3.62296016148069e-07
8330.822 3.38980027924495e-07
8484.353 2.71245667599966e-07
8637.884 3.12970051961768e-07
8791.416 3.52552178898545e-07
8944.947 3.50086835041971e-07
9098.478 3.92492522803437e-07
9252.01 3.68805129717963e-07
9405.541 3.1783544540146e-07
9559.073 3.07448363984845e-07
9712.604 3.32692751422046e-07
9866.135 3.16400643952308e-07
10019.667 3.06650340954121e-07
10173.198 3.0130312545043e-07
10326.729 2.66905346587269e-07
10480.261 2.91079300083324e-07
10633.792 3.06247488065171e-07
10787.324 2.66741127164996e-07
10940.855 2.94227115365219e-07
11094.386 2.93668312797614e-07
11247.918 3.71573084312642e-07
11401.449 3.33241251054334e-07
11554.98 2.51969500873534e-07
11708.512 2.37297358810965e-07
11862.043 2.81195785383081e-07
12015.575 2.86868336740703e-07
12169.106 2.91580691759108e-07
12322.637 2.93804719149621e-07
12476.169 3.36440585865751e-07
12629.7 4.1039108658474e-07
12630.7 2.50758721870088e-07
13034.822 2.76295988926476e-07
13438.943 2.75731067207521e-07
13843.065 2.8325252569532e-07
14247.186 2.71377096179887e-07
14651.308 2.97303736194149e-07
15055.429 2.69636680703559e-07
15459.551 2.35979587166407e-07
15863.673 1.95619075428021e-07
16267.794 1.7574183185161e-07
16671.916 1.91289045626585e-07
17076.037 2.4302817572363e-07
17480.159 2.77999664057608e-07
17884.28 2.55197266901434e-07
18288.402 2.55779440864658e-07
18692.524 2.995682931288e-07
19096.645 2.9522741986018e-07
19500.767 2.29072560295201e-07
19904.888 1.57169228340176e-07
20309.01 2.04879238785657e-07
20713.131 2.69849121119191e-07
21117.253 2.48229801631645e-07
21521.375 1.8516557648787e-07
21925.496 1.53293263566256e-07
22329.618 1.88867082800534e-07
22733.739 2.04883636710099e-07
23137.861 2.47699002145387e-07
23541.982 2.71528862253626e-07
23946.104 2.01508419549748e-07
24350.225 1.58309999935291e-07
24754.347 1.80056207069765e-07
25158.469 2.34465372242008e-07
25562.59 2.21826959678733e-07
25966.712 2.03736439541866e-07
26370.833 2.15189105769954e-07
26774.955 2.41998347502997e-07
27179.076 2.27929468777318e-07
27583.198 2.21943400435246e-07
27987.32 1.77497685864678e-07
28391.441 1.66021443183548e-07
28795.563 2.11431506437824e-07
29199.684 2.4398167155618e-07
29603.806 2.49157037472887e-07
30007.927 2.17706005659926e-07
30412.049 1.94956388674923e-07
30816.171 2.11414316837941e-07
31220.292 2.16308976210928e-07
31624.414 1.96196713096416e-07
32028.535 1.50162320704373e-07
32432.657 1.66632442082924e-07
32836.778 2.01322576809815e-07
33240.9 2.19291220311069e-07
33241.9 2.59854145083287e-07
34305.559 2.45028988633651e-07
35369.218 2.31965418469929e-07
36432.876 2.34052988556544e-07
37496.535 2.42243266197076e-07
38560.194 2.19045774612325e-07
39623.853 1.5046676167998e-07
40687.512 1.51118314929864e-07
41751.171 1.6545395509801e-07
42814.829 1.82187738027633e-07
43878.488 1.94487062963083e-07
44942.147 1.86987704074305e-07
46005.806 1.83147563612226e-07
47069.465 1.9233604571335e-07
48133.124 1.52995824896498e-07
49196.782 1.4767454243933e-07
50260.441 1.72005538064662e-07
51324.1 2.0398349318611e-07
52387.759 1.85583822677112e-07
53451.418 1.5006151706576e-07
54515.076 1.05133935170322e-07
55578.735 1.0834555089465e-07
56642.394 1.33678912093425e-07
57706.053 1.40757913925433e-07
58769.712 1.3243086561417e-07
59833.371 1.37267096211284e-07
60897.029 1.40983701378697e-07
61960.688 1.49529606034958e-07
63024.347 1.53204194974965e-07
64088.006 1.50255053707025e-07
65151.665 1.26973053430758e-07
66215.324 1.2075345422625e-07
67278.982 1.18537308144337e-07
68342.641 1.21913459896887e-07
69406.3 1.27825804327613e-07
70469.959 1.49407252447701e-07
71533.618 1.76402761759666e-07
72597.276 1.75363529444442e-07
73660.935 1.68583133330126e-07
74724.594 1.53266330998975e-07
75788.253 1.46570334288345e-07
76851.912 1.39127921042702e-07
77915.571 1.24762094095618e-07
78979.229 1.16080930836495e-07
80042.888 1.16258881647812e-07
81106.547 1.10582938465803e-07
82170.206 1.15575325789201e-07
83233.865 1.23400970493216e-07
84297.524 1.1181435409947e-07
85361.182 1.24075096756343e-07
86424.841 1.40169805519475e-07
87488.5 1.40008237500329e-07
87489.5 1.24998506339922e-07
90289.039 1.04770224651539e-07
93088.578 9.40178905279309e-08
95888.118 1.17481538057485e-07
98687.657 1.42013375650914e-07
101487.196 1.44837138581527e-07
104286.735 1.42263942236416e-07
107086.275 1.20516054995835e-07
109885.814 1.19657248139658e-07
112685.353 1.16023060120979e-07
115484.892 1.20584330388826e-07
118284.431 1.23662866070417e-07
121083.971 1.34320029743534e-07
123883.51 1.48957802710949e-07
126683.049 1.49400014344536e-07
129482.588 1.25424387840019e-07
132282.127 6.26419195822965e-08
135081.667 9.80643743979147e-08
137881.206 1.40689672231735e-07
140680.745 1.33642435421592e-07
143480.284 1.21540721059733e-07
146279.824 1.06112090423268e-07
149079.363 1.220770707465e-07
151878.902 1.43361898011632e-07
154678.441 1.27362876172698e-07
157477.98 1.0060388325184e-07
160277.52 7.37197942165983e-08
163077.059 8.95722910949586e-08
165876.598 1.08851786746385e-07
168676.137 1.20250642583058e-07
171475.676 1.14511454090831e-07
174275.216 1.00334677210001e-07
177074.755 1.00791459975029e-07
179874.294 1.07235088936196e-07
182673.833 1.09330078187341e-07
185473.373 1.01395198902954e-07
188272.912 9.65989140927479e-08
191072.451 9.79654325574302e-08
193871.99 9.48540824442702e-08
196671.529 8.34549729883798e-08
199471.069 8.44004200868124e-08
202270.608 8.78543284502369e-08
205070.147 8.24010065219788e-08
207869.686 8.2972846991376e-08
210669.225 7.60002283347623e-08
213468.765 7.1418957431544e-08
216268.304 8.2647081606888e-08
219067.843 7.47702560416507e-08
221867.382 6.82964316775152e-08
224666.922 6.77605497848527e-08
227466.461 6.80756012375557e-08
230266 7.48794295564242e-08
230267 9.08827807329491e-08
237635.294 1.09203917355519e-07
245003.588 8.36472263593049e-08
252371.882 1.0050358239213e-07
259740.176 7.42307664996833e-08
267108.471 3.64965045551927e-08
274476.765 1.05922665785185e-07
281845.059 1.03310844340061e-07
289213.353 8.33168623362312e-08
296581.647 7.89827326755589e-08
303949.941 7.06155441748571e-08
311318.235 1.03076488500468e-07
318686.529 1.1122292546538e-07
326054.824 7.87045728517568e-08
333423.118 7.60670377108883e-08
340791.412 7.16383109568916e-08
348159.706 7.14502660802519e-08
355528 1.01024286074856e-07
362896.294 7.77853442728031e-08
370264.588 6.83781118161075e-08
377632.882 7.49155254969489e-08
385001.176 7.82605201570658e-08
392369.471 8.6450756663636e-08
399737.765 7.60859299829817e-08
407106.059 9.67005706983909e-08
414474.353 7.7667122083229e-08
421842.647 7.35329979595086e-08
429210.941 8.4394805289539e-08
436579.235 7.92782258078579e-08
443947.529 7.90117109297609e-08
451315.824 7.12022770715038e-08
458684.118 9.35741456074e-08
466052.412 6.87227982088586e-08
473420.706 5.35081946686188e-08
480789 8.22626820869287e-08
488157.294 5.4038194502274e-08
495525.588 6.55119505072815e-08
502893.882 7.2798273891056e-08
510262.176 9.21673228120726e-08
517630.471 7.8578150862295e-08
524998.765 6.80975838704458e-08
532367.059 6.63264066480071e-08
539735.353 9.46811824492e-08
547103.647 7.70535057622299e-08
554471.941 5.97095680218313e-08
561840.235 5.75277041891644e-08
569208.529 6.77029247519005e-08
576576.824 6.74358027514458e-08
583945.118 6.82498807266247e-08
591313.412 6.76706675399615e-08
598681.706 8.2838825181853e-08
606050 6.43604061486618e-08
606051 7.67057104970543e-08
625444.118 7.00256887120719e-08
644837.235 6.0845359932787e-08
664230.353 6.3097733162769e-08
683623.471 8.19847385966163e-08
703016.588 4.55338478127206e-08
722409.706 5.34398500726789e-08
741802.824 8.2146241315227e-08
761195.941 8.28243358555485e-08
780589.059 5.77241240207117e-08
799982.176 4.19898221888388e-08
819375.294 4.95677513049089e-08
838768.412 6.46264567738012e-08
858161.529 7.21891939176716e-08
877554.647 6.78810963529604e-08
896947.765 5.3076119926385e-08
916340.882 7.59057140040386e-08
935734 5.20443866294253e-08
955127.118 6.26731816970776e-08
974520.235 3.82823510214812e-08
993913.353 7.01614703849114e-08
1013306.471 5.25261585233824e-08
1032699.588 5.22712824695167e-08
1052092.706 5.64874183181069e-08
1071485.824 5.3050629590233e-08
1090878.941 5.39119140465807e-08
1110272.059 4.91765319487304e-08
1129665.176 4.20756049345425e-08
1149058.294 4.72626672137407e-08
1168451.412 3.97738192824162e-08
1187844.529 5.0017152967757e-08
1207237.647 5.57741465329547e-08
1226630.765 4.68337040271971e-08
1246023.882 5.93346401223434e-08
1265417 4.79166987005731e-08
1284810.118 4.18957974391704e-08
1304203.235 5.46593777734946e-08
1323596.353 5.91347210185683e-08
1342989.471 5.3822477416663e-08
1362382.588 5.40625220654753e-08
1381775.706 4.0868384458695e-08
1401168.824 6.91035707198926e-08
1420561.941 5.3278651527275e-08
1439955.059 6.44299095644073e-08
1459348.176 4.79380886617468e-08
1478741.294 6.20574535293932e-08
1498134.412 4.03597369367046e-08
1517527.529 4.97841545145119e-08
1536920.647 3.78629220606136e-08
1556313.765 4.37223703251505e-08
1575706.882 4.7902365418572e-08
1595100 4.58761771325467e-08
1595100 5.96650207532127e-08
1646141.765 4.69313086149736e-08
1697183.529 4.64828544300455e-08
1748225.294 5.08460205294269e-08
1799267.059 5.41421894036776e-08
1850308.824 3.70246795699949e-08
1901350.588 5.30303303534091e-08
1952392.353 4.72809941418917e-08
2003434.118 5.2377469908643e-08
2054475.882 5.75255149095955e-08
2105517.647 3.54968665267837e-08
2156559.412 4.93799912349253e-08
2207601.176 4.88217716917617e-08
2258642.941 4.30762531066573e-08
2309684.706 3.79688803205098e-08
2360726.471 2.8831221937476e-08
2411768.235 3.73039471644811e-08
2462810 5.55450548794265e-08
2513851.765 4.77910403409509e-08
2564893.529 4.71503927251343e-08
2615935.294 4.3617631649168e-08
2666977.059 5.07746906200944e-08
2718018.824 5.93886881767033e-08
2769060.588 4.92780699283961e-08
2820102.353 5.65208993107656e-08
2871144.118 5.9510584726104e-08
2922185.882 2.76519329711324e-08
2973227.647 4.40758663354868e-08
3024269.412 3.95160738582668e-08
3075311.176 3.66930400283855e-08
3126352.941 3.03574295644032e-08
3177394.706 4.80349421641205e-08
3228436.471 3.26757564635006e-08
3279478.235 4.05476309273131e-08
3330520 2.85061150453793e-08
3381561.765 3.72227273027112e-08
3432603.529 2.92123554847534e-08
3483645.294 3.97813943284948e-08
3534687.059 2.69266565010864e-08
3585728.824 3.82138794612115e-08
3636770.588 4.14278843167304e-08
3687812.353 3.41672670355708e-08
3738854.118 4.19287831211031e-08
3789895.882 2.70421546271835e-08
3840937.647 4.69965996052108e-08
3891979.412 3.21930793123538e-08
3943021.176 4.01888973061777e-08
3994062.941 4.27652894975785e-08
4045104.706 3.14205955394308e-08
4096146.471 4.04213459867197e-08
4147188.235 2.79719896838087e-08
4198230 4.38891429844865e-08
4198230 3.80391420128465e-08
4332570.588 3.86826147912056e-08
4466911.176 3.1440729099485e-08
4601251.765 4.53864966635089e-08
4735592.353 4.08994732918469e-08
4869932.941 3.51778329226802e-08
5004273.529 3.8021952162823e-08
5138614.118 3.82852271144681e-08
5272954.706 3.66447465567713e-08
5407295.294 4.85896638714367e-08
5541635.882 4.64161044735553e-08
5675976.471 5.1951898160048e-08
5810317.059 2.90905032074731e-08
5944657.647 4.64152703851944e-08
6078998.235 3.11263465810172e-08
6213338.824 3.11730592748354e-08
6347679.412 3.6236214786662e-08
6482020 3.36085807918157e-08
6616360.588 3.62263341103899e-08
6750701.176 4.25926351009233e-08
6885041.765 3.05272735538518e-08
7019382.353 3.36505009192731e-08
7153722.941 2.99013040769044e-08
7288063.529 4.07204402921346e-08
7422404.118 1.69978372773009e-08
7556744.706 3.81676226548314e-08
7691085.294 3.61106926627986e-08
7825425.882 3.20275381421598e-08
7959766.471 2.25071792584055e-08
8094107.059 3.04411028625443e-08
8228447.647 4.08990216421457e-08
8362788.235 3.06149510329839e-08
8497128.824 2.9258073455467e-08
8631469.412 2.45065416378729e-08
8765810 2.51911190668458e-08
8900150.588 3.58936424254658e-08
9034491.176 1.96915380048588e-08
9168831.765 2.99083452676339e-08
9303172.353 3.53244440586402e-08
9437512.941 2.46868020017579e-08
9571853.529 3.05523510652503e-08
9706194.118 2.78391563722664e-08
9840534.706 2.47629700997497e-08
9974875.294 4.13473376182252e-08
10109215.882 3.64037440504366e-08
10243556.471 3.76263173364176e-08
10377897.059 2.62369522223009e-08
10512237.647 2.63592144090961e-08
10646578.235 3.09237657799693e-08
10780918.824 2.44746526316596e-08
10915259.412 2.66623203912919e-08
11049600 3.05868975683903e-08
11049600 3.44869934553304e-08
11403174.51 3.02443629268332e-08
11756749.02 3.07911874510435e-08
12110323.529 3.02600326571618e-08
12463898.039 2.58457775969383e-08
12817472.549 2.80742806200123e-08
13171047.059 2.4416843279169e-08
13524621.569 2.66627338550419e-08
13878196.078 3.58753101481228e-08
14231770.588 2.2227377137393e-08
14585345.098 2.3417147617385e-08
14938919.608 2.73921696356897e-08
15292494.118 2.39649799052534e-08
15646068.627 2.95044853430915e-08
15999643.137 4.24732735146798e-08
16353217.647 2.93721508622692e-08
16706792.157 2.69434023021574e-08
17060366.667 2.58075815530534e-08
17413941.176 1.75572063468651e-08
17767515.686 1.73481001153412e-08
18121090.196 3.2006262580606e-08
18474664.706 2.67293907312082e-08
18828239.216 3.4512611577238e-08
19181813.725 3.26984715375459e-08
19535388.235 3.97357115293686e-08
19888962.745 2.11846524530944e-08
20242537.255 2.66823667932119e-08
20596111.765 3.48131223288288e-08
20949686.275 3.02626458443276e-08
21303260.784 2.7822482055381e-08
21656835.294 3.39952421889814e-08
22010409.804 3.38384817177131e-08
22363984.314 2.69937409761596e-08
22717558.824 2.01832542752451e-08
23071133.333 1.64949287011099e-08
23424707.843 3.47176743498121e-08
23778282.353 2.25975256903494e-08
24131856.863 3.05820309505435e-08
24485431.373 2.98827458089781e-08
24839005.882 2.50824552673158e-08
25192580.392 2.62161016498506e-08
25546154.902 3.42563991023619e-08
25899729.412 2.49972987535594e-08
26253303.922 3.55774047416053e-08
26606878.431 1.98578105938193e-08
26960452.941 2.67874445383654e-08
27314027.451 3.10884624608937e-08
27667601.961 3.7464182772627e-08
28021176.471 3.24616294867279e-08
28374750.98 2.39123238779442e-08
28728325.49 3.95154827140198e-08
29081900 3.08257857442758e-08
29081900 3.96347261951877e-08
30012498.039 3.13713570986593e-08
30943096.078 3.17398840828082e-08
31873694.118 2.95901729611521e-08
32804292.157 1.38164311690827e-08
33734890.196 4.3068292252338e-08
34665488.235 3.49170096153723e-08
35596086.275 3.31939827542508e-08
36526684.314 2.42077948162921e-08
37457282.353 3.4018809062282e-08
38387880.392 3.29071935121304e-08
39318478.431 2.80170284116731e-08
40249076.471 4.584116620171e-08
41179674.51 4.30989234601782e-08
42110272.549 3.23827317034759e-08
43040870.588 2.94770655393358e-08
43971468.627 2.40883358974318e-08
44902066.667 7.63795713273517e-09
45832664.706 3.89339687894402e-08
46763262.745 3.22849871311032e-08
47693860.784 3.47715103211868e-08
48624458.824 1.55049655083396e-08
49555056.863 3.36123609062797e-08
50485654.902 3.92361073034049e-08
51416252.941 3.28148436318688e-08
52346850.98 1.97536722553352e-08
53277449.02 2.47634334191465e-08
54208047.059 2.50017911321869e-08
55138645.098 3.7468267487087e-08
56069243.137 2.89145003625517e-08
56999841.176 1.55846159991095e-08
57930439.216 2.29294765321256e-08
58861037.255 2.3702952370766e-08
59791635.294 -0
60722233.333 -0
61652831.373 2.13801530498053e-08
62583429.412 2.95127469024081e-08
63514027.451 1.38707455797048e-08
64444625.49 1.97610085309505e-08
65375223.529 6.94928043941961e-09
66305821.569 1.89700033090561e-08
67236419.608 -0
68167017.647 -0
69097615.686 -0
70028213.725 8.75030028460738e-09
70958811.765 5.9789555272054e-09
71889409.804 -0
72820007.843 -0
73750605.882 -0
74681203.922 6.95129907297191e-09
75611801.961 -0
76542400 -0
76542400 -0
78991686.275 4.1702965586994e-09
81440972.549 -0
83890258.824 3.73143422849713e-09
86339545.098 1.11327853860343e-08
88788831.373 9.76767502776378e-09
91238117.647 -0
93687403.922 2.20798416175773e-08
96136690.196 3.23567361415687e-07
98585976.471 1.21127507162535e-08
101035262.745 -0
103484549.02 -0
105933835.294 6.25941542995829e-09
108383121.569 -0
110832407.843 1.09505008245e-08
113281694.118 -0
115730980.392 -0
118180266.667 -0
120629552.941 -0
123078839.216 5.39279638918437e-09
125528125.49 8.44941844262521e-09
127977411.765 4.95876201833683e-09
130426698.039 3.82270518552961e-09
132875984.314 -0
135325270.588 -0
137774556.863 8.53151476477653e-09
140223843.137 -0
142673129.412 -0
145122415.686 9.76221947500157e-09
147571701.961 7.82071388769184e-09
150020988.235 -0
152470274.51 4.53187687524132e-09
154919560.784 6.8070108783018e-09
157368847.059 8.24359850079509e-09
159818133.333 -0
162267419.608 -0
164716705.882 -0
167165992.157 7.84895893902363e-09
169615278.431 2.34902648794006e-09
172064564.706 -0
174513850.98 3.65479598783516e-09
176963137.255 -0
179412423.529 6.05701902797663e-09
181861709.804 -0
184310996.078 -0
186760282.353 4.70655842374872e-09
189209568.627 -0
191658854.902 8.40392964849891e-09
194108141.176 3.94407920113174e-09
196557427.451 8.05071935174118e-09
199006713.725 2.12471498046091e-09
201456000 -0
