vg	id_vd = 0V	ig_vd = 0V	is_vd = 0V	iavdd_vd = 0V	ignd_vd = 0V	id_vd = 0.15V	ig_vd = 0.15V	is_vd = 0.15V	iavdd_vd = 0.15V	ignd_vd = 0.15V	id_vd = 0.3V	ig_vd = 0.3V	is_vd = 0.3V	iavdd_vd = 0.3V	ignd_vd = 0.3V	id_vd = 0.45V	ig_vd = 0.45V	is_vd = 0.45V	iavdd_vd = 0.45V	ignd_vd = 0.45V	id_vd = 0.6V	ig_vd = 0.6V	is_vd = 0.6V	iavdd_vd = 0.6V	ignd_vd = 0.6V	id_vd = 0.75V	ig_vd = 0.75V	is_vd = 0.75V	iavdd_vd = 0.75V	ignd_vd = 0.75V	id_vd = 0.9V	ig_vd = 0.9V	is_vd = 0.9V	iavdd_vd = 0.9V	ignd_vd = 0.9V
-0.3	-1.3358e-10	-3.967e-09	-1.86e-12	5.9292e-07	-5.8866e-07	4.4101e-09	-4.0211e-09	-2.6185e-09	5.942e-07	-5.9208e-07	8.216e-09	-4.1251e-09	-5.5751e-09	5.9498e-07	-5.937e-07	1.4768e-08	-4.3234e-09	-1.10516e-08	5.9662e-07	-5.9592e-07	2.66878e-08	-4.6154e-09	-2.09202e-08	5.9876e-07	-5.9984e-07	4.73078e-08	-5.0138e-09	-3.83944e-08	6.0076e-07	-6.0396e-07	8.60776e-08	-5.5213e-09	-7.37996e-08	6.025e-07	-6.101e-07
-0.295	-1.3421e-10	-3.5533e-09	-2.8e-12	5.9282e-07	-5.8934e-07	4.455e-09	-3.5973e-09	-2.6696e-09	5.9418e-07	-5.9236e-07	8.361e-09	-3.715e-09	-5.619e-09	5.9478e-07	-5.938e-07	1.50132e-08	-3.8902e-09	-1.1177e-08	5.9624e-07	-5.9616e-07	2.68696e-08	-4.1759e-09	-2.11626e-08	5.9852e-07	-5.997e-07	4.7542e-08	-4.578e-09	-3.91162e-08	6.003e-07	-6.0408e-07	8.80246e-08	-5.086e-09	-7.55028e-08	6.0184e-07	-6.094e-07
-0.29	-1.3464e-10	-3.1831e-09	-4.88e-12	5.9304e-07	-5.8962e-07	4.5215e-09	-3.2425e-09	-2.7398e-09	5.9458e-07	-5.9278e-07	8.4365e-09	-3.344e-09	-5.7629e-09	5.9454e-07	-5.9418e-07	1.53382e-08	-3.5164e-09	-1.1509e-08	5.9606e-07	-5.9616e-07	2.71024e-08	-3.7941e-09	-2.16084e-08	5.9864e-07	-6.002e-07	4.85718e-08	-4.1862e-09	-4.01556e-08	5.9984e-07	-6.0382e-07	8.88662e-08	-4.7041e-09	-7.66028e-08	6.0148e-07	-6.0912e-07
-0.285	-1.36e-10	-2.8499e-09	-5.99e-12	5.927e-07	-5.8982e-07	4.5867e-09	-2.9034e-09	-2.8205e-09	5.9456e-07	-5.9312e-07	8.5313e-09	-3.0085e-09	-5.9104e-09	5.9484e-07	-5.9442e-07	1.56192e-08	-3.1744e-09	-1.17102e-08	5.9604e-07	-5.9662e-07	2.75864e-08	-3.4433e-09	-2.20492e-08	5.9782e-07	-5.9992e-07	4.97032e-08	-3.8487e-09	-4.15114e-08	5.9958e-07	-6.0406e-07	9.18568e-08	-4.338e-09	-7.89072e-08	6.0112e-07	-6.0934e-07
-0.28	-1.3815e-10	-2.5633e-09	-7.2e-12	5.9274e-07	-5.9026e-07	4.6173e-09	-2.6105e-09	-2.8537e-09	5.942e-07	-5.9336e-07	8.7008e-09	-2.7103e-09	-6.043e-09	5.946e-07	-5.947e-07	1.58136e-08	-2.8696e-09	-1.19618e-08	5.9586e-07	-5.9692e-07	2.81998e-08	-3.1341e-09	-2.25992e-08	5.9796e-07	-6.0022e-07	5.05188e-08	-3.5196e-09	-4.22176e-08	5.9982e-07	-6.0432e-07	9.34476e-08	-4.0385e-09	-8.05596e-08	6.0082e-07	-6.0928e-07
-0.275	-1.3671e-10	-2.2874e-09	-7.42e-12	5.932e-07	-5.9086e-07	4.6789e-09	-2.34e-09	-2.9067e-09	5.9426e-07	-5.9364e-07	8.8356e-09	-2.441e-09	-6.1897e-09	5.9486e-07	-5.9482e-07	1.59352e-08	-2.5961e-09	-1.2145e-08	5.9554e-07	-5.9676e-07	2.89392e-08	-2.865e-09	-2.32338e-08	5.9744e-07	-6.0028e-07	5.18466e-08	-3.2277e-09	-4.36794e-08	5.9926e-07	-6.0414e-07	9.50436e-08	-3.7453e-09	-8.2112e-08	6.006e-07	-6.0924e-07
-0.27	-1.3838e-10	-2.0573e-09	-9.97e-12	5.9316e-07	-5.9086e-07	4.7648e-09	-2.1012e-09	-2.9801e-09	5.945e-07	-5.9406e-07	9.0079e-09	-2.2034e-09	-6.2997e-09	5.9494e-07	-5.9528e-07	1.6344e-08	-2.3606e-09	-1.23614e-08	5.9568e-07	-5.973e-07	2.9044e-08	-2.6115e-09	-2.36352e-08	5.9758e-07	-6.0078e-07	5.26384e-08	-2.9859e-09	-4.45658e-08	5.9882e-07	-6.0414e-07	9.66964e-08	-3.4774e-09	-8.4836e-08	6.0044e-07	-6.0932e-07
-0.265	-1.403e-10	-1.8391e-09	-1.017e-11	5.9346e-07	-5.9128e-07	4.8248e-09	-1.8851e-09	-3.0542e-09	5.9448e-07	-5.9424e-07	9.0636e-09	-1.9826e-09	-6.4442e-09	5.9488e-07	-5.9544e-07	1.65854e-08	-2.132e-09	-1.27646e-08	5.9562e-07	-5.9704e-07	2.96724e-08	-2.3915e-09	-2.41566e-08	5.9748e-07	-6.0044e-07	5.42494e-08	-2.7529e-09	-4.59878e-08	5.9876e-07	-6.0404e-07	9.89914e-08	-3.2504e-09	-8.6843e-08	6.0032e-07	-6.0934e-07
-0.26	-1.4021e-10	-1.6519e-09	-1.049e-11	5.9342e-07	-5.917e-07	4.9212e-09	-1.695e-09	-3.1638e-09	5.9452e-07	-5.9462e-07	9.2397e-09	-1.7916e-09	-6.6925e-09	5.9476e-07	-5.9568e-07	1.7016e-08	-1.9417e-09	-1.3167e-08	5.9536e-07	-5.9722e-07	3.04896e-08	-2.1887e-09	-2.49036e-08	5.9744e-07	-6.0046e-07	5.50262e-08	-2.5526e-09	-4.67124e-08	5.984e-07	-6.0412e-07	1.012456e-07	-3.035e-09	-8.87738e-08	5.999e-07	-6.0928e-07
-0.255	-1.3872e-10	-1.4753e-09	-1.425e-11	5.9318e-07	-5.9152e-07	5.0485e-09	-1.5263e-09	-3.2779e-09	5.9438e-07	-5.9456e-07	9.506e-09	-1.6119e-09	-6.8585e-09	5.9492e-07	-5.9578e-07	1.72986e-08	-1.7618e-09	-1.34918e-08	5.9548e-07	-5.973e-07	3.11796e-08	-2.0064e-09	-2.55882e-08	5.9732e-07	-6.0054e-07	5.64464e-08	-2.3617e-09	-4.82758e-08	5.9824e-07	-6.0404e-07	1.038306e-07	-2.8501e-09	-9.21504e-08	5.999e-07	-6.091e-07
-0.25	-1.3889e-10	-1.3227e-09	-1.639e-11	5.934e-07	-5.9184e-07	5.0701e-09	-1.3703e-09	-3.3685e-09	5.9436e-07	-5.9468e-07	9.6752e-09	-1.461e-09	-7.0201e-09	5.9448e-07	-5.9566e-07	1.76576e-08	-1.6051e-09	-1.38386e-08	5.9544e-07	-5.974e-07	3.18608e-08	-1.8408e-09	-2.63688e-08	5.9666e-07	-6.0026e-07	5.7882e-08	-2.1941e-09	-4.97036e-08	5.981e-07	-6.0396e-07	1.06731e-07	-2.6683e-09	-9.4908e-08	5.996e-07	-6.0944e-07
-0.245	-1.4503e-10	-1.1865e-09	-1.395e-11	5.933e-07	-5.9184e-07	5.179e-09	-1.2326e-09	-3.4315e-09	5.9458e-07	-5.9462e-07	9.9184e-09	-1.3152e-09	-7.3193e-09	5.9442e-07	-5.9572e-07	1.80602e-08	-1.4591e-09	-1.41794e-08	5.9526e-07	-5.9752e-07	3.28196e-08	-1.7019e-09	-2.71806e-08	5.967e-07	-6.0022e-07	5.94544e-08	-2.0391e-09	-5.1408e-08	5.9808e-07	-6.042e-07	1.106176e-07	-2.5066e-09	-9.7608e-08	5.9982e-07	-6.0904e-07
-0.24	-1.422e-10	-1.0624e-09	-1.689e-11	5.9336e-07	-5.9192e-07	5.3227e-09	-1.1064e-09	-3.5877e-09	5.9434e-07	-5.9502e-07	1.01301e-08	-1.1946e-09	-7.5437e-09	5.946e-07	-5.959e-07	1.84232e-08	-1.3254e-09	-1.46662e-08	5.9536e-07	-5.9758e-07	3.35312e-08	-1.5618e-09	-2.81304e-08	5.9692e-07	-6.007e-07	6.11102e-08	-1.9092e-09	-5.29578e-08	5.9802e-07	-6.0404e-07	1.13452e-07	-2.3666e-09	-1.003648e-07	5.9902e-07	-6.09e-07
-0.235	-1.4201e-10	-9.5076e-10	-1.998e-11	5.9342e-07	-5.922e-07	5.4578e-09	-9.947e-10	-3.6948e-09	5.9454e-07	-5.9512e-07	1.04198e-08	-1.0766e-09	-7.7971e-09	5.9496e-07	-5.9674e-07	1.89214e-08	-1.2145e-09	-1.5126e-08	5.9502e-07	-5.979e-07	3.46266e-08	-1.4403e-09	-2.91288e-08	5.968e-07	-6.0064e-07	6.27448e-08	-1.774e-09	-5.49716e-08	5.9768e-07	-6.0408e-07	1.161e-07	-2.2456e-09	-1.041168e-07	5.9932e-07	-6.089e-07
-0.23	-1.4358e-10	-8.5345e-10	-1.803e-11	5.9354e-07	-5.9238e-07	5.5844e-09	-8.9628e-10	-3.8631e-09	5.9448e-07	-5.9514e-07	1.06915e-08	-9.747e-10	-8.0993e-09	5.9456e-07	-5.961e-07	1.94712e-08	-1.1085e-09	-1.56086e-08	5.9534e-07	-5.9778e-07	3.58874e-08	-1.3247e-09	-3.05566e-08	5.9646e-07	-6.004e-07	6.48054e-08	-1.6655e-09	-5.68932e-08	5.9764e-07	-6.0402e-07	1.1962e-07	-2.1159e-09	-1.079254e-07	5.9864e-07	-6.0892e-07
-0.225	-1.4236e-10	-7.6186e-10	-2.386e-11	5.9336e-07	-5.9228e-07	5.7153e-09	-8.0394e-10	-3.985e-09	5.9428e-07	-5.9528e-07	1.09756e-08	-8.7888e-10	-8.3939e-09	5.949e-07	-5.9616e-07	1.99234e-08	-1.0098e-09	-1.6239e-08	5.9526e-07	-5.978e-07	3.70506e-08	-1.2334e-09	-3.16504e-08	5.9676e-07	-6.0098e-07	6.73818e-08	-1.5681e-09	-5.95254e-08	5.9746e-07	-6.0402e-07	1.2454e-07	-2.0174e-09	-1.12894e-07	5.985e-07	-6.0858e-07
-0.22	-1.4225e-10	-6.8578e-10	-2.307e-11	5.9346e-07	-5.9244e-07	5.8936e-09	-7.2247e-10	-4.1578e-09	5.9446e-07	-5.9558e-07	1.12899e-08	-7.9904e-10	-8.7447e-09	5.9458e-07	-5.9614e-07	2.07088e-08	-9.2724e-10	-1.70162e-08	5.9486e-07	-5.977e-07	3.816e-08	-1.1471e-09	-3.2845e-08	5.9616e-07	-6.0046e-07	6.98592e-08	-1.4707e-09	-6.18668e-08	5.9726e-07	-6.038e-07	1.2758e-07	-1.9218e-09	-1.1662e-07	5.986e-07	-6.0822e-07
-0.215	-1.4225e-10	-6.1212e-10	-2.493e-11	5.936e-07	-5.9264e-07	6.1417e-09	-6.5074e-10	-4.3707e-09	5.9452e-07	-5.9524e-07	1.17156e-08	-7.2541e-10	-9.1212e-09	5.9444e-07	-5.9632e-07	2.14832e-08	-8.5107e-10	-1.77798e-08	5.9532e-07	-5.9814e-07	3.96742e-08	-1.0636e-09	-3.44416e-08	5.9646e-07	-6.0048e-07	7.23294e-08	-1.3864e-09	-6.44188e-08	5.9706e-07	-6.038e-07	1.3322e-07	-1.8237e-09	-1.211e-07	5.9856e-07	-6.0832e-07
-0.21	-1.4613e-10	-5.459e-10	-2.879e-11	5.9372e-07	-5.9288e-07	6.3315e-09	-5.8421e-10	-4.6031e-09	5.9434e-07	-5.9544e-07	1.21788e-08	-6.5885e-10	-9.5003e-09	5.949e-07	-5.9658e-07	2.22776e-08	-7.8157e-10	-1.84648e-08	5.9496e-07	-5.9796e-07	4.12688e-08	-9.9119e-10	-3.6001e-08	5.965e-07	-6.0094e-07	7.4918e-08	-1.313e-09	-6.72344e-08	5.9722e-07	-6.0378e-07	1.39e-07	-1.738e-09	-1.2696e-07	5.9884e-07	-6.0874e-07
-0.205	-1.3803e-10	-4.8945e-10	-2.774e-11	5.9362e-07	-5.9268e-07	6.538e-09	-5.2712e-10	-4.8295e-09	5.9446e-07	-5.9564e-07	1.26056e-08	-5.9794e-10	-1.00438e-08	5.9482e-07	-5.9666e-07	2.32676e-08	-7.1884e-10	-1.95064e-08	5.95e-07	-5.979e-07	4.28308e-08	-9.2297e-10	-3.7352e-08	5.9616e-07	-6.0062e-07	7.81304e-08	-1.2333e-09	-7.03524e-08	5.9714e-07	-6.036e-07	1.4446e-07	-1.672e-09	-1.3226e-07	5.9844e-07	-6.0852e-07
-0.2	-1.399e-10	-4.3861e-10	-3.376e-11	5.935e-07	-5.9274e-07	6.801e-09	-4.7399e-10	-5.1031e-09	5.9416e-07	-5.9524e-07	1.32162e-08	-5.4468e-10	-1.06018e-08	5.946e-07	-5.965e-07	2.42804e-08	-6.6259e-10	-2.06178e-08	5.9476e-07	-5.9776e-07	4.47486e-08	-8.647e-10	-3.92382e-08	5.9632e-07	-6.0064e-07	8.16876e-08	-1.1767e-09	-7.34992e-08	5.971e-07	-6.038e-07	1.51e-07	-1.6047e-09	-1.3924e-07	5.9806e-07	-6.0856e-07
-0.195	-1.4221e-10	-3.9213e-10	-3.274e-11	5.9358e-07	-5.929e-07	7.1329e-09	-4.271e-10	-5.4132e-09	5.9472e-07	-5.956e-07	1.3859e-08	-4.9759e-10	-1.11722e-08	5.9428e-07	-5.9622e-07	2.5359e-08	-6.0941e-10	-2.16578e-08	5.9502e-07	-5.9814e-07	4.67852e-08	-8.0904e-10	-4.1531e-08	5.9594e-07	-6.0052e-07	8.54726e-08	-1.1129e-09	-7.76754e-08	5.9724e-07	-6.0368e-07	1.5832e-07	-1.5433e-09	-1.4732e-07	5.9836e-07	-6.085e-07
-0.19	-1.3781e-10	-3.5159e-10	-3.445e-11	5.9346e-07	-5.931e-07	7.4747e-09	-3.8726e-10	-5.7628e-09	5.9428e-07	-5.9568e-07	1.45276e-08	-4.5018e-10	-1.19182e-08	5.9464e-07	-5.9634e-07	2.66724e-08	-5.6436e-10	-2.28826e-08	5.947e-07	-5.9784e-07	4.91162e-08	-7.618e-10	-4.37194e-08	5.9598e-07	-6.002e-07	8.99822e-08	-1.0604e-09	-8.22076e-08	5.9698e-07	-6.0402e-07	1.6672e-07	-1.4843e-09	-1.558e-07	5.9856e-07	-6.0844e-07
-0.185	-1.3945e-10	-3.1388e-10	-3.817e-11	5.936e-07	-5.9312e-07	7.8487e-09	-3.4636e-10	-6.1466e-09	5.943e-07	-5.9566e-07	1.52124e-08	-4.1255e-10	-1.26414e-08	5.9458e-07	-5.9656e-07	2.79722e-08	-5.2407e-10	-2.4422e-08	5.9498e-07	-5.9798e-07	5.166e-08	-7.1272e-10	-4.62406e-08	5.9614e-07	-6.005e-07	9.44638e-08	-1.0124e-09	-8.65046e-08	5.9714e-07	-6.0398e-07	1.753e-07	-1.4306e-09	-1.6374e-07	5.9804e-07	-6.0802e-07
-0.18	-1.3759e-10	-2.8137e-10	-4.213e-11	5.9348e-07	-5.9322e-07	8.3036e-09	-3.132e-10	-6.5835e-09	5.9436e-07	-5.956e-07	1.60384e-08	-3.773e-10	-1.34578e-08	5.9448e-07	-5.9644e-07	2.96254e-08	-4.858e-10	-2.60184e-08	5.949e-07	-5.9816e-07	5.4766e-08	-6.7348e-10	-4.9402e-08	5.9632e-07	-6.0056e-07	9.97822e-08	-9.6627e-10	-9.19102e-08	5.9688e-07	-6.0354e-07	1.8512e-07	-1.3696e-09	-1.729e-07	5.9806e-07	-6.0816e-07
-0.175	-1.3512e-10	-2.515e-10	-4.449e-11	5.94e-07	-5.9354e-07	8.8029e-09	-2.828e-10	-7.1146e-09	5.9406e-07	-5.953e-07	1.69498e-08	-3.4156e-10	-1.43998e-08	5.9432e-07	-5.9696e-07	3.1487e-08	-4.5186e-10	-2.77782e-08	5.9536e-07	-5.9832e-07	5.78646e-08	-6.3547e-10	-5.24906e-08	5.961e-07	-6.0074e-07	1.051602e-07	-9.2578e-10	-9.76968e-08	5.9654e-07	-6.0326e-07	1.958e-07	-1.3309e-09	-1.8402e-07	5.981e-07	-6.084e-07
-0.17	-1.3161e-10	-2.2483e-10	-4.132e-11	5.9374e-07	-5.9316e-07	9.3716e-09	-2.5466e-10	-7.6762e-09	5.942e-07	-5.9576e-07	1.80184e-08	-3.1297e-10	-1.54372e-08	5.9464e-07	-5.9686e-07	3.34432e-08	-4.2223e-10	-2.98554e-08	5.9484e-07	-5.9816e-07	6.12714e-08	-6.0325e-10	-5.58212e-08	5.9578e-07	-6.0046e-07	1.114736e-07	-8.8041e-10	-1.036084e-07	5.967e-07	-6.0346e-07	2.084e-07	-1.2847e-09	-1.9504e-07	5.9768e-07	-6.0798e-07
-0.165	-1.3067e-10	-2.0108e-10	-4.905e-11	5.9372e-07	-5.9306e-07	9.9962e-09	-2.2774e-10	-8.3115e-09	5.9436e-07	-5.9596e-07	1.9273e-08	-2.8964e-10	-1.67004e-08	5.9472e-07	-5.9686e-07	3.5772e-08	-3.947e-10	-3.20436e-08	5.9482e-07	-5.9808e-07	6.51246e-08	-5.7046e-10	-5.98744e-08	5.959e-07	-6.004e-07	1.1862e-07	-8.4941e-10	-1.11235e-07	5.9698e-07	-6.036e-07	2.2024e-07	-1.2489e-09	-2.0862e-07	5.9794e-07	-6.0818e-07
-0.16	-1.3176e-10	-1.8192e-10	-5.22e-11	5.9376e-07	-5.9346e-07	1.073e-08	-2.0669e-10	-9.006e-09	5.943e-07	-5.9588e-07	2.06418e-08	-2.67e-10	-1.80934e-08	5.942e-07	-5.9644e-07	3.82062e-08	-3.6765e-10	-3.45726e-08	5.9508e-07	-5.981e-07	6.97448e-08	-5.3964e-10	-6.42706e-08	5.9576e-07	-6.0028e-07	1.27e-07	-8.2303e-10	-1.1908e-07	5.9658e-07	-6.0378e-07	2.335e-07	-1.2085e-09	-2.2216e-07	5.9774e-07	-6.0794e-07
-0.155	-1.2204e-10	-1.6258e-10	-5.264e-11	5.938e-07	-5.9348e-07	1.15406e-08	-1.8754e-10	-9.8218e-09	5.9406e-07	-5.954e-07	2.21202e-08	-2.4431e-10	-1.96568e-08	5.9462e-07	-5.968e-07	4.10188e-08	-3.4505e-10	-3.73512e-08	5.9512e-07	-5.9806e-07	7.4642e-08	-5.1366e-10	-6.93474e-08	5.961e-07	-6.0058e-07	1.3582e-07	-7.8057e-10	-1.2788e-07	5.967e-07	-6.035e-07	2.4918e-07	-1.1768e-09	-2.3832e-07	5.9764e-07	-6.0804e-07
-0.15	-1.2066e-10	-1.4578e-10	-6.479e-11	5.935e-07	-5.9298e-07	1.24334e-08	-1.6841e-10	-1.07012e-08	5.9444e-07	-5.961e-07	2.38642e-08	-2.2779e-10	-2.12744e-08	5.9454e-07	-5.9672e-07	4.41354e-08	-3.2649e-10	-4.0348e-08	5.9502e-07	-5.9822e-07	8.02256e-08	-4.9415e-10	-7.47776e-08	5.9588e-07	-6.008e-07	1.4516e-07	-7.5529e-10	-1.3786e-07	5.9654e-07	-6.0358e-07	2.6692e-07	-1.1428e-09	-2.5466e-07	5.9766e-07	-6.0768e-07
-0.145	-1.1723e-10	-1.307e-10	-6.439e-11	5.9366e-07	-5.9324e-07	1.34352e-08	-1.5419e-10	-1.17334e-08	5.945e-07	-5.9572e-07	2.57384e-08	-2.0859e-10	-2.31864e-08	5.9456e-07	-5.9684e-07	4.76544e-08	-3.0209e-10	-4.3922e-08	5.9462e-07	-5.9826e-07	8.65612e-08	-4.6937e-10	-8.12862e-08	5.9586e-07	-6.0086e-07	1.5602e-07	-7.3187e-10	-1.479e-07	5.965e-07	-6.0378e-07	2.865e-07	-1.1122e-09	-2.7424e-07	5.9758e-07	-6.0768e-07
-0.14	-1.1562e-10	-1.1696e-10	-7.528e-11	5.9354e-07	-5.931e-07	1.46268e-08	-1.4013e-10	-1.29556e-08	5.9432e-07	-5.9556e-07	2.78824e-08	-1.9161e-10	-2.53714e-08	5.9476e-07	-5.97e-07	5.14838e-08	-2.8805e-10	-4.8028e-08	5.9476e-07	-5.9808e-07	9.30342e-08	-4.4624e-10	-8.78622e-08	5.9602e-07	-6.004e-07	1.6844e-07	-7.0984e-10	-1.6068e-07	5.9678e-07	-6.036e-07	3.0822e-07	-1.0834e-09	-2.9694e-07	5.9742e-07	-6.0782e-07
-0.135	-1.0887e-10	-1.0552e-10	-7.667e-11	5.937e-07	-5.9352e-07	1.59338e-08	-1.2564e-10	-1.4248e-08	5.9442e-07	-5.9554e-07	3.03744e-08	-1.7784e-10	-2.7971e-08	5.9434e-07	-5.9698e-07	5.61622e-08	-2.7304e-10	-5.24734e-08	5.9502e-07	-5.9806e-07	1.010154e-07	-4.2948e-10	-9.56456e-08	5.9576e-07	-6.006e-07	1.8214e-07	-6.7591e-10	-1.7394e-07	5.9662e-07	-6.0356e-07	3.3098e-07	-1.0478e-09	-3.1944e-07	5.9752e-07	-6.0784e-07
-0.13	-9.527e-11	-9.449e-11	-8.853e-11	5.9378e-07	-5.9332e-07	1.74652e-08	-1.1494e-10	-1.5771e-08	5.9448e-07	-5.9584e-07	3.32232e-08	-1.6431e-10	-3.06576e-08	5.9454e-07	-5.9698e-07	6.10688e-08	-2.5538e-10	-5.74274e-08	5.9462e-07	-5.9802e-07	1.09343e-07	-4.136e-10	-1.041326e-07	5.959e-07	-6.0068e-07	1.9768e-07	-6.6691e-10	-1.8922e-07	5.9666e-07	-6.036e-07	3.586e-07	-1.0326e-09	-3.468e-07	5.9782e-07	-6.0818e-07
-0.125	-8.998e-11	-8.46e-11	-9.18e-11	5.9372e-07	-5.935e-07	1.91576e-08	-1.0316e-10	-1.75122e-08	5.943e-07	-5.961e-07	3.6356e-08	-1.5249e-10	-3.3755e-08	5.943e-07	-5.9674e-07	6.67242e-08	-2.4334e-10	-6.30468e-08	5.9452e-07	-5.9798e-07	1.1958e-07	-3.9697e-10	-1.143684e-07	5.959e-07	-6.0068e-07	2.1402e-07	-6.4126e-10	-2.064e-07	5.9626e-07	-6.032e-07	3.8832e-07	-1.0041e-09	-3.7662e-07	5.9746e-07	-6.078e-07
-0.12	-8.288e-11	-7.679e-11	-1.0112e-10	5.9394e-07	-5.9358e-07	2.10596e-08	-9.451e-11	-1.93504e-08	5.9442e-07	-5.959e-07	3.98154e-08	-1.4248e-10	-3.72572e-08	5.9436e-07	-5.968e-07	7.29098e-08	-2.3362e-10	-6.93472e-08	5.9502e-07	-5.9846e-07	1.3088e-07	-3.8191e-10	-1.2522e-07	5.9582e-07	-6.0084e-07	2.3392e-07	-6.1887e-10	-2.2614e-07	5.9672e-07	-6.0344e-07	4.2092e-07	-9.817e-10	-4.094e-07	5.9744e-07	-6.0762e-07
-0.115	-6.164e-11	-6.888e-11	-1.278e-10	5.9388e-07	-5.9368e-07	2.3218e-08	-8.656e-11	-2.15076e-08	5.944e-07	-5.9594e-07	4.38874e-08	-1.3245e-10	-4.13408e-08	5.9454e-07	-5.9668e-07	8.02756e-08	-2.202e-10	-7.66274e-08	5.949e-07	-5.98e-07	1.4346e-07	-3.6639e-10	-1.3836e-07	5.959e-07	-6.0078e-07	2.5608e-07	-6.025e-10	-2.4778e-07	5.9664e-07	-6.0362e-07	4.5734e-07	-9.5953e-10	-4.467e-07	5.9748e-07	-6.0782e-07
-0.11	-5.402e-11	-6.216e-11	-1.3014e-10	5.9354e-07	-5.935e-07	2.56384e-08	-7.79e-11	-2.39558e-08	5.946e-07	-5.9632e-07	4.83664e-08	-1.2472e-10	-4.59348e-08	5.9462e-07	-5.9706e-07	8.83382e-08	-2.0486e-10	-8.47302e-08	5.9502e-07	-5.979e-07	1.5736e-07	-3.5394e-10	-1.5208e-07	5.9596e-07	-6.004e-07	2.7946e-07	-5.8612e-10	-2.7224e-07	5.9634e-07	-6.035e-07	4.9994e-07	-9.3863e-10	-4.8724e-07	5.9758e-07	-6.0802e-07
-0.105	-4.682e-11	-5.477e-11	-1.5516e-10	5.937e-07	-5.9328e-07	2.84804e-08	-7.02e-11	-2.68352e-08	5.9446e-07	-5.9592e-07	5.35498e-08	-1.1667e-10	-5.10204e-08	5.943e-07	-5.9682e-07	9.75948e-08	-1.9912e-10	-9.39314e-08	5.9492e-07	-5.9836e-07	1.7322e-07	-3.396e-10	-1.6804e-07	5.9584e-07	-6.005e-07	3.0696e-07	-5.7612e-10	-2.9922e-07	5.9634e-07	-6.0334e-07	5.455e-07	-9.1586e-10	-5.3452e-07	5.9702e-07	-6.0774e-07
-0.1	-3.626e-11	-5.007e-11	-1.5131e-10	5.9364e-07	-5.9354e-07	3.1624e-08	-6.64e-11	-2.99598e-08	5.9438e-07	-5.96e-07	5.9415e-08	-1.0799e-10	-5.68266e-08	5.9434e-07	-5.9664e-07	1.079464e-07	-1.9108e-10	-1.044788e-07	5.9492e-07	-5.9814e-07	1.9066e-07	-3.3199e-10	-1.86e-07	5.955e-07	-6.0046e-07	3.3712e-07	-5.3539e-10	-3.297e-07	5.9622e-07	-6.0344e-07	5.9736e-07	-8.9482e-10	-5.8756e-07	5.9728e-07	-6.0764e-07
-0.095	-1.46e-11	-4.523e-11	-1.795e-10	5.9376e-07	-5.9346e-07	3.53076e-08	-5.916e-11	-3.36434e-08	5.9472e-07	-5.9586e-07	6.6029e-08	-1.0232e-10	-6.34882e-08	5.9444e-07	-5.9704e-07	1.1982e-07	-1.8373e-10	-1.16359e-07	5.9496e-07	-5.983e-07	2.1132e-07	-3.1833e-10	-2.0586e-07	5.9582e-07	-6.0076e-07	3.7192e-07	-5.3875e-10	-3.64e-07	5.9656e-07	-6.035e-07	6.5772e-07	-8.7769e-10	-6.4472e-07	5.9716e-07	-6.0742e-07
-0.09	-9.5e-13	-4.037e-11	-1.9194e-10	5.9384e-07	-5.936e-07	3.93664e-08	-5.341e-11	-3.7707e-08	5.9444e-07	-5.9586e-07	7.34166e-08	-9.653e-11	-7.08442e-08	5.9412e-07	-5.9674e-07	1.3346e-07	-1.7404e-10	-1.2936e-07	5.9502e-07	-5.9832e-07	2.3362e-07	-3.0884e-10	-2.2854e-07	5.9604e-07	-6.0058e-07	4.103e-07	-5.2929e-10	-4.033e-07	5.9622e-07	-6.0362e-07	7.219e-07	-8.6412e-10	-7.0956e-07	5.9704e-07	-6.076e-07
-0.085	3.303e-11	-3.631e-11	-2.114e-10	5.9388e-07	-5.9348e-07	4.41438e-08	-5.024e-11	-4.24964e-08	5.9484e-07	-5.9604e-07	8.20378e-08	-8.95e-11	-7.94644e-08	5.9414e-07	-5.9674e-07	1.4848e-07	-1.669e-10	-1.4482e-07	5.9474e-07	-5.9826e-07	2.6072e-07	-2.9805e-10	-2.5464e-07	5.9568e-07	-6.0082e-07	4.5474e-07	-5.1224e-10	-4.4742e-07	5.9646e-07	-6.0338e-07	7.95e-07	-8.3287e-10	-7.8326e-07	5.9708e-07	-6.0748e-07
-0.08	5.33e-11	-3.199e-11	-2.2295e-10	5.9412e-07	-5.9392e-07	4.936e-08	-4.479e-11	-4.76904e-08	5.944e-07	-5.9616e-07	9.1533e-08	-8.336e-11	-8.91022e-08	5.943e-07	-5.9682e-07	1.6478e-07	-1.6112e-10	-1.6134e-07	5.946e-07	-5.9808e-07	2.8904e-07	-2.8862e-10	-2.8342e-07	5.9586e-07	-6.0056e-07	5.0182e-07	-4.9886e-10	-4.955e-07	5.9638e-07	-6.033e-07	8.7694e-07	-8.2734e-10	-8.6748e-07	5.9752e-07	-6.0752e-07
-0.075	6.004e-11	-2.959e-11	-2.5168e-10	5.9372e-07	-5.9364e-07	5.53778e-08	-4.132e-11	-5.3689e-08	5.9418e-07	-5.9572e-07	1.026674e-07	-7.837e-11	-1.001416e-07	5.945e-07	-5.971e-07	1.8488e-07	-1.5222e-10	-1.8134e-07	5.9502e-07	-5.9806e-07	3.2088e-07	-2.8232e-10	-3.1634e-07	5.9586e-07	-6.0044e-07	5.587e-07	-4.8951e-10	-5.5198e-07	5.9652e-07	-6.0374e-07	9.6982e-07	-8.0653e-10	-9.576e-07	5.9702e-07	-6.0724e-07
-0.07	7.667e-11	-2.703e-11	-2.9902e-10	5.9384e-07	-5.9372e-07	6.22438e-08	-3.836e-11	-6.05616e-08	5.9446e-07	-5.9562e-07	1.1492e-07	-7.447e-11	-1.124622e-07	5.9452e-07	-5.9692e-07	2.066e-07	-1.475e-10	-2.0242e-07	5.9502e-07	-5.9824e-07	3.579e-07	-2.7245e-10	-3.529e-07	5.9568e-07	-6.009e-07	6.2116e-07	-4.7381e-10	-6.1302e-07	5.9646e-07	-6.0356e-07	1.07206e-06	-7.8321e-10	-1.06256e-06	5.9714e-07	-6.075e-07
-0.065	1.1628e-10	-2.34e-11	-3.2542e-10	5.9372e-07	-5.934e-07	7.0093e-08	-3.39e-11	-6.84376e-08	5.9444e-07	-5.9598e-07	1.2958e-07	-6.95e-11	-1.2668e-07	5.945e-07	-5.9698e-07	2.313e-07	-1.4082e-10	-2.2734e-07	5.9476e-07	-5.9824e-07	3.9998e-07	-2.6346e-10	-3.9528e-07	5.9562e-07	-6.0014e-07	6.9182e-07	-4.6097e-10	-6.8372e-07	5.9618e-07	-6.0318e-07	1.1919e-06	-7.6945e-10	-1.1789e-06	5.9698e-07	-6.075e-07
-0.06	1.7662e-10	-2.137e-11	-3.8417e-10	5.939e-07	-5.9346e-07	7.8934e-08	-3.154e-11	-7.71064e-08	5.9428e-07	-5.962e-07	1.455e-07	-6.625e-11	-1.4266e-07	5.9478e-07	-5.9692e-07	2.5874e-07	-1.3492e-10	-2.556e-07	5.947e-07	-5.9794e-07	4.4738e-07	-2.5627e-10	-4.4216e-07	5.9554e-07	-6.0016e-07	7.7028e-07	-4.5453e-10	-7.6216e-07	5.9644e-07	-6.0362e-07	1.3209e-06	-7.5723e-10	-1.3077e-06	5.9692e-07	-6.0714e-07
-0.055	1.9664e-10	-1.985e-11	-3.9804e-10	5.9408e-07	-5.9386e-07	8.90626e-08	-2.933e-11	-8.73866e-08	5.9448e-07	-5.9586e-07	1.6388e-07	-6.292e-11	-1.6108e-07	5.9458e-07	-5.9682e-07	2.9166e-07	-1.3063e-10	-2.8756e-07	5.9514e-07	-5.9874e-07	5.008e-07	-2.4765e-10	-4.9636e-07	5.9544e-07	-6.0028e-07	8.6e-07	-4.3852e-10	-8.5108e-07	5.9658e-07	-6.0402e-07	1.469e-06	-7.4575e-10	-1.4577e-06	5.9706e-07	-6.0742e-07
-0.05	2.5939e-10	-1.769e-11	-4.7239e-10	5.939e-07	-5.9354e-07	1.005128e-07	-2.589e-11	-9.87524e-08	5.9436e-07	-5.9622e-07	1.842e-07	-5.852e-11	-1.8156e-07	5.946e-07	-5.966e-07	3.274e-07	-1.2541e-10	-3.2312e-07	5.9472e-07	-5.9806e-07	5.615e-07	-2.4061e-10	-5.5632e-07	5.956e-07	-6.0008e-07	9.575e-07	-4.2688e-10	-9.5234e-07	5.9668e-07	-6.0336e-07	1.6268e-06	-7.2871e-10	-1.6185e-06	5.9706e-07	-6.0726e-07
-0.045	3.1684e-10	-1.519e-11	-5.0954e-10	5.9406e-07	-5.9366e-07	1.134072e-07	-2.506e-11	-1.118424e-07	5.944e-07	-5.9604e-07	2.0816e-07	-5.605e-11	-2.0584e-07	5.9428e-07	-5.9672e-07	3.6838e-07	-1.2045e-10	-3.6456e-07	5.9454e-07	-5.982e-07	6.3068e-07	-2.2977e-10	-6.2464e-07	5.9568e-07	-6.002e-07	1.07532e-06	-4.1736e-10	-1.06686e-06	5.965e-07	-6.0332e-07	1.8185e-06	-7.2358e-10	-1.8085e-06	5.969e-07	-6.072e-07
-0.04	3.8502e-10	-1.438e-11	-5.8373e-10	5.9384e-07	-5.9358e-07	1.2828e-07	-2.404e-11	-1.264e-07	5.9462e-07	-5.9594e-07	2.3428e-07	-5.305e-11	-2.325e-07	5.9456e-07	-5.9694e-07	4.149e-07	-1.1733e-10	-4.1196e-07	5.9472e-07	-5.9816e-07	7.0778e-07	-2.2813e-10	-7.0154e-07	5.9552e-07	-6.003e-07	1.2032e-06	-3.9229e-10	-1.1956e-06	5.9672e-07	-6.0362e-07	2.0255e-06	-7.105e-10	-2.0118e-06	5.9686e-07	-6.0732e-07
-0.035	4.25e-10	-1.194e-11	-6.432e-10	5.9424e-07	-5.9384e-07	1.4518e-07	-2.056e-11	-1.4348e-07	5.944e-07	-5.9602e-07	2.6574e-07	-4.925e-11	-2.6302e-07	5.9456e-07	-5.97e-07	4.6806e-07	-1.1073e-10	-4.6554e-07	5.949e-07	-5.9818e-07	7.9578e-07	-2.1973e-10	-7.8894e-07	5.9562e-07	-6.0008e-07	1.3478e-06	-3.9834e-10	-1.3388e-06	5.9634e-07	-6.0342e-07	2.2647e-06	-6.877e-10	-2.2547e-06	5.9668e-07	-6.0726e-07
-0.03	5.7412e-10	-1.16e-11	-7.4177e-10	5.9388e-07	-5.935e-07	1.6458e-07	-1.945e-11	-1.6234e-07	5.9452e-07	-5.96e-07	2.9962e-07	-4.867e-11	-2.9766e-07	5.946e-07	-5.9688e-07	5.2766e-07	-1.1023e-10	-5.2448e-07	5.9478e-07	-5.9826e-07	8.9506e-07	-2.1349e-10	-8.8808e-07	5.9576e-07	-6.0014e-07	1.5087e-06	-3.8829e-10	-1.5007e-06	5.9652e-07	-6.0362e-07	2.5224e-06	-6.8125e-10	-2.5122e-06	5.9694e-07	-6.0714e-07
-0.025	5.8262e-10	-1.035e-11	-8.5883e-10	5.9376e-07	-5.9382e-07	1.865e-07	-1.857e-11	-1.8498e-07	5.9432e-07	-5.9584e-07	3.3974e-07	-4.257e-11	-3.3706e-07	5.9416e-07	-5.97e-07	5.9668e-07	-1.0563e-10	-5.9266e-07	5.9502e-07	-5.9838e-07	1.00614e-06	-2.0755e-10	-1.00054e-06	5.957e-07	-6.0052e-07	1.6938e-06	-3.8003e-10	-1.6879e-06	5.9664e-07	-6.0348e-07	2.8238e-06	-6.7026e-10	-2.8122e-06	5.968e-07	-6.0706e-07
-0.02	7.2113e-10	-7.8e-12	-9.4508e-10	5.9378e-07	-5.9368e-07	2.1062e-07	-1.536e-11	-2.095e-07	5.941e-07	-5.9586e-07	3.8376e-07	-4.307e-11	-3.8156e-07	5.9434e-07	-5.9678e-07	6.7276e-07	-9.946e-11	-6.6874e-07	5.9478e-07	-5.9824e-07	1.13138e-06	-2.0389e-10	-1.1274e-06	5.9522e-07	-6.001e-07	1.8992e-06	-3.7177e-10	-1.8894e-06	5.963e-07	-6.0334e-07	3.1541e-06	-6.5831e-10	-3.149e-06	5.9708e-07	-6.0708e-07
-0.015	8.2975e-10	-8.23e-12	-1.05296e-09	5.94e-07	-5.9364e-07	2.3958e-07	-1.54e-11	-2.3812e-07	5.9454e-07	-5.9608e-07	4.3478e-07	-4.005e-11	-4.3242e-07	5.9452e-07	-5.9676e-07	7.6038e-07	-9.808e-11	-7.5632e-07	5.95e-07	-5.982e-07	1.2767e-06	-1.9647e-10	-1.2739e-06	5.9528e-07	-6.002e-07	2.1313e-06	-3.6287e-10	-2.1254e-06	5.9602e-07	-6.0324e-07	3.528e-06	-6.439e-10	-3.5224e-06	5.9694e-07	-6.0728e-07
-0.01	9.5303e-10	-6.5e-12	-1.14892e-09	5.9434e-07	-5.9388e-07	2.717e-07	-1.356e-11	-2.7012e-07	5.9444e-07	-5.9596e-07	4.9178e-07	-3.678e-11	-4.8976e-07	5.9466e-07	-5.9722e-07	8.5878e-07	-9.243e-11	-8.545e-07	5.9476e-07	-5.9832e-07	1.4371e-06	-1.9003e-10	-1.4354e-06	5.9528e-07	-6.002e-07	2.393e-06	-3.5744e-10	-2.3895e-06	5.9626e-07	-6.032e-07	3.9566e-06	-6.3472e-10	-3.9389e-06	5.9676e-07	-6.0706e-07
-0.005	9.96e-10	-7.71e-12	-1.2532e-09	5.9418e-07	-5.94e-07	3.0862e-07	-1.243e-11	-3.0732e-07	5.9432e-07	-5.9574e-07	5.5808e-07	-3.539e-11	-5.5534e-07	5.9456e-07	-5.968e-07	9.7296e-07	-8.962e-11	-9.6592e-07	5.9508e-07	-5.9818e-07	1.6223e-06	-1.8846e-10	-1.617e-06	5.955e-07	-6.0032e-07	2.6958e-06	-3.487e-10	-2.6879e-06	5.9654e-07	-6.0312e-07	4.4308e-06	-6.1764e-10	-4.4206e-06	5.968e-07	-6.0734e-07
0	1.2761e-09	-6.26e-12	-1.541e-09	5.94e-07	-5.9358e-07	3.5152e-07	-1.142e-11	-3.495e-07	5.9452e-07	-5.961e-07	6.338e-07	-3.306e-11	-6.315e-07	5.9452e-07	-5.9688e-07	1.09804e-06	-8.565e-11	-1.09704e-06	5.948e-07	-5.9822e-07	1.833e-06	-1.8015e-10	-1.826e-06	5.953e-07	-6.0034e-07	3.0372e-06	-3.3707e-10	-3.028e-06	5.9626e-07	-6.0288e-07	4.9731e-06	-6.0556e-10	-4.9539e-06	5.9674e-07	-6.0688e-07
0.005	1.5977e-09	-3.93e-12	-1.6529e-09	5.9382e-07	-5.9378e-07	3.987e-07	-9.88e-12	-3.967e-07	5.9428e-07	-5.9612e-07	7.1734e-07	-3.243e-11	-7.1422e-07	5.9452e-07	-5.9686e-07	1.2469e-06	-8.303e-11	-1.2411e-06	5.9484e-07	-5.982e-07	2.0699e-06	-1.7618e-10	-2.0632e-06	5.9526e-07	-5.9998e-07	3.4111e-06	-3.2794e-10	-3.4029e-06	5.9598e-07	-6.036e-07	5.5637e-06	-5.9508e-10	-5.5547e-06	5.97e-07	-6.0732e-07
0.01	1.6143e-09	-3.45e-12	-1.8461e-09	5.934e-07	-5.9332e-07	4.522e-07	-8.56e-12	-4.5038e-07	5.9464e-07	-5.9606e-07	8.1296e-07	-2.898e-11	-8.1094e-07	5.9442e-07	-5.9684e-07	1.4087e-06	-7.847e-11	-1.4044e-06	5.9488e-07	-5.9848e-07	2.3317e-06	-1.7123e-10	-2.3278e-06	5.954e-07	-6.0026e-07	3.8343e-06	-3.244e-10	-3.8225e-06	5.9606e-07	-6.032e-07	6.2348e-06	-5.7982e-10	-6.2247e-06	5.9628e-07	-6.0702e-07
0.015	1.8051e-09	-3.64e-12	-2.0654e-09	5.934e-07	-5.9328e-07	5.1438e-07	-8.21e-12	-5.1304e-07	5.9452e-07	-5.959e-07	9.2386e-07	-2.848e-11	-9.202e-07	5.942e-07	-5.967e-07	1.5961e-06	-7.738e-11	-1.5879e-06	5.9466e-07	-5.9796e-07	2.6331e-06	-1.6349e-10	-2.6313e-06	5.9494e-07	-6e-07	4.3251e-06	-3.1606e-10	-4.3112e-06	5.9626e-07	-6.0296e-07	6.9993e-06	-5.7304e-10	-6.9844e-06	5.9688e-07	-6.0718e-07
0.02	2.0995e-09	-2.07e-12	-2.4052e-09	5.9382e-07	-5.936e-07	5.842e-07	-8.2e-12	-5.8234e-07	5.9466e-07	-5.9602e-07	1.0467e-06	-2.656e-11	-1.04378e-06	5.9454e-07	-5.9682e-07	1.8054e-06	-7.47e-11	-1.8042e-06	5.9482e-07	-5.9824e-07	2.9749e-06	-1.5888e-10	-2.9679e-06	5.9538e-07	-6e-07	4.8573e-06	-3.116e-10	-4.8562e-06	5.9612e-07	-6.033e-07	7.8461e-06	-5.5352e-10	-7.8448e-06	5.9666e-07	-6.0702e-07
0.025	2.3957e-09	-2.01e-12	-2.7196e-09	5.9402e-07	-5.9346e-07	6.6544e-07	-7.48e-12	-6.6336e-07	5.945e-07	-5.9604e-07	1.1902e-06	-2.438e-11	-1.1877e-06	5.9458e-07	-5.9718e-07	2.0449e-06	-7.11e-11	-2.0495e-06	5.9476e-07	-5.9824e-07	3.3645e-06	-1.5666e-10	-3.3648e-06	5.9542e-07	-6.0002e-07	5.4747e-06	-3.03e-10	-5.474e-06	5.9622e-07	-6.0328e-07	8.8108e-06	-5.4976e-10	-8.7993e-06	5.967e-07	-6.0668e-07
0.03	2.778e-09	4e-13	-2.8467e-09	5.9394e-07	-5.9386e-07	7.5496e-07	-5.43e-12	-7.5346e-07	5.9402e-07	-5.9566e-07	1.3523e-06	-2.383e-11	-1.345e-06	5.9448e-07	-5.9694e-07	2.3175e-06	-6.93e-11	-2.3173e-06	5.949e-07	-5.9844e-07	3.7991e-06	-1.5169e-10	-3.7933e-06	5.9494e-07	-6.0026e-07	6.1693e-06	-2.9686e-10	-6.1664e-06	5.9622e-07	-6.0326e-07	9.8778e-06	-5.3795e-10	-9.8697e-06	5.9658e-07	-6.0702e-07
0.035	3.0525e-09	-9.6e-13	-3.1277e-09	5.9376e-07	-5.936e-07	8.5798e-07	-5.47e-12	-8.5812e-07	5.941e-07	-5.9572e-07	1.5354e-06	-2.024e-11	-1.5301e-06	5.9424e-07	-5.9692e-07	2.6318e-06	-6.718e-11	-2.6273e-06	5.95e-07	-5.985e-07	4.2977e-06	-1.4868e-10	-4.2883e-06	5.9512e-07	-5.9986e-07	6.9573e-06	-2.8388e-10	-6.9507e-06	5.9628e-07	-6.033e-07	1.11001e-05	-5.2796e-10	-1.10879e-05	5.9674e-07	-6.0686e-07
0.04	3.4445e-09	-9.3e-13	-3.75e-09	5.9386e-07	-5.9366e-07	9.758e-07	-4.47e-12	-9.7458e-07	5.9416e-07	-5.9592e-07	1.7414e-06	-1.992e-11	-1.7352e-06	5.9438e-07	-5.9664e-07	2.9767e-06	-6.242e-11	-2.9802e-06	5.9458e-07	-5.9832e-07	4.853e-06	-1.4419e-10	-4.851e-06	5.9518e-07	-6.0014e-07	7.8421e-06	-2.7871e-10	-7.8269e-06	5.9606e-07	-6.0334e-07	1.2446e-05	-5.1643e-10	-1.2422e-05	5.9654e-07	-6.0682e-07
0.045	3.9624e-09	7.9e-13	-4.1271e-09	5.941e-07	-5.9366e-07	1.113e-06	-2.5e-12	-1.1089e-06	5.9424e-07	-5.9596e-07	1.9775e-06	-1.871e-11	-1.9755e-06	5.9424e-07	-5.966e-07	3.3786e-06	-6.018e-11	-3.3757e-06	5.9478e-07	-5.9822e-07	5.494e-06	-1.3732e-10	-5.4843e-06	5.9514e-07	-5.9986e-07	8.8167e-06	-2.6978e-10	-8.8092e-06	5.9634e-07	-6.033e-07	1.3992e-05	-4.8076e-10	-1.3974e-05	5.9622e-07	-6.0648e-07
0.05	4.3771e-09	1.72e-12	-4.6894e-09	5.939e-07	-5.9378e-07	1.266e-06	-4.23e-12	-1.2618e-06	5.9434e-07	-5.9576e-07	2.2443e-06	-1.583e-11	-2.2402e-06	5.9454e-07	-5.9696e-07	3.826e-06	-5.827e-11	-3.817e-06	5.9496e-07	-5.9818e-07	6.1885e-06	-1.329e-10	-6.1895e-06	5.9536e-07	-5.9992e-07	9.9294e-06	-2.6642e-10	-9.915e-06	5.965e-07	-6.0372e-07	1.5698e-05	-4.9655e-10	-1.5662e-05	5.9626e-07	-6.0686e-07
0.055	4.8861e-09	1.38e-12	-5.0432e-09	5.9436e-07	-5.9382e-07	1.442e-06	-2.33e-12	-1.4385e-06	5.9392e-07	-5.9544e-07	2.5517e-06	-1.509e-11	-2.5476e-06	5.942e-07	-5.9702e-07	4.3352e-06	-5.55e-11	-4.3343e-06	5.9494e-07	-5.9836e-07	7.0141e-06	-1.3073e-10	-7.009e-06	5.9518e-07	-5.9996e-07	1.11804e-05	-2.5915e-10	-1.11771e-05	5.961e-07	-6.0314e-07	1.7626e-05	-4.8665e-10	-1.7612e-05	5.961e-07	-6.0672e-07
0.06	5.3934e-09	1.43e-12	-5.786e-09	5.9418e-07	-5.9348e-07	1.6383e-06	-4.1e-13	-1.6324e-06	5.9432e-07	-5.9568e-07	2.893e-06	-1.427e-11	-2.8952e-06	5.942e-07	-5.9662e-07	4.9092e-06	-5.422e-11	-4.9024e-06	5.9488e-07	-5.986e-07	7.9167e-06	-1.2543e-10	-7.9084e-06	5.9502e-07	-6.0004e-07	1.2604e-05	-2.5217e-10	-1.2574e-05	5.9602e-07	-6.0338e-07	1.977e-05	-4.7305e-10	-1.9762e-05	5.9662e-07	-6.065e-07
0.065	6.1194e-09	3.51e-12	-6.3808e-09	5.9414e-07	-5.9386e-07	1.8656e-06	-8.9e-13	-1.8625e-06	5.9434e-07	-5.9596e-07	3.2933e-06	-1.283e-11	-3.2851e-06	5.9456e-07	-5.9676e-07	5.5697e-06	-4.926e-11	-5.5583e-06	5.9474e-07	-5.9796e-07	8.9537e-06	-1.2315e-10	-8.9408e-06	5.9508e-07	-5.9998e-07	1.4196e-05	-2.4717e-10	-1.4182e-05	5.9602e-07	-6.0284e-07	2.216e-05	-4.6502e-10	-2.217e-05	5.9646e-07	-6.0672e-07
0.07	6.7327e-09	3.13e-12	-6.9836e-09	5.9398e-07	-5.9348e-07	2.114e-06	-1e-14	-2.1142e-06	5.9396e-07	-5.9572e-07	3.7403e-06	-1.251e-11	-3.7342e-06	5.946e-07	-5.9698e-07	6.2899e-06	-4.757e-11	-6.2957e-06	5.9478e-07	-5.982e-07	1.00924e-05	-1.176e-10	-1.01053e-05	5.9542e-07	-6.0022e-07	1.598e-05	-2.3945e-10	-1.5982e-05	5.96e-07	-6.03e-07	2.4866e-05	-4.5567e-10	-2.483e-05	5.965e-07	-6.0664e-07
0.075	7.3453e-09	3.86e-12	-7.5963e-09	5.9372e-07	-5.936e-07	2.4122e-06	6.7e-13	-2.4122e-06	5.9432e-07	-5.9596e-07	4.2363e-06	-9.44e-12	-4.2458e-06	5.9444e-07	-5.9686e-07	7.1191e-06	-4.561e-11	-7.1423e-06	5.9488e-07	-5.9836e-07	1.14281e-05	-1.1527e-10	-1.14187e-05	5.9544e-07	-6.0032e-07	1.8014e-05	-2.3578e-10	-1.8e-05	5.9638e-07	-6.0312e-07	2.7924e-05	-4.4726e-10	-2.789e-05	5.9634e-07	-6.0696e-07
0.08	8.0559e-09	5.76e-12	-8.2226e-09	5.9394e-07	-5.9384e-07	2.7407e-06	1.47e-12	-2.7375e-06	5.9406e-07	-5.9552e-07	4.8081e-06	-1.001e-11	-4.8166e-06	5.9444e-07	-5.9702e-07	8.0775e-06	-4.153e-11	-8.0733e-06	5.9482e-07	-5.9816e-07	1.2912e-05	-1.1279e-10	-1.2898e-05	5.9506e-07	-5.9968e-07	2.0266e-05	-2.2652e-10	-2.0254e-05	5.9604e-07	-6.0324e-07	3.1244e-05	-4.3367e-10	-3.1258e-05	5.9644e-07	-6.066e-07
0.085	8.783e-09	4.67e-12	-9.0351e-09	5.945e-07	-5.9416e-07	3.1204e-06	9.6e-13	-3.1125e-06	5.9424e-07	-5.9572e-07	5.4821e-06	-7.59e-12	-5.4774e-06	5.9446e-07	-5.969e-07	9.1577e-06	-4.194e-11	-9.1425e-06	5.9482e-07	-5.982e-07	1.4566e-05	-1.0844e-10	-1.4586e-05	5.953e-07	-6.0002e-07	2.2826e-05	-2.1928e-10	-2.2836e-05	5.9596e-07	-6.0288e-07	3.5046e-05	-4.2395e-10	-3.5024e-05	5.9634e-07	-6.067e-07
0.09	9.6694e-09	7.57e-12	-9.9038e-09	5.9414e-07	-5.939e-07	3.548e-06	2e-12	-3.5458e-06	5.9416e-07	-5.9574e-07	6.207e-06	-7.01e-12	-6.2198e-06	5.9432e-07	-5.9688e-07	1.03607e-05	-3.912e-11	-1.03342e-05	5.949e-07	-5.9818e-07	1.647e-05	-1.0415e-10	-1.6454e-05	5.9502e-07	-6.0012e-07	2.5622e-05	-2.1418e-10	-2.566e-05	5.9582e-07	-6.029e-07	3.9246e-05	-4.185e-10	-3.9278e-05	5.9638e-07	-6.0654e-07
0.095	1.06992e-08	6.37e-12	-1.09103e-08	5.9408e-07	-5.9388e-07	4.0269e-06	2.95e-12	-4.023e-06	5.9414e-07	-5.956e-07	7.0394e-06	-7.77e-12	-7.0445e-06	5.9444e-07	-5.9688e-07	1.1712e-05	-3.717e-11	-1.171e-05	5.9478e-07	-5.9848e-07	1.858e-05	-1.0093e-10	-1.8556e-05	5.953e-07	-6.0004e-07	2.884e-05	-2.0843e-10	-2.8814e-05	5.9588e-07	-6.029e-07	4.3988e-05	-4.0864e-10	-4.394e-05	5.9602e-07	-6.0636e-07
0.1	1.12955e-08	7.54e-12	-1.14965e-08	5.9418e-07	-5.936e-07	4.5787e-06	3.17e-12	-4.5833e-06	5.9442e-07	-5.959e-07	7.9934e-06	-3.44e-12	-7.9996e-06	5.9472e-07	-5.9716e-07	1.3256e-05	-3.502e-11	-1.3256e-05	5.9472e-07	-5.983e-07	2.0976e-05	-9.605e-11	-2.0972e-05	5.952e-07	-6.002e-07	3.244e-05	-2.029e-10	-3.2478e-05	5.9586e-07	-6.0298e-07	4.9338e-05	-3.9767e-10	-4.9292e-05	5.9604e-07	-6.0654e-07
0.105	6.3615e-09	8.31e-12	-1.03798e-08	5.9408e-07	-5.9358e-07	5.2046e-06	3.43e-12	-5.206e-06	5.9408e-07	-5.9572e-07	9.0656e-06	-3.82e-12	-9.0674e-06	5.9442e-07	-5.9704e-07	1.5022e-05	-3.172e-11	-1.4986e-05	5.9514e-07	-5.9822e-07	2.3646e-05	-9.27e-11	-2.3624e-05	5.955e-07	-6.0032e-07	3.6496e-05	-1.9903e-10	-3.6438e-05	5.962e-07	-6.0322e-07	5.5182e-05	-3.9106e-10	-5.5186e-05	5.9636e-07	-6.0636e-07
0.11	2.11474e-08	1.012e-11	-2.36478e-08	5.939e-07	-5.934e-07	5.9186e-06	5.75e-12	-5.9171e-06	5.9442e-07	-5.959e-07	1.03093e-05	-2.38e-12	-1.02912e-05	5.9464e-07	-5.97e-07	1.7016e-05	-3.172e-11	-1.6984e-05	5.9504e-07	-5.985e-07	2.6674e-05	-8.873e-11	-2.6682e-05	5.9538e-07	-6.0016e-07	4.0994e-05	-1.9126e-10	-4.1012e-05	5.962e-07	-6.0338e-07	6.182e-05	-3.8008e-10	-6.1814e-05	5.9652e-07	-6.0652e-07
0.115	2.14338e-08	1.019e-11	-2.32296e-08	5.9382e-07	-5.934e-07	6.7285e-06	5.07e-12	-6.7167e-06	5.9424e-07	-5.9602e-07	1.1676e-05	-3.3e-13	-1.16872e-05	5.9434e-07	-5.9668e-07	1.9218e-05	-2.773e-11	-1.92e-05	5.9472e-07	-5.9842e-07	3.0044e-05	-8.439e-11	-3.007e-05	5.9548e-07	-6.0024e-07	4.6066e-05	-1.8852e-10	-4.6e-05	5.961e-07	-6.0306e-07	6.907e-05	-3.747e-10	-6.9054e-05	5.9634e-07	-6.07e-07
0.12	2.41e-08	1.016e-11	-2.41582e-08	5.939e-07	-5.936e-07	7.6403e-06	5.77e-12	-7.6392e-06	5.9428e-07	-5.959e-07	1.326e-05	1e-14	-1.3232e-05	5.9436e-07	-5.9682e-07	2.1736e-05	-2.658e-11	-2.1702e-05	5.9474e-07	-5.9848e-07	3.393e-05	-8.262e-11	-3.3884e-05	5.9518e-07	-5.9998e-07	5.1774e-05	-1.8183e-10	-5.1736e-05	5.9594e-07	-6.0326e-07	7.7248e-05	-3.6349e-10	-7.729e-05	5.9614e-07	-6.0642e-07
0.125	2.5803e-08	1.16e-11	-2.76432e-08	5.9388e-07	-5.9382e-07	8.6711e-06	8.32e-12	-8.6756e-06	5.9448e-07	-5.9598e-07	1.5012e-05	2.2e-13	-1.5026e-05	5.9482e-07	-5.9702e-07	2.4512e-05	-2.463e-11	-2.4474e-05	5.9472e-07	-5.983e-07	3.8172e-05	-7.81e-11	-3.8196e-05	5.9526e-07	-6.0008e-07	5.8026e-05	-1.7664e-10	-5.8034e-05	5.9608e-07	-6.0304e-07	8.6166e-05	-3.5369e-10	-8.6234e-05	5.964e-07	-6.0662e-07
0.13	2.9094e-08	1.253e-11	-2.7879e-08	5.9382e-07	-5.9388e-07	9.8616e-06	6.53e-12	-9.8662e-06	5.9448e-07	-5.9612e-07	1.7044e-05	5.1e-13	-1.7022e-05	5.9456e-07	-5.967e-07	2.7654e-05	-2.24e-11	-2.7664e-05	5.9448e-07	-5.9796e-07	4.3002e-05	-7.486e-11	-4.3066e-05	5.952e-07	-6.0002e-07	6.5088e-05	-1.7192e-10	-6.5018e-05	5.9602e-07	-6.0314e-07	9.6328e-05	-3.4773e-10	-9.6292e-05	5.9634e-07	-6.0676e-07
0.135	3.09206e-08	1.31e-11	-2.52788e-08	5.9394e-07	-5.937e-07	1.11965e-05	9.59e-12	-1.11999e-05	5.9408e-07	-5.9584e-07	1.9276e-05	9.2e-13	-1.9264e-05	5.9426e-07	-5.9672e-07	3.1264e-05	-2.074e-11	-3.1236e-05	5.9508e-07	-5.984e-07	4.8378e-05	-7.347e-11	-4.836e-05	5.9538e-07	-6.0038e-07	7.2862e-05	-1.6565e-10	-7.29e-05	5.9624e-07	-6.03e-07	0.000107456	-3.3763e-10	-0.000107402	5.9652e-07	-6.0688e-07
0.14	2.9996e-08	1.556e-11	-2.98432e-08	5.9394e-07	-5.937e-07	1.2756e-05	8.23e-12	-1.27e-05	5.943e-07	-5.9614e-07	2.1876e-05	4.54e-12	-2.1834e-05	5.9424e-07	-5.9676e-07	3.5242e-05	-1.894e-11	-3.5294e-05	5.9482e-07	-5.9814e-07	5.4478e-05	-6.886e-11	-5.4468e-05	5.9514e-07	-5.999e-07	8.1748e-05	-1.6037e-10	-8.1746e-05	5.9602e-07	-6.0308e-07	0.0001201	-3.31e-10	-0.0001201	5.9644e-07	-6.0686e-07
0.145	2.9867e-08	1.532e-11	-3.12814e-08	5.939e-07	-5.9378e-07	1.445e-05	1.025e-11	-1.4424e-05	5.9448e-07	-5.9596e-07	2.4734e-05	1e-12	-2.4686e-05	5.9446e-07	-5.9684e-07	3.9778e-05	-1.631e-11	-3.9772e-05	5.9464e-07	-5.9842e-07	6.1156e-05	-6.545e-11	-6.1178e-05	5.9526e-07	-5.9994e-07	9.1514e-05	-1.5615e-10	-9.1414e-05	5.9608e-07	-6.0344e-07	0.00013394	-3.1943e-10	-0.00013376	5.9622e-07	-6.0664e-07
0.15	2.95994e-08	1.648e-11	-3.22918e-08	5.9396e-07	-5.937e-07	1.6366e-05	1.117e-11	-1.6372e-05	5.94e-07	-5.9558e-07	2.7998e-05	7.69e-12	-2.8e-05	5.9438e-07	-5.9698e-07	4.4956e-05	-1.485e-11	-4.4958e-05	5.9488e-07	-5.9838e-07	6.874e-05	-6.348e-11	-6.8758e-05	5.9548e-07	-6.0032e-07	0.000102394	-1.5048e-10	-0.000102508	5.9608e-07	-6.0324e-07	0.00014926	-3.1517e-10	-0.00014914	5.9614e-07	-6.0682e-07
0.155	3.08518e-08	1.745e-11	-3.35606e-08	5.9424e-07	-5.9388e-07	1.8556e-05	1.045e-11	-1.858e-05	5.9416e-07	-5.9608e-07	3.166e-05	5.63e-12	-3.1668e-05	5.9452e-07	-5.9676e-07	5.0554e-05	-1.351e-11	-5.0566e-05	5.95e-07	-5.9856e-07	7.7146e-05	-5.881e-11	-7.7144e-05	5.955e-07	-6.0014e-07	0.000114472	-1.4607e-10	-0.000114502	5.961e-07	-6.0326e-07	0.00016612	-3.0733e-10	-0.00016604	5.9644e-07	-6.0688e-07
0.16	2.95968e-08	1.863e-11	-2.90802e-08	5.9374e-07	-5.9362e-07	2.1042e-05	1.195e-11	-2.1018e-05	5.9424e-07	-5.9582e-07	3.5824e-05	7.31e-12	-3.5846e-05	5.9444e-07	-5.97e-07	5.6916e-05	-9.68e-12	-5.6952e-05	5.946e-07	-5.986e-07	8.6684e-05	-5.681e-11	-8.6616e-05	5.9518e-07	-6.0004e-07	0.00012812	-1.4276e-10	-0.00012804	5.9584e-07	-6.0302e-07	0.0001849	-2.848e-10	-0.00018482	5.9638e-07	-6.067e-07
0.165	3.53636e-08	2.056e-11	-2.81772e-08	5.9452e-07	-5.9422e-07	2.3808e-05	1.381e-11	-2.3828e-05	5.9412e-07	-5.956e-07	4.053e-05	9.1e-12	-4.044e-05	5.9454e-07	-5.968e-07	6.408e-05	-1.018e-11	-6.4112e-05	5.9482e-07	-5.983e-07	9.7142e-05	-5.348e-11	-9.7156e-05	5.9494e-07	-5.9986e-07	0.00014298	-1.3706e-10	-0.00014292	5.9612e-07	-6.0306e-07	0.00020528	-2.9341e-10	-0.00020526	5.9622e-07	-6.0704e-07
0.17	2.87088e-08	2.111e-11	-2.52798e-08	5.941e-07	-5.9398e-07	2.7008e-05	1.407e-11	-2.6974e-05	5.9424e-07	-5.9596e-07	4.5778e-05	1.094e-11	-4.5704e-05	5.9414e-07	-5.9666e-07	7.2144e-05	-6.23e-12	-7.2206e-05	5.9476e-07	-5.9808e-07	0.000108888	-5.06e-11	-0.000108918	5.9534e-07	-6e-07	0.0001596	-1.3053e-10	-0.00015958	5.957e-07	-6.0296e-07	0.0002282	-2.8307e-10	-0.00022818	5.9664e-07	-6.0694e-07
0.175	1.82206e-08	2.374e-11	-3.0795e-08	5.9436e-07	-5.9402e-07	3.053e-05	1.488e-11	-3.0514e-05	5.948e-07	-5.9646e-07	5.1646e-05	9.81e-12	-5.1666e-05	5.9428e-07	-5.968e-07	8.1082e-05	-5.46e-12	-8.1084e-05	5.9482e-07	-5.9836e-07	0.00012202	-4.763e-11	-0.00012178	5.952e-07	-6.0026e-07	0.00017796	-1.2534e-10	-0.00017774	5.9592e-07	-6.0308e-07	0.000253	-2.7827e-10	-0.00025268	5.9636e-07	-6.0658e-07
0.18	8.6096e-09	2.503e-11	-2.05636e-08	5.9396e-07	-5.9372e-07	3.452e-05	1.55e-11	-3.4566e-05	5.9416e-07	-5.9582e-07	5.8248e-05	1.364e-11	-5.8272e-05	5.942e-07	-5.9676e-07	9.118e-05	-4.18e-12	-9.123e-05	5.9496e-07	-5.9836e-07	0.00013662	-4.456e-11	-0.00013652	5.9524e-07	-6.0014e-07	0.00019812	-1.2106e-10	-0.000198	5.9578e-07	-6.031e-07	0.00028072	-2.6703e-10	-0.00028064	5.9644e-07	-6.0712e-07
0.185	1.745e-09	2.561e-11	5.2026e-10	5.9388e-07	-5.939e-07	3.9026e-05	1.555e-11	-3.904e-05	5.9424e-07	-5.9584e-07	6.5604e-05	1.076e-11	-6.5606e-05	5.943e-07	-5.9664e-07	0.000102256	-2.56e-12	-0.000102334	5.947e-07	-5.9834e-07	0.00015268	-4.197e-11	-0.00015254	5.9514e-07	-6.0002e-07	0.00022014	-1.1689e-10	-0.00022036	5.9562e-07	-6.028e-07	0.00031068	-2.6278e-10	-0.00031074	5.9632e-07	-6.0674e-07
0.19	-1.3685e-09	2.775e-11	1.15007e-09	5.9412e-07	-5.9396e-07	4.4066e-05	1.789e-11	-4.406e-05	5.9432e-07	-5.9614e-07	7.3796e-05	1.439e-11	-7.3782e-05	5.9422e-07	-5.9692e-07	0.000114652	-6.9e-13	-0.000114598	5.9506e-07	-5.9808e-07	0.00017018	-3.907e-11	-0.00017014	5.9504e-07	-6.0002e-07	0.00024478	-1.1045e-10	-0.00024476	5.9592e-07	-6.0306e-07	0.00034334	-2.5392e-10	-0.00034316	5.9668e-07	-6.07e-07
0.195	-3.2295e-08	2.801e-11	2.86894e-08	5.9416e-07	-5.9366e-07	4.983e-05	1.834e-11	-4.985e-05	5.9424e-07	-5.9582e-07	8.3094e-05	1.608e-11	-8.311e-05	5.944e-07	-5.9674e-07	0.00012892	-4.7e-13	-0.00012864	5.9472e-07	-5.982e-07	0.00019034	-3.437e-11	-0.00019048	5.953e-07	-5.9994e-07	0.00027234	-1.0919e-10	-0.00027222	5.9604e-07	-6.0316e-07	0.00037966	-2.4801e-10	-0.00037952	5.9632e-07	-6.0702e-07
0.2	-4.82474e-08	3.086e-11	5.53454e-08	5.939e-07	-5.9364e-07	5.6116e-05	2.066e-11	-5.6114e-05	5.9436e-07	-5.9596e-07	9.3362e-05	1.386e-11	-9.3284e-05	5.949e-07	-5.9742e-07	0.0001441	2.6e-12	-0.00014404	5.9454e-07	-5.982e-07	0.00021196	-3.414e-11	-0.00021202	5.952e-07	-6.0014e-07	0.00030224	-1.0248e-10	-0.00030206	5.9612e-07	-6.0336e-07	0.00041892	-2.4072e-10	-0.00041922	5.9644e-07	-6.067e-07
0.205	-8.47064e-08	3.359e-11	8.48386e-08	5.941e-07	-5.935e-07	6.3414e-05	2.051e-11	-6.3412e-05	5.9434e-07	-5.964e-07	0.00010505	1.978e-11	-0.000105104	5.9454e-07	-5.9686e-07	0.00016132	4.11e-12	-0.0001613	5.9486e-07	-5.984e-07	0.0002364	-2.883e-11	-0.00023608	5.9536e-07	-5.9998e-07	0.00033458	-9.938e-11	-0.00033462	5.9584e-07	-6.032e-07	0.00046202	-2.2962e-10	-0.0004619	5.9638e-07	-6.0704e-07
0.21	-1.152366e-07	3.239e-11	1.150058e-07	5.9382e-07	-5.9342e-07	7.1366e-05	2.178e-11	-7.1408e-05	5.9432e-07	-5.9598e-07	0.00011788	1.721e-11	-0.00011788	5.9464e-07	-5.9686e-07	0.00018024	7.37e-12	-0.00018012	5.9484e-07	-5.983e-07	0.00026278	-2.775e-11	-0.00026274	5.9516e-07	-5.9998e-07	0.00037028	-9.505e-11	-0.00037036	5.9632e-07	-6.0324e-07	0.0005091	-2.2347e-10	-0.00050866	5.966e-07	-6.0702e-07
0.215	3.5562e-07	3.56e-11	-1.6522e-07	5.9382e-07	-5.9354e-07	8.048e-05	2.288e-11	-8.051e-05	5.9402e-07	-5.9596e-07	0.00013218	1.989e-11	-0.00013232	5.9466e-07	-5.9712e-07	0.00020138	8.02e-12	-0.00020148	5.9484e-07	-5.9818e-07	0.00029256	-2.5e-11	-0.00029206	5.9518e-07	-6.0022e-07	0.00041012	-8.767e-11	-0.00040986	5.9598e-07	-6.0316e-07	0.0005603	-2.1546e-10	-0.00055952	5.9688e-07	-6.0738e-07
0.22	-1.838e-07	3.945e-11	2e-07	5.9378e-07	-5.9366e-07	9.043e-05	2.455e-11	-9.041e-05	5.9414e-07	-5.9568e-07	0.00014818	1.967e-11	-0.00014812	5.943e-07	-5.971e-07	0.00022462	1.018e-11	-0.0002244	5.949e-07	-5.979e-07	0.0003241	-2.115e-11	-0.00032416	5.95e-07	-6.0004e-07	0.00045232	-8.499e-11	-0.00045218	5.9594e-07	-6.0326e-07	0.00061434	-2.1039e-10	-0.00061418	5.9662e-07	-6.0714e-07
0.225	-2.8344e-07	4.003e-11	2.8336e-07	5.9372e-07	-5.9336e-07	0.00010187	2.691e-11	-0.0001018	5.9426e-07	-5.9604e-07	0.00016602	2.038e-11	-0.00016602	5.9464e-07	-5.9716e-07	0.00025042	1.239e-11	-0.00025058	5.9502e-07	-5.9844e-07	0.00035996	-1.874e-11	-0.00035996	5.9524e-07	-5.9998e-07	0.00049932	-7.944e-11	-0.00049884	5.964e-07	-6.0312e-07	0.00067502	-2.0133e-10	-0.00067472	5.9662e-07	-6.0732e-07
0.23	-3.5414e-07	4.371e-11	3.532e-07	5.9384e-07	-5.937e-07	0.000114198	2.658e-11	-0.000114248	5.9388e-07	-5.9562e-07	0.00018576	2.385e-11	-0.0001855	5.9454e-07	-5.9698e-07	0.00027856	1.307e-11	-0.00027868	5.9498e-07	-5.9818e-07	0.00039812	-1.566e-11	-0.00039804	5.9494e-07	-5.9984e-07	0.00054944	-7.581e-11	-0.00054932	5.9638e-07	-6.0306e-07	0.00073828	-1.9826e-10	-0.000738	5.972e-07	-6.0758e-07
0.235	-4.32e-07	4.497e-11	4.354e-07	5.9408e-07	-5.937e-07	0.00012832	2.855e-11	-0.00012834	5.9438e-07	-5.959e-07	0.00020778	2.405e-11	-0.0002077	5.944e-07	-5.9718e-07	0.00031002	1.695e-11	-0.00031038	5.9472e-07	-5.9826e-07	0.00044052	-1.075e-11	-0.0004406	5.9534e-07	-6.0014e-07	0.00060466	-7.108e-11	-0.00060452	5.9626e-07	-6.0304e-07	0.0008084	-1.8963e-10	-0.00080814	5.9704e-07	-6.0736e-07
0.24	-5.1614e-07	4.865e-11	5.2918e-07	5.938e-07	-5.936e-07	0.00014376	2.958e-11	-0.0001437	5.9456e-07	-5.9612e-07	0.00023194	2.615e-11	-0.00023194	5.9438e-07	-5.9686e-07	0.0003443	1.694e-11	-0.000344	5.9458e-07	-5.9814e-07	0.00048622	-9.72e-12	-0.00048618	5.9508e-07	-6.0004e-07	0.00066358	-6.798e-11	-0.00066356	5.9606e-07	-6.0338e-07	0.0008823	-1.8362e-10	-0.0008818	5.9664e-07	-6.0716e-07
0.245	-6.2848e-07	4.906e-11	6.3906e-07	5.9398e-07	-5.9386e-07	0.00016112	3.258e-11	-0.00016116	5.943e-07	-5.9592e-07	0.00025878	2.856e-11	-0.00025858	5.9472e-07	-5.9706e-07	0.00038208	1.93e-11	-0.00038194	5.9472e-07	-5.9854e-07	0.00053692	-5.86e-12	-0.00053664	5.9514e-07	-6.0032e-07	0.00072812	-6.196e-11	-0.0007284	5.962e-07	-6.0312e-07	0.00096266	-1.7832e-10	-0.0009623	5.9664e-07	-6.0708e-07
0.25	-7.5362e-07	5.326e-11	7.5832e-07	5.9396e-07	-5.9372e-07	0.00018008	3.459e-11	-0.00018	5.9436e-07	-5.9594e-07	0.00028768	2.764e-11	-0.00028742	5.9436e-07	-5.9676e-07	0.00042296	2.34e-11	-0.00042262	5.9488e-07	-5.9826e-07	0.00059088	-5.28e-12	-0.00059076	5.9506e-07	-6.002e-07	0.00079654	-5.907e-11	-0.00079708	5.962e-07	-6.0306e-07	0.00104766	-1.7075e-10	-0.00104798	5.9676e-07	-6.0748e-07
0.255	-8.673e-07	5.547e-11	8.7966e-07	5.9388e-07	-5.9374e-07	0.00020146	3.561e-11	-0.00020126	5.9438e-07	-5.9572e-07	0.00032018	3.209e-11	-0.00032004	5.9456e-07	-5.9706e-07	0.00046794	2.241e-11	-0.00046776	5.9496e-07	-5.9824e-07	0.00065012	-1.9e-13	-0.00064968	5.9512e-07	-6.0006e-07	0.00087186	-5.282e-11	-0.00087264	5.962e-07	-6.0296e-07	0.00114034	-1.6043e-10	-0.00114076	5.9676e-07	-6.0724e-07
0.26	-1.00642e-06	5.932e-11	1.01938e-06	5.9402e-07	-5.936e-07	0.00022462	3.915e-11	-0.00022456	5.9438e-07	-5.961e-07	0.00035492	3.152e-11	-0.00035498	5.9448e-07	-5.9662e-07	0.00051616	2.626e-11	-0.00051616	5.9512e-07	-5.9858e-07	0.00071352	6.3e-13	-0.00071318	5.9576e-07	-6.0008e-07	0.00095204	-5.072e-11	-0.000951	5.9616e-07	-6.0348e-07	0.0012384	-1.537e-10	-0.0012376	5.968e-07	-6.074e-07
0.265	-1.1504e-06	6.159e-11	1.15008e-06	5.9418e-07	-5.938e-07	0.00025066	3.913e-11	-0.00025062	5.9434e-07	-5.961e-07	0.0003941	3.44e-11	-0.00039414	5.9452e-07	-5.9676e-07	0.0005693	2.793e-11	-0.00056946	5.9488e-07	-5.988e-07	0.00078246	5.96e-12	-0.00078258	5.9522e-07	-6.0052e-07	0.00103794	-4.403e-11	-0.00103796	5.9648e-07	-6.033e-07	0.001343	-1.5086e-10	-0.0013422	5.9698e-07	-6.0724e-07
0.27	-1.4936e-06	6.61e-11	1.5265e-06	5.9402e-07	-5.9366e-07	0.00027874	4.203e-11	-0.00027876	5.942e-07	-5.9596e-07	0.00043604	3.632e-11	-0.00043562	5.9442e-07	-5.9662e-07	0.0006269	2.976e-11	-0.0006267	5.9494e-07	-5.984e-07	0.00085646	6.09e-12	-0.00085594	5.9536e-07	-6.001e-07	0.0011293	-4.101e-11	-0.0011287	5.9642e-07	-6.0346e-07	0.0014532	-1.4285e-10	-0.001452	5.9714e-07	-6.0748e-07
0.275	-1.7318e-06	6.956e-11	1.7597e-06	5.9414e-07	-5.9394e-07	0.00030974	4.454e-11	-0.00030972	5.94e-07	-5.9558e-07	0.00048172	3.82e-11	-0.00048144	5.945e-07	-5.967e-07	0.0006887	3.244e-11	-0.0006886	5.9488e-07	-5.9828e-07	0.00093452	1.045e-11	-0.00093446	5.956e-07	-6.0042e-07	0.0012266	-3.719e-11	-0.0012256	5.9614e-07	-6.03e-07	0.0015692	-1.3499e-10	-0.001569	5.9752e-07	-6.0784e-07
0.28	-1.9119e-06	7.162e-11	1.9858e-06	5.942e-07	-5.9404e-07	0.00034404	4.497e-11	-0.00034398	5.9418e-07	-5.9578e-07	0.00053216	3.965e-11	-0.0005322	5.9436e-07	-5.9686e-07	0.00075568	3.352e-11	-0.00075612	5.9488e-07	-5.9836e-07	0.00102082	1.365e-11	-0.00102078	5.9526e-07	-6.0024e-07	0.0013324	-3.39e-11	-0.0013316	5.96e-07	-6.0342e-07	0.0016954	-1.2951e-10	-0.0016944	5.9724e-07	-6.0766e-07
0.285	-2.1847e-06	7.593e-11	2.2091e-06	5.943e-07	-5.9408e-07	0.00038074	4.946e-11	-0.0003805	5.9412e-07	-5.9588e-07	0.00058624	4.195e-11	-0.00058602	5.9424e-07	-5.967e-07	0.00082752	3.568e-11	-0.0008274	5.95e-07	-5.9854e-07	0.00111054	1.671e-11	-0.0011103	5.9536e-07	-6.0044e-07	0.0014414	-2.968e-11	-0.0014414	5.9648e-07	-6.033e-07	0.0018254	-1.2231e-10	-0.0018264	5.9728e-07	-6.0796e-07
0.29	-2.4055e-06	7.984e-11	2.4509e-06	5.9376e-07	-5.935e-07	0.00042196	5.07e-11	-0.00042176	5.9444e-07	-5.9628e-07	0.00064512	4.421e-11	-0.00064566	5.9452e-07	-5.9686e-07	0.0009058	3.883e-11	-0.0009056	5.9496e-07	-5.9842e-07	0.0012094	1.953e-11	-0.0012082	5.9556e-07	-6.0026e-07	0.0015614	-2.546e-11	-0.0015596	5.9614e-07	-6.0338e-07	0.0019652	-1.1741e-10	-0.001965	5.9716e-07	-6.0814e-07
0.295	-2.778e-06	8.317e-11	2.6537e-06	5.9408e-07	-5.9366e-07	0.0004659	5.427e-11	-0.00046544	5.943e-07	-5.9572e-07	0.0007087	4.535e-11	-0.00070836	5.9444e-07	-5.9678e-07	0.00098818	4.059e-11	-0.00098856	5.9514e-07	-5.9868e-07	0.0013124	2.264e-11	-0.0013118	5.954e-07	-6.0024e-07	0.001684	-1.922e-11	-0.001684	5.9656e-07	-6.034e-07	0.0021104	-1.1285e-10	-0.0021116	5.9732e-07	-6.078e-07
0.3	-3.0633e-06	8.824e-11	3.1064e-06	5.9394e-07	-5.9384e-07	0.0005143	5.764e-11	-0.0005145	5.9458e-07	-5.9574e-07	0.0007775	4.877e-11	-0.00077774	5.946e-07	-5.9716e-07	0.00107804	4.325e-11	-0.00107846	5.955e-07	-5.9902e-07	0.0014232	2.561e-11	-0.001423	5.9548e-07	-6.0038e-07	0.0018162	-1.623e-11	-0.0018162	5.9664e-07	-6.0354e-07	0.0022666	-1.0019e-10	-0.0022662	5.9776e-07	-6.0812e-07
0.305	-3.3332e-06	9.302e-11	3.3134e-06	5.9408e-07	-5.9366e-07	0.0005658	5.912e-11	-0.0005661	5.9424e-07	-5.9578e-07	0.00085114	5.089e-11	-0.00085084	5.9458e-07	-5.9724e-07	0.0011724	4.539e-11	-0.0011728	5.9538e-07	-5.9906e-07	0.0015394	2.936e-11	-0.0015388	5.9614e-07	-6.0056e-07	0.001954	-1.326e-11	-0.0019542	5.9656e-07	-6.0348e-07	0.0024256	-9.882e-11	-0.0024258	5.975e-07	-6.0816e-07
0.31	-3.7398e-06	9.766e-11	3.6449e-06	5.9388e-07	-5.9382e-07	0.00062252	6.311e-11	-0.00062262	5.9462e-07	-5.9608e-07	0.00093072	5.44e-11	-0.000931	5.9452e-07	-5.9686e-07	0.0012748	4.897e-11	-0.0012746	5.952e-07	-5.9898e-07	0.0016636	3.123e-11	-0.0016622	5.9548e-07	-6.004e-07	0.002101	-8.15e-12	-0.0021006	5.965e-07	-6.0342e-07	0.0025952	-9.214e-11	-0.0025966	5.977e-07	-6.0832e-07
0.315	-4.0815e-06	1.0137e-10	4.1175e-06	5.9398e-07	-5.9394e-07	0.00068244	6.482e-11	-0.00068214	5.943e-07	-5.9594e-07	0.0010144	5.626e-11	-0.0010148	5.9484e-07	-5.9706e-07	0.0013818	4.874e-11	-0.001381	5.9532e-07	-5.9886e-07	0.0017924	3.665e-11	-0.0017924	5.9544e-07	-6.004e-07	0.0022534	-3.19e-12	-0.0022532	5.9676e-07	-6.0372e-07	0.0027706	-8.651e-11	-0.002771	5.9774e-07	-6.0852e-07
0.32	-4.5518e-06	1.0784e-10	4.4086e-06	5.942e-07	-5.939e-07	0.00074794	6.78e-11	-0.00074744	5.9438e-07	-5.9602e-07	0.00110578	5.892e-11	-0.00110596	5.9488e-07	-5.9706e-07	0.0014966	5.421e-11	-0.0014962	5.9566e-07	-5.99e-07	0.0019314	3.821e-11	-0.00193	5.9568e-07	-6.0062e-07	0.002415	-1.87e-12	-0.002415	5.9682e-07	-6.0374e-07	0.0029582	-8.198e-11	-0.0029568	5.9804e-07	-6.0862e-07
0.325	-4.7381e-06	1.121e-10	4.8157e-06	5.942e-07	-5.9384e-07	0.00081702	7.273e-11	-0.00081674	5.9444e-07	-5.9602e-07	0.001202	6.121e-11	-0.0012012	5.9492e-07	-5.9724e-07	0.0016162	5.529e-11	-0.0016156	5.9554e-07	-5.9908e-07	0.0020752	4.335e-11	-0.0020756	5.9592e-07	-6.008e-07	0.0025818	6.12e-12	-0.0025816	5.9682e-07	-6.0376e-07	0.0031484	-7.029e-11	-0.0031474	5.98e-07	-6.0856e-07
0.33	-5.0973e-06	1.1764e-10	5.2407e-06	5.9406e-07	-5.9424e-07	0.00089186	7.613e-11	-0.00089198	5.9422e-07	-5.9588e-07	0.0013048	6.507e-11	-0.0013036	5.946e-07	-5.973e-07	0.0017454	5.847e-11	-0.0017444	5.957e-07	-5.9878e-07	0.0022276	4.668e-11	-0.0022272	5.9566e-07	-6.0086e-07	0.002759	8.96e-12	-0.0027574	5.9682e-07	-6.0398e-07	0.003348	-6.477e-11	-0.0033476	5.9804e-07	-6.0852e-07
0.335	-5.5675e-06	1.238e-10	5.6728e-06	5.9402e-07	-5.9376e-07	0.00097094	7.951e-11	-0.00097104	5.9434e-07	-5.9586e-07	0.0014122	6.81e-11	-0.0014116	5.9496e-07	-5.9716e-07	0.0018786	6.272e-11	-0.001879	5.9548e-07	-5.9866e-07	0.002386	4.83e-11	-0.0023862	5.9586e-07	-6.0092e-07	0.0029428	1.35e-11	-0.002941	5.9746e-07	-6.0432e-07	0.003554	-6.029e-11	-0.0035546	5.9792e-07	-6.0878e-07
0.34	-6.1455e-06	1.3018e-10	6.0656e-06	5.945e-07	-5.9402e-07	0.00105628	8.447e-11	-0.00105674	5.942e-07	-5.9572e-07	0.001528	7.197e-11	-0.0015276	5.946e-07	-5.9692e-07	0.0020216	6.459e-11	-0.0020202	5.9552e-07	-5.9874e-07	0.0025536	5.389e-11	-0.0025538	5.9604e-07	-6.0106e-07	0.0031346	1.804e-11	-0.0031328	5.9684e-07	-6.0408e-07	0.0037714	-5.017e-11	-0.0037702	5.9824e-07	-6.09e-07
0.345	-6.6032e-06	1.3659e-10	6.6659e-06	5.9402e-07	-5.937e-07	0.00114622	8.749e-11	-0.00114622	5.9424e-07	-5.961e-07	0.0016498	7.507e-11	-0.0016502	5.9456e-07	-5.9728e-07	0.0021682	6.734e-11	-0.0021682	5.955e-07	-5.9876e-07	0.002727	5.417e-11	-0.0027256	5.9612e-07	-6.008e-07	0.0033308	2.262e-11	-0.0033306	5.9698e-07	-6.0404e-07	0.0039912	-4.902e-11	-0.0039902	5.9862e-07	-6.0928e-07
0.35	-7.0468e-06	1.4241e-10	7.2451e-06	5.9394e-07	-5.9362e-07	0.0012418	9.122e-11	-0.001242	5.947e-07	-5.9596e-07	0.0017786	7.625e-11	-0.0017794	5.9468e-07	-5.9736e-07	0.002326	7.144e-11	-0.0023268	5.9532e-07	-5.9882e-07	0.0029108	6.157e-11	-0.0029098	5.9624e-07	-6.0136e-07	0.003538	2.665e-11	-0.003539	5.9732e-07	-6.0434e-07	0.0042222	-4.399e-11	-0.004222	5.9872e-07	-6.0936e-07
0.355	-7.5092e-06	1.5064e-10	7.5648e-06	5.9424e-07	-5.937e-07	0.0013414	9.744e-11	-0.001342	5.9442e-07	-5.9608e-07	0.001913	8.095e-11	-0.001913	5.9454e-07	-5.9698e-07	0.002488	7.442e-11	-0.0024886	5.952e-07	-5.9884e-07	0.0030974	6.074e-11	-0.0030968	5.9644e-07	-6.0088e-07	0.003751	3.175e-11	-0.0037504	5.9738e-07	-6.0456e-07	0.0044562	-3.445e-11	-0.0044556	5.9872e-07	-6.0916e-07
0.36	-8.0146e-06	1.5751e-10	8.1785e-06	5.9392e-07	-5.9396e-07	0.0014496	1.0049e-10	-0.0014498	5.9458e-07	-5.9598e-07	0.0020562	8.64e-11	-0.0020548	5.9464e-07	-5.9706e-07	0.0026598	7.777e-11	-0.00266	5.9558e-07	-5.989e-07	0.0032966	6.838e-11	-0.0032946	5.9664e-07	-6.013e-07	0.0039752	3.594e-11	-0.0039736	5.9768e-07	-6.0474e-07	0.0047052	-3.25e-11	-0.0047032	5.9858e-07	-6.0954e-07
0.365	-8.7957e-06	1.6498e-10	8.6049e-06	5.9438e-07	-5.938e-07	0.0015602	1.0427e-10	-0.00156	5.9458e-07	-5.9592e-07	0.0022038	8.67e-11	-0.0022044	5.9494e-07	-5.9736e-07	0.0028362	8.213e-11	-0.0028356	5.9592e-07	-5.995e-07	0.0035	7.062e-11	-0.0034974	5.9656e-07	-6.013e-07	0.0042004	3.812e-11	-0.0042008	5.9758e-07	-6.0456e-07	0.0049566	-1.964e-11	-0.0049568	5.9878e-07	-6.0958e-07
0.37	-9.1991e-06	1.7291e-10	9.2707e-06	5.9424e-07	-5.9388e-07	0.0016788	1.1075e-10	-0.0016784	5.9404e-07	-5.9602e-07	0.0023604	9.351e-11	-0.00236	5.9494e-07	-5.9744e-07	0.003022	8.421e-11	-0.0030226	5.955e-07	-5.99e-07	0.0037122	7.481e-11	-0.003712	5.9616e-07	-6.0112e-07	0.004439	4.518e-11	-0.0044408	5.9796e-07	-6.0492e-07	0.005219	-1.554e-11	-0.0052178	5.9872e-07	-6.0982e-07
0.375	-9.7429e-06	1.8165e-10	1.00438e-05	5.94e-07	-5.9394e-07	0.0018014	1.1431e-10	-0.0018004	5.9452e-07	-5.9598e-07	0.0025224	9.741e-11	-0.0025208	5.9454e-07	-5.9698e-07	0.0032136	8.915e-11	-0.0032126	5.956e-07	-5.9932e-07	0.0039276	8.063e-11	-0.0039278	5.9672e-07	-6.0158e-07	0.0046828	5.003e-11	-0.004681	5.9786e-07	-6.0482e-07	0.0054828	-1.207e-11	-0.005482	5.9908e-07	-6.0976e-07
0.38	-1.03122e-05	1.9005e-10	1.04586e-05	5.9402e-07	-5.9394e-07	0.0019316	1.2052e-10	-0.0019306	5.946e-07	-5.96e-07	0.0026926	9.883e-11	-0.0026912	5.951e-07	-5.9722e-07	0.0034146	9.174e-11	-0.0034138	5.9576e-07	-5.9926e-07	0.0041556	8.327e-11	-0.0041566	5.9656e-07	-6.0136e-07	0.0049348	5.441e-11	-0.0049356	5.9822e-07	-6.0488e-07	0.0057604	-3.66e-12	-0.0057614	5.99e-07	-6.1002e-07
0.385	-1.10847e-05	1.9993e-10	1.10043e-05	5.936e-07	-5.9348e-07	0.0020648	1.2692e-10	-0.0020632	5.9444e-07	-5.9588e-07	0.002869	1.0615e-10	-0.002868	5.95e-07	-5.9726e-07	0.0036192	9.689e-11	-0.0036192	5.9592e-07	-5.992e-07	0.0043872	8.742e-11	-0.0043876	5.9664e-07	-6.0152e-07	0.005191	6.043e-11	-0.0051898	5.9804e-07	-6.0512e-07	0.0060424	1.53e-12	-0.006041	5.9906e-07	-6.0978e-07
0.39	-1.14997e-05	2.0976e-10	1.15004e-05	5.9406e-07	-5.9384e-07	0.0022052	1.311e-10	-0.0022044	5.9452e-07	-5.961e-07	0.0030522	1.0922e-10	-0.0030522	5.947e-07	-5.971e-07	0.0038348	9.998e-11	-0.0038344	5.9578e-07	-5.9928e-07	0.0046326	9.088e-11	-0.00463	5.9658e-07	-6.0172e-07	0.0054576	6.338e-11	-0.00546	5.9834e-07	-6.052e-07	0.0063306	1.126e-11	-0.006331	5.9958e-07	-6.1046e-07
0.395	7.252e-06	2.185e-10	1.2136e-05	5.9388e-07	-5.9372e-07	0.0023504	1.3744e-10	-0.0023498	5.9464e-07	-5.964e-07	0.003241	1.1435e-10	-0.0032406	5.9484e-07	-5.973e-07	0.0040534	1.0551e-10	-0.0040522	5.9608e-07	-5.9952e-07	0.0048768	9.51e-11	-0.0048774	5.9682e-07	-6.0194e-07	0.0057292	6.92e-11	-0.005728	5.9828e-07	-6.0538e-07	0.0066216	1.746e-11	-0.0066246	5.9996e-07	-6.1084e-07
0.4	-1.2626e-05	2.2949e-10	1.2578e-05	5.9378e-07	-5.9358e-07	0.0025016	1.4379e-10	-0.0025024	5.9464e-07	-5.9628e-07	0.0034392	1.1994e-10	-0.0034388	5.952e-07	-5.9758e-07	0.0042824	1.0921e-10	-0.0042832	5.9592e-07	-5.9928e-07	0.005133	1.0003e-10	-0.0051318	5.9706e-07	-6.0178e-07	0.0060104	7.466e-11	-0.0060104	5.984e-07	-6.055e-07	0.0069286	2.316e-11	-0.0069264	6.0016e-07	-6.108e-07
0.405	-1.346e-05	2.4127e-10	1.3394e-05	5.9424e-07	-5.9396e-07	0.0026562	1.4909e-10	-0.002657	5.9464e-07	-5.961e-07	0.0036408	1.2452e-10	-0.0036406	5.9488e-07	-5.9734e-07	0.0045172	1.1593e-10	-0.004516	5.96e-07	-5.9934e-07	0.0053936	1.0421e-10	-0.0053928	5.9696e-07	-6.018e-07	0.0062944	8.034e-11	-0.006293	5.9848e-07	-6.0574e-07	0.0072326	3.004e-11	-0.0072322	6.0012e-07	-6.1116e-07
0.41	-1.384e-05	2.516e-10	1.3792e-05	5.939e-07	-5.9376e-07	0.0028194	1.5781e-10	-0.0028188	5.9436e-07	-5.9598e-07	0.0038542	1.2992e-10	-0.0038534	5.9494e-07	-5.9738e-07	0.0047598	1.1786e-10	-0.0047586	5.9626e-07	-5.9966e-07	0.005663	1.0807e-10	-0.0056618	5.9712e-07	-6.0212e-07	0.0065868	8.404e-11	-0.006588	5.9884e-07	-6.0608e-07	0.0075514	3.506e-11	-0.0075522	6.0008e-07	-6.1108e-07
0.415	-1.4864e-05	2.6431e-10	1.4714e-05	5.9398e-07	-5.9394e-07	0.0029844	1.6286e-10	-0.0029836	5.9462e-07	-5.9628e-07	0.0040692	1.3603e-10	-0.0040676	5.9532e-07	-5.977e-07	0.0050076	1.241e-10	-0.0050064	5.9604e-07	-5.997e-07	0.0059354	1.1371e-10	-0.0059322	5.9752e-07	-6.0218e-07	0.0068828	9.021e-11	-0.006882	5.9862e-07	-6.0584e-07	0.00787	4.47e-11	-0.0078674	6.006e-07	-6.113e-07
0.42	-1.5102e-05	2.7612e-10	1.5054e-05	5.9372e-07	-5.935e-07	0.0031564	1.7e-10	-0.0031556	5.9452e-07	-5.96e-07	0.0042914	1.3917e-10	-0.0042932	5.9506e-07	-5.9746e-07	0.0052644	1.2771e-10	-0.0052624	5.964e-07	-5.9974e-07	0.0062178	1.1802e-10	-0.006217	5.9768e-07	-6.023e-07	0.0071906	9.587e-11	-0.0071894	5.9916e-07	-6.0584e-07	0.0081968	4.872e-11	-0.008197	6.008e-07	-6.1154e-07
0.425	-1.5768e-05	2.9036e-10	1.5584e-05	5.9396e-07	-5.9354e-07	0.0033296	1.7862e-10	-0.003331	5.9484e-07	-5.9652e-07	0.004519	1.4772e-10	-0.0045224	5.9532e-07	-5.9758e-07	0.0055218	1.3287e-10	-0.00552	5.9632e-07	-5.9982e-07	0.0065036	1.242e-10	-0.0065036	5.9726e-07	-6.0212e-07	0.0074988	1.0064e-10	-0.0074986	5.9912e-07	-6.0612e-07	0.008529	5.666e-11	-0.0085262	6.0078e-07	-6.1186e-07
0.43	-1.6264e-05	3.0133e-10	1.6222e-05	5.9394e-07	-5.9376e-07	0.0035116	1.856e-10	-0.0035118	5.9484e-07	-5.9622e-07	0.004758	1.5142e-10	-0.0047576	5.952e-07	-5.98e-07	0.0057918	1.3953e-10	-0.0057916	5.961e-07	-5.995e-07	0.0068012	1.293e-10	-0.0067996	5.9768e-07	-6.0266e-07	0.007818	1.0707e-10	-0.0078164	5.995e-07	-6.0634e-07	0.0088692	6.472e-11	-0.0088666	6.0092e-07	-6.1204e-07
0.435	-1.7166e-05	3.1709e-10	1.7126e-05	5.942e-07	-5.9392e-07	0.0036948	1.9334e-10	-0.0036948	5.9484e-07	-5.9612e-07	0.0049968	1.5734e-10	-0.004996	5.9518e-07	-5.9776e-07	0.006064	1.4139e-10	-0.006063	5.9636e-07	-6.0022e-07	0.0070988	1.3312e-10	-0.0070952	5.975e-07	-6.0264e-07	0.008138	1.1142e-10	-0.0081386	5.9936e-07	-6.065e-07	0.0092076	7.251e-11	-0.0092064	6.0156e-07	-6.1236e-07
0.44	-1.7624e-05	3.3131e-10	1.7688e-05	5.939e-07	-5.9346e-07	0.0038854	2.0213e-10	-0.0038842	5.9462e-07	-5.961e-07	0.0052454	1.6473e-10	-0.0052448	5.9526e-07	-5.9786e-07	0.006346	1.5172e-10	-0.0063448	5.9664e-07	-6.0002e-07	0.0074048	1.4101e-10	-0.007405	5.98e-07	-6.0254e-07	0.0084702	1.1784e-10	-0.0084698	5.9968e-07	-6.0664e-07	0.009558	7.782e-11	-0.0095584	6.0166e-07	-6.1268e-07
0.445	-1.8408e-05	3.4408e-10	1.8348e-05	5.9394e-07	-5.9376e-07	0.0040746	2.1057e-10	-0.0040762	5.9488e-07	-5.9622e-07	0.0054968	1.7085e-10	-0.0054964	5.9556e-07	-5.98e-07	0.0066292	1.5375e-10	-0.0066296	5.9638e-07	-5.9976e-07	0.007713	1.4306e-10	-0.0077154	5.9792e-07	-6.0282e-07	0.008801	1.2356e-10	-0.0088012	5.9988e-07	-6.0676e-07	0.0099114	8.504e-11	-0.0099094	6.0158e-07	-6.1258e-07
0.45	-1.876e-05	3.6034e-10	1.888e-05	5.9402e-07	-5.9354e-07	0.004274	2.1875e-10	-0.0042728	5.9482e-07	-5.9626e-07	0.0057566	1.7767e-10	-0.0057578	5.9566e-07	-5.9812e-07	0.0069234	1.6085e-10	-0.0069234	5.9664e-07	-6.0014e-07	0.0080334	1.4989e-10	-0.008033	5.9814e-07	-6.0288e-07	0.0091412	1.2913e-10	-0.0091428	6.0012e-07	-6.0732e-07	0.0102724	9.205e-11	-0.010269	6.0188e-07	-6.13e-07
0.455	-1.9536e-05	3.7721e-10	1.9466e-05	5.9418e-07	-5.9354e-07	0.0044714	2.2847e-10	-0.0044714	5.9484e-07	-5.9644e-07	0.0060204	1.8428e-10	-0.0060194	5.9532e-07	-5.9788e-07	0.0072176	1.6795e-10	-0.0072196	5.9704e-07	-6.0012e-07	0.0083516	1.556e-10	-0.0083514	5.9812e-07	-6.03e-07	0.0094872	1.3515e-10	-0.0094846	6.0022e-07	-6.0694e-07	0.0106324	9.741e-11	-0.0106314	6.0212e-07	-6.1322e-07
0.46	-2.0198e-05	3.9247e-10	2.0362e-05	5.9394e-07	-5.9398e-07	0.004674	2.3805e-10	-0.0046726	5.9492e-07	-5.962e-07	0.006292	1.9155e-10	-0.0062902	5.955e-07	-5.979e-07	0.0075234	1.7255e-10	-0.0075222	5.9672e-07	-6.001e-07	0.0086816	1.6127e-10	-0.0086844	5.98e-07	-6.0264e-07	0.0098402	1.4209e-10	-0.0098378	6.0026e-07	-6.073e-07	0.0110052	1.0511e-10	-0.0110064	6.0246e-07	-6.134e-07
0.465	-2.0786e-05	4.0929e-10	2.0918e-05	5.942e-07	-5.9384e-07	0.0048794	2.4649e-10	-0.0048774	5.947e-07	-5.965e-07	0.0065652	1.9772e-10	-0.006563	5.9572e-07	-5.9802e-07	0.0078272	1.7973e-10	-0.0078276	5.968e-07	-6.0022e-07	0.0090124	1.685e-10	-0.0090118	5.9844e-07	-6.0318e-07	0.010189	1.4832e-10	-0.010186	6.0028e-07	-6.0706e-07	0.0113748	1.1064e-10	-0.0113744	6.0202e-07	-6.1318e-07
0.47	-2.0926e-05	4.2783e-10	2.1328e-05	5.9428e-07	-5.9378e-07	0.0050872	2.5871e-10	-0.0050868	5.9508e-07	-5.9658e-07	0.0068464	2.0494e-10	-0.0068448	5.957e-07	-5.9784e-07	0.008143	1.866e-10	-0.008139	5.9716e-07	-6.0028e-07	0.0093526	1.7265e-10	-0.0093542	5.9862e-07	-6.0328e-07	0.010551	1.5331e-10	-0.0105482	6.006e-07	-6.0736e-07	0.011768	1.181e-10	-0.011762	6.0292e-07	-6.138e-07
0.475	-2.1774e-05	4.4388e-10	2.164e-05	5.9384e-07	-5.9356e-07	0.0052948	2.6701e-10	-0.0052946	5.95e-07	-5.9656e-07	0.0071296	2.1264e-10	-0.0071258	5.9572e-07	-5.9826e-07	0.0084582	1.9141e-10	-0.008458	5.9684e-07	-6.0066e-07	0.0096932	1.7885e-10	-0.0096924	5.9888e-07	-6.0354e-07	0.0109124	1.6075e-10	-0.0109112	6.0068e-07	-6.0756e-07	0.012148	1.1947e-10	-0.012142	6.0336e-07	-6.141e-07
0.48	-2.2316e-05	4.6531e-10	2.215e-05	5.941e-07	-5.9394e-07	0.0055086	2.7802e-10	-0.005509	5.9512e-07	-5.9652e-07	0.0074226	2.2056e-10	-0.0074184	5.9562e-07	-5.9832e-07	0.0087848	1.9975e-10	-0.0087848	5.97e-07	-6.004e-07	0.0100436	1.8752e-10	-0.0100442	5.987e-07	-6.0368e-07	0.0112802	1.6772e-10	-0.011282	6.0092e-07	-6.079e-07	0.012534	1.4036e-10	-0.01253	6.0342e-07	-6.1438e-07
0.485	-2.2912e-05	4.8309e-10	2.3124e-05	5.9418e-07	-5.9402e-07	0.0057208	2.8957e-10	-0.0057196	5.9502e-07	-5.968e-07	0.0077112	2.284e-10	-0.0077118	5.9562e-07	-5.9828e-07	0.0091126	2.0634e-10	-0.0091078	5.9728e-07	-6.0036e-07	0.0103926	1.9294e-10	-0.010394	5.9884e-07	-6.0372e-07	0.011664	1.713e-10	-0.011651	6.0108e-07	-6.0796e-07	0.01292	1.3817e-10	-0.012918	6.034e-07	-6.1442e-07
0.49	-2.3942e-05	5.0398e-10	2.3596e-05	5.9408e-07	-5.9398e-07	0.0059374	3.0135e-10	-0.0059376	5.9508e-07	-5.9654e-07	0.00801	2.3755e-10	-0.0080114	5.9604e-07	-5.98e-07	0.0094462	2.1293e-10	-0.0094416	5.9736e-07	-6.0098e-07	0.0107544	2.0085e-10	-0.0107506	5.9904e-07	-6.0386e-07	0.012044	1.8034e-10	-0.012034	6.0118e-07	-6.0814e-07	0.013322	1.5099e-10	-0.013316	6.0378e-07	-6.1476e-07
0.495	-2.377e-05	5.2676e-10	2.3808e-05	5.9422e-07	-5.9414e-07	0.0061552	3.1491e-10	-0.0061528	5.953e-07	-5.9656e-07	0.0083118	2.4391e-10	-0.008311	5.9606e-07	-5.9846e-07	0.0097786	2.2214e-10	-0.0097778	5.9726e-07	-6.0068e-07	0.0111118	2.0546e-10	-0.01111	5.9912e-07	-6.04e-07	0.012422	1.8633e-10	-0.01242	6.0114e-07	-6.081e-07	0.013714	1.549e-10	-0.01371	6.0426e-07	-6.151e-07
0.5	-2.4558e-05	5.4054e-10	2.4482e-05	5.9424e-07	-5.9396e-07	0.006373	3.2439e-10	-0.0063716	5.9478e-07	-5.965e-07	0.008622	2.5616e-10	-0.0086198	5.9596e-07	-5.9846e-07	0.0101232	2.2769e-10	-0.0101192	5.9732e-07	-6.0082e-07	0.0114796	2.1431e-10	-0.0114772	5.9942e-07	-6.0398e-07	0.012808	1.9357e-10	-0.012808	6.0166e-07	-6.0856e-07	0.01412	1.6893e-10	-0.014112	6.043e-07	-6.1502e-07
0.505	-2.4982e-05	5.7122e-10	2.5098e-05	5.9438e-07	-5.9424e-07	0.0065872	3.3731e-10	-0.0065858	5.9502e-07	-5.9646e-07	0.0089296	2.6353e-10	-0.0089292	5.957e-07	-5.9842e-07	0.010466	2.3684e-10	-0.0104634	5.975e-07	-6.0098e-07	0.011856	2.2319e-10	-0.011854	5.9938e-07	-6.0416e-07	0.013192	2.0257e-10	-0.013192	6.0138e-07	-6.0858e-07	0.014524	1.7485e-10	-0.014516	6.0462e-07	-6.155e-07
0.51	-2.5296e-05	5.921e-10	2.492e-05	5.94e-07	-5.938e-07	0.0068062	3.5211e-10	-0.0068078	5.9502e-07	-5.9666e-07	0.0092462	2.716e-10	-0.0092424	5.96e-07	-5.982e-07	0.010817	2.4505e-10	-0.0108178	5.9758e-07	-6.0088e-07	0.012232	2.3018e-10	-0.012228	5.994e-07	-6.0454e-07	0.01359	2.091e-10	-0.013584	6.0236e-07	-6.0896e-07	0.014932	1.8693e-10	-0.01493	6.0494e-07	-6.1594e-07
0.515	-2.5886e-05	6.1759e-10	2.5902e-05	5.9434e-07	-5.9398e-07	0.007026	3.6308e-10	-0.007026	5.9526e-07	-5.966e-07	0.0095604	2.8367e-10	-0.0095588	5.9578e-07	-5.9844e-07	0.0111664	2.5418e-10	-0.0111642	5.98e-07	-6.0134e-07	0.012606	2.3658e-10	-0.012604	5.9978e-07	-6.0446e-07	0.013984	2.1713e-10	-0.01398	6.0236e-07	-6.0942e-07	0.015348	1.8319e-10	-0.01534	6.0496e-07	-6.1592e-07
0.52	-2.6474e-05	6.4308e-10	2.6428e-05	5.9428e-07	-5.942e-07	0.0072458	3.7836e-10	-0.0072452	5.953e-07	-5.9694e-07	0.0098806	2.923e-10	-0.0098808	5.9598e-07	-5.982e-07	0.011538	2.628e-10	-0.0115262	5.9804e-07	-6.0094e-07	0.012992	2.4662e-10	-0.012986	6.0018e-07	-6.0476e-07	0.014386	2.259e-10	-0.014384	6.0224e-07	-6.0928e-07	0.015764	1.9686e-10	-0.015756	6.0508e-07	-6.1632e-07
0.525	-2.7374e-05	6.6871e-10	2.7476e-05	5.9408e-07	-5.9404e-07	0.0074628	3.9465e-10	-0.0074624	5.9542e-07	-5.9712e-07	0.0102048	3.0138e-10	-0.010205	5.9602e-07	-5.986e-07	0.011898	2.7088e-10	-0.011896	5.98e-07	-6.0154e-07	0.013372	2.5143e-10	-0.013368	6.0006e-07	-6.0494e-07	0.014786	2.3157e-10	-0.014782	6.0244e-07	-6.0978e-07	0.016178	2.0601e-10	-0.016176	6.0556e-07	-6.165e-07
0.53	-2.799e-05	6.962e-10	2.7726e-05	5.942e-07	-5.9388e-07	0.007681	4.0723e-10	-0.0076796	5.9506e-07	-5.9684e-07	0.0105328	3.1175e-10	-0.0105338	5.9598e-07	-5.9848e-07	0.012264	2.817e-10	-0.01226	5.9836e-07	-6.0152e-07	0.013756	2.622e-10	-0.01376	5.9976e-07	-6.047e-07	0.015196	2.4016e-10	-0.015192	6.0286e-07	-6.0978e-07	0.0166	2.1657e-10	-0.016596	6.0584e-07	-6.1698e-07
0.535	-2.7902e-05	7.2409e-10	2.8194e-05	5.9386e-07	-5.9404e-07	0.0078978	4.2014e-10	-0.0078956	5.95e-07	-5.966e-07	0.0108596	3.2193e-10	-0.0108586	5.9618e-07	-5.9838e-07	0.01263	2.8533e-10	-0.012628	5.9834e-07	-6.0188e-07	0.014146	2.6983e-10	-0.014144	6.0012e-07	-6.0482e-07	0.0156	2.5003e-10	-0.015594	6.0302e-07	-6.0956e-07	0.017024	2.2555e-10	-0.017016	6.062e-07	-6.173e-07
0.54	-2.8746e-05	7.5256e-10	2.8882e-05	5.9364e-07	-5.9364e-07	0.008114	4.3553e-10	-0.0081132	5.9514e-07	-5.9662e-07	0.0111938	3.3376e-10	-0.0111926	5.9646e-07	-5.9854e-07	0.013002	2.9943e-10	-0.012998	5.9852e-07	-6.02e-07	0.014544	2.8034e-10	-0.01454	6.0056e-07	-6.0524e-07	0.016014	2.5666e-10	-0.016014	6.0306e-07	-6.1006e-07	0.01745	2.3579e-10	-0.017452	6.0628e-07	-6.174e-07
0.545	-2.9092e-05	7.8323e-10	2.9108e-05	5.9394e-07	-5.9372e-07	0.0083272	4.5726e-10	-0.0083254	5.9518e-07	-5.966e-07	0.011538	3.4139e-10	-0.0115248	5.9632e-07	-5.9866e-07	0.013372	3.0846e-10	-0.013366	5.9872e-07	-6.0218e-07	0.014942	2.8898e-10	-0.014938	6.0068e-07	-6.0536e-07	0.016426	2.6635e-10	-0.016424	6.0328e-07	-6.1016e-07	0.01788	2.4453e-10	-0.017878	6.0658e-07	-6.1772e-07
0.55	-2.9754e-05	8.145e-10	3.0106e-05	5.9388e-07	-5.9364e-07	0.0085418	4.7348e-10	-0.0085412	5.9512e-07	-5.9664e-07	0.011874	3.5764e-10	-0.011876	5.9638e-07	-5.9858e-07	0.013754	3.1722e-10	-0.01375	5.988e-07	-6.0202e-07	0.01534	2.9797e-10	-0.015338	6.0046e-07	-6.0534e-07	0.016848	2.7632e-10	-0.016846	6.0388e-07	-6.1046e-07	0.018312	2.5407e-10	-0.01831	6.0676e-07	-6.1788e-07
0.555	-2.987e-05	8.4961e-10	2.9996e-05	5.9394e-07	-5.9388e-07	0.0087538	4.9293e-10	-0.008752	5.9538e-07	-5.9674e-07	0.012208	3.6914e-10	-0.012204	5.9646e-07	-5.99e-07	0.014124	3.3038e-10	-0.014124	5.9888e-07	-6.025e-07	0.015742	3.0803e-10	-0.01574	6.0064e-07	-6.0566e-07	0.017268	2.8469e-10	-0.017262	6.04e-07	-6.1094e-07	0.018746	2.6248e-10	-0.018738	6.0704e-07	-6.18e-07
0.56	-3.039e-05	8.8083e-10	3.052e-05	5.9418e-07	-5.9406e-07	0.0089662	5.1088e-10	-0.008966	5.9512e-07	-5.9664e-07	0.012552	3.8225e-10	-0.01255	5.965e-07	-5.9914e-07	0.014514	3.3987e-10	-0.014512	5.991e-07	-6.0226e-07	0.016148	3.1675e-10	-0.016144	6.0092e-07	-6.0566e-07	0.017686	2.9353e-10	-0.017682	6.0436e-07	-6.1138e-07	0.019188	2.7288e-10	-0.01918	6.0718e-07	-6.1846e-07
0.565	-3.0922e-05	9.1737e-10	3.0976e-05	5.9412e-07	-5.9378e-07	0.009172	5.3023e-10	-0.0091702	5.953e-07	-5.9676e-07	0.01289	3.9398e-10	-0.012888	5.9672e-07	-5.9902e-07	0.01489	3.4977e-10	-0.01489	5.9908e-07	-6.0236e-07	0.016556	3.2762e-10	-0.016556	6.0132e-07	-6.0614e-07	0.018108	3.0492e-10	-0.01811	6.0416e-07	-6.1118e-07	0.01962	2.8241e-10	-0.019618	6.0744e-07	-6.1858e-07
0.57	-3.1072e-05	9.5533e-10	3.13e-05	5.939e-07	-5.9382e-07	0.0093804	5.4983e-10	-0.0093792	5.9512e-07	-5.9682e-07	0.013238	4.0971e-10	-0.013234	5.9676e-07	-5.9916e-07	0.015286	3.6321e-10	-0.01528	5.993e-07	-6.0252e-07	0.01697	3.3789e-10	-0.016966	6.0154e-07	-6.0612e-07	0.018546	3.1447e-10	-0.018544	6.0456e-07	-6.1136e-07	0.020064	2.9196e-10	-0.02006	6.0804e-07	-6.1902e-07
0.575	-3.1332e-05	9.9145e-10	3.1444e-05	5.9438e-07	-5.9392e-07	0.0095824	5.7008e-10	-0.0095826	5.953e-07	-5.969e-07	0.013576	4.2103e-10	-0.013576	5.9678e-07	-5.9894e-07	0.015668	3.7374e-10	-0.015668	5.9938e-07	-6.0244e-07	0.01738	3.4757e-10	-0.017374	6.0158e-07	-6.0618e-07	0.01897	3.2541e-10	-0.018964	6.0478e-07	-6.1154e-07	0.020502	3.022e-10	-0.020502	6.08e-07	-6.1884e-07
0.58	-3.175e-05	1.0329e-09	3.2012e-05	5.9412e-07	-5.9378e-07	0.0097872	5.9243e-10	-0.0097876	5.9492e-07	-5.9676e-07	0.013926	4.3561e-10	-0.013922	5.97e-07	-5.9942e-07	0.016064	3.8379e-10	-0.01606	5.9924e-07	-6.0268e-07	0.017796	3.5913e-10	-0.01779	6.017e-07	-6.0654e-07	0.019402	3.3675e-10	-0.0194	6.0478e-07	-6.1206e-07	0.02095	3.1667e-10	-0.020948	6.0842e-07	-6.1932e-07
0.585	-3.2172e-05	1.06754e-09	3.2144e-05	5.9438e-07	-5.938e-07	0.009983	6.1421e-10	-0.0099838	5.9536e-07	-5.967e-07	0.014268	4.4794e-10	-0.01426	5.9704e-07	-5.9944e-07	0.016456	3.9885e-10	-0.016452	5.9952e-07	-6.0288e-07	0.018206	3.705e-10	-0.018208	6.022e-07	-6.069e-07	0.019832	3.4522e-10	-0.01983	6.0514e-07	-6.1244e-07	0.021396	3.2674e-10	-0.02139	6.0864e-07	-6.195e-07
0.59	-3.3208e-05	1.11503e-09	3.287e-05	5.9412e-07	-5.9396e-07	0.0101846	6.3813e-10	-0.0101824	5.953e-07	-5.971e-07	0.014616	4.6682e-10	-0.014614	5.9682e-07	-5.992e-07	0.016854	4.0798e-10	-0.016852	5.9966e-07	-6.0296e-07	0.018632	3.8031e-10	-0.01863	6.0228e-07	-6.0694e-07	0.020274	3.5751e-10	-0.020268	6.055e-07	-6.1226e-07	0.021844	3.3694e-10	-0.021846	6.0924e-07	-6.202e-07
0.595	-3.2988e-05	1.1593e-09	3.3314e-05	5.9412e-07	-5.9374e-07	0.0103766	6.5624e-10	-0.010376	5.9514e-07	-5.9676e-07	0.014956	4.7981e-10	-0.014954	5.9684e-07	-5.994e-07	0.01725	4.2314e-10	-0.017246	5.9992e-07	-6.0342e-07	0.019048	3.9618e-10	-0.01905	6.0274e-07	-6.0762e-07	0.020702	3.6798e-10	-0.020698	6.0564e-07	-6.125e-07	0.02229	3.5089e-10	-0.022292	6.0916e-07	-6.2038e-07
0.6	-3.36e-05	1.2046e-09	3.3702e-05	5.9406e-07	-5.9402e-07	0.0105718	6.8654e-10	-0.0105726	5.954e-07	-5.968e-07	0.015308	4.9688e-10	-0.015302	5.9692e-07	-5.995e-07	0.017648	4.3468e-10	-0.017644	6.0026e-07	-6.0374e-07	0.019476	4.0273e-10	-0.019472	6.027e-07	-6.0736e-07	0.021146	3.8037e-10	-0.021142	6.0596e-07	-6.1294e-07	0.022754	3.6526e-10	-0.02275	6.094e-07	-6.2024e-07
0.605	-3.366e-05	1.2403e-09	3.3598e-05	5.9444e-07	-5.9428e-07	0.0107606	7.0253e-10	-0.0107618	5.953e-07	-5.9692e-07	0.01565	5.1479e-10	-0.01565	5.9716e-07	-5.9946e-07	0.018048	4.4825e-10	-0.018048	6e-07	-6.0322e-07	0.019894	4.1715e-10	-0.019896	6.0294e-07	-6.0742e-07	0.021582	3.9241e-10	-0.021582	6.0602e-07	-6.1316e-07	0.023198	3.6946e-10	-0.023188	6.1008e-07	-6.2086e-07
0.61	-3.449e-05	1.3034e-09	3.4134e-05	5.9414e-07	-5.9396e-07	0.0109506	7.381e-10	-0.0109506	5.953e-07	-5.9694e-07	0.016002	5.3106e-10	-0.015998	5.97e-07	-5.9962e-07	0.018454	4.6278e-10	-0.018452	6.0008e-07	-6.0342e-07	0.020326	4.3217e-10	-0.020326	6.028e-07	-6.0772e-07	0.022026	4.0421e-10	-0.022028	6.0634e-07	-6.1308e-07	0.023656	3.8276e-10	-0.023656	6.0988e-07	-6.2092e-07
0.615	-3.4562e-05	1.355e-09	3.4638e-05	5.945e-07	-5.942e-07	0.0111364	7.6751e-10	-0.0111336	5.9522e-07	-5.9686e-07	0.016344	5.4941e-10	-0.016344	5.9712e-07	-5.9938e-07	0.018854	4.7667e-10	-0.018848	6.0018e-07	-6.0348e-07	0.020754	4.4297e-10	-0.020752	6.0314e-07	-6.0774e-07	0.02247	4.1245e-10	-0.02247	6.0646e-07	-6.1362e-07	0.02411	4.0212e-10	-0.024108	6.1014e-07	-6.214e-07
0.62	-3.4856e-05	1.4056e-09	3.477e-05	5.9422e-07	-5.9424e-07	0.011318	7.9469e-10	-0.0113172	5.9538e-07	-5.9696e-07	0.016696	5.6655e-10	-0.01669	5.9724e-07	-5.9954e-07	0.019264	4.9181e-10	-0.019258	6.0018e-07	-6.034e-07	0.021184	4.5181e-10	-0.021182	6.0284e-07	-6.0808e-07	0.02292	4.2993e-10	-0.022918	6.0668e-07	-6.138e-07	0.024572	4.1159e-10	-0.024568	6.1068e-07	-6.2146e-07
0.625	-3.5284e-05	1.4616e-09	3.5086e-05	5.9428e-07	-5.9418e-07	0.011494	8.2544e-10	-0.011494	5.9562e-07	-5.9714e-07	0.017038	5.8575e-10	-0.01703	5.9732e-07	-5.998e-07	0.019664	5.0674e-10	-0.019658	6.0026e-07	-6.0374e-07	0.021612	4.7039e-10	-0.021608	6.0306e-07	-6.079e-07	0.02336	4.4474e-10	-0.023358	6.0722e-07	-6.1382e-07	0.025026	4.3135e-10	-0.02502	6.1134e-07	-6.2168e-07
0.63	-3.5768e-05	1.5138e-09	3.5534e-05	5.9416e-07	-5.9396e-07	0.011682	8.5787e-10	-0.011678	5.9528e-07	-5.9718e-07	0.017384	6.0616e-10	-0.017376	5.9752e-07	-6e-07	0.020072	5.2354e-10	-0.020072	6.0018e-07	-6.0364e-07	0.022046	4.8637e-10	-0.022044	6.0354e-07	-6.0824e-07	0.023812	4.5696e-10	-0.023808	6.0698e-07	-6.1398e-07	0.025486	4.444e-10	-0.025486	6.1148e-07	-6.2216e-07
0.635	-3.6262e-05	1.5671e-09	3.6156e-05	5.9444e-07	-5.943e-07	0.011852	8.7829e-10	-0.011854	5.9538e-07	-5.9698e-07	0.017724	6.2486e-10	-0.01772	5.9768e-07	-6.0002e-07	0.02048	5.311e-10	-0.020478	6.0068e-07	-6.0372e-07	0.022474	5.026e-10	-0.022476	6.0372e-07	-6.0838e-07	0.024254	4.7539e-10	-0.024256	6.076e-07	-6.1442e-07	0.025944	4.5175e-10	-0.025938	6.1158e-07	-6.2244e-07
0.64	-3.614e-05	1.6461e-09	3.5962e-05	5.9424e-07	-5.9376e-07	0.012024	9.2384e-10	-0.012022	5.957e-07	-5.9718e-07	0.018066	6.4618e-10	-0.018062	5.9786e-07	-5.9986e-07	0.020892	5.5646e-10	-0.020888	6.0074e-07	-6.0416e-07	0.022914	5.1515e-10	-0.022918	6.0376e-07	-6.084e-07	0.024712	4.8748e-10	-0.02471	6.076e-07	-6.15e-07	0.026408	4.7132e-10	-0.026406	6.1224e-07	-6.2284e-07
0.645	-3.6138e-05	1.7087e-09	3.6416e-05	5.9424e-07	-5.938e-07	0.012188	9.5778e-10	-0.012186	5.9574e-07	-5.971e-07	0.018402	6.663e-10	-0.0184	5.978e-07	-6.002e-07	0.021298	5.7494e-10	-0.021292	6.0094e-07	-6.0406e-07	0.023344	5.325e-10	-0.023348	6.0376e-07	-6.0864e-07	0.025162	5.0126e-10	-0.025156	6.079e-07	-6.1516e-07	0.026868	4.9044e-10	-0.026868	6.1224e-07	-6.2348e-07
0.65	-3.6232e-05	1.7754e-09	3.6358e-05	5.9394e-07	-5.9366e-07	0.012356	9.9298e-10	-0.012352	5.9544e-07	-5.9692e-07	0.018744	6.8119e-10	-0.01874	5.977e-07	-6.0004e-07	0.02171	5.9108e-10	-0.02171	6.0092e-07	-6.0464e-07	0.023788	5.4707e-10	-0.023788	6.0434e-07	-6.0904e-07	0.025616	5.178e-10	-0.025618	6.0834e-07	-6.1496e-07	0.027334	4.9697e-10	-0.027332	6.1288e-07	-6.2368e-07
0.655	-3.6676e-05	1.8484e-09	3.662e-05	5.9414e-07	-5.9412e-07	0.012518	1.01917e-09	-0.01251	5.9556e-07	-5.9712e-07	0.019078	7.1358e-10	-0.019078	5.9784e-07	-6.0006e-07	0.022118	6.084e-10	-0.022114	6.0124e-07	-6.0458e-07	0.02422	5.6497e-10	-0.024222	6.0464e-07	-6.0942e-07	0.026066	5.3316e-10	-0.026066	6.0828e-07	-6.1554e-07	0.027796	5.2e-10	-0.02779	6.1288e-07	-6.24e-07
0.66	-3.684e-05	1.9077e-09	3.6974e-05	5.942e-07	-5.9414e-07	0.012676	1.07011e-09	-0.012676	5.957e-07	-5.9736e-07	0.019416	7.3645e-10	-0.01941	5.9806e-07	-6.0032e-07	0.022536	6.2209e-10	-0.02253	6.011e-07	-6.0452e-07	0.024662	5.8365e-10	-0.02466	6.047e-07	-6.0918e-07	0.02652	5.503e-10	-0.026526	6.087e-07	-6.158e-07	0.028264	5.3262e-10	-0.028258	6.1302e-07	-6.2416e-07
0.665	-3.7172e-05	1.9954e-09	3.7278e-05	5.9406e-07	-5.9366e-07	0.012832	1.10946e-09	-0.012822	5.9544e-07	-5.9668e-07	0.019744	7.6355e-10	-0.019744	5.9816e-07	-6.0036e-07	0.022944	6.4419e-10	-0.02294	6.0122e-07	-6.045e-07	0.025104	6.0007e-10	-0.025102	6.0512e-07	-6.0994e-07	0.026976	5.6861e-10	-0.026968	6.0876e-07	-6.1568e-07	0.028724	5.4882e-10	-0.028718	6.136e-07	-6.2444e-07
0.67	-3.7446e-05	2.0748e-09	3.7668e-05	5.9402e-07	-5.9362e-07	0.012984	1.1523e-09	-0.012978	5.9558e-07	-5.9724e-07	0.020078	7.8737e-10	-0.020078	5.9818e-07	-6.002e-07	0.023356	6.6607e-10	-0.023356	6.0162e-07	-6.0492e-07	0.025544	6.1999e-10	-0.025546	6.0512e-07	-6.096e-07	0.027432	5.8325e-10	-0.02743	6.092e-07	-6.1622e-07	0.029198	5.693e-10	-0.02919	6.1406e-07	-6.2456e-07
0.675	-3.7778e-05	2.1601e-09	3.7672e-05	5.9404e-07	-5.9394e-07	0.013132	1.1926e-09	-0.01313	5.9568e-07	-5.9694e-07	0.020404	8.1624e-10	-0.0204	5.9822e-07	-6.005e-07	0.023762	6.8586e-10	-0.023768	6.0158e-07	-6.0478e-07	0.025984	6.3873e-10	-0.025978	6.0524e-07	-6.0994e-07	0.027882	6.0376e-10	-0.027882	6.0954e-07	-6.1624e-07	0.029658	5.9132e-10	-0.029654	6.1414e-07	-6.2464e-07
0.68	-3.845e-05	2.2494e-09	3.8102e-05	5.9424e-07	-5.9394e-07	0.013276	1.2399e-09	-0.013276	5.9574e-07	-5.974e-07	0.020734	8.4287e-10	-0.02073	5.9794e-07	-6.0034e-07	0.02418	7.0752e-10	-0.024178	6.0158e-07	-6.0522e-07	0.026426	6.493e-10	-0.026424	6.0568e-07	-6.105e-07	0.028346	6.1969e-10	-0.028342	6.097e-07	-6.165e-07	0.030124	6.0419e-10	-0.030122	6.1406e-07	-6.2506e-07
0.685	-3.8272e-05	2.3386e-09	3.8326e-05	5.9434e-07	-5.9408e-07	0.01342	1.2888e-09	-0.013416	5.957e-07	-5.9724e-07	0.021054	8.6967e-10	-0.021052	5.9814e-07	-6.0064e-07	0.02459	7.3256e-10	-0.024588	6.021e-07	-6.054e-07	0.026864	6.7751e-10	-0.026866	6.0564e-07	-6.1036e-07	0.028802	6.3987e-10	-0.0288	6.0974e-07	-6.1672e-07	0.030592	6.2756e-10	-0.03059	6.1484e-07	-6.2568e-07
0.69	-3.8714e-05	2.4141e-09	3.8714e-05	5.9436e-07	-5.9408e-07	0.013564	1.3351e-09	-0.013558	5.9572e-07	-5.9722e-07	0.02138	9.0288e-10	-0.021374	5.9838e-07	-6.0072e-07	0.025002	7.4943e-10	-0.024998	6.0216e-07	-6.0542e-07	0.02731	6.9667e-10	-0.02731	6.0608e-07	-6.1084e-07	0.029262	6.6122e-10	-0.029258	6.1002e-07	-6.1696e-07	0.031068	6.4574e-10	-0.031064	6.1474e-07	-6.257e-07
0.695	-3.8888e-05	2.5315e-09	3.9216e-05	5.9418e-07	-5.9408e-07	0.0137	1.3869e-09	-0.013698	5.9592e-07	-5.9754e-07	0.021692	9.3193e-10	-0.021688	5.983e-07	-6.0044e-07	0.025418	7.788e-10	-0.025412	6.0214e-07	-6.0552e-07	0.027756	7.1979e-10	-0.027752	6.0592e-07	-6.1058e-07	0.02972	6.8139e-10	-0.029716	6.1046e-07	-6.172e-07	0.03153	6.6508e-10	-0.031528	6.1548e-07	-6.262e-07
0.7	-3.908e-05	2.6123e-09	3.9158e-05	5.9436e-07	-5.9396e-07	0.013834	1.4379e-09	-0.013834	5.9554e-07	-5.973e-07	0.022002	9.6289e-10	-0.022	5.9824e-07	-6.0052e-07	0.025818	7.999e-10	-0.025816	6.0188e-07	-6.0538e-07	0.028196	7.3999e-10	-0.028192	6.0638e-07	-6.1116e-07	0.030176	7.0403e-10	-0.030172	6.1072e-07	-6.1752e-07	0.031994	6.8772e-10	-0.031992	6.158e-07	-6.2658e-07
0.705	-3.918e-05	2.7357e-09	3.9164e-05	5.9428e-07	-5.94e-07	0.013968	1.4943e-09	-0.013964	5.9568e-07	-5.973e-07	0.022312	9.965e-10	-0.022312	5.9852e-07	-6.0068e-07	0.026232	8.2572e-10	-0.02623	6.025e-07	-6.0592e-07	0.028638	7.6491e-10	-0.028636	6.0662e-07	-6.1106e-07	0.030638	7.2455e-10	-0.030636	6.1114e-07	-6.1778e-07	0.032468	7.0676e-10	-0.032464	6.1568e-07	-6.2666e-07
0.71	-3.9738e-05	2.8491e-09	3.9644e-05	5.9436e-07	-5.9402e-07	0.014098	1.5512e-09	-0.014098	5.9568e-07	-5.9712e-07	0.02262	1.03039e-09	-0.02262	5.9828e-07	-6.0092e-07	0.02664	8.5507e-10	-0.026636	6.0236e-07	-6.0582e-07	0.02908	7.8663e-10	-0.029078	6.0652e-07	-6.1106e-07	0.031094	7.4005e-10	-0.03109	6.109e-07	-6.1794e-07	0.032932	7.3319e-10	-0.032928	6.1596e-07	-6.267e-07
0.715	-3.9752e-05	2.9655e-09	3.967e-05	5.941e-07	-5.9386e-07	0.014226	1.6125e-09	-0.014222	5.955e-07	-5.9724e-07	0.02293	1.0656e-09	-0.02293	5.9848e-07	-6.0074e-07	0.027048	8.6959e-10	-0.027046	6.025e-07	-6.057e-07	0.02953	8.1377e-10	-0.029524	6.0668e-07	-6.1154e-07	0.031554	7.6771e-10	-0.031552	6.1116e-07	-6.1812e-07	0.033406	7.5386e-10	-0.033404	6.164e-07	-6.272e-07
0.72	-3.9678e-05	3.0863e-09	3.9576e-05	5.9452e-07	-5.9434e-07	0.014346	1.6511e-09	-0.014346	5.955e-07	-5.969e-07	0.023228	1.10409e-09	-0.023226	5.9888e-07	-6.0134e-07	0.027452	9.0944e-10	-0.027448	6.0246e-07	-6.0584e-07	0.02997	8.3744e-10	-0.029962	6.0694e-07	-6.1156e-07	0.032014	7.9324e-10	-0.03201	6.1152e-07	-6.1834e-07	0.03387	7.771e-10	-0.03387	6.1716e-07	-6.2776e-07
0.725	-4.0138e-05	3.2129e-09	4.0384e-05	5.9418e-07	-5.9402e-07	0.01447	1.7179e-09	-0.01447	5.9584e-07	-5.9722e-07	0.02353	1.1436e-09	-0.023526	5.9876e-07	-6.0132e-07	0.027866	9.3829e-10	-0.027858	6.0254e-07	-6.057e-07	0.03042	8.6378e-10	-0.030416	6.0688e-07	-6.1178e-07	0.032476	8.1813e-10	-0.032474	6.1196e-07	-6.1862e-07	0.03435	8.038e-10	-0.034346	6.1702e-07	-6.2802e-07
0.73	-4.0532e-05	3.3489e-09	4.0668e-05	5.9422e-07	-5.9402e-07	0.01459	1.8021e-09	-0.01459	5.9568e-07	-5.9756e-07	0.023822	1.1795e-09	-0.023814	5.9876e-07	-6.0116e-07	0.028264	9.6242e-10	-0.028262	6.0298e-07	-6.0658e-07	0.030856	8.8801e-10	-0.030858	6.0714e-07	-6.1192e-07	0.032934	8.423e-10	-0.032938	6.1224e-07	-6.1868e-07	0.034814	8.2833e-10	-0.03481	6.174e-07	-6.283e-07
0.735	-4.0638e-05	3.4888e-09	4.0652e-05	5.9454e-07	-5.9426e-07	0.014708	1.871e-09	-0.014708	5.955e-07	-5.9742e-07	0.024116	1.2209e-09	-0.024114	5.9872e-07	-6.0112e-07	0.028676	9.9693e-10	-0.028668	6.032e-07	-6.0646e-07	0.031302	9.157e-10	-0.031306	6.0738e-07	-6.1198e-07	0.0334	8.7049e-10	-0.033398	6.1262e-07	-6.194e-07	0.035286	8.5812e-10	-0.03529	6.1786e-07	-6.288e-07
0.74	-4.1168e-05	3.6351e-09	4.0888e-05	5.9448e-07	-5.9418e-07	0.01482	1.9427e-09	-0.014824	5.958e-07	-5.97e-07	0.024396	1.2643e-09	-0.024394	5.987e-07	-6.0112e-07	0.02907	1.02015e-09	-0.02907	6.0292e-07	-6.0626e-07	0.03174	9.4326e-10	-0.031744	6.0782e-07	-6.1236e-07	0.033858	8.9805e-10	-0.033854	6.1276e-07	-6.1968e-07	0.03575	8.8474e-10	-0.03575	6.1814e-07	-6.2876e-07
0.745	-4.1116e-05	3.7845e-09	4.1268e-05	5.9396e-07	-5.9398e-07	0.014938	2.0182e-09	-0.014938	5.955e-07	-5.9704e-07	0.024682	1.3005e-09	-0.02468	5.987e-07	-6.0128e-07	0.029476	1.05714e-09	-0.029476	6.033e-07	-6.0688e-07	0.032192	9.7142e-10	-0.032192	6.0788e-07	-6.1244e-07	0.034322	9.2317e-10	-0.034322	6.1298e-07	-6.1978e-07	0.036228	9.1274e-10	-0.036226	6.182e-07	-6.291e-07
0.75	-4.1198e-05	3.9455e-09	4.1054e-05	5.9412e-07	-5.9388e-07	0.015046	2.0921e-09	-0.015042	5.9592e-07	-5.972e-07	0.024958	1.3555e-09	-0.024958	5.99e-07	-6.0134e-07	0.029878	1.0917e-09	-0.029878	6.0368e-07	-6.0676e-07	0.032634	1.00272e-09	-0.03263	6.0836e-07	-6.1288e-07	0.034778	9.5349e-10	-0.034778	6.1324e-07	-6.2034e-07	0.03669	9.3985e-10	-0.036694	6.1872e-07	-6.295e-07
0.755	-4.1262e-05	4.1122e-09	4.1512e-05	5.9394e-07	-5.9394e-07	0.015156	2.175e-09	-0.015152	5.9586e-07	-5.9718e-07	0.02524	1.4028e-09	-0.025238	5.9892e-07	-6.0142e-07	0.030278	1.1252e-09	-0.030278	6.0376e-07	-6.0702e-07	0.033074	1.03357e-09	-0.033074	6.0818e-07	-6.1282e-07	0.035244	9.854e-10	-0.035242	6.1352e-07	-6.2002e-07	0.037166	9.709e-10	-0.037166	6.1888e-07	-6.2982e-07
0.76	-4.122e-05	4.2808e-09	4.1208e-05	5.939e-07	-5.9386e-07	0.01526	2.2656e-09	-0.015258	5.956e-07	-5.9716e-07	0.02551	1.4524e-09	-0.025508	5.9884e-07	-6.0162e-07	0.030674	1.1631e-09	-0.03067	6.0376e-07	-6.0738e-07	0.033518	1.05941e-09	-0.033512	6.086e-07	-6.1306e-07	0.035698	1.0137e-09	-0.035696	6.1384e-07	-6.2062e-07	0.037632	9.9335e-10	-0.037634	6.194e-07	-6.301e-07
0.765	-4.156e-05	4.4652e-09	4.1604e-05	5.9408e-07	-5.9366e-07	0.015366	2.3388e-09	-0.015368	5.9572e-07	-5.9722e-07	0.025782	1.5038e-09	-0.025778	5.9914e-07	-6.0144e-07	0.031072	1.2016e-09	-0.031066	6.0388e-07	-6.0712e-07	0.033964	1.10017e-09	-0.033956	6.0884e-07	-6.1336e-07	0.036162	1.04529e-09	-0.036162	6.1384e-07	-6.205e-07	0.038108	1.02576e-09	-0.038108	6.2012e-07	-6.3066e-07
0.77	-4.1502e-05	4.6561e-09	4.1522e-05	5.9442e-07	-5.9432e-07	0.015466	2.4221e-09	-0.015462	5.9574e-07	-5.9726e-07	0.026042	1.5592e-09	-0.026036	5.9934e-07	-6.0182e-07	0.031458	1.2396e-09	-0.031458	6.0438e-07	-6.0772e-07	0.034398	1.1327e-09	-0.034398	6.0912e-07	-6.1382e-07	0.036622	1.07084e-09	-0.03662	6.1444e-07	-6.2138e-07	0.03857	1.05758e-09	-0.038574	6.1996e-07	-6.3078e-07
0.775	-4.1774e-05	4.8535e-09	4.1798e-05	5.9406e-07	-5.9396e-07	0.015564	2.5176e-09	-0.015562	5.9574e-07	-5.9716e-07	0.026302	1.6129e-09	-0.0263	5.9886e-07	-6.0134e-07	0.031856	1.2797e-09	-0.031854	6.0428e-07	-6.075e-07	0.034842	1.1731e-09	-0.034838	6.0926e-07	-6.1412e-07	0.037082	1.11222e-09	-0.037084	6.1444e-07	-6.2114e-07	0.039048	1.09523e-09	-0.039046	6.2048e-07	-6.3116e-07
0.78	-4.1812e-05	5.0578e-09	4.198e-05	5.9406e-07	-5.9396e-07	0.015662	2.6314e-09	-0.015656	5.9542e-07	-5.9748e-07	0.02656	1.6731e-09	-0.026556	5.9896e-07	-6.0146e-07	0.032244	1.3219e-09	-0.032236	6.0462e-07	-6.079e-07	0.035278	1.1994e-09	-0.03528	6.0918e-07	-6.1398e-07	0.03754	1.1345e-09	-0.037534	6.149e-07	-6.2178e-07	0.039514	1.1274e-09	-0.039512	6.2126e-07	-6.3158e-07
0.785	-4.2114e-05	5.2754e-09	4.1974e-05	5.9408e-07	-5.9414e-07	0.015758	2.7364e-09	-0.015754	5.9596e-07	-5.9756e-07	0.02681	1.733e-09	-0.02681	5.9936e-07	-6.0136e-07	0.03263	1.3642e-09	-0.03263	6.0486e-07	-6.078e-07	0.035722	1.2403e-09	-0.035718	6.0932e-07	-6.1418e-07	0.038	1.1835e-09	-0.037998	6.152e-07	-6.2194e-07	0.039986	1.1637e-09	-0.039982	6.2144e-07	-6.3174e-07
0.79	-4.2472e-05	5.4983e-09	4.2568e-05	5.9424e-07	-5.9396e-07	0.015848	2.8458e-09	-0.015846	5.9586e-07	-5.9736e-07	0.027058	1.7959e-09	-0.027056	5.9962e-07	-6.0192e-07	0.03301	1.408e-09	-0.033004	6.045e-07	-6.0808e-07	0.036156	1.2736e-09	-0.036154	6.098e-07	-6.1472e-07	0.038454	1.2199e-09	-0.03845	6.156e-07	-6.2224e-07	0.040452	1.2e-09	-0.040448	6.2146e-07	-6.3208e-07
0.795	-4.2652e-05	5.7245e-09	4.2684e-05	5.9436e-07	-5.9432e-07	0.01594	2.9574e-09	-0.015938	5.956e-07	-5.9718e-07	0.02731	1.8596e-09	-0.0273	5.9982e-07	-6.0206e-07	0.033398	1.4464e-09	-0.033394	6.0468e-07	-6.0768e-07	0.036598	1.3129e-09	-0.036602	6.0992e-07	-6.1456e-07	0.038912	1.26e-09	-0.038912	6.1546e-07	-6.2258e-07	0.040924	1.2419e-09	-0.04092	6.2186e-07	-6.3214e-07
0.8	-4.273e-05	5.9851e-09	4.251e-05	5.9442e-07	-5.9408e-07	0.016028	3.0816e-09	-0.016026	5.9544e-07	-5.974e-07	0.027542	1.9289e-09	-0.027542	5.994e-07	-6.0168e-07	0.033774	1.5003e-09	-0.033772	6.0466e-07	-6.0808e-07	0.037036	1.3453e-09	-0.037028	6.0974e-07	-6.1482e-07	0.039368	1.2986e-09	-0.039364	6.1574e-07	-6.2272e-07	0.041386	1.2813e-09	-0.041382	6.222e-07	-6.3278e-07
0.805	-4.2548e-05	6.2461e-09	4.2502e-05	5.9408e-07	-5.9364e-07	0.016118	3.2083e-09	-0.016114	5.959e-07	-5.9754e-07	0.027782	2.0008e-09	-0.02778	5.9976e-07	-6.0214e-07	0.03415	1.5493e-09	-0.034148	6.0438e-07	-6.0808e-07	0.037474	1.3935e-09	-0.037476	6.1016e-07	-6.1488e-07	0.03983	1.3402e-09	-0.03983	6.1624e-07	-6.2284e-07	0.041856	1.3222e-09	-0.041856	6.2234e-07	-6.3298e-07
0.81	-4.2734e-05	6.5256e-09	4.2632e-05	5.9424e-07	-5.9402e-07	0.016202	3.3352e-09	-0.0162	5.9562e-07	-5.973e-07	0.028012	2.0753e-09	-0.02801	5.9978e-07	-6.0218e-07	0.034522	1.6024e-09	-0.034518	6.0468e-07	-6.0832e-07	0.037908	1.4399e-09	-0.03791	6.1056e-07	-6.1536e-07	0.040288	1.3837e-09	-0.040286	6.1626e-07	-6.2314e-07	0.042318	1.3616e-09	-0.042314	6.2282e-07	-6.3338e-07
0.815	-4.273e-05	6.8117e-09	4.2562e-05	5.945e-07	-5.9422e-07	0.016286	3.4746e-09	-0.016282	5.958e-07	-5.9718e-07	0.028244	2.1383e-09	-0.028242	6.0024e-07	-6.0228e-07	0.034894	1.6527e-09	-0.03489	6.0498e-07	-6.0812e-07	0.038344	1.4843e-09	-0.038344	6.1096e-07	-6.1548e-07	0.04075	1.4268e-09	-0.04075	6.1676e-07	-6.2366e-07	0.042788	1.4068e-09	-0.042786	6.2292e-07	-6.3352e-07
0.82	-4.3062e-05	7.1096e-09	4.2994e-05	5.943e-07	-5.9402e-07	0.016368	3.6151e-09	-0.016366	5.9576e-07	-5.9728e-07	0.028466	2.2319e-09	-0.028464	6.0008e-07	-6.0224e-07	0.03526	1.7091e-09	-0.035264	6.0496e-07	-6.0822e-07	0.038778	1.529e-09	-0.038774	6.1108e-07	-6.1562e-07	0.041196	1.4705e-09	-0.041194	6.1688e-07	-6.2382e-07	0.043252	1.4547e-09	-0.043248	6.233e-07	-6.3398e-07
0.825	-4.304e-05	7.4248e-09	4.2948e-05	5.9404e-07	-5.9418e-07	0.01645	3.7644e-09	-0.016446	5.9586e-07	-5.9724e-07	0.028688	2.3146e-09	-0.028684	5.9982e-07	-6.0208e-07	0.035626	1.7654e-09	-0.035624	6.0538e-07	-6.0848e-07	0.03921	1.5674e-09	-0.039202	6.1122e-07	-6.158e-07	0.041652	1.5201e-09	-0.041648	6.1692e-07	-6.2354e-07	0.043718	1.5008e-09	-0.043712	6.236e-07	-6.3402e-07
0.83	-4.3288e-05	7.7622e-09	4.333e-05	5.9426e-07	-5.9402e-07	0.016528	3.9174e-09	-0.016524	5.9578e-07	-5.9734e-07	0.028912	2.3938e-09	-0.028906	5.9988e-07	-6.0224e-07	0.035984	1.8243e-09	-0.03599	6.0522e-07	-6.0892e-07	0.039644	1.6283e-09	-0.039644	6.1104e-07	-6.1578e-07	0.042108	1.5622e-09	-0.042108	6.173e-07	-6.2442e-07	0.044184	1.5515e-09	-0.044184	6.241e-07	-6.344e-07
0.835	-4.3534e-05	8.1096e-09	4.332e-05	5.9442e-07	-5.9414e-07	0.016602	4.0793e-09	-0.0166	5.9556e-07	-5.9734e-07	0.02912	2.4875e-09	-0.029114	6.0032e-07	-6.0248e-07	0.036344	1.8836e-09	-0.036346	6.0536e-07	-6.0858e-07	0.04007	1.6852e-09	-0.040068	6.115e-07	-6.1578e-07	0.04256	1.6132e-09	-0.04256	6.1724e-07	-6.245e-07	0.044648	1.6017e-09	-0.044646	6.2482e-07	-6.3506e-07
0.84	-4.355e-05	8.4655e-09	4.3566e-05	5.9438e-07	-5.9404e-07	0.01668	4.2307e-09	-0.016678	5.9578e-07	-5.9716e-07	0.02933	2.5825e-09	-0.029326	5.9976e-07	-6.0234e-07	0.036702	1.9313e-09	-0.036702	6.0548e-07	-6.0884e-07	0.040504	1.7321e-09	-0.040502	6.1152e-07	-6.163e-07	0.043018	1.6636e-09	-0.043016	6.1778e-07	-6.2464e-07	0.045112	1.6506e-09	-0.045114	6.2478e-07	-6.3564e-07
0.845	-4.4104e-05	8.8397e-09	4.3892e-05	5.9424e-07	-5.939e-07	0.016752	4.4187e-09	-0.01675	5.9592e-07	-5.9752e-07	0.029532	2.681e-09	-0.029538	5.9996e-07	-6.025e-07	0.037058	2.0111e-09	-0.037058	6.056e-07	-6.0908e-07	0.040924	1.7895e-09	-0.040926	6.1174e-07	-6.1652e-07	0.04347	1.7144e-09	-0.043466	6.179e-07	-6.2492e-07	0.04557	1.7056e-09	-0.04557	6.251e-07	-6.357e-07
0.85	-4.3606e-05	9.2469e-09	4.363e-05	5.9426e-07	-5.9396e-07	0.016826	4.6037e-09	-0.016826	5.9572e-07	-5.9722e-07	0.029736	2.7839e-09	-0.029736	5.9974e-07	-6.0224e-07	0.037406	2.0817e-09	-0.03741	6.0574e-07	-6.0912e-07	0.041358	1.8398e-09	-0.041354	6.1156e-07	-6.1628e-07	0.043928	1.768e-09	-0.043924	6.1854e-07	-6.2524e-07	0.04604	1.763e-09	-0.046034	6.259e-07	-6.3602e-07
0.855	-4.3912e-05	9.6615e-09	4.3964e-05	5.9412e-07	-5.9394e-07	0.016898	4.7789e-09	-0.016898	5.9594e-07	-5.975e-07	0.029934	2.8848e-09	-0.029934	5.9984e-07	-6.0224e-07	0.037752	2.1531e-09	-0.037752	6.0612e-07	-6.093e-07	0.041774	1.904e-09	-0.041772	6.1204e-07	-6.1648e-07	0.04437	1.8277e-09	-0.044374	6.1858e-07	-6.2526e-07	0.046494	1.8198e-09	-0.04649	6.2582e-07	-6.3632e-07
0.86	-4.4132e-05	1.00991e-08	4.4076e-05	5.9422e-07	-5.9402e-07	0.01697	4.9979e-09	-0.016966	5.9648e-07	-5.9782e-07	0.030134	3.0004e-09	-0.030136	6.0006e-07	-6.0258e-07	0.038096	2.2274e-09	-0.038094	6.0596e-07	-6.0936e-07	0.042202	1.9716e-09	-0.0422	6.1214e-07	-6.1676e-07	0.04483	1.892e-09	-0.044826	6.1868e-07	-6.2562e-07	0.04696	1.8767e-09	-0.046958	6.2602e-07	-6.3656e-07
0.865	-4.4456e-05	1.05636e-08	4.4578e-05	5.9442e-07	-5.9426e-07	0.017032	5.2132e-09	-0.017032	5.9616e-07	-5.9766e-07	0.030324	3.1218e-09	-0.030324	6.0006e-07	-6.0218e-07	0.038432	2.3032e-09	-0.038428	6.0612e-07	-6.0934e-07	0.04262	2.033e-09	-0.04262	6.1228e-07	-6.1702e-07	0.045276	1.9496e-09	-0.045272	6.1888e-07	-6.2558e-07	0.04742	1.9323e-09	-0.047418	6.265e-07	-6.3666e-07
0.87	-4.4544e-05	1.10482e-08	4.4542e-05	5.946e-07	-5.942e-07	0.017102	5.4306e-09	-0.0171	5.9594e-07	-5.975e-07	0.030518	3.2482e-09	-0.030516	6.0024e-07	-6.023e-07	0.038772	2.3824e-09	-0.038768	6.0612e-07	-6.095e-07	0.043042	2.0966e-09	-0.043042	6.1256e-07	-6.1698e-07	0.045726	2.0134e-09	-0.045726	6.1902e-07	-6.2606e-07	0.047884	2.0075e-09	-0.047882	6.2682e-07	-6.372e-07
0.875	-4.4198e-05	1.15606e-08	4.4646e-05	5.946e-07	-5.9432e-07	0.017168	5.6603e-09	-0.017168	5.962e-07	-5.9778e-07	0.0307	3.3667e-09	-0.030702	6.001e-07	-6.024e-07	0.039104	2.4735e-09	-0.039102	6.0616e-07	-6.0916e-07	0.043458	2.1647e-09	-0.043454	6.1282e-07	-6.175e-07	0.046174	2.0759e-09	-0.046172	6.1952e-07	-6.2636e-07	0.048338	2.0593e-09	-0.048338	6.2712e-07	-6.3738e-07
0.88	-4.4428e-05	1.20998e-08	4.4508e-05	5.9434e-07	-5.941e-07	0.01723	5.9131e-09	-0.017232	5.9614e-07	-5.9766e-07	0.030878	3.5002e-09	-0.030876	5.9998e-07	-6.0254e-07	0.039428	2.5509e-09	-0.039434	6.0616e-07	-6.0956e-07	0.043874	2.2327e-09	-0.043876	6.13e-07	-6.1782e-07	0.046622	2.1418e-09	-0.04662	6.1968e-07	-6.2644e-07	0.048802	2.1373e-09	-0.048794	6.2754e-07	-6.3782e-07
0.885	-4.4522e-05	1.26504e-08	4.4416e-05	5.9406e-07	-5.9396e-07	0.017296	6.158e-09	-0.017296	5.9608e-07	-5.9784e-07	0.03106	3.6385e-09	-0.031058	6.0002e-07	-6.022e-07	0.039752	2.6387e-09	-0.03975	6.0664e-07	-6.0998e-07	0.044286	2.3081e-09	-0.044286	6.1332e-07	-6.1778e-07	0.047066	2.2146e-09	-0.04707	6.1998e-07	-6.2696e-07	0.049256	2.2045e-09	-0.04925	6.2776e-07	-6.3824e-07
0.89	-4.4168e-05	1.32428e-08	4.417e-05	5.9406e-07	-5.9418e-07	0.017358	6.4271e-09	-0.017356	5.9628e-07	-5.9746e-07	0.031242	3.7813e-09	-0.031236	6.0022e-07	-6.026e-07	0.040074	2.7323e-09	-0.040072	6.0676e-07	-6.1024e-07	0.044702	2.3844e-09	-0.044702	6.1334e-07	-6.1812e-07	0.047516	2.2855e-09	-0.04751	6.2038e-07	-6.2738e-07	0.04972	2.2944e-09	-0.049716	6.2772e-07	-6.3812e-07
0.895	-4.4666e-05	1.38506e-08	4.4836e-05	5.9434e-07	-5.9398e-07	0.017418	6.6981e-09	-0.017416	5.963e-07	-5.978e-07	0.031408	3.9287e-09	-0.031408	6.0012e-07	-6.0284e-07	0.040388	2.8272e-09	-0.040388	6.0688e-07	-6.0992e-07	0.045112	2.4588e-09	-0.045108	6.1334e-07	-6.1816e-07	0.047958	2.3588e-09	-0.04796	6.2056e-07	-6.27e-07	0.05017	2.3587e-09	-0.050172	6.284e-07	-6.388e-07
0.9	-4.4932e-05	1.44934e-08	4.4764e-05	5.9422e-07	-5.9432e-07	0.017474	6.9993e-09	-0.017476	5.9602e-07	-5.9748e-07	0.03158	4.0877e-09	-0.031574	6.0068e-07	-6.0288e-07	0.040708	2.9295e-09	-0.040706	6.0698e-07	-6.1014e-07	0.045524	2.5415e-09	-0.04553	6.136e-07	-6.1838e-07	0.048406	2.4333e-09	-0.048402	6.2082e-07	-6.2738e-07	0.050632	2.4359e-09	-0.050628	6.2902e-07	-6.3918e-07
