101 1.4480009188995e-05
104.18 1.203807663444e-05
107.361 1.13554089001004e-05
110.541 1.53294451467254e-05
113.721 1.54843751965612e-05
116.902 1.29705406737256e-05
120.082 1.29279579512871e-05
123.262 1.65352819071597e-05
126.443 1.50907716994396e-05
129.623 1.3536045654887e-05
132.803 1.36775907783606e-05
135.983 1.70641246768578e-05
139.164 1.49302477378151e-05
142.344 1.59443390086016e-05
145.524 1.69340424072011e-05
148.705 1.67237553648695e-05
151.885 1.54346337860129e-05
155.065 1.68211633695341e-05
158.246 1.57312137525057e-05
161.426 1.66947299748914e-05
164.606 1.62927082265039e-05
167.787 1.59831212032294e-05
170.967 1.46101027028745e-05
174.147 1.59605346824376e-05
177.328 1.57717475542961e-05
180.508 1.40149186766229e-05
183.688 1.3018391876198e-05
186.868 1.51709637391792e-05
190.049 1.44923165625769e-05
193.229 1.26993942628278e-05
196.409 1.21885710544528e-05
199.59 1.44522680171085e-05
202.77 1.3296428558965e-05
205.95 1.10466359803005e-05
209.131 1.17735971890374e-05
212.311 1.28032842042539e-05
215.491 1.29886358682542e-05
218.672 1.23196107549812e-05
221.852 1.03193224079264e-05
225.032 1.11169098607072e-05
228.213 1.20984660279122e-05
231.393 1.16318433691624e-05
234.573 9.06194341505339e-06
237.753 1.11900501210665e-05
240.934 1.24380175633193e-05
244.114 1.02884940722732e-05
247.294 7.43616169554895e-06
250.475 1.07745426176416e-05
253.655 1.26772390453586e-05
256.835 1.06797002689083e-05
260.016 8.3343524118704e-06
263.196 1.23050455746807e-05
264.196 6.94594469674402e-06
272.598 6.78334091402976e-06
281.001 6.47604147548646e-06
289.403 5.4735014723617e-06
297.806 5.08779916366792e-06
306.208 5.05520631506292e-06
314.611 5.47834189551766e-06
323.013 5.47473237427664e-06
331.415 4.88204781300427e-06
339.818 4.55799632683249e-06
348.22 4.18483152739365e-06
356.623 3.83866440159647e-06
365.025 3.68704658831089e-06
373.428 3.60865258381373e-06
381.83 3.50512529340225e-06
390.232 3.25424919847699e-06
398.635 2.4394448590037e-06
407.037 2.06314789077971e-06
415.44 1.7022005932367e-06
423.842 1.7121571095128e-06
432.245 2.0199238369411e-06
440.647 2.3412375165087e-06
449.049 2.31051142547519e-06
457.452 2.15877750197925e-06
465.854 1.6436038991437e-06
474.257 1.48418669295525e-06
482.659 1.34757218387684e-06
491.062 1.28974681939238e-06
499.464 1.30269194480623e-06
507.867 1.38302495246752e-06
516.269 1.64307655333397e-06
524.671 1.72061196219158e-06
533.074 1.53198432582882e-06
541.476 1.47531281746378e-06
549.879 1.4379182510889e-06
558.281 1.50269966500073e-06
566.684 1.62896451221886e-06
575.086 1.87505958275721e-06
583.488 1.98695502795713e-06
591.891 2.09805879347347e-06
600.293 2.09004668199591e-06
608.696 2.01155067711041e-06
617.098 1.9750440094084e-06
625.501 1.94393046473763e-06
633.903 2.11179376649805e-06
642.305 2.48984904305241e-06
650.708 2.39334421255468e-06
659.11 2.3159748913249e-06
667.513 2.29133704936436e-06
675.915 2.25092329881962e-06
684.318 2.73602744394157e-06
692.72 2.78992395196822e-06
693.72 2.37367678646387e-06
715.867 2.98497283358408e-06
738.014 3.12873503387951e-06
760.161 2.14896426790908e-06
782.307 2.62220656680071e-06
804.454 2.42394374486129e-06
826.601 1.87953615183949e-06
848.748 1.90310529505846e-06
870.895 1.69947190804579e-06
893.042 1.82565099462733e-06
915.189 1.78477869374382e-06
937.335 1.92845254652281e-06
959.482 1.56465476442537e-06
981.629 1.06307750931235e-06
1003.776 1.47997926114658e-06
1025.923 1.50201521947374e-06
1048.07 1.73812580483426e-06
1070.217 2.04216830303408e-06
1092.364 1.46436468806613e-06
1114.51 1.45538940751881e-06
1136.657 1.80269933469553e-06
1158.804 1.8624056956029e-06
1180.951 2.08020084150862e-06
1203.098 1.63474991842921e-06
1225.245 1.87028310879042e-06
1247.392 1.4795425241148e-06
1269.538 1.44137216357079e-06
1291.685 1.74173985221993e-06
1313.832 1.83523641209283e-06
1335.979 1.4370345987761e-06
1358.126 1.51191456868384e-06
1380.273 1.87741156541281e-06
1402.42 1.77590398988576e-06
1424.566 1.1143842436645e-06
1446.713 1.31704860310194e-06
1468.86 1.29868155378511e-06
1491.007 1.11265463852493e-06
1513.154 7.97990100887473e-07
1535.301 8.73716502818821e-07
1557.448 1.40457016222417e-06
1579.595 1.47511003607785e-06
1601.741 9.81027513181536e-07
1623.888 1.11247068194133e-06
1646.035 1.06346061479338e-06
1668.182 1.10254790469118e-06
1690.329 1.39365383544276e-06
1712.476 1.13170219753157e-06
1734.623 1.28909451581286e-06
1756.769 1.10303197904059e-06
1778.916 1.22315789414176e-06
1801.063 1.12683152050652e-06
1823.21 1.11756287745453e-06
1824.21 9.12303025661869e-07
1882.531 7.66911517211047e-07
1940.853 7.05735956700709e-07
1999.174 7.92820834307071e-07
2057.495 7.7221390960897e-07
2115.817 7.94654631025278e-07
2174.138 7.21885417568987e-07
2232.46 7.6189852076079e-07
2290.781 1.05908375715504e-06
2349.102 1.01886521770215e-06
2407.424 8.19237434449623e-07
2465.745 7.26531079866512e-07
2524.066 1.0187133334692e-06
2582.388 1.14520906431077e-06
2640.709 1.04531873018873e-06
2699.031 9.16735331974557e-07
2757.352 9.61741109962213e-07
2815.673 7.45909478163951e-07
2873.995 8.00488703675278e-07
2932.316 8.7012838834238e-07
2990.637 9.63281998179742e-07
3048.959 8.89532199851806e-07
3107.28 6.63067354763726e-07
3165.602 7.51109428200774e-07
3223.923 9.8101569106052e-07
3282.244 7.3221098098691e-07
3340.566 7.12085227949034e-07
3398.887 6.02002976249361e-07
3457.208 8.17616658343e-07
3515.53 7.96767890950124e-07
3573.851 6.41959241313909e-07
3632.173 4.68976898162419e-07
3690.494 6.23743006384951e-07
3748.815 6.63542569598307e-07
3807.137 5.45790918197188e-07
3865.458 6.61121075739207e-07
3923.779 6.46688354612879e-07
3982.101 6.69001965752972e-07
4040.422 7.25262056466464e-07
4098.744 6.38133131839567e-07
4157.065 5.97865454534649e-07
4215.386 6.51678901795743e-07
4273.708 5.67628408645056e-07
4332.029 7.80758663447511e-07
4390.35 6.88667953093726e-07
4448.672 7.11948284914006e-07
4506.993 7.6216922771452e-07
4565.315 7.86207025610435e-07
4623.636 6.01909541195037e-07
4681.957 5.83712149017658e-07
4740.279 5.65624426424697e-07
4798.6 4.61796308583157e-07
4799.6 9.7738645653306e-07
4953.131 8.06295529471312e-07
5106.663 6.22866338528296e-07
5260.194 7.43569308715525e-07
5413.725 6.52281052083485e-07
5567.257 6.96098502484447e-07
5720.788 9.1263670668614e-07
5874.32 8.51227303430339e-07
6027.851 5.69925499886405e-07
6181.382 4.59079157016399e-07
6334.914 6.17262136483567e-07
6488.445 6.04293492800566e-07
6641.976 5.15913130600508e-07
6795.508 5.61010698913218e-07
6949.039 4.84139391214342e-07
7102.571 3.83472616017154e-07
7256.102 4.92338714209151e-07
7409.633 6.92322714086772e-07
7563.165 7.16236800348404e-07
7716.696 5.46781253082993e-07
7870.227 5.51408295024108e-07
8023.759 4.91526660656987e-07
8177.29 4.71604536198906e-07
8330.822 4.51860440219619e-07
8484.353 4.96145970654471e-07
8637.884 5.12132949522619e-07
8791.416 3.80378440843598e-07
8944.947 5.40163516791497e-07
9098.478 4.42958630001526e-07
9252.01 3.81393969014637e-07
9405.541 3.22028096391246e-07
9559.073 4.39063582538701e-07
9712.604 4.69998401601463e-07
9866.135 4.06776916679135e-07
10019.667 3.89671624021582e-07
10173.198 4.54945970099849e-07
10326.729 5.49335878583092e-07
10480.261 5.13747419261399e-07
10633.792 4.60286107075341e-07
10787.324 4.01720097941907e-07
10940.855 3.99840524783679e-07
11094.386 3.86068012310419e-07
11247.918 3.85526152416003e-07
11401.449 4.32487482179577e-07
11554.98 4.06344845738297e-07
11708.512 3.41139084004959e-07
11862.043 3.38758271377458e-07
12015.575 5.61647048562069e-07
12169.106 7.53366269188702e-07
12322.637 8.30280979330773e-07
12476.169 8.74328797728137e-07
12629.7 7.61641525599282e-07
12630.7 3.49255760403205e-07
13034.822 3.38600205608369e-07
13438.943 3.78112045119636e-07
13843.065 3.79419124652716e-07
14247.186 4.22472061334735e-07
14651.308 3.30800093892142e-07
15055.429 2.6849079131169e-07
15459.551 3.2057704517286e-07
15863.673 3.6291202917076e-07
16267.794 3.33763436600281e-07
16671.916 3.69730566906329e-07
17076.037 3.82304856527588e-07
17480.159 4.14448777716329e-07
17884.28 3.58043271596566e-07
18288.402 3.77944472172983e-07
18692.524 3.42558089122601e-07
19096.645 2.4282941479549e-07
19500.767 2.07186751101126e-07
19904.888 2.40291799293708e-07
20309.01 3.10136201339905e-07
20713.131 2.82228477216443e-07
21117.253 2.48745712725901e-07
21521.375 2.03615045545941e-07
21925.496 2.49175363207155e-07
22329.618 2.55550306130247e-07
22733.739 2.27137318508623e-07
23137.861 2.47214212402304e-07
23541.982 2.69653674082003e-07
23946.104 2.78632345208336e-07
24350.225 2.56558317649274e-07
24754.347 2.85691463167903e-07
25158.469 3.30182597960335e-07
25562.59 3.29938376099121e-07
25966.712 2.76775042185592e-07
26370.833 2.31191081587266e-07
26774.955 2.36888113578015e-07
27179.076 2.37720923011297e-07
27583.198 2.43329026194654e-07
27987.32 2.31303724568369e-07
28391.441 2.13722163411981e-07
28795.563 1.91570765650116e-07
29199.684 2.10035331211769e-07
29603.806 2.31720221795621e-07
30007.927 2.41896692826747e-07
30412.049 2.4960007520597e-07
30816.171 2.05894843239844e-07
31220.292 1.94533568805062e-07
31624.414 2.45890131325672e-07
32028.535 2.34358006072555e-07
32432.657 2.63020024563092e-07
32836.778 2.95497537436868e-07
33240.9 2.69565400354993e-07
33241.9 2.44220149654892e-07
34305.559 2.32540015929259e-07
35369.218 2.02696538841514e-07
36432.876 1.90148621553052e-07
37496.535 2.05513542878263e-07
38560.194 1.94640211761156e-07
39623.853 1.86878659685745e-07
40687.512 1.97271874268046e-07
41751.171 2.13696487546655e-07
42814.829 1.87888228633105e-07
43878.488 2.01050391600091e-07
44942.147 2.63044970715528e-07
46005.806 2.91692284517656e-07
47069.465 2.82935536440381e-07
48133.124 2.49011870232129e-07
49196.782 2.48738187287728e-07
50260.441 2.42684567359994e-07
51324.1 2.45047246700597e-07
52387.759 2.34551128767647e-07
53451.418 2.07929620304539e-07
54515.076 1.64026376598322e-07
55578.735 1.53976098420066e-07
56642.394 1.45469477993631e-07
57706.053 1.37689071068433e-07
58769.712 1.10365419146948e-07
59833.371 1.38636587554172e-07
60897.029 1.44346527455928e-07
61960.688 1.42440427465542e-07
63024.347 1.67640876726656e-07
64088.006 1.64106947723055e-07
65151.665 1.74091637263614e-07
66215.324 1.82451669485284e-07
67278.982 1.85884119644939e-07
68342.641 1.58228516302673e-07
69406.3 1.50847232197644e-07
70469.959 1.54322339220121e-07
71533.618 1.25279528651464e-07
72597.276 1.35670770395397e-07
73660.935 1.61592987873661e-07
74724.594 2.03017101673116e-07
75788.253 2.15046919088235e-07
76851.912 1.77638337211646e-07
77915.571 1.39016861596368e-07
78979.229 1.1082640110469e-07
80042.888 9.43393984355614e-08
81106.547 1.03697228949655e-07
82170.206 1.09519306308126e-07
83233.865 1.51507668137305e-07
84297.524 1.44487398711722e-07
85361.182 1.54748834060492e-07
86424.841 1.55035966585935e-07
87488.5 1.52207820325243e-07
87489.5 1.70714798874233e-07
90289.039 1.59737352708147e-07
93088.578 1.58874215356878e-07
95888.118 1.71041128459252e-07
98687.657 1.72151481803904e-07
101487.196 1.82671029920767e-07
104286.735 2.09281954200284e-07
107086.275 2.04880862708262e-07
109885.814 1.60982991091699e-07
112685.353 1.28269775663725e-07
115484.892 1.22133150221377e-07
118284.431 1.2596919321927e-07
121083.971 1.34625084354059e-07
123883.51 1.24836673783436e-07
126683.049 1.09600336564127e-07
129482.588 1.01445826268063e-07
132282.127 1.16272294010205e-07
135081.667 1.19209255518693e-07
137881.206 8.90748301564432e-08
140680.745 6.97069058712829e-08
143480.284 8.60276341610253e-08
146279.824 1.17108527587405e-07
149079.363 1.21680376093147e-07
151878.902 1.03172884723022e-07
154678.441 1.07797101179167e-07
157477.98 1.11986894785317e-07
160277.52 1.20382358519009e-07
163077.059 1.2152096793459e-07
165876.598 1.20571623349401e-07
168676.137 1.18598161520731e-07
171475.676 1.2003199414766e-07
174275.216 1.29952865433562e-07
177074.755 1.37748765570499e-07
179874.294 1.35038716007871e-07
182673.833 1.33170228325101e-07
185473.373 1.28651017295006e-07
188272.912 1.0092324717052e-07
191072.451 1.14527743068209e-07
193871.99 1.24077684467355e-07
196671.529 1.16537869064438e-07
199471.069 1.09684529573456e-07
202270.608 1.06795613323415e-07
205070.147 1.21497567191788e-07
207869.686 1.24297614836142e-07
210669.225 1.12017024603484e-07
213468.765 1.03094205775192e-07
216268.304 9.54420506664777e-08
219067.843 9.8570653702458e-08
221867.382 8.86009181173739e-08
224666.922 1.02638792227184e-07
227466.461 1.10600852332647e-07
230266 1.22682384931497e-07
230267 1.16609719995683e-07
237635.294 1.33615271783335e-07
245003.588 1.00545958805103e-07
252371.882 9.21797326160171e-08
259740.176 9.35982277289538e-08
267108.471 1.03378987396992e-07
274476.765 1.01084680598397e-07
281845.059 7.20303165453436e-08
289213.353 8.86805033299783e-08
296581.647 8.76733360192892e-08
303949.941 6.65244772512456e-08
311318.235 1.10815349395224e-07
318686.529 8.72476976319003e-08
326054.824 9.04668760895252e-08
333423.118 9.95664572325133e-08
340791.412 8.38477628248387e-08
348159.706 8.46901016628626e-08
355528 1.10402403723832e-07
362896.294 7.99193636554753e-08
370264.588 6.46604196406117e-08
377632.882 8.32244590898974e-08
385001.176 8.81110987809935e-08
392369.471 9.81550156598918e-08
399737.765 6.70138095011946e-08
407106.059 7.6172734813397e-08
414474.353 8.30706993262817e-08
421842.647 9.98290369722337e-08
429210.941 6.46593121513638e-08
436579.235 6.90396825354629e-08
443947.529 6.14522940434179e-08
451315.824 5.24457799999819e-08
458684.118 6.75018118859183e-08
466052.412 5.49878156968651e-08
473420.706 9.08779795226022e-08
480789 6.81874738023312e-08
488157.294 7.41437919439281e-08
495525.588 5.56584767659653e-08
502893.882 8.98747983131206e-08
510262.176 8.91405926700961e-08
517630.471 5.95694565667004e-08
524998.765 7.540518592659e-08
532367.059 8.54761163949135e-08
539735.353 6.64238456068843e-08
547103.647 7.43083497423843e-08
554471.941 4.96360752178625e-08
561840.235 7.10903381206666e-08
569208.529 6.36287206171183e-08
576576.824 7.09436877131997e-08
583945.118 6.12111791352527e-08
591313.412 7.51894469839864e-08
598681.706 8.31199739007563e-08
606050 6.33693268096506e-08
606051 7.35176214271837e-08
625444.118 7.48282802531135e-08
644837.235 5.66862388521235e-08
664230.353 7.39076549521421e-08
683623.471 6.90690069678144e-08
703016.588 6.62123996995487e-08
722409.706 7.43172946186088e-08
741802.824 4.63735785095188e-08
761195.941 7.91760473037503e-08
780589.059 8.24492656607298e-08
799982.176 5.16228565290376e-08
819375.294 5.66197077312017e-08
838768.412 5.67552675739618e-08
858161.529 6.96450348721551e-08
877554.647 5.7503671185173e-08
896947.765 5.35800448457744e-08
916340.882 3.5732328820361e-08
935734 6.73212266720208e-08
955127.118 6.48696565837434e-08
974520.235 6.44230720124646e-08
993913.353 6.62110520199763e-08
1013306.471 4.18225444158949e-08
1032699.588 6.41549952445856e-08
1052092.706 4.53547363578392e-08
1071485.824 5.22707774284829e-08
1090878.941 4.89055679595187e-08
1110272.059 6.84974258532063e-08
1129665.176 5.72669052216749e-08
1149058.294 5.65610306779049e-08
1168451.412 5.57764626457657e-08
1187844.529 5.29925977985313e-08
1207237.647 4.59754187347532e-08
1226630.765 6.97887406418521e-08
1246023.882 5.55573261149887e-08
1265417 3.92963342082235e-08
1284810.118 4.46873179747454e-08
1304203.235 3.66520400378983e-08
1323596.353 6.15778419118371e-08
1342989.471 3.73372161363003e-08
1362382.588 4.47749163356806e-08
1381775.706 4.9016309520836e-08
1401168.824 4.10730975996114e-08
1420561.941 3.45626091876467e-08
1439955.059 5.42801393824896e-08
1459348.176 5.07739676992167e-08
1478741.294 5.34685695190062e-08
1498134.412 3.44327751354505e-08
1517527.529 3.98429393570868e-08
1536920.647 3.71647123174228e-08
1556313.765 5.51468115577873e-08
1575706.882 4.1750994263925e-08
1595100 4.18526382180909e-08
1595100 4.91882860392147e-08
1646141.765 4.33771791455772e-08
1697183.529 3.65523320487667e-08
1748225.294 4.82469413323632e-08
1799267.059 4.2926213078174e-08
1850308.824 4.08590709475093e-08
1901350.588 5.03517326837756e-08
1952392.353 4.18056015009951e-08
2003434.118 4.5332325058704e-08
2054475.882 4.55330619207791e-08
2105517.647 6.33308125135941e-08
2156559.412 5.58474443249035e-08
2207601.176 3.82435382269672e-08
2258642.941 4.12632360518113e-08
2309684.706 4.64395380506966e-08
2360726.471 3.51849422688115e-08
2411768.235 4.79771952512389e-08
2462810 4.805544575725e-08
2513851.765 4.67886588365546e-08
2564893.529 4.56912190988411e-08
2615935.294 3.48385994781995e-08
2666977.059 4.65046611660476e-08
2718018.824 3.73106923207021e-08
2769060.588 3.39551153179429e-08
2820102.353 3.04411934191598e-08
2871144.118 4.38692199965078e-08
2922185.882 4.58816302627969e-08
2973227.647 4.35663703788014e-08
3024269.412 3.65345697105235e-08
3075311.176 4.10386588749681e-08
3126352.941 3.33281003384951e-08
3177394.706 3.56477117703577e-08
3228436.471 3.77372614962347e-08
3279478.235 4.42728538753264e-08
3330520 4.5735955005584e-08
3381561.765 3.25165279591887e-08
3432603.529 3.60878189365886e-08
3483645.294 3.06819172165039e-08
3534687.059 2.75187412719986e-08
3585728.824 3.12385986942244e-08
3636770.588 3.92180030023394e-08
3687812.353 4.05399606923884e-08
3738854.118 4.52987252219044e-08
3789895.882 5.01853519419761e-08
3840937.647 2.36922654163759e-08
3891979.412 4.09270630185639e-08
3943021.176 1.50267416871623e-08
3994062.941 3.99826738657634e-08
4045104.706 3.06337000361905e-08
4096146.471 4.68933867309411e-08
4147188.235 3.84322590982732e-08
4198230 3.93875231887967e-08
4198230 4.0643974303258e-08
4332570.588 5.10017682004095e-08
4466911.176 4.45465394661897e-08
4601251.765 3.45638692484045e-08
4735592.353 3.03166402362663e-08
4869932.941 3.54919492725055e-08
5004273.529 3.92914345632798e-08
5138614.118 4.60084507585802e-08
5272954.706 4.45536823332763e-08
5407295.294 5.21745583060211e-08
5541635.882 3.79662889649423e-08
5675976.471 3.74535387105024e-08
5810317.059 3.61810652214428e-08
5944657.647 3.42421092876169e-08
6078998.235 4.24720957591487e-08
6213338.824 4.41629853096233e-08
6347679.412 3.70008137115172e-08
6482020 2.61064371379627e-08
6616360.588 3.79033662730898e-08
6750701.176 3.09821416167717e-08
6885041.765 3.36737196237778e-08
7019382.353 3.51899718119452e-08
7153722.941 1.26370470790173e-08
7288063.529 4.28070737863136e-08
7422404.118 6.93135850624645e-08
7556744.706 3.50740991623178e-08
7691085.294 4.02396965045178e-08
7825425.882 3.31853867615732e-08
7959766.471 1.70058850013753e-08
8094107.059 3.28027504469808e-08
8228447.647 4.6307861643397e-08
8362788.235 4.0079916292208e-08
8497128.824 5.27033897533612e-08
8631469.412 3.01839347892931e-08
8765810 4.13418425439687e-08
8900150.588 2.18718550235045e-08
9034491.176 2.96128122875977e-08
9168831.765 3.28011793611038e-08
9303172.353 2.7732820911e-08
9437512.941 3.08383330572147e-08
9571853.529 3.38816541086116e-08
9706194.118 3.50087765720812e-08
9840534.706 2.30425163523084e-08
9974875.294 3.3315917617906e-08
10109215.882 3.68017449498213e-08
10243556.471 3.58447624624254e-08
10377897.059 2.10405025143579e-08
10512237.647 3.25617961104605e-08
10646578.235 1.99531572514452e-08
10780918.824 3.55640070355816e-08
10915259.412 4.13797346707008e-08
11049600 3.45510624363926e-08
11049600 4.08817090616329e-08
11403174.51 3.16194705962086e-08
11756749.02 4.11004411516166e-08
12110323.529 3.96939035256914e-08
12463898.039 3.6212897706929e-08
12817472.549 2.78336229274433e-08
13171047.059 3.17627040409157e-08
13524621.569 3.56957719632522e-08
13878196.078 2.61668126248498e-08
14231770.588 3.53332168570497e-08
14585345.098 2.29210742055777e-08
14938919.608 3.6016163901193e-08
15292494.118 3.28871992963387e-08
15646068.627 3.43028830660048e-08
15999643.137 2.58910080753454e-08
16353217.647 4.14634854992884e-08
16706792.157 3.23270041957602e-08
17060366.667 2.91469822349845e-08
17413941.176 3.50707555115583e-08
17767515.686 3.06062342322998e-08
18121090.196 3.59606876114237e-08
18474664.706 3.74389971735075e-08
18828239.216 2.80293722711016e-08
19181813.725 3.15116162599763e-08
19535388.235 2.59673719646694e-08
19888962.745 3.8587671480999e-08
20242537.255 2.90649836683938e-08
20596111.765 1.8981151383836e-08
20949686.275 3.63705619011928e-08
21303260.784 3.67450077145182e-08
21656835.294 4.8221654422054e-08
22010409.804 3.10466192321612e-08
22363984.314 3.51909987548634e-08
22717558.824 2.35392920285913e-08
23071133.333 2.03379162374222e-08
23424707.843 3.4805796815193e-08
23778282.353 2.90192322638625e-08
24131856.863 3.92405477005571e-08
24485431.373 2.58933095556362e-08
24839005.882 3.38797624717869e-08
25192580.392 3.7277871407901e-08
25546154.902 2.93109115621606e-08
25899729.412 4.7011774440458e-08
26253303.922 3.73541702426275e-08
26606878.431 2.62927789796077e-08
26960452.941 3.73432544314392e-08
27314027.451 3.54184911146748e-08
27667601.961 3.96146001357972e-08
28021176.471 3.44610848409971e-08
28374750.98 3.11215420601036e-08
28728325.49 3.38075854060372e-08
29081900 2.36537846644041e-08
29081900 4.0529140566258e-08
30012498.039 5.8488082409131e-08
30943096.078 3.65571030879513e-08
31873694.118 5.43181872993567e-08
32804292.157 3.58145315227213e-08
33734890.196 3.59218673941375e-08
34665488.235 3.47322842999694e-08
35596086.275 3.90100936771036e-08
36526684.314 3.72769142887766e-08
37457282.353 4.5030849609923e-08
38387880.392 3.28147664009985e-08
39318478.431 4.41267440237641e-08
40249076.471 4.00288719412626e-08
41179674.51 3.09463606208678e-08
42110272.549 4.60531660563658e-08
43040870.588 3.53980230269658e-08
43971468.627 4.08309325324747e-08
44902066.667 3.11976377848067e-08
45832664.706 3.2515972674967e-08
46763262.745 1.75184397097002e-08
47693860.784 5.54650573402868e-08
48624458.824 3.52716504580392e-08
49555056.863 2.69458621355914e-08
50485654.902 3.07889130610874e-08
51416252.941 2.83551217155561e-08
52346850.98 2.34262220673757e-08
53277449.02 3.51413464921309e-08
54208047.059 3.16504678560555e-08
55138645.098 1.62555157416398e-08
56069243.137 0
56999841.176 1.73454706919242e-08
57930439.216 0
58861037.255 2.44339661753408e-08
59791635.294 2.10875237912468e-08
60722233.333 2.26989295234533e-08
61652831.373 1.94532171044894e-08
62583429.412 0
63514027.451 1.57291852478919e-08
64444625.49 0
65375223.529 1.93342256797111e-08
66305821.569 1.66041154531038e-08
67236419.608 1.00013220079098e-08
68167017.647 1.54300455098195e-08
69097615.686 5.2880297972969e-09
70028213.725 2.7431362685984e-09
70958811.765 1.42486375877555e-08
71889409.804 0
72820007.843 0
73750605.882 1.6552319827719e-08
74681203.922 2.16499256578192e-08
75611801.961 1.18862958119677e-08
76542400 0
76542400 1.13978441604235e-08
78991686.275 0
81440972.549 4.58842963283736e-09
83890258.824 6.28119992077947e-09
86339545.098 0
88788831.373 0
91238117.647 1.22862985960134e-08
93687403.922 0
96136690.196 2.8136262705626e-08
98585976.471 0
101035262.745 0
103484549.02 0
105933835.294 0
108383121.569 0
110832407.843 9.73380045656675e-09
113281694.118 0
115730980.392 8.72772112268856e-09
118180266.667 1.12998111902403e-08
120629552.941 0
123078839.216 0
125528125.49 0
127977411.765 0
130426698.039 5.2740269776409e-09
132875984.314 0
135325270.588 6.04636024414689e-09
137774556.863 5.83363125413323e-09
140223843.137 6.04242482256577e-09
142673129.412 0
145122415.686 0
147571701.961 0
150020988.235 6.6868772463158e-09
152470274.51 5.957289565163e-09
154919560.784 0
157368847.059 6.53479398402857e-09
159818133.333 5.72953880168378e-09
162267419.608 0
164716705.882 0
167165992.157 0
169615278.431 4.39918933586985e-09
172064564.706 0
174513850.98 0
176963137.255 0
179412423.529 4.95959453419078e-09
181861709.804 0
184310996.078 0
186760282.353 0
189209568.627 7.86981683157995e-09
191658854.902 0
194108141.176 2.12207227737418e-09
196557427.451 6.97705280192117e-09
199006713.725 4.84456288580291e-09
201456000 6.05588660475847e-09
