gds,Vg=0V	gds,Vg=0.15V	gds,Vg=0.3V	gds,Vg=0.45V	gds,Vg=0.6V	gds,Vg=0.75V	gds,Vg=0.9V
1.8504e-08	2.36626e-06	0.000328944	0.00944492	0.0165252	0.0174036	0.0164936
1.5302e-08	2.12567e-06	0.000296582	0.00874806	0.0338878	0.0565922	0.0718784
1.2483e-08	1.72638e-06	0.00024405	0.0084106	0.0422312	0.0765184	0.1007476
1.1553e-08	1.41136e-06	0.00020751	0.007999	0.032354	0.0564	0.07342
9.111e-09	1.17086e-06	0.00017137	0.006946	0.03102	0.055224	0.072264
7.56500000000001e-09	1.00112e-06	0.00014141	0.006408	0.03023	0.054752	0.07196
6.024e-09	8.1264e-07	0.00012107	0.005856	0.029242	0.05392	0.07146
5.963e-09	6.4274e-07	0.00010092	0.005316	0.028278	0.05316	0.07102
4.949e-09	5.5374e-07	8.34300000000001e-05	0.004794	0.027134	0.05204	0.07032
4.017e-09	4.6594e-07	7.075e-05	0.004348	0.02612	0.05102	0.06962
4.099e-09	3.6228e-07	5.82099999999999e-05	0.003962	0.02512	0.05036	0.0689
3.328e-09	3.0918e-07	4.47600000000001e-05	0.003538	0.02406	0.04934	0.06818
3.77700000000001e-09	2.6532e-07	4.039e-05	0.003156	0.0231	0.04844	0.06742
2.46499999999999e-09	2.15419999999999e-07	3.849e-05	0.002842	0.02214	0.04748	0.06674
2.602e-09	1.9122e-07	2.70100000000001e-05	0.002542	0.02114	0.04642	0.06618
2.466e-09	1.56320000000001e-07	2.224e-05	0.00226	0.01998	0.04522	0.06502
1.885e-09	1.2434e-07	2.09999999999999e-05	0.002006	0.01922	0.0446399999999999	0.06472
2.60700000000001e-09	9.91399999999994e-08	1.714e-05	0.001778	0.01836	0.04374	0.064
1.686e-09	8.72199999999994e-08	1.763e-05	0.00159	0.0175	0.0426800000000001	0.06306
1.87499999999999e-09	9.81399999999995e-08	1.113e-05	0.001418	0.01652	0.04176	0.0623199999999999
2.073e-09	5.79600000000001e-08	9.17999999999998e-06	0.001272	0.01574	0.04062	0.0617400000000001
2.427e-09	4.02600000000012e-08	1.219e-05	0.001098	0.01494	0.03964	0.0608400000000001
1.871e-09	6.07400000000008e-08	8.06000000000005e-06	0.000960000000000001	0.01416	0.0387799999999999	0.05998
1.78800000000001e-09	4.4379999999999e-08	5.93999999999998e-06	0.000900000000000001	0.01342	0.03774	0.05918
2.435e-09	2.65999999999997e-08	5.59999999999992e-06	0.000786	0.01252	0.0369000000000001	0.05838
1.86899999999999e-09	3.98400000000009e-08	4.36000000000007e-06	0.000655999999999996	0.01188	0.03574	0.0575599999999999
1.821e-09	3.46600000000001e-08	6.11000000000001e-06	0.000592000000000002	0.01124	0.0347999999999999	0.0566999999999999
1.301e-09	1.45799999999996e-08	6.75000000000006e-06	0.000564	0.01052	0.03384	0.05582
2.51800000000001e-09	1.93999999999996e-08	6.98000000000008e-06	0.000473999999999999	0.00974000000000003	0.0327200000000001	0.0545600000000001
2.21e-09	1.34799999999997e-08	9.99999999987708e-09	0.000406000000000002	0.00920000000000002	0.0319400000000001	0.0541400000000002
1.903e-09	5.69999999999984e-09	5.89999999999938e-07	0.000386	0.00873999999999996	0.0307799999999999	0.0533199999999999
3.037e-09	3.62800000000003e-08	5.04000000000004e-06	0.000354000000000001	0.00811999999999995	0.03006	0.0524
2.33299999999999e-09	4.7160000000001e-08	2.67000000000009e-06	0.000275999999999998	0.00746000000000001	0.0288	0.0513600000000001
2.46499999999999e-09	3.80000000000034e-09	3.71e-06	0.000262	0.00694000000000002	0.0278999999999999	0.0506399999999998
2.75900000000001e-09	5.77999999999897e-09	5.65999999999989e-06	0.000278000000000003	0.00654000000000003	0.0272600000000001	0.0498000000000001
2.74400000000001e-09	1.29799999999992e-08	2.00000000000125e-07	0.000247999999999997	0.00614000000000002	0.0264200000000001	0.0488400000000003
1.956e-09	1.72600000000002e-08	1.14999999999998e-06	0.000215999999999996	0.00571999999999998	0.0253599999999999	0.0478799999999999
2.652e-09	1.89800000000006e-08	4.51999999999991e-06	0.000192000000000003	0.00531999999999997	0.0239800000000001	0.0493799999999999
2.89e-09	1.65000000000002e-08	1.20000000000009e-06	0.000205999999999996	0.00492000000000001	0.0234	0.0489199999999998
2.671e-09	2.80199999999997e-08	3.41000000000002e-06	0.000151999999999997	0.00452	0.0227199999999998	0.0448
2.615e-09	1.28800000000003e-08	1.99999999999998e-06	0.000156000000000006	0.00429999999999997	0.02206	0.0442000000000002
2.217e-09	1.35999999999995e-08	-2.99999999999976e-07	0.000151999999999998	0.00392000000000002	0.0210800000000001	0.0436
2.991e-09	8.0600000000004e-09	2.01e-06	0.000151999999999997	0.00354000000000001	0.0199600000000001	0.0425999999999999
2.89599999999999e-09	1.98600000000005e-08	-8.00000000000056e-08	0.000147999999999999	0.00332000000000001	0.0193	0.0414000000000001
3.69599999999999e-09	1.30399999999997e-08	1.09000000000002e-06	0.000107999999999998	0.00310000000000002	0.0185399999999999	0.0399999999999999
3.457e-09	1.34400000000001e-08	6.51999999999989e-06	0.000118000000000004	0.00287999999999998	0.01752	0.0397999999999999
2.70300000000001e-09	1.6919999999999e-08	2.57000000000004e-06	0.000154000000000007	0.00274	0.0170200000000001	0.0390000000000002
3.64900000000001e-09	1.88799999999991e-08	3.39000000000015e-06	0.000142000000000003	0.00254000000000001	0.0164399999999999	0.0378000000000001
3.975e-09	2.28400000000002e-08	3.36999999999993e-06	8.99999999999967e-05	0.00224000000000001	0.01534	0.0371999999999999
3.40299999999999e-09	1.334e-08	1.29999999999946e-07	0.000111999999999996	0.00208000000000001	0.0147600000000001	0.0360000000000001
3.13999999999999e-09	7.21999999999997e-09	-1.73000000000006e-06	0.000105999999999999	0.00201999999999997	0.0141	0.0348000000000001
3.45e-09	1.10400000000001e-08	1.53999999999999e-06	8.00000000000019e-05	0.00193999999999997	0.0134799999999999	0.0343999999999999
4.45e-09	1.88000000000001e-08	4.1400000000001e-06	0.000105999999999999	0.00180000000000002	0.0128399999999999	0.0331999999999999
4.33e-09	1.31400000000011e-08	2.98999999999995e-06	0.000122000000000002	0.00159999999999999	0.0120800000000001	0.0326000000000001
4.45e-09	1.892e-08	1.41999999999989e-06	7.80000000000029e-05	0.00147999999999997	0.0117000000000001	0.0318
4.80999999999998e-09	6.99999999999469e-10	-8.60000000000021e-07	6.39999999999993e-05	0.00154	0.01118	0.0305999999999999
3.64000000000001e-09	6.91999999999978e-09	-1.5699999999999e-06	9.59999999999941e-05	0.00134000000000003	0.0103600000000001	0.0298000000000001
4.13000000000002e-09	2.70000000000003e-08	7.05000000000002e-06	0.000104000000000001	0.00124000000000001	0.0101599999999999	0.0290000000000002
4.08000000000001e-09	3.40200000000012e-08	5.86999999999999e-06	0.000105999999999999	0.00124000000000001	0.00949999999999995	0.0281999999999999
4.29999999999999e-09	1.74399999999994e-08	-1.45999999999998e-06	9.60000000000044e-05	0.00110000000000002	0.00882	0.0272000000000001
4.46e-09	2.09999999999973e-09	4.20999999999991e-06	9.80000000000034e-05	0.001	0.00852000000000005	0.0262000000000002
4.77000000000001e-09	1.498e-08	2.94000000000001e-06	0.00010199999999999	0.000939999999999968	0.00797999999999996	0.0251999999999999
5.11999999999999e-09	2.47000000000002e-08	-1.98999999999996e-06	7.4000000000005e-05	0.00103999999999998	0.00745999999999993	0.0247999999999998
4.86999999999998e-09	2.10600000000006e-08	-6.30000000000026e-07	5.40000000000045e-05	0.000940000000000011	0.00710000000000016	0.024
5.76999999999999e-09	1.35999999999995e-08	-2.5000000000004e-07	8.59999999999988e-05	0.000880000000000021	0.00674000000000004	0.0230000000000001
5.10000000000001e-09	2.89600000000003e-08	2.07999999999999e-06	9.39999999999946e-05	0.000839999999999998	0.00645999999999997	0.0223999999999998
5.28e-09	2.07400000000005e-08	3.48e-06	8.20000000000008e-05	0.000759999999999996	0.00622000000000001	0.0216000000000001
5.27e-09	1.2659999999999e-08	2.30999999999998e-06	6.80000000000081e-05	0.000780000000000007	0.00569999999999997	0.0210000000000002
5.98000000000003e-09	1.76999999999989e-08	1.68999999999997e-06	9.59999999999944e-05	0.000700000000000009	0.00541999999999993	0.0201999999999998
5.89000000000002e-09	1.62600000000005e-08	2.25000000000001e-06	0.000106	0.00081999999999999	0.00505999999999998	0.0191999999999999
5.19e-09	1.148e-08	3.58000000000005e-06	9.00000000000075e-05	0.000719999999999973	0.00490000000000004	0.0188
6.14e-09	1.29399999999996e-08	7.0000000000001e-07	6.39999999999993e-05	0.000679999999999994	0.00467999999999996	0.0182000000000001
6.43999999999999e-09	1.77800000000006e-08	3.82999999999992e-06	7.19999999999952e-05	0.000720000000000017	0.00435999999999995	0.017
7.26000000000001e-09	1.65800000000005e-08	2.29999999999996e-06	7.39999999999942e-05	0.000640000000000015	0.00396000000000007	0.0167999999999998
6.1e-09	2.30400000000004e-08	-3.94e-06	7.4000000000005e-05	0.000620000000000004	0.00358000000000007	0.0165999999999999
6.33999999999997e-09	1.62199999999996e-08	2.57000000000004e-06	0.000127999999999999	0.000700000000000006	0.00365999999999994	0.0152000000000003
7.17999999999998e-09	1.60599999999989e-08	4.26000000000002e-06	7.9999999999991e-05	0.000659999999999983	0.0035799999999999	0.0146
6.98000000000001e-09	2.58600000000007e-08	-1.08e-06	8.00000000000019e-05	0.000540000000000002	0.00335999999999999	0.0142
7.21000000000001e-09	1.50400000000006e-08	1.5900000000001e-06	0.000112000000000007	0.000659999999999983	0.00328000000000012	0.0136000000000001
6.58999999999999e-09	7.55999999999983e-09	8.70000000000044e-07	3.6000000000003e-05	0.000639999999999972	0.00300000000000005	0.0132
7.57999999999998e-09	2.92599999999993e-08	3.90999999999993e-06	5.19999999999947e-05	0.000520000000000034	0.00275999999999991	0.0122
7.33000000000002e-09	2.88999999999997e-08	9.76999999999995e-06	0.000111999999999997	0.000540000000000005	0.00274000000000005	0.0118000000000001
7.62000000000003e-09	8.30000000000023e-09	7.50000000000002e-07	7.20000000000065e-05	0.000639999999999975	0.00260000000000001	0.0115999999999999
7.67999999999999e-09	-2.04000000000046e-09	-4.10999999999986e-06	5.20000000000056e-05	0.000640000000000015	0.00245999999999996	0.0111999999999997
7.13999999999999e-09	3.11799999999999e-08	2.8300000000001e-06	8.20000000000008e-05	0.000540000000000002	0.00224000000000005	0.0108
8.81000000000001e-09	3.75199999999999e-08	4.80999999999987e-06	8.00000000000019e-05	0.000500000000000023	0.00224000000000005	0.00940000000000003
8.72999999999998e-09	1.78600000000009e-08	1.12999999999994e-06	5.79999999999916e-05	0.000540000000000002	0.00233999999999998	0.00940000000000003
8.26e-09	1.60400000000004e-08	-3.22999999999996e-06	7.59999999999931e-05	0.000499999999999979	0.00213999999999995	0.00920000000000017
7.95999999999999e-09	1.36199999999993e-08	1.17000000000002e-06	7.60000000000039e-05	0.000519999999999991	0.00199999999999992	0.00859999999999992
8.55999999999997e-09	2.38000000000005e-08	5.19000000000002e-06	7.4000000000005e-05	0.000480000000000011	0.00184	0.00839999999999972
9.27000000000002e-09	7.45999999999972e-09	-9.00000000000277e-08	8.99999999999967e-05	0.000520000000000034	0.00172000000000002	0.00780000000000016
9.56999999999999e-09	-3.64000000000095e-09	1.26000000000005e-06	8.20000000000008e-05	0.000540000000000002	0.00179999999999989	0.00780000000000016
9.27999999999998e-09	1.26200000000008e-08	3.99000000000011e-06	5.80000000000024e-05	0.000539999999999958	0.00198000000000004	0.00719999999999991
9.24000000000007e-09	4.05400000000007e-08	-1.46000000000001e-06	4.9999999999996e-05	0.000559999999999972	0.0016200000000001	0.0070000000000001
1.031e-08	5.20600000000003e-08	-9.30000000000035e-07	9.80000000000036e-05	0.000520000000000036	0.00168000000000009	0.00640000000000019
9.74999999999996e-09	1.30599999999994e-08	1.95999999999989e-06	8.79999999999977e-05	0.000500000000000023	0.00174000000000007	0.00619999999999995
1.06e-08	-3.084e-08	2.19999999999974e-07	5.80000000000024e-05	0.000519999999999991	0.00137999999999996	0.0066
1.169e-08	1.07800000000006e-08	8.00000000000059e-07	8.59999999999988e-05	0.000439999999999989	0.00137999999999996	0.00560000000000004
9.79999999999998e-09	2.94000000000002e-08	3.11999999999989e-06	8.59999999999988e-05	0.000419999999999977	0.00157999999999998	0.00499999999999979
8.81999999999997e-09	1.71799999999999e-08	3.88000000000003e-06	4.80000000000076e-05	0.000480000000000011	0.00161999999999992	0.00539999999999984
1.111e-08	5.43999999999994e-08	3.84999999999997e-06	6.79999999999973e-05	0.000480000000000011	0.00136000000000008	0.00519999999999999
1.125e-08	2.10399999999995e-08	1.27999999999993e-06	8.79999999999977e-05	0.00046	0.00131999999999997	0.00460000000000009
1.06e-08	3.00000000000339e-10	-1.99999999999998e-06	6.20000000000004e-05	0.000500000000000023	0.0013599999999999	0.00440000000000023
1.141e-08	5.68000000000008e-09	4.67000000000007e-06	7.39999999999942e-05	0.000540000000000002	0.00130000000000008	0.00420000000000003
1.209e-08	-1.08399999999998e-08	5.11000000000002e-06	6.59999999999983e-05	0.000399999999999966	0.00124000000000009	0.00420000000000003
1.209e-08	3.12000000000009e-08	-4.01000000000015e-06	5.60000000000035e-05	0.00046	0.00149999999999994	0.00420000000000003
1.23e-08	5.17999999999991e-08	1.66000000000008e-06	5.19999999999947e-05	0.000500000000000023	0.00147999999999988	0.00379999999999998
1.37599999999999e-08	3.97999999999948e-09	4.7600000000001e-06	8.59999999999988e-05	0.00046	0.00108	0.00359999999999978
1.219e-08	-2.47599999999995e-08	-3.52000000000009e-06	6.80000000000081e-05	0.000379999999999998	0.00110000000000006	0.00379999999999998
1.228e-08	2.49399999999999e-08	4.90000000000058e-07	5.40000000000045e-05	0.000400000000000009	0.00122000000000004	0.00340000000000027
1.3e-08	2.27599999999998e-08	5.52000000000007e-06	8.59999999999988e-05	0.000499999999999979	0.00128000000000003	0.00319999999999973
1.246e-08	-3.95999999999972e-09	2.33999999999988e-06	0.000113999999999995	0.000499999999999979	0.00116000000000005	0.00339999999999993
1.32300000000001e-08	2.39400000000005e-08	3.31000000000003e-06	7.39999999999942e-05	0.000400000000000012	0.000999999999999971	0.00300000000000025
1.44400000000001e-08	3.59199999999997e-08	1.00000000000842e-08	3.20000000000051e-05	0.000340000000000022	0.00125999999999999	0.00280000000000005
1.538e-08	1.99e-08	-2.87000000000002e-06	5.80000000000024e-05	0.000439999999999989	0.00123999999999992	0.00259999999999982
1.433e-08	1.57400000000001e-08	1.27000000000007e-06	6.99999999999962e-05	0.000519999999999991	0.000939999999999968	0.00239999999999997
1.519e-08	3.02800000000002e-08	1.20000000000009e-06	7.2000000000006e-05	0.000480000000000011	0.00108	0.00300000000000022
1.509e-08	2.89600000000003e-08	1.83999999999997e-06	6.59999999999983e-05	0.000419999999999977	0.00123999999999992	0.00280000000000002
1.398e-08	2.14799999999995e-08	5.10999999999985e-06	6.39999999999993e-05	0.000480000000000011	0.00108	0.00199999999999992
1.649e-08	1.92000000000006e-08	2.88000000000004e-06	6.20000000000004e-05	0.000420000000000021	0.00112000000000011	0.00219999999999977
1.54999999999999e-08	3.88800000000006e-08	-1.4999999999999e-07	6.79999999999973e-05	0.000379999999999998	0.00108	0.00259999999999982
1.446e-08	4.79999999999988e-08	1.10999999999989e-06	6.39999999999993e-05	0.00046	0.000960000000000022	0.00239999999999997
1.724e-08	3.10999999999995e-08	7.40000000000097e-07	8.79999999999977e-05	0.000400000000000009	0.00108	0.00220000000000012
1.64499999999999e-08	-1.25999999999997e-08	2.96000000000005e-06	8.59999999999988e-05	0.000359999999999987	0.00105999999999995	0.00200000000000026
1.53e-08	2.70199999999999e-08	4.15999999999997e-06	3.8000000000002e-05	0.000320000000000007	0.000999999999999958	0.00199999999999992
1.756e-08	4.45399999999996e-08	-6.09999999999982e-07	6.80000000000081e-05	0.000480000000000011	0.00119999999999998	0.00239999999999997
1.754e-08	-4.27999999999982e-09	7.39999999999928e-07	7.39999999999941e-05	0.000539999999999958	0.00116000000000005	0.00199999999999992
1.716e-08	2.74600000000012e-08	2.95000000000003e-06	6.20000000000004e-05	0.000379999999999998	0.000879999999999977	0.00180000000000006
1.802e-08	3.94199999999994e-08	4.90000000000058e-07	7.4000000000005e-05	0.00046	0.000879999999999977	0.00180000000000006
1.683e-08	3.72199999999996e-08	1.16999999999985e-06	4.59999999999978e-05	0.000499999999999979	0.000939999999999968	0.00219999999999977
1.702e-08	2.33800000000003e-08	2.65000000000005e-06	6.79999999999972e-05	0.000400000000000009	0.00102000000000001	0.00220000000000012
1.995e-08	3.314e-08	3.0600000000001e-06	7.80000000000029e-05	0.000340000000000019	0.000880000000000151	0.00160000000000021
1.986e-08	2.87799999999998e-08	-1.06999999999997e-06	8.99999999999967e-05	0.000379999999999998	0.000900000000000032	0.00159999999999986
1.865e-08	1.25199999999994e-08	3.69999999999964e-07	7.59999999999931e-05	0.00046	0.000899999999999858	0.00159999999999986
2.078e-08	4.45000000000001e-08	4.73999999999989e-06	3.8000000000002e-05	0.000400000000000009	0.000879999999999977	0.00180000000000006
1.907e-08	4.13200000000002e-08	-6.59999999999922e-07	7.00000000000071e-05	0.000400000000000009	0.00104000000000007	0.00199999999999992
2.013e-08	2.03599999999998e-08	5.80000000000086e-07	6.39999999999993e-05	0.000400000000000009	0.000860000000000096	0.00160000000000021
1.99100000000002e-08	6.67999999999994e-09	3.25000000000002e-06	5.59999999999935e-05	0.000399999999999972	0.00093999999999998	0.00140000000000003
1.99300000000001e-08	3.22799999999998e-08	1.58999999999994e-06	6.80000000000089e-05	0.000359999999999992	0.000959999999999861	0.00140000000000003
2.285e-08	3.23000000000009e-08	2.07999999999999e-06	6.39999999999993e-05	0.000240000000000006	0.000759999999999996	0.00180000000000006
2.098e-08	2.27400000000001e-08	1.2800000000001e-06	6.79999999999973e-05	0.000420000000000021	0.00100000000000013	0.00159999999999986
2.13199999999999e-08	3.084e-08	2.8899999999999e-06	5.00000000000066e-05	0.000580000000000024	0.00105999999999995	0.00140000000000001
2.409e-08	5.14600000000006e-08	1.21999999999996e-06	8.59999999999988e-05	0.000359999999999987	0.000960000000000022	0.00180000000000006
2.314e-08	4.27599999999987e-08	-2.04999999999992e-06	8.20000000000008e-05	0.000320000000000008	0.000940000000000141	0.000999999999999958
1.924e-08	1.71400000000004e-08	1.68999999999998e-06	4.79999999999968e-05	0.00046	0.000599999999999906	0.00119999999999981
2.18999999999999e-08	1.97600000000004e-08	2.72999999999988e-06	3.19999999999942e-05	0.000399999999999966	0.000700000000000006	0.00180000000000006
2.49199999999999e-08	1.76999999999989e-08	1.42000000000006e-06	6.39999999999993e-05	0.000379999999999998	0.00110000000000006	0.00140000000000001
2.493e-08	5.13199999999996e-08	1.54000000000016e-06	7.2000000000006e-05	0.000420000000000021	0.00101999999999984	0.00140000000000001
2.416e-08	4.28600000000001e-08	-5.00000000000079e-07	2.80000000000072e-05	0.000439999999999989	0.000759999999999996	0.00140000000000001
2.53200000000001e-08	6.48000000000099e-09	2.56999999999987e-06	7.39999999999941e-05	0.000320000000000007	0.000880000000000151	0.00140000000000001
2.50999999999999e-08	1.80800000000009e-08	5.36000000000006e-06	8.39999999999998e-05	0.000379999999999998	0.00103999999999989	0.00180000000000006
2.35599999999999e-08	5.73399999999996e-08	2.96000000000005e-06	7.60000000000039e-05	0.000399999999999966	0.000919999999999913	0.00119999999999981
2.495e-08	4.20399999999995e-08	1.1899999999999e-06	6.59999999999983e-05	0.00036000000000003	0.000780000000000051	0.000800000000000105
2.43999999999999e-08	1.81799999999997e-08	-2.66000000000007e-06	6.59999999999983e-05	0.000440000000000032	0.000819999999999987	0.00140000000000001
2.964e-08	3.904e-08	-3.76999999999996e-06	7.39999999999941e-05	0.000359999999999987	0.000860000000000096	0.00179999999999972
2.786e-08	6.15200000000006e-08	5.10000000000101e-07	8.00000000000019e-05	0.000339999999999975	0.000740000000000115	0.00160000000000021
2.61e-08	4.25599999999998e-08	4.52999999999993e-06	7.60000000000039e-05	0.000439999999999989	0.000899999999999858	0.00100000000000031
2.674e-08	3.78199999999989e-08	5.16999999999998e-06	2.00000000000005e-05	0.000400000000000009	0.000939999999999968	0.000999999999999958
2.625e-08	4.87600000000002e-08	4.19000000000004e-06	3.20000000000051e-05	0.000420000000000021	0.000860000000000096	0.00119999999999981
3.10400000000001e-08	4.01800000000008e-08	1.60000000000012e-07	5.59999999999926e-05	0.000400000000000009	0.000799999999999932	0.00119999999999981
2.72900000000001e-08	5.162e-08	-1.41000000000004e-06	7.79999999999921e-05	0.000339999999999975	0.000700000000000006	0.00140000000000001
3.07899999999999e-08	3.77599999999996e-08	3.83999999999995e-06	0.000110000000000008	0.000439999999999989	0.000960000000000022	0.00140000000000001
2.90400000000002e-08	3.31999999999997e-08	2.44000000000007e-06	5.60000000000037e-05	0.000320000000000009	0.000960000000000031	0.00120000000000017
2.67200000000001e-08	6.02800000000002e-08	-1.42999999999994e-06	2.39999999999986e-05	0.000279999999999987	0.000700000000000014	0.00120000000000017
3.37099999999998e-08	4.57199999999999e-08	-5.60000000000042e-07	6.39999999999993e-05	0.000420000000000021	0.000700000000000006	0.00119999999999981
3.05999999999999e-08	1.92400000000001e-08	3.33999999999987e-06	8.79999999999977e-05	0.000340000000000019	0.000780000000000051	0.00119999999999981
3.017e-08	4.15400000000002e-08	5.38999999999996e-06	5.60000000000035e-05	0.000379999999999998	0.000919999999999913	0.00120000000000016
3.08300000000001e-08	4.18999999999998e-08	2.92000000000013e-06	4.00000000000009e-05	0.000540000000000002	0.000759999999999996	0.00120000000000016
3.19800000000001e-08	4.73599999999999e-08	-1.19999999999924e-07	6.20000000000004e-05	0.000259999999999974	0.000600000000000079	0.000999999999999958
3.35399999999999e-08	4.82200000000001e-08	1.09999999999902e-07	7.19999999999952e-05	0.000299999999999996	0.000819999999999987	0.000999999999999958
3.03199999999998e-08	4.31800000000002e-08	1.89999999999908e-07	7.9999999999991e-05	0.000439999999999989	0.000919999999999913	0.00159999999999986
3.136e-08	5.62199999999999e-08	1.00000000000219e-08	8.79999999999977e-05	0.000279999999999985	0.000799999999999932	0.00120000000000016
3.63300000000001e-08	4.36200000000002e-08	6.29000000000006e-06	3.8000000000002e-05	0.000339999999999975	0.00066000000000007	0.000800000000000105
3.69699999999999e-08	5.03800000000004e-08	6.68000000000007e-06	3.40000000000041e-05	0.000460000000000043	0.000840000000000041	0.00119999999999981
3.26699999999999e-08	3.576e-08	1.82999999999995e-06	7.2000000000006e-05	0.000340000000000062	0.000979999999999904	0.00140000000000001
3.49e-08	3.73800000000003e-08	-4.0000000000003e-07	8.20000000000008e-05	0.000299999999999953	0.000659999999999896	0.00120000000000016
3.85700000000001e-08	4.84799999999996e-08	-1.79999999999988e-06	6.99999999999962e-05	0.000379999999999998	0.000600000000000079	0.000999999999999958
3.37899999999999e-08	4.87199999999993e-08	-1.40000000000002e-06	4.39999999999989e-05	0.00036000000000003	0.00082000000000016	0.000799999999999758
4.44399999999999e-08	6.95400000000002e-08	-2.40000000000001e-06	4.79999999999968e-05	0.000420000000000021	0.000919999999999913	0.000800000000000105
4.228e-08	4.77400000000006e-08	2.99999999999997e-06	4.19999999999999e-05	0.000399999999999966	0.000839999999999868	0.00120000000000016
