vd	id_vg = 0V	ig_vg = 0V	is_vg = 0V	iavdd_vg = 0V	ignd_vg = 0V	id_vg = 0.15V	ig_vg = 0.15V	is_vg = 0.15V	iavdd_vg = 0.15V	ignd_vg = 0.15V	id_vg = 0.3V	ig_vg = 0.3V	is_vg = 0.3V	iavdd_vg = 0.3V	ignd_vg = 0.3V	id_vg = 0.45V	ig_vg = 0.45V	is_vg = 0.45V	iavdd_vg = 0.45V	ignd_vg = 0.45V	id_vg = 0.6V	ig_vg = 0.6V	is_vg = 0.6V	iavdd_vg = 0.6V	ignd_vg = 0.6V	id_vg = 0.75V	ig_vg = 0.75V	is_vg = 0.75V	iavdd_vg = 0.75V	ignd_vg = 0.75V	id_vg = 0.9V	ig_vg = 0.9V	is_vg = 0.9V	iavdd_vg = 0.9V	ignd_vg = 0.9V
0	-0.043714	-1.39696e-08	0.043702	7.0628e-07	-6.4842e-07	-0.022122	-9.2666e-09	0.022128	7.0422e-07	-6.4144e-07	-0.0064638	-5.7052e-09	0.006462	6.999e-07	-6.3392e-07	-0.00041516	-2.5474e-09	0.0004148	6.9714e-07	-6.2994e-07	-4.9922e-06	-1.3146e-10	4.9273e-06	6.9726e-07	-6.2874e-07	-1.1856e-07	9.143e-10	4.8563e-08	6.9792e-07	-6.283e-07	-7.32312e-08	1.6077e-09	5.1669e-10	6.9934e-07	-6.2834e-07
0.005	-0.043644	-1.3964e-08	0.043644	7.0808e-07	-6.4898e-07	-0.02211	-9.2759e-09	0.022116	7.0364e-07	-6.4166e-07	-0.0064592	-5.7097e-09	0.0064588	6.9888e-07	-6.3384e-07	-0.00041418	-2.5577e-09	0.00041428	6.9616e-07	-6.298e-07	-4.9906e-06	-1.4362e-10	4.9217e-06	6.9582e-07	-6.2878e-07	-1.1772e-07	9.0123e-10	4.85112e-08	6.9674e-07	-6.2822e-07	-7.20352e-08	1.5829e-09	5.1619e-10	6.9838e-07	-6.2842e-07
0.01	-0.043616	-1.4001e-08	0.043626	7.0722e-07	-6.4914e-07	-0.022098	-9.2763e-09	0.022106	7.0262e-07	-6.4144e-07	-0.0064536	-5.7291e-09	0.0064544	6.9796e-07	-6.3396e-07	-0.00041378	-2.5675e-09	0.000414	6.9534e-07	-6.298e-07	-4.9879e-06	-1.5486e-10	4.922e-06	6.9494e-07	-6.2874e-07	-1.1674e-07	8.845e-10	4.8495e-08	6.9596e-07	-6.2812e-07	-7.08994e-08	1.5615e-09	5.1628e-10	6.9722e-07	-6.2826e-07
0.015	-0.043596	-1.39984e-08	0.043602	7.0716e-07	-6.4964e-07	-0.022088	-9.2911e-09	0.022098	7.0222e-07	-6.417e-07	-0.0064492	-5.7304e-09	0.0064496	6.9704e-07	-6.3366e-07	-0.00041352	-2.5749e-09	0.00041344	6.944e-07	-6.298e-07	-4.9856e-06	-1.6637e-10	4.9118e-06	6.9404e-07	-6.2856e-07	-1.1572e-07	8.6988e-10	4.8512e-08	6.9462e-07	-6.2828e-07	-6.99242e-08	1.5403e-09	5.1632e-10	6.96e-07	-6.2818e-07
0.02	-0.04357	-1.4002e-08	0.043578	7.0636e-07	-6.5024e-07	-0.022074	-9.2907e-09	0.022084	7.015e-07	-6.421e-07	-0.0064454	-5.7361e-09	0.0064446	6.9596e-07	-6.3362e-07	-0.00041316	-2.5819e-09	0.00041336	6.9322e-07	-6.2938e-07	-4.9764e-06	-1.7678e-10	4.9039e-06	6.9328e-07	-6.2892e-07	-1.1476e-07	8.5266e-10	4.84388e-08	6.9382e-07	-6.2838e-07	-6.88412e-08	1.5194e-09	5.1628e-10	6.9502e-07	-6.282e-07
0.025	-0.043548	-1.39992e-08	0.04356	7.0602e-07	-6.5086e-07	-0.022064	-9.2933e-09	0.022072	7.0068e-07	-6.4212e-07	-0.00644	-5.726e-09	0.0064394	6.9504e-07	-6.3374e-07	-0.00041288	-2.5855e-09	0.00041306	6.9244e-07	-6.2976e-07	-4.9617e-06	-1.8759e-10	4.9021e-06	6.9204e-07	-6.2872e-07	-1.1348e-07	8.3905e-10	4.84562e-08	6.9252e-07	-6.2842e-07	-6.78002e-08	1.4971e-09	5.1659e-10	6.9398e-07	-6.2842e-07
0.03	-0.043522	-1.40338e-08	0.043538	7.0502e-07	-6.5052e-07	-0.022054	-9.3014e-09	0.02206	6.9968e-07	-6.4182e-07	-0.006436	-5.7571e-09	0.0064372	6.9408e-07	-6.3376e-07	-0.0004126	-2.5925e-09	0.00041274	6.913e-07	-6.2962e-07	-4.9721e-06	-1.9901e-10	4.9035e-06	6.9104e-07	-6.2874e-07	-1.1252e-07	8.2318e-10	4.83588e-08	6.9172e-07	-6.282e-07	-6.68696e-08	1.4771e-09	5.1603e-10	6.93e-07	-6.2836e-07
0.035	-0.0435	-1.40374e-08	0.043506	7.0468e-07	-6.5088e-07	-0.022042	-9.3008e-09	0.022048	6.9912e-07	-6.4228e-07	-0.0064324	-5.7593e-09	0.0064318	6.9324e-07	-6.3362e-07	-0.00041232	-2.6025e-09	0.00041236	6.9062e-07	-6.2964e-07	-4.9587e-06	-2.0893e-10	4.9054e-06	6.9e-07	-6.285e-07	-1.1164e-07	8.0888e-10	4.83274e-08	6.9084e-07	-6.2826e-07	-6.57626e-08	1.4549e-09	5.1414e-10	6.9214e-07	-6.283e-07
0.04	-0.043476	-1.40624e-08	0.043486	7.0398e-07	-6.5134e-07	-0.022026	-9.3161e-09	0.022036	6.9842e-07	-6.4232e-07	-0.0064262	-5.7754e-09	0.0064264	6.9226e-07	-6.3356e-07	-0.00041178	-2.6073e-09	0.00041196	6.8948e-07	-6.2944e-07	-4.958e-06	-2.1989e-10	4.8999e-06	6.8894e-07	-6.2866e-07	-1.104e-07	7.938e-10	4.8328e-08	6.8984e-07	-6.2822e-07	-6.47774e-08	1.4335e-09	5.1384e-10	6.9134e-07	-6.2846e-07
0.045	-0.04345	-1.4055e-08	0.04346	7.0352e-07	-6.511e-07	-0.022014	-9.2879e-09	0.022024	6.975e-07	-6.4226e-07	-0.0064234	-5.7811e-09	0.0064222	6.9138e-07	-6.3368e-07	-0.00041136	-2.6131e-09	0.00041184	6.8846e-07	-6.2962e-07	-4.9533e-06	-2.2852e-10	4.8971e-06	6.881e-07	-6.288e-07	-1.0958e-07	7.78e-10	4.83028e-08	6.8888e-07	-6.2838e-07	-6.36934e-08	1.4141e-09	5.1398e-10	6.8996e-07	-6.2814e-07
0.05	-0.04343	-1.40614e-08	0.043436	7.03e-07	-6.5162e-07	-0.022002	-9.324e-09	0.022008	6.9686e-07	-6.4262e-07	-0.006419	-5.7925e-09	0.0064186	6.905e-07	-6.3386e-07	-0.00041126	-2.6101e-09	0.00041148	6.8726e-07	-6.2928e-07	-4.9432e-06	-2.392e-10	4.8889e-06	6.8718e-07	-6.2866e-07	-1.0846e-07	7.639e-10	4.83126e-08	6.878e-07	-6.282e-07	-6.26628e-08	1.3927e-09	5.1272e-10	6.8888e-07	-6.2824e-07
0.055	-0.043408	-1.40746e-08	0.043416	7.0248e-07	-6.518e-07	-0.021988	-9.3282e-09	0.021998	6.958e-07	-6.4242e-07	-0.0064144	-5.7935e-09	0.006415	6.8994e-07	-6.3392e-07	-0.00041098	-2.6291e-09	0.00041082	6.8646e-07	-6.295e-07	-4.9493e-06	-2.4921e-10	4.8848e-06	6.8628e-07	-6.2874e-07	-1.0754e-07	7.5035e-10	4.82176e-08	6.8692e-07	-6.284e-07	-6.17576e-08	1.3738e-09	5.1256e-10	6.8826e-07	-6.2832e-07
0.06	-0.04339	-1.4074e-08	0.043392	7.0156e-07	-6.5164e-07	-0.021976	-9.3393e-09	0.021984	6.9502e-07	-6.4234e-07	-0.006411	-5.7607e-09	0.0064088	6.8878e-07	-6.3384e-07	-0.00041066	-2.6386e-09	0.0004106	6.8582e-07	-6.2922e-07	-4.9387e-06	-2.595e-10	4.8818e-06	6.8578e-07	-6.2902e-07	-1.0664e-07	7.3594e-10	4.81972e-08	6.862e-07	-6.2838e-07	-6.06894e-08	1.3531e-09	5.1202e-10	6.8704e-07	-6.2826e-07
0.065	-0.043364	-1.40866e-08	0.04337	7.0122e-07	-6.5212e-07	-0.021966	-9.3499e-09	0.021974	6.9416e-07	-6.4238e-07	-0.0064046	-5.791e-09	0.0064044	6.8786e-07	-6.3374e-07	-0.00041018	-2.6425e-09	0.00041028	6.848e-07	-6.294e-07	-4.9397e-06	-2.7103e-10	4.8852e-06	6.8482e-07	-6.2904e-07	-1.0558e-07	7.2399e-10	4.81288e-08	6.85e-07	-6.283e-07	-5.97248e-08	1.3337e-09	5.1289e-10	6.8644e-07	-6.2842e-07
0.07	-0.043336	-1.41086e-08	0.043346	7.0042e-07	-6.522e-07	-0.021952	-9.3499e-09	0.021962	6.9348e-07	-6.4226e-07	-0.0064002	-5.794e-09	0.0064002	6.8728e-07	-6.3358e-07	-0.00040988	-2.6343e-09	0.00041	6.8418e-07	-6.2964e-07	-4.9302e-06	-2.804e-10	4.8686e-06	6.842e-07	-6.291e-07	-1.047e-07	7.0824e-10	4.82094e-08	6.8426e-07	-6.2838e-07	-5.875e-08	1.3146e-09	5.141e-10	6.8518e-07	-6.2826e-07
0.075	-0.043316	-1.41048e-08	0.043326	6.9958e-07	-6.5214e-07	-0.021942	-9.3518e-09	0.021948	6.9294e-07	-6.4274e-07	-0.0063954	-5.8031e-09	0.0063962	6.8642e-07	-6.3406e-07	-0.00040936	-2.646e-09	0.00040948	6.831e-07	-6.293e-07	-4.9235e-06	-2.8905e-10	4.8788e-06	6.8328e-07	-6.2902e-07	-1.0368e-07	6.9496e-10	4.80688e-08	6.832e-07	-6.2828e-07	-5.78696e-08	1.2949e-09	5.1286e-10	6.8442e-07	-6.2848e-07
0.08	-0.043292	-1.41252e-08	0.0433	6.9918e-07	-6.5214e-07	-0.021924	-9.3265e-09	0.021932	6.9202e-07	-6.424e-07	-0.006391	-5.814e-09	0.0063894	6.8576e-07	-6.3384e-07	-0.00040902	-2.6494e-09	0.00040918	6.822e-07	-6.2932e-07	-4.9277e-06	-2.9699e-10	4.8716e-06	6.82e-07	-6.2884e-07	-1.0292e-07	6.8017e-10	4.79984e-08	6.826e-07	-6.2848e-07	-5.69844e-08	1.2755e-09	5.1272e-10	6.8364e-07	-6.283e-07
0.085	-0.043266	-1.41424e-08	0.043276	6.9846e-07	-6.5238e-07	-0.021916	-9.3617e-09	0.021922	6.914e-07	-6.4274e-07	-0.006386	-5.8203e-09	0.0063886	6.849e-07	-6.3388e-07	-0.00040892	-2.6666e-09	0.00040902	6.8144e-07	-6.2928e-07	-4.919e-06	-3.0494e-10	4.8554e-06	6.8142e-07	-6.2896e-07	-1.019e-07	6.6654e-10	4.80368e-08	6.816e-07	-6.2816e-07	-5.60872e-08	1.2576e-09	5.1206e-10	6.8254e-07	-6.2826e-07
0.09	-0.043244	-1.41302e-08	0.043252	6.9758e-07	-6.5218e-07	-0.021902	-9.3603e-09	0.021912	6.9074e-07	-6.4274e-07	-0.0063832	-5.8234e-09	0.0063828	6.8384e-07	-6.3368e-07	-0.00040826	-2.6719e-09	0.00040834	6.808e-07	-6.2986e-07	-4.9052e-06	-3.1562e-10	4.8547e-06	6.8064e-07	-6.2866e-07	-1.0104e-07	6.5417e-10	4.79406e-08	6.8072e-07	-6.284e-07	-5.51924e-08	1.2387e-09	5.1179e-10	6.8168e-07	-6.2844e-07
0.095	-0.043222	-1.41454e-08	0.043232	6.9728e-07	-6.5248e-07	-0.02189	-9.3757e-09	0.021898	6.8988e-07	-6.4266e-07	-0.0063762	-5.8249e-09	0.0063756	6.8308e-07	-6.3398e-07	-0.00040814	-2.6779e-09	0.00040802	6.8018e-07	-6.297e-07	-4.9081e-06	-3.2471e-10	4.8555e-06	6.7966e-07	-6.289e-07	-1.0028e-07	6.4199e-10	4.78864e-08	6.8e-07	-6.283e-07	-5.42706e-08	1.2203e-09	5.1136e-10	6.8082e-07	-6.2816e-07
0.1	-0.043198	-1.41464e-08	0.043206	6.963e-07	-6.5218e-07	-0.021878	-9.3731e-09	0.021882	6.8928e-07	-6.4264e-07	-0.0063716	-5.8292e-09	0.006372	6.8274e-07	-6.3386e-07	-0.00040766	-2.6825e-09	0.00040772	6.7984e-07	-6.3e-07	-4.9075e-06	-3.3439e-10	4.8454e-06	6.7904e-07	-6.2892e-07	-9.93476e-08	6.2803e-10	4.78942e-08	6.7908e-07	-6.2832e-07	-5.34442e-08	1.2026e-09	5.1004e-10	6.8006e-07	-6.2824e-07
0.105	-0.04318	-1.41788e-08	0.043184	6.9606e-07	-6.5238e-07	-0.021866	-9.3553e-09	0.021876	6.8864e-07	-6.4286e-07	-0.0063686	-5.8363e-09	0.006368	6.8166e-07	-6.337e-07	-0.00040738	-2.6899e-09	0.00040742	6.79e-07	-6.3e-07	-4.8931e-06	-3.4356e-10	4.8473e-06	6.781e-07	-6.2872e-07	-9.84218e-08	6.164e-10	4.78156e-08	6.7798e-07	-6.2852e-07	-5.26158e-08	1.1838e-09	5.0874e-10	6.7904e-07	-6.2856e-07
0.11	-0.043154	-1.41566e-08	0.043162	6.9536e-07	-6.527e-07	-0.021848	-9.3835e-09	0.02186	6.8792e-07	-6.4294e-07	-0.0063624	-5.8393e-09	0.0063638	6.81e-07	-6.3374e-07	-0.00040694	-2.7021e-09	0.00040724	6.7792e-07	-6.2992e-07	-4.8969e-06	-3.4995e-10	4.842e-06	6.7722e-07	-6.2868e-07	-9.75108e-08	6.0401e-10	4.78346e-08	6.776e-07	-6.2824e-07	-5.17714e-08	1.1682e-09	5.081e-10	6.7832e-07	-6.2822e-07
0.115	-0.043134	-1.4185e-08	0.043138	6.947e-07	-6.5272e-07	-0.02184	-9.3872e-09	0.021844	6.8714e-07	-6.4268e-07	-0.0063596	-5.8457e-09	0.006359	6.8024e-07	-6.3374e-07	-0.00040666	-2.7043e-09	0.00040696	6.7728e-07	-6.2976e-07	-4.8938e-06	-3.6031e-10	4.8367e-06	6.7636e-07	-6.2872e-07	-9.6765e-08	5.913e-10	4.78106e-08	6.7672e-07	-6.2836e-07	-5.09532e-08	1.1494e-09	5.0821e-10	6.774e-07	-6.2804e-07
0.12	-0.04311	-1.41604e-08	0.043114	6.9376e-07	-6.5226e-07	-0.02183	-9.4051e-09	0.021832	6.8652e-07	-6.4252e-07	-0.0063558	-5.8427e-09	0.006355	6.7938e-07	-6.3364e-07	-0.00040618	-2.7032e-09	0.00040626	6.7638e-07	-6.2998e-07	-4.8789e-06	-3.6498e-10	4.8441e-06	6.757e-07	-6.2872e-07	-9.59466e-08	5.787e-10	4.77876e-08	6.7584e-07	-6.2812e-07	-5.0152e-08	1.1321e-09	5.0867e-10	6.7668e-07	-6.2834e-07
0.125	-0.043084	-1.42244e-08	0.04309	6.9318e-07	-6.5272e-07	-0.021816	-9.4063e-09	0.021822	6.856e-07	-6.4242e-07	-0.00635	-5.8476e-09	0.0063494	6.7856e-07	-6.3344e-07	-0.00040602	-2.7129e-09	0.00040594	6.7558e-07	-6.297e-07	-4.8691e-06	-3.7715e-10	4.8297e-06	6.7504e-07	-6.286e-07	-9.51668e-08	5.6647e-10	4.77252e-08	6.7488e-07	-6.2808e-07	-4.93284e-08	1.1164e-09	5.0806e-10	6.7624e-07	-6.2808e-07
0.13	-0.04306	-1.4202e-08	0.043064	6.928e-07	-6.5268e-07	-0.0218	-9.4098e-09	0.021808	6.8514e-07	-6.4252e-07	-0.006345	-5.8429e-09	0.0063442	6.781e-07	-6.3358e-07	-0.00040556	-2.7182e-09	0.00040558	6.7492e-07	-6.2964e-07	-4.8729e-06	-3.8378e-10	4.8251e-06	6.7446e-07	-6.2848e-07	-9.43548e-08	5.5352e-10	4.76356e-08	6.7466e-07	-6.2844e-07	-4.85146e-08	1.0987e-09	5.0925e-10	6.7506e-07	-6.282e-07
0.135	-0.043036	-1.42186e-08	0.04304	6.9198e-07	-6.5266e-07	-0.021788	-9.4234e-09	0.021794	6.8416e-07	-6.4242e-07	-0.0063406	-5.8555e-09	0.0063406	6.771e-07	-6.3368e-07	-0.00040514	-2.7229e-09	0.00040508	6.7416e-07	-6.2964e-07	-4.8649e-06	-3.9231e-10	4.827e-06	6.7354e-07	-6.288e-07	-9.36338e-08	5.4296e-10	4.7591e-08	6.7372e-07	-6.2832e-07	-4.77162e-08	1.081e-09	5.0868e-10	6.7432e-07	-6.2812e-07
0.14	-0.043014	-1.42332e-08	0.04302	6.9126e-07	-6.525e-07	-0.021772	-9.4163e-09	0.021778	6.8364e-07	-6.4246e-07	-0.0063344	-5.8629e-09	0.0063346	6.7614e-07	-6.3368e-07	-0.00040488	-2.7317e-09	0.00040482	6.7342e-07	-6.298e-07	-4.8632e-06	-3.9829e-10	4.8181e-06	6.7276e-07	-6.2864e-07	-9.279e-08	5.3148e-10	4.76042e-08	6.7306e-07	-6.282e-07	-4.69912e-08	1.0655e-09	5.0801e-10	6.7374e-07	-6.2802e-07
0.145	-0.042984	-1.425e-08	0.042994	6.9084e-07	-6.5248e-07	-0.021764	-9.4064e-09	0.02177	6.8294e-07	-6.423e-07	-0.0063288	-5.8607e-09	0.0063304	6.7576e-07	-6.3374e-07	-0.00040436	-2.736e-09	0.0004045	6.7256e-07	-6.2946e-07	-4.8615e-06	-4.055e-10	4.8152e-06	6.7212e-07	-6.2862e-07	-9.20442e-08	5.1885e-10	4.76178e-08	6.721e-07	-6.281e-07	-4.61714e-08	1.0485e-09	5.0748e-10	6.7278e-07	-6.28e-07
0.15	-0.042966	-1.42238e-08	0.042972	6.9016e-07	-6.5266e-07	-0.021748	-9.4369e-09	0.021758	6.8228e-07	-6.4274e-07	-0.006326	-5.8807e-09	0.0063238	6.7488e-07	-6.3344e-07	-0.00040396	-2.7346e-09	0.00040412	6.7214e-07	-6.2956e-07	-4.8626e-06	-4.1237e-10	4.8123e-06	6.7132e-07	-6.2872e-07	-9.13646e-08	5.0646e-10	4.75404e-08	6.7154e-07	-6.2854e-07	-4.54242e-08	1.0315e-09	5.0731e-10	6.7186e-07	-6.2818e-07
0.155	-0.042944	-1.42382e-08	0.042946	6.8948e-07	-6.525e-07	-0.021732	-9.4322e-09	0.021744	6.8162e-07	-6.4236e-07	-0.0063192	-5.8838e-09	0.0063204	6.7422e-07	-6.3326e-07	-0.0004036	-2.7478e-09	0.00040376	6.7106e-07	-6.294e-07	-4.8547e-06	-4.2051e-10	4.8179e-06	6.7078e-07	-6.2856e-07	-9.06224e-08	4.9573e-10	4.74064e-08	6.7108e-07	-6.2844e-07	-4.46384e-08	1.0147e-09	5.0671e-10	6.712e-07	-6.2804e-07
0.16	-0.042916	-1.4257e-08	0.042922	6.887e-07	-6.5258e-07	-0.021726	-9.4397e-09	0.021728	6.81e-07	-6.424e-07	-0.0063156	-5.8523e-09	0.0063158	6.7328e-07	-6.3344e-07	-0.00040326	-2.7507e-09	0.0004034	6.7066e-07	-6.2942e-07	-4.8437e-06	-4.2767e-10	4.8096e-06	6.7012e-07	-6.288e-07	-9.00404e-08	4.8421e-10	4.74642e-08	6.7044e-07	-6.2874e-07	-4.38916e-08	9.984e-10	5.0692e-10	6.7058e-07	-6.281e-07
0.165	-0.04289	-1.42726e-08	0.042898	6.8798e-07	-6.523e-07	-0.021708	-9.4396e-09	0.021712	6.803e-07	-6.4262e-07	-0.0063094	-5.8659e-09	0.0063124	6.7296e-07	-6.335e-07	-0.00040272	-2.7464e-09	0.00040322	6.6984e-07	-6.2934e-07	-4.8379e-06	-4.3516e-10	4.8069e-06	6.6924e-07	-6.285e-07	-8.90828e-08	4.7472e-10	4.75468e-08	6.6974e-07	-6.285e-07	-4.31382e-08	9.8376e-10	5.0597e-10	6.6976e-07	-6.2794e-07
0.17	-0.042862	-1.43228e-08	0.042874	6.8744e-07	-6.5236e-07	-0.021692	-9.4302e-09	0.021696	6.7972e-07	-6.4252e-07	-0.0063068	-5.8729e-09	0.0063054	6.7254e-07	-6.3344e-07	-0.0004027	-2.7505e-09	0.00040262	6.6924e-07	-6.2964e-07	-4.834e-06	-4.4417e-10	4.7976e-06	6.6868e-07	-6.2854e-07	-8.8432e-08	4.6283e-10	4.74268e-08	6.691e-07	-6.2828e-07	-4.2529e-08	9.6748e-10	5.0622e-10	6.6948e-07	-6.2828e-07
0.175	-0.04284	-1.43002e-08	0.042848	6.8684e-07	-6.524e-07	-0.021676	-9.4465e-09	0.021688	6.7882e-07	-6.4214e-07	-0.0063014	-5.8839e-09	0.0063042	6.7172e-07	-6.3344e-07	-0.00040226	-2.7602e-09	0.00040254	6.6856e-07	-6.2946e-07	-4.829e-06	-4.4988e-10	4.7984e-06	6.6796e-07	-6.2854e-07	-8.7692e-08	4.5159e-10	4.73972e-08	6.683e-07	-6.2878e-07	-4.17858e-08	9.5328e-10	5.0456e-10	6.6838e-07	-6.2808e-07
0.18	-0.042814	-1.43238e-08	0.042826	6.8624e-07	-6.523e-07	-0.021668	-9.4469e-09	0.02167	6.7832e-07	-6.4246e-07	-0.0062982	-5.8888e-09	0.0062996	6.7122e-07	-6.3344e-07	-0.00040184	-2.7526e-09	0.00040204	6.6786e-07	-6.293e-07	-4.8284e-06	-4.5672e-10	4.7867e-06	6.6742e-07	-6.2854e-07	-8.69308e-08	4.4296e-10	4.73632e-08	6.6764e-07	-6.2874e-07	-4.11352e-08	9.3665e-10	5.0425e-10	6.6774e-07	-6.2816e-07
0.185	-0.042794	-1.43018e-08	0.042796	6.8554e-07	-6.5192e-07	-0.02165	-9.4511e-09	0.02166	6.776e-07	-6.421e-07	-0.0062934	-5.9003e-09	0.0062918	6.7046e-07	-6.3324e-07	-0.00040144	-2.7733e-09	0.000402	6.672e-07	-6.2932e-07	-4.8311e-06	-4.6305e-10	4.7851e-06	6.6658e-07	-6.2854e-07	-8.61764e-08	4.2969e-10	4.72812e-08	6.6708e-07	-6.2838e-07	-4.04552e-08	9.2187e-10	5.052e-10	6.6744e-07	-6.283e-07
0.19	-0.042764	-1.4317e-08	0.042772	6.8494e-07	-6.5202e-07	-0.02164	-9.4656e-09	0.021648	6.7672e-07	-6.4188e-07	-0.0062878	-5.9058e-09	0.0062884	6.6982e-07	-6.3344e-07	-0.00040128	-2.7787e-09	0.00040124	6.667e-07	-6.2932e-07	-4.8198e-06	-4.6966e-10	4.7776e-06	6.6576e-07	-6.2852e-07	-8.55336e-08	4.2031e-10	4.72332e-08	6.6638e-07	-6.2868e-07	-3.97674e-08	9.0699e-10	5.0461e-10	6.6656e-07	-6.2818e-07
0.195	-0.042742	-1.4342e-08	0.04275	6.845e-07	-6.5222e-07	-0.021628	-9.4745e-09	0.021636	6.7626e-07	-6.421e-07	-0.0062822	-5.9046e-09	0.0062828	6.6928e-07	-6.3318e-07	-0.00040066	-2.7805e-09	0.00040074	6.6614e-07	-6.2962e-07	-4.8215e-06	-4.7668e-10	4.7769e-06	6.654e-07	-6.2876e-07	-8.48444e-08	4.1174e-10	4.71622e-08	6.6574e-07	-6.2864e-07	-3.9129e-08	8.9059e-10	5.0111e-10	6.6618e-07	-6.2826e-07
0.2	-0.04272	-1.43602e-08	0.04272	6.8396e-07	-6.521e-07	-0.021614	-9.475e-09	0.02162	6.7584e-07	-6.4208e-07	-0.0062782	-5.9016e-09	0.0062786	6.6864e-07	-6.337e-07	-0.00040068	-2.7883e-09	0.00040056	6.6564e-07	-6.2966e-07	-4.8063e-06	-4.8191e-10	4.7704e-06	6.6472e-07	-6.2864e-07	-8.41756e-08	3.996e-10	4.71656e-08	6.6514e-07	-6.2846e-07	-3.85034e-08	8.7697e-10	5.0318e-10	6.6564e-07	-6.2856e-07
0.205	-0.04269	-1.43674e-08	0.042698	6.8306e-07	-6.5194e-07	-0.021598	-9.4822e-09	0.021608	6.7506e-07	-6.4186e-07	-0.0062726	-5.9097e-09	0.0062726	6.6808e-07	-6.3336e-07	-0.00040034	-2.7859e-09	0.00040016	6.6526e-07	-6.2962e-07	-4.7984e-06	-4.8755e-10	4.7702e-06	6.641e-07	-6.2878e-07	-8.36404e-08	3.8965e-10	4.71336e-08	6.6472e-07	-6.2856e-07	-3.7837e-08	8.6348e-10	5.022e-10	6.6488e-07	-6.2854e-07
0.21	-0.042664	-1.43872e-08	0.042674	6.8252e-07	-6.5192e-07	-0.021582	-9.5094e-09	0.021596	6.7434e-07	-6.417e-07	-0.0062688	-5.923e-09	0.006268	6.6748e-07	-6.334e-07	-0.00039956	-2.797e-09	0.00039974	6.6486e-07	-6.2946e-07	-4.7967e-06	-4.9287e-10	4.7588e-06	6.6354e-07	-6.2884e-07	-8.29274e-08	3.7964e-10	4.71214e-08	6.6404e-07	-6.286e-07	-3.71736e-08	8.4824e-10	5.0317e-10	6.6412e-07	-6.2832e-07
0.215	-0.042638	-1.44046e-08	0.042648	6.8186e-07	-6.5162e-07	-0.02157	-9.4994e-09	0.021576	6.7386e-07	-6.421e-07	-0.0062628	-5.9247e-09	0.0062628	6.668e-07	-6.335e-07	-0.00039948	-2.7998e-09	0.00039934	6.637e-07	-6.2944e-07	-4.7962e-06	-5.0018e-10	4.7562e-06	6.6332e-07	-6.2866e-07	-8.2244e-08	3.6977e-10	4.71054e-08	6.6356e-07	-6.286e-07	-3.65856e-08	8.3537e-10	5.012e-10	6.6334e-07	-6.2828e-07
0.22	-0.042614	-1.43824e-08	0.042618	6.8124e-07	-6.517e-07	-0.021556	-9.4968e-09	0.021564	6.735e-07	-6.4186e-07	-0.0062572	-5.9263e-09	0.0062598	6.6614e-07	-6.3316e-07	-0.00039894	-2.8042e-09	0.0003992	6.6308e-07	-6.2952e-07	-4.7864e-06	-5.061e-10	4.7541e-06	6.6262e-07	-6.2866e-07	-8.16974e-08	3.6084e-10	4.69772e-08	6.631e-07	-6.288e-07	-3.59776e-08	8.1988e-10	5.0218e-10	6.628e-07	-6.2854e-07
0.225	-0.042586	-1.44306e-08	0.0426	6.8084e-07	-6.5154e-07	-0.021546	-9.519e-09	0.02155	6.7288e-07	-6.4168e-07	-0.0062524	-5.9309e-09	0.0062542	6.657e-07	-6.3334e-07	-0.00039874	-2.8112e-09	0.00039884	6.627e-07	-6.2954e-07	-4.7813e-06	-5.1097e-10	4.747e-06	6.6192e-07	-6.2888e-07	-8.10518e-08	3.5161e-10	4.69696e-08	6.6232e-07	-6.2866e-07	-3.53548e-08	8.0554e-10	5.0174e-10	6.6244e-07	-6.2824e-07
0.23	-0.042558	-1.44206e-08	0.042572	6.8004e-07	-6.511e-07	-0.021528	-9.5194e-09	0.021534	6.722e-07	-6.42e-07	-0.0062494	-5.9284e-09	0.0062494	6.6528e-07	-6.3298e-07	-0.00039842	-2.815e-09	0.00039842	6.6214e-07	-6.295e-07	-4.7818e-06	-5.1768e-10	4.7457e-06	6.6144e-07	-6.286e-07	-8.04008e-08	3.4243e-10	4.70076e-08	6.6174e-07	-6.2858e-07	-3.4757e-08	7.9126e-10	5.0136e-10	6.6168e-07	-6.2838e-07
0.235	-0.042532	-1.44536e-08	0.042542	6.792e-07	-6.513e-07	-0.021516	-9.5303e-09	0.021522	6.7174e-07	-6.4182e-07	-0.0062446	-5.9443e-09	0.0062438	6.646e-07	-6.3334e-07	-0.00039786	-2.8207e-09	0.00039792	6.6178e-07	-6.2964e-07	-4.7769e-06	-5.2181e-10	4.7445e-06	6.609e-07	-6.2884e-07	-7.9706e-08	3.3419e-10	4.69502e-08	6.6108e-07	-6.2868e-07	-3.42076e-08	7.7954e-10	5.0264e-10	6.6132e-07	-6.283e-07
0.24	-0.042504	-1.44528e-08	0.042512	6.7898e-07	-6.5142e-07	-0.0215	-9.5086e-09	0.021506	6.713e-07	-6.4144e-07	-0.0062384	-5.9384e-09	0.0062386	6.6406e-07	-6.3314e-07	-0.00039756	-2.8248e-09	0.0003978	6.6114e-07	-6.297e-07	-4.7569e-06	-5.2835e-10	4.7423e-06	6.6038e-07	-6.2854e-07	-7.91038e-08	3.232e-10	4.67924e-08	6.6066e-07	-6.2862e-07	-3.36478e-08	7.6406e-10	5.0075e-10	6.6068e-07	-6.2842e-07
0.245	-0.042478	-1.44914e-08	0.042484	6.785e-07	-6.5106e-07	-0.021486	-9.5378e-09	0.021496	6.7036e-07	-6.4156e-07	-0.0062338	-5.9448e-09	0.006234	6.6378e-07	-6.3314e-07	-0.0003972	-2.8266e-09	0.00039732	6.6058e-07	-6.295e-07	-4.7578e-06	-5.3099e-10	4.7289e-06	6.5998e-07	-6.2862e-07	-7.86018e-08	3.149e-10	4.67036e-08	6.6026e-07	-6.289e-07	-3.30946e-08	7.5219e-10	5.0009e-10	6.6006e-07	-6.2806e-07
0.25	-0.042448	-1.45108e-08	0.042464	6.7774e-07	-6.5098e-07	-0.021474	-9.5176e-09	0.021476	6.6982e-07	-6.416e-07	-0.0062274	-5.9518e-09	0.0062294	6.6302e-07	-6.3308e-07	-0.0003966	-2.8278e-09	0.00039688	6.5998e-07	-6.298e-07	-4.7531e-06	-5.3691e-10	4.7239e-06	6.5938e-07	-6.286e-07	-7.80318e-08	3.0609e-10	4.67626e-08	6.5986e-07	-6.2886e-07	-3.24588e-08	7.3946e-10	5.0093e-10	6.5978e-07	-6.287e-07
0.255	-0.04242	-1.45018e-08	0.04243	6.7714e-07	-6.5088e-07	-0.021458	-9.556e-09	0.021464	6.6952e-07	-6.4148e-07	-0.0062244	-5.9588e-09	0.006224	6.6236e-07	-6.3284e-07	-0.00039652	-2.8332e-09	0.00039612	6.5962e-07	-6.297e-07	-4.7457e-06	-5.4278e-10	4.7171e-06	6.5868e-07	-6.2844e-07	-7.74498e-08	2.9727e-10	4.6775e-08	6.5932e-07	-6.2874e-07	-3.1958e-08	7.2469e-10	4.9959e-10	6.5934e-07	-6.2828e-07
0.26	-0.042396	-1.45154e-08	0.042402	6.7646e-07	-6.5084e-07	-0.021444	-9.5402e-09	0.021454	6.6896e-07	-6.4136e-07	-0.0062192	-5.9574e-09	0.006222	6.6208e-07	-6.3328e-07	-0.000396	-2.8384e-09	0.00039576	6.5916e-07	-6.297e-07	-4.747e-06	-5.4624e-10	4.7169e-06	6.5798e-07	-6.2858e-07	-7.68378e-08	2.8857e-10	4.6716e-08	6.5858e-07	-6.2842e-07	-3.14e-08	7.1362e-10	4.9899e-10	6.5894e-07	-6.2856e-07
0.265	-0.042364	-1.45482e-08	0.042368	6.7592e-07	-6.5076e-07	-0.021428	-9.5663e-09	0.021444	6.6816e-07	-6.4116e-07	-0.0062146	-5.9559e-09	0.006213	6.6162e-07	-6.3296e-07	-0.00039536	-2.8393e-09	0.00039574	6.5834e-07	-6.2958e-07	-4.7323e-06	-5.5083e-10	4.7195e-06	6.5742e-07	-6.2858e-07	-7.62468e-08	2.8155e-10	4.66246e-08	6.5778e-07	-6.2862e-07	-3.07762e-08	6.9975e-10	4.9885e-10	6.5818e-07	-6.2874e-07
0.27	-0.042338	-1.45524e-08	0.042342	6.7562e-07	-6.5062e-07	-0.021412	-9.5706e-09	0.021424	6.678e-07	-6.4124e-07	-0.006207	-5.9594e-09	0.0062078	6.6096e-07	-6.3322e-07	-0.00039504	-2.8437e-09	0.00039522	6.5808e-07	-6.2946e-07	-4.7411e-06	-5.5493e-10	4.7066e-06	6.5704e-07	-6.2852e-07	-7.57108e-08	2.7288e-10	4.66388e-08	6.5724e-07	-6.2872e-07	-3.02266e-08	6.8839e-10	4.9745e-10	6.5756e-07	-6.2836e-07
0.275	-0.04231	-1.45654e-08	0.042314	6.7512e-07	-6.5058e-07	-0.021402	-9.5884e-09	0.021406	6.6732e-07	-6.411e-07	-0.0062038	-5.9626e-09	0.0062034	6.6058e-07	-6.3316e-07	-0.0003949	-2.8493e-09	0.00039478	6.5748e-07	-6.2944e-07	-4.7186e-06	-5.6133e-10	4.7103e-06	6.5658e-07	-6.2884e-07	-7.52276e-08	2.6625e-10	4.66266e-08	6.5684e-07	-6.2852e-07	-2.96908e-08	6.7557e-10	4.9745e-10	6.5734e-07	-6.2842e-07
0.28	-0.042274	-1.45934e-08	0.042288	6.7446e-07	-6.5064e-07	-0.021382	-9.5871e-09	0.021392	6.666e-07	-6.411e-07	-0.006198	-5.9704e-09	0.006198	6.601e-07	-6.3312e-07	-0.00039428	-2.851e-09	0.00039458	6.5716e-07	-6.2956e-07	-4.7402e-06	-5.6569e-10	4.7028e-06	6.561e-07	-6.2868e-07	-7.4597e-08	2.5756e-10	4.66152e-08	6.5606e-07	-6.2832e-07	-2.92094e-08	6.6335e-10	4.9722e-10	6.5666e-07	-6.2882e-07
0.285	-0.042246	-1.45992e-08	0.042254	6.7368e-07	-6.5034e-07	-0.021372	-9.5887e-09	0.021376	6.6638e-07	-6.4112e-07	-0.0061934	-5.9578e-09	0.006193	6.5958e-07	-6.3278e-07	-0.00039384	-2.8403e-09	0.0003939	6.5644e-07	-6.295e-07	-4.7246e-06	-5.6982e-10	4.6912e-06	6.558e-07	-6.287e-07	-7.41276e-08	2.5024e-10	4.65586e-08	6.556e-07	-6.284e-07	-2.8691e-08	6.5229e-10	4.9775e-10	6.5588e-07	-6.2832e-07
0.29	-0.042214	-1.46128e-08	0.042228	6.729e-07	-6.4984e-07	-0.02135	-9.5962e-09	0.02136	6.6574e-07	-6.4108e-07	-0.0061882	-5.979e-09	0.0061882	6.5888e-07	-6.3296e-07	-0.00039354	-2.8561e-09	0.00039334	6.5618e-07	-6.295e-07	-4.7208e-06	-5.7499e-10	4.69e-06	6.5516e-07	-6.2864e-07	-7.3542e-08	2.4244e-10	4.64834e-08	6.5512e-07	-6.2832e-07	-2.81648e-08	6.3824e-10	4.9729e-10	6.5552e-07	-6.2848e-07
0.295	-0.042186	-1.46318e-08	0.042196	6.726e-07	-6.4972e-07	-0.021336	-9.604e-09	0.021342	6.653e-07	-6.4106e-07	-0.0061816	-5.9821e-09	0.0061832	6.5824e-07	-6.3292e-07	-0.0003932	-2.855e-09	0.0003934	6.559e-07	-6.2964e-07	-4.6986e-06	-5.7879e-10	4.6862e-06	6.5504e-07	-6.2902e-07	-7.3085e-08	2.3557e-10	4.6415e-08	6.5524e-07	-6.2874e-07	-2.76402e-08	6.27e-10	4.9715e-10	6.5506e-07	-6.2854e-07
0.3	-0.042154	-1.46262e-08	0.042164	6.721e-07	-6.4978e-07	-0.02132	-9.6084e-09	0.021326	6.6474e-07	-6.4084e-07	-0.0061776	-5.981e-09	0.0061768	6.5808e-07	-6.3296e-07	-0.00039288	-2.8581e-09	0.00039282	6.5534e-07	-6.295e-07	-4.7121e-06	-5.8362e-10	4.6738e-06	6.543e-07	-6.2868e-07	-7.25916e-08	2.2653e-10	4.6397e-08	6.547e-07	-6.2886e-07	-2.71422e-08	6.1442e-10	4.9647e-10	6.5446e-07	-6.2844e-07
0.305	-0.042124	-1.46232e-08	0.04213	6.7132e-07	-6.4948e-07	-0.021306	-9.6157e-09	0.021316	6.6406e-07	-6.4078e-07	-0.006172	-5.9519e-09	0.0061728	6.5748e-07	-6.33e-07	-0.00039246	-2.8624e-09	0.00039264	6.5476e-07	-6.2958e-07	-4.7151e-06	-5.8756e-10	4.6731e-06	6.5412e-07	-6.2872e-07	-7.20196e-08	2.1996e-10	4.64412e-08	6.542e-07	-6.287e-07	-2.67062e-08	6.0401e-10	4.9514e-10	6.5416e-07	-6.2864e-07
0.31	-0.04209	-1.46502e-08	0.042102	6.7114e-07	-6.4952e-07	-0.02129	-9.6212e-09	0.021298	6.634e-07	-6.4056e-07	-0.006166	-5.987e-09	0.006166	6.5684e-07	-6.3276e-07	-0.00039224	-2.8701e-09	0.00039212	6.5382e-07	-6.297e-07	-4.702e-06	-5.9303e-10	4.6731e-06	6.536e-07	-6.2878e-07	-7.14646e-08	2.12e-10	4.63464e-08	6.5348e-07	-6.2844e-07	-2.62278e-08	5.9189e-10	4.9478e-10	6.534e-07	-6.2836e-07
0.315	-0.042062	-1.46734e-08	0.042062	6.7016e-07	-6.4908e-07	-0.021274	-9.6069e-09	0.021282	6.632e-07	-6.4072e-07	-0.0061624	-5.995e-09	0.0061618	6.5676e-07	-6.329e-07	-0.00039162	-2.8736e-09	0.00039178	6.5348e-07	-6.2946e-07	-4.6947e-06	-5.9642e-10	4.6738e-06	6.5296e-07	-6.2884e-07	-7.0926e-08	2.0593e-10	4.62614e-08	6.5298e-07	-6.2862e-07	-2.57456e-08	5.8033e-10	4.9546e-10	6.5318e-07	-6.2832e-07
0.32	-0.042028	-1.46988e-08	0.042034	6.6984e-07	-6.4942e-07	-0.02126	-9.644e-09	0.02127	6.6274e-07	-6.4056e-07	-0.0061546	-5.9982e-09	0.0061568	6.5596e-07	-6.3278e-07	-0.0003912	-2.8771e-09	0.00039132	6.5304e-07	-6.2942e-07	-4.6845e-06	-6.0074e-10	4.6653e-06	6.5232e-07	-6.2848e-07	-7.04906e-08	1.99e-10	4.62292e-08	6.5262e-07	-6.286e-07	-2.52844e-08	5.6864e-10	4.9561e-10	6.5252e-07	-6.2828e-07
0.325	-0.041996	-1.47052e-08	0.042002	6.6898e-07	-6.489e-07	-0.021248	-9.6397e-09	0.02125	6.6226e-07	-6.406e-07	-0.00615	-6.0021e-09	0.0061508	6.556e-07	-6.3264e-07	-0.00039092	-2.874e-09	0.0003907	6.5284e-07	-6.2948e-07	-4.6806e-06	-6.0328e-10	4.6652e-06	6.5184e-07	-6.2864e-07	-6.99928e-08	1.9221e-10	4.62008e-08	6.522e-07	-6.2866e-07	-2.4813e-08	5.5843e-10	4.9485e-10	6.5186e-07	-6.2834e-07
0.33	-0.041958	-1.47208e-08	0.041966	6.6882e-07	-6.4898e-07	-0.021228	-9.6465e-09	0.021234	6.6174e-07	-6.4024e-07	-0.0061456	-6.0006e-09	0.0061466	6.5522e-07	-6.3278e-07	-0.00039026	-2.8745e-09	0.00039046	6.5244e-07	-6.295e-07	-4.6773e-06	-6.0781e-10	4.6559e-06	6.5174e-07	-6.2864e-07	-6.95062e-08	1.8545e-10	4.62406e-08	6.5184e-07	-6.2854e-07	-2.43926e-08	5.4733e-10	4.9296e-10	6.5194e-07	-6.2842e-07
0.335	-0.041928	-1.47478e-08	0.041932	6.6822e-07	-6.4872e-07	-0.02121	-9.6596e-09	0.021222	6.612e-07	-6.4026e-07	-0.0061392	-6.0017e-09	0.0061408	6.5446e-07	-6.3244e-07	-0.00039036	-2.8767e-09	0.00039028	6.5188e-07	-6.2934e-07	-4.6754e-06	-6.113e-10	4.6483e-06	6.5124e-07	-6.2866e-07	-6.90054e-08	1.7948e-10	4.61876e-08	6.5132e-07	-6.2866e-07	-2.39452e-08	5.3662e-10	4.9378e-10	6.5148e-07	-6.2864e-07
0.34	-0.041886	-1.47796e-08	0.041894	6.6786e-07	-6.4854e-07	-0.021194	-9.67e-09	0.021206	6.6076e-07	-6.4024e-07	-0.0061348	-6.0119e-09	0.006136	6.5434e-07	-6.3278e-07	-0.00038972	-2.8902e-09	0.00038974	6.513e-07	-6.2944e-07	-4.661e-06	-6.155e-10	4.6375e-06	6.5084e-07	-6.2886e-07	-6.85142e-08	1.7269e-10	4.60888e-08	6.5072e-07	-6.2832e-07	-2.34724e-08	5.263e-10	4.9452e-10	6.5128e-07	-6.2878e-07
0.345	-0.041846	-1.47744e-08	0.041862	6.6694e-07	-6.4816e-07	-0.021182	-9.6741e-09	0.021188	6.6034e-07	-6.4034e-07	-0.0061278	-6.0155e-09	0.0061282	6.5376e-07	-6.3256e-07	-0.00038912	-2.889e-09	0.0003893	6.5084e-07	-6.2926e-07	-4.6615e-06	-6.1822e-10	4.6366e-06	6.5052e-07	-6.2896e-07	-6.81144e-08	1.6646e-10	4.60176e-08	6.5042e-07	-6.284e-07	-2.30636e-08	5.162e-10	4.9405e-10	6.5078e-07	-6.2872e-07
0.35	-0.04181	-1.47918e-08	0.04182	6.665e-07	-6.485e-07	-0.021164	-9.6833e-09	0.021172	6.598e-07	-6.403e-07	-0.0061238	-6.0269e-09	0.0061228	6.5328e-07	-6.3262e-07	-0.00038876	-2.894e-09	0.00038908	6.5038e-07	-6.2932e-07	-4.6601e-06	-6.2168e-10	4.635e-06	6.4988e-07	-6.2868e-07	-6.76366e-08	1.6021e-10	4.60004e-08	6.4992e-07	-6.285e-07	-2.26164e-08	5.0608e-10	4.9505e-10	6.5022e-07	-6.2848e-07
0.355	-0.041774	-1.4845e-08	0.041782	6.6624e-07	-6.4814e-07	-0.021148	-9.6874e-09	0.02116	6.5944e-07	-6.4e-07	-0.0061158	-6.0219e-09	0.0061188	6.5274e-07	-6.326e-07	-0.00038836	-2.8949e-09	0.00038862	6.5046e-07	-6.2934e-07	-4.6544e-06	-6.2564e-10	4.6353e-06	6.4954e-07	-6.2872e-07	-6.7219e-08	1.5434e-10	4.5995e-08	6.4946e-07	-6.2828e-07	-2.222e-08	4.9574e-10	4.9302e-10	6.497e-07	-6.285e-07
0.36	-0.041738	-1.48896e-08	0.041748	6.6574e-07	-6.4806e-07	-0.021132	-9.6907e-09	0.02114	6.588e-07	-6.4e-07	-0.0061126	-6.0242e-09	0.0061126	6.5268e-07	-6.3244e-07	-0.00038812	-2.896e-09	0.00038816	6.4992e-07	-6.2952e-07	-4.6496e-06	-6.291e-10	4.6263e-06	6.4916e-07	-6.2894e-07	-6.67016e-08	1.4793e-10	4.59216e-08	6.4884e-07	-6.286e-07	-2.17752e-08	4.8686e-10	4.9177e-10	6.4932e-07	-6.2856e-07
0.365	-0.041698	-1.48942e-08	0.041704	6.6518e-07	-6.48e-07	-0.021114	-9.6944e-09	0.02112	6.582e-07	-6.3988e-07	-0.006107	-6.0198e-09	0.006107	6.522e-07	-6.3276e-07	-0.00038762	-2.899e-09	0.00038768	6.4934e-07	-6.2938e-07	-4.645e-06	-6.3319e-10	4.6183e-06	6.4882e-07	-6.285e-07	-6.63422e-08	1.4211e-10	4.58486e-08	6.4862e-07	-6.2848e-07	-2.13554e-08	4.7589e-10	4.9123e-10	6.489e-07	-6.2856e-07
0.37	-0.041658	-1.49296e-08	0.041662	6.6476e-07	-6.4784e-07	-0.021098	-9.7148e-09	0.021106	6.578e-07	-6.3984e-07	-0.0061022	-6.0238e-09	0.0061016	6.5192e-07	-6.3268e-07	-0.00038706	-2.9074e-09	0.0003875	6.4906e-07	-6.2962e-07	-4.6358e-06	-6.3638e-10	4.6181e-06	6.4856e-07	-6.289e-07	-6.59152e-08	1.3597e-10	4.58754e-08	6.4838e-07	-6.2832e-07	-2.09492e-08	4.6734e-10	4.9158e-10	6.4842e-07	-6.2838e-07
0.375	-0.041612	-1.49434e-08	0.04162	6.6394e-07	-6.476e-07	-0.021082	-9.7298e-09	0.021084	6.576e-07	-6.3954e-07	-0.0060964	-6.0264e-09	0.0060964	6.5142e-07	-6.3268e-07	-0.00038672	-2.9078e-09	0.00038654	6.486e-07	-6.295e-07	-4.6315e-06	-6.4126e-10	4.6108e-06	6.4828e-07	-6.288e-07	-6.55792e-08	1.315e-10	4.57698e-08	6.4768e-07	-6.2852e-07	-2.05396e-08	4.5655e-10	4.9149e-10	6.4838e-07	-6.2874e-07
0.38	-0.041568	-1.49522e-08	0.041578	6.6362e-07	-6.475e-07	-0.021062	-9.7154e-09	0.021068	6.5714e-07	-6.396e-07	-0.0060894	-6.0385e-09	0.0060902	6.5106e-07	-6.326e-07	-0.00038616	-2.9114e-09	0.00038646	6.4814e-07	-6.2928e-07	-4.6312e-06	-6.4403e-10	4.608e-06	6.4784e-07	-6.289e-07	-6.5039e-08	1.2569e-10	4.57644e-08	6.4764e-07	-6.2848e-07	-2.0146e-08	4.463e-10	4.9059e-10	6.4774e-07	-6.286e-07
0.385	-0.04152	-1.49916e-08	0.041528	6.632e-07	-6.4742e-07	-0.021046	-9.736e-09	0.021054	6.5694e-07	-6.3954e-07	-0.0060828	-6.0376e-09	0.0060836	6.5084e-07	-6.325e-07	-0.00038608	-2.9133e-09	0.00038594	6.4804e-07	-6.2948e-07	-4.6219e-06	-6.4754e-10	4.6113e-06	6.4768e-07	-6.291e-07	-6.45496e-08	1.2063e-10	4.56722e-08	6.473e-07	-6.2856e-07	-1.97832e-08	4.3876e-10	4.9022e-10	6.475e-07	-6.2902e-07
0.39	-0.041476	-1.5023e-08	0.041488	6.6286e-07	-6.4724e-07	-0.021026	-9.7314e-09	0.021034	6.5624e-07	-6.3942e-07	-0.0060788	-6.0553e-09	0.0060808	6.5018e-07	-6.3232e-07	-0.00038566	-2.9179e-09	0.00038546	6.4736e-07	-6.2938e-07	-4.6182e-06	-6.4959e-10	4.6028e-06	6.4742e-07	-6.2898e-07	-6.41998e-08	1.1514e-10	4.57518e-08	6.4678e-07	-6.2844e-07	-1.93328e-08	4.2822e-10	4.8942e-10	6.4708e-07	-6.2856e-07
0.395	-0.04143	-1.50436e-08	0.041438	6.6232e-07	-6.4716e-07	-0.021012	-9.7519e-09	0.02102	6.56e-07	-6.3926e-07	-0.0060738	-6.0815e-09	0.0060748	6.4978e-07	-6.3228e-07	-0.00038524	-2.9176e-09	0.00038546	6.4696e-07	-6.2922e-07	-4.6108e-06	-6.5292e-10	4.5964e-06	6.4684e-07	-6.2904e-07	-6.37038e-08	1.0978e-10	4.56696e-08	6.4636e-07	-6.2848e-07	-1.89824e-08	4.2051e-10	4.9013e-10	6.4678e-07	-6.2868e-07
0.4	-0.041382	-1.50714e-08	0.04139	6.62e-07	-6.471e-07	-0.020996	-9.7453e-09	0.021	6.5554e-07	-6.3942e-07	-0.006068	-6.0807e-09	0.006069	6.4904e-07	-6.3214e-07	-0.0003849	-2.9234e-09	0.00038478	6.466e-07	-6.2916e-07	-4.5923e-06	-6.5392e-10	4.5991e-06	6.4658e-07	-6.288e-07	-6.33364e-08	1.0448e-10	4.56024e-08	6.4624e-07	-6.286e-07	-1.86186e-08	4.1078e-10	4.8962e-10	6.463e-07	-6.2876e-07
0.405	-0.041332	-1.51048e-08	0.04134	6.617e-07	-6.47e-07	-0.020978	-9.7683e-09	0.020984	6.5504e-07	-6.3936e-07	-0.0060622	-6.0658e-09	0.0060614	6.4874e-07	-6.3206e-07	-0.00038448	-2.9238e-09	0.0003843	6.4634e-07	-6.294e-07	-4.5908e-06	-6.5692e-10	4.5816e-06	6.4614e-07	-6.289e-07	-6.30112e-08	9.994e-11	4.56032e-08	6.4568e-07	-6.2862e-07	-1.82194e-08	4.0277e-10	4.8962e-10	6.459e-07	-6.2848e-07
0.41	-0.041276	-1.51186e-08	0.041284	6.6088e-07	-6.4668e-07	-0.020962	-9.7751e-09	0.020966	6.5482e-07	-6.391e-07	-0.0060558	-6.0574e-09	0.0060568	6.4886e-07	-6.323e-07	-0.00038368	-2.9264e-09	0.00038396	6.4604e-07	-6.294e-07	-4.5908e-06	-6.5914e-10	4.5732e-06	6.4584e-07	-6.2886e-07	-6.25566e-08	9.489e-11	4.55464e-08	6.4546e-07	-6.2844e-07	-1.78704e-08	3.9433e-10	4.8853e-10	6.4564e-07	-6.285e-07
0.415	-0.041222	-1.51492e-08	0.04123	6.6054e-07	-6.4668e-07	-0.02094	-9.779e-09	0.020948	6.5398e-07	-6.3906e-07	-0.0060492	-6.0549e-09	0.0060504	6.4832e-07	-6.3224e-07	-0.00038354	-2.9258e-09	0.0003834	6.46e-07	-6.294e-07	-4.5883e-06	-6.627e-10	4.5685e-06	6.456e-07	-6.2896e-07	-6.21158e-08	9.012e-11	4.54874e-08	6.4496e-07	-6.285e-07	-1.75414e-08	3.8558e-10	4.8783e-10	6.4522e-07	-6.2842e-07
0.42	-0.041166	-1.5183e-08	0.041176	6.5994e-07	-6.462e-07	-0.020918	-9.7974e-09	0.020928	6.536e-07	-6.39e-07	-0.006045	-6.0658e-09	0.006045	6.48e-07	-6.323e-07	-0.000383	-2.9223e-09	0.0003832	6.4534e-07	-6.293e-07	-4.5913e-06	-6.6555e-10	4.574e-06	6.45e-07	-6.2896e-07	-6.17146e-08	8.599e-11	4.54678e-08	6.4452e-07	-6.2842e-07	-1.71428e-08	3.7768e-10	4.8801e-10	6.4462e-07	-6.2842e-07
0.425	-0.041102	-1.52328e-08	0.04111	6.5952e-07	-6.4616e-07	-0.020902	-9.7886e-09	0.020906	6.5308e-07	-6.3858e-07	-0.0060396	-6.0594e-09	0.00604	6.4778e-07	-6.3238e-07	-0.00038264	-2.9277e-09	0.0003828	6.4506e-07	-6.292e-07	-4.58e-06	-6.6738e-10	4.5744e-06	6.447e-07	-6.2896e-07	-6.1268e-08	8.169e-11	4.54302e-08	6.445e-07	-6.29e-07	-1.68294e-08	3.695e-10	4.8646e-10	6.4448e-07	-6.2866e-07
0.43	-0.041038	-1.52756e-08	0.041046	6.5924e-07	-6.4598e-07	-0.020882	-9.797e-09	0.02089	6.5278e-07	-6.3868e-07	-0.0060346	-6.0694e-09	0.0060334	6.4716e-07	-6.323e-07	-0.00038238	-2.9249e-09	0.0003822	6.4466e-07	-6.2932e-07	-4.5696e-06	-6.7039e-10	4.5603e-06	6.4428e-07	-6.2898e-07	-6.09032e-08	7.601e-11	4.53684e-08	6.4424e-07	-6.2878e-07	-1.64848e-08	3.628e-10	4.8691e-10	6.4408e-07	-6.2878e-07
0.435	-0.040976	-1.52848e-08	0.040986	6.5852e-07	-6.4582e-07	-0.020864	-9.8186e-09	0.020872	6.5264e-07	-6.3866e-07	-0.0060268	-6.075e-09	0.0060266	6.4686e-07	-6.3224e-07	-0.00038168	-2.9349e-09	0.00038216	6.4446e-07	-6.295e-07	-4.5732e-06	-6.7205e-10	4.546e-06	6.4406e-07	-6.2886e-07	-6.0601e-08	7.258e-11	4.5281e-08	6.4386e-07	-6.2862e-07	-1.6137e-08	3.5243e-10	4.8543e-10	6.4396e-07	-6.2862e-07
0.44	-0.040908	-1.53174e-08	0.040916	6.5814e-07	-6.4574e-07	-0.02084	-9.8287e-09	0.02085	6.5212e-07	-6.3828e-07	-0.0060204	-6.0795e-09	0.0060206	6.466e-07	-6.3226e-07	-0.0003813	-2.9397e-09	0.00038138	6.4392e-07	-6.292e-07	-4.5724e-06	-6.7503e-10	4.5486e-06	6.4378e-07	-6.2884e-07	-6.02096e-08	6.727e-11	4.52348e-08	6.4352e-07	-6.286e-07	-1.57758e-08	3.4528e-10	4.8442e-10	6.4372e-07	-6.2864e-07
0.445	-0.040838	-1.53926e-08	0.040842	6.5724e-07	-6.4532e-07	-0.020824	-9.8449e-09	0.020832	6.5178e-07	-6.3864e-07	-0.006014	-6.0663e-09	0.0060146	6.4658e-07	-6.3248e-07	-0.00038094	-2.9399e-09	0.00038114	6.4374e-07	-6.2924e-07	-4.5617e-06	-6.7561e-10	4.5487e-06	6.4346e-07	-6.292e-07	-5.9894e-08	6.321e-11	4.52122e-08	6.4296e-07	-6.2834e-07	-1.54704e-08	3.3839e-10	4.8688e-10	6.4326e-07	-6.285e-07
0.45	-0.040762	-1.53986e-08	0.040768	6.5716e-07	-6.4528e-07	-0.020806	-9.8495e-09	0.02081	6.5166e-07	-6.3864e-07	-0.0060084	-6.0911e-09	0.0060088	6.459e-07	-6.3216e-07	-0.0003804	-2.9415e-09	0.00038054	6.4338e-07	-6.29e-07	-4.553e-06	-6.7833e-10	4.542e-06	6.429e-07	-6.2896e-07	-5.94968e-08	5.962e-11	4.5223e-08	6.4292e-07	-6.2866e-07	-1.51482e-08	3.3085e-10	4.8559e-10	6.4314e-07	-6.2874e-07
0.455	-0.040682	-1.54746e-08	0.04069	6.5656e-07	-6.451e-07	-0.020786	-9.8602e-09	0.02079	6.5132e-07	-6.3846e-07	-0.0060024	-6.0961e-09	0.0060028	6.4546e-07	-6.3214e-07	-0.0003802	-2.9458e-09	0.00038	6.4272e-07	-6.2898e-07	-4.5511e-06	-6.8083e-10	4.541e-06	6.4262e-07	-6.2884e-07	-5.91356e-08	5.603e-11	4.51426e-08	6.4232e-07	-6.2858e-07	-1.48424e-08	3.2318e-10	4.8532e-10	6.4276e-07	-6.2878e-07
0.46	-0.0406	-1.5532e-08	0.04061	6.5642e-07	-6.4516e-07	-0.020762	-9.8711e-09	0.020768	6.5068e-07	-6.3816e-07	-0.0059958	-6.1009e-09	0.0059988	6.454e-07	-6.322e-07	-0.00037968	-2.9461e-09	0.00037992	6.4276e-07	-6.2934e-07	-4.5451e-06	-6.8336e-10	4.5289e-06	6.4236e-07	-6.288e-07	-5.88332e-08	5.114e-11	4.5123e-08	6.4236e-07	-6.2868e-07	-1.4511e-08	3.1652e-10	4.8426e-10	6.4248e-07	-6.2856e-07
0.465	-0.040516	-1.5543e-08	0.04052	6.5594e-07	-6.4474e-07	-0.020742	-9.8818e-09	0.02075	6.5022e-07	-6.3824e-07	-0.0059898	-6.0887e-09	0.005991	6.4526e-07	-6.323e-07	-0.0003791	-2.9462e-09	0.00037918	6.4254e-07	-6.2908e-07	-4.5388e-06	-6.8472e-10	4.5221e-06	6.4214e-07	-6.2902e-07	-5.84298e-08	4.687e-11	4.49644e-08	6.4194e-07	-6.2846e-07	-1.4165e-08	3.0826e-10	4.8483e-10	6.421e-07	-6.286e-07
0.47	-0.040428	-1.55988e-08	0.040434	6.551e-07	-6.4454e-07	-0.020722	-9.8976e-09	0.020728	6.4988e-07	-6.381e-07	-0.005983	-6.1167e-09	0.005984	6.45e-07	-6.3226e-07	-0.00037856	-2.9444e-09	0.00037876	6.4204e-07	-6.29e-07	-4.5373e-06	-6.878e-10	4.5119e-06	6.417e-07	-6.2894e-07	-5.81072e-08	4.294e-11	4.50268e-08	6.4152e-07	-6.2864e-07	-1.38642e-08	3.0216e-10	4.8366e-10	6.42e-07	-6.2882e-07
0.475	-0.040326	-1.56426e-08	0.040338	6.5486e-07	-6.4426e-07	-0.020698	-9.9124e-09	0.020706	6.4958e-07	-6.3806e-07	-0.0059774	-6.1056e-09	0.0059784	6.4442e-07	-6.3206e-07	-0.00037832	-2.9521e-09	0.00037816	6.4164e-07	-6.2926e-07	-4.5273e-06	-6.8965e-10	4.5149e-06	6.4144e-07	-6.2878e-07	-5.77276e-08	3.989e-11	4.50134e-08	6.4156e-07	-6.2862e-07	-1.35986e-08	2.9517e-10	4.8267e-10	6.415e-07	-6.2868e-07
0.48	-0.040232	-1.56738e-08	0.040238	6.545e-07	-6.4472e-07	-0.020676	-9.9197e-09	0.020684	6.4928e-07	-6.3814e-07	-0.0059722	-6.1203e-09	0.0059716	6.4402e-07	-6.3188e-07	-0.00037788	-2.9577e-09	0.00037816	6.4164e-07	-6.2912e-07	-4.53e-06	-6.8997e-10	4.5121e-06	6.4124e-07	-6.2884e-07	-5.73596e-08	3.583e-11	4.49556e-08	6.4106e-07	-6.2858e-07	-1.32948e-08	2.8797e-10	4.8271e-10	6.4142e-07	-6.2882e-07
0.485	-0.040128	-1.57576e-08	0.040128	6.5416e-07	-6.44e-07	-0.020654	-9.9322e-09	0.020664	6.4892e-07	-6.3786e-07	-0.0059638	-6.1238e-09	0.0059652	6.4372e-07	-6.3192e-07	-0.00037726	-2.9577e-09	0.0003771	6.4104e-07	-6.2908e-07	-4.5192e-06	-6.9243e-10	4.5091e-06	6.408e-07	-6.2852e-07	-5.70108e-08	3.216e-11	4.48774e-08	6.4106e-07	-6.2856e-07	-1.30028e-08	2.8268e-10	4.8354e-10	6.408e-07	-6.284e-07
0.49	-0.040012	-1.58202e-08	0.040022	6.5356e-07	-6.4372e-07	-0.02063	-9.949e-09	0.020638	6.4894e-07	-6.3804e-07	-0.0059596	-6.121e-09	0.0059574	6.4366e-07	-6.3202e-07	-0.00037716	-2.9358e-09	0.0003769	6.4074e-07	-6.2904e-07	-4.5112e-06	-6.9479e-10	4.5098e-06	6.404e-07	-6.287e-07	-5.66518e-08	2.979e-11	4.48336e-08	6.405e-07	-6.2882e-07	-1.26802e-08	2.7551e-10	4.8068e-10	6.405e-07	-6.2854e-07
0.495	-0.039898	-1.58722e-08	0.039906	6.5302e-07	-6.4336e-07	-0.020608	-9.9598e-09	0.020612	6.4826e-07	-6.3752e-07	-0.0059532	-6.1313e-09	0.0059526	6.4324e-07	-6.3204e-07	-0.0003763	-2.9582e-09	0.00037666	6.4068e-07	-6.2926e-07	-4.5145e-06	-6.9612e-10	4.5008e-06	6.4038e-07	-6.2896e-07	-5.63478e-08	2.54e-11	4.48056e-08	6.4016e-07	-6.2866e-07	-1.24038e-08	2.6832e-10	4.7996e-10	6.4012e-07	-6.2868e-07
0.5	-0.039772	-1.59208e-08	0.039782	6.526e-07	-6.4356e-07	-0.020582	-9.9257e-09	0.020594	6.48e-07	-6.377e-07	-0.0059464	-6.1384e-09	0.0059462	6.4284e-07	-6.3188e-07	-0.00037618	-2.9622e-09	0.00037604	6.4036e-07	-6.2922e-07	-4.5012e-06	-6.9852e-10	4.5024e-06	6.4e-07	-6.2896e-07	-5.61068e-08	2.221e-11	4.47184e-08	6.4016e-07	-6.2856e-07	-1.21578e-08	2.6228e-10	4.8078e-10	6.3994e-07	-6.2848e-07
0.505	-0.039648	-1.60024e-08	0.039656	6.5254e-07	-6.4312e-07	-0.020558	-9.9871e-09	0.020566	6.4768e-07	-6.3756e-07	-0.00594	-6.1484e-09	0.0059398	6.427e-07	-6.3188e-07	-0.0003755	-2.9663e-09	0.00037578	6.4022e-07	-6.2934e-07	-4.495e-06	-6.9977e-10	4.4928e-06	6.3982e-07	-6.29e-07	-5.58152e-08	1.775e-11	4.47006e-08	6.397e-07	-6.286e-07	-1.18844e-08	2.5651e-10	4.8108e-10	6.3976e-07	-6.2836e-07
0.51	-0.039514	-1.60592e-08	0.03952	6.52e-07	-6.4342e-07	-0.020532	-1.00072e-08	0.020542	6.4744e-07	-6.3766e-07	-0.005934	-6.1579e-09	0.005933	6.4244e-07	-6.3202e-07	-0.00037512	-2.9708e-09	0.00037534	6.4004e-07	-6.2932e-07	-4.4913e-06	-7.0084e-10	4.4773e-06	6.3968e-07	-6.2882e-07	-5.55106e-08	1.457e-11	4.46528e-08	6.393e-07	-6.2866e-07	-1.15844e-08	2.4974e-10	4.8041e-10	6.3934e-07	-6.2854e-07
0.515	-0.03937	-1.61488e-08	0.039372	6.5164e-07	-6.4294e-07	-0.020506	-1.00141e-08	0.020512	6.4696e-07	-6.3726e-07	-0.0059258	-6.151e-09	0.0059258	6.4196e-07	-6.3174e-07	-0.00037456	-2.9739e-09	0.00037492	6.397e-07	-6.2934e-07	-4.4875e-06	-7.0196e-10	4.4794e-06	6.3932e-07	-6.2906e-07	-5.51408e-08	1.21e-11	4.46172e-08	6.391e-07	-6.2834e-07	-1.13118e-08	2.4425e-10	4.7909e-10	6.3914e-07	-6.2862e-07
0.52	-0.039218	-1.6207e-08	0.03923	6.515e-07	-6.4292e-07	-0.020476	-1.0017e-08	0.020486	6.4656e-07	-6.3718e-07	-0.0059182	-6.1671e-09	0.0059202	6.4154e-07	-6.3184e-07	-0.00037416	-2.9771e-09	0.00037436	6.3962e-07	-6.2934e-07	-4.4913e-06	-7.031e-10	4.4803e-06	6.3904e-07	-6.288e-07	-5.4864e-08	8.28e-12	4.45722e-08	6.3884e-07	-6.2852e-07	-1.10612e-08	2.3956e-10	4.7874e-10	6.3912e-07	-6.287e-07
0.525	-0.039062	-1.62536e-08	0.039066	6.5102e-07	-6.4274e-07	-0.020452	-1.00438e-08	0.020462	6.464e-07	-6.372e-07	-0.0059132	-6.1675e-09	0.0059136	6.4146e-07	-6.3176e-07	-0.00037378	-2.9761e-09	0.00037388	6.393e-07	-6.2938e-07	-4.4859e-06	-7.066e-10	4.4673e-06	6.3886e-07	-6.2872e-07	-5.45762e-08	5.21e-12	4.4571e-08	6.3886e-07	-6.2884e-07	-1.07758e-08	2.3338e-10	4.7999e-10	6.3854e-07	-6.286e-07
0.53	-0.038894	-1.63626e-08	0.038904	6.5056e-07	-6.4244e-07	-0.020424	-1.0066e-08	0.02043	6.4594e-07	-6.3704e-07	-0.0059082	-6.1794e-09	0.0059068	6.4124e-07	-6.3154e-07	-0.00037324	-2.9786e-09	0.00037346	6.3894e-07	-6.2934e-07	-4.4739e-06	-7.0613e-10	4.4674e-06	6.3848e-07	-6.2882e-07	-5.41982e-08	1.91e-12	4.44942e-08	6.3838e-07	-6.286e-07	-1.0502e-08	2.2766e-10	4.7898e-10	6.384e-07	-6.2866e-07
0.535	-0.038726	-1.64344e-08	0.038732	6.5024e-07	-6.424e-07	-0.020394	-1.00785e-08	0.020402	6.4558e-07	-6.3712e-07	-0.0058994	-6.1737e-09	0.0058986	6.4098e-07	-6.3184e-07	-0.00037288	-2.9684e-09	0.00037288	6.387e-07	-6.294e-07	-4.4651e-06	-7.0881e-10	4.4602e-06	6.3826e-07	-6.289e-07	-5.4e-08	-1.7e-13	4.45186e-08	6.38e-07	-6.2844e-07	-1.02422e-08	2.2161e-10	4.7997e-10	6.3836e-07	-6.2868e-07
0.54	-0.038548	-1.65356e-08	0.038552	6.495e-07	-6.4198e-07	-0.02036	-1.00723e-08	0.020366	6.4504e-07	-6.368e-07	-0.005892	-6.1916e-09	0.0058938	6.4092e-07	-6.3186e-07	-0.0003724	-2.9825e-09	0.00037262	6.3856e-07	-6.2934e-07	-4.4609e-06	-7.0959e-10	4.454e-06	6.383e-07	-6.291e-07	-5.35916e-08	-3.51e-12	4.43928e-08	6.3782e-07	-6.2858e-07	-1e-08	2.1597e-10	4.7711e-10	6.378e-07	-6.2842e-07
0.545	-0.038354	-1.66266e-08	0.038362	6.4936e-07	-6.4184e-07	-0.020328	-1.01227e-08	0.020336	6.4498e-07	-6.3676e-07	-0.0058868	-6.1741e-09	0.0058854	6.4052e-07	-6.3184e-07	-0.0003717	-2.9775e-09	0.00037176	6.3816e-07	-6.2938e-07	-4.4615e-06	-7.0944e-10	4.4499e-06	6.3796e-07	-6.2896e-07	-5.3313e-08	-5.59e-12	4.43868e-08	6.3742e-07	-6.2866e-07	-9.7612e-09	2.1066e-10	4.7734e-10	6.3754e-07	-6.2848e-07
0.55	-0.038154	-1.67144e-08	0.038166	6.491e-07	-6.42e-07	-0.020298	-1.01166e-08	0.020306	6.4456e-07	-6.3656e-07	-0.005877	-6.2009e-09	0.005879	6.4034e-07	-6.3204e-07	-0.00037138	-2.981e-09	0.00037146	6.3826e-07	-6.2952e-07	-4.4539e-06	-7.1392e-10	4.4448e-06	6.379e-07	-6.2908e-07	-5.30406e-08	-8.35e-12	4.43458e-08	6.3704e-07	-6.283e-07	-9.5192e-09	2.0644e-10	4.7726e-10	6.376e-07	-6.2866e-07
0.555	-0.037946	-1.68286e-08	0.037956	6.4874e-07	-6.4186e-07	-0.020262	-1.01468e-08	0.020266	6.444e-07	-6.369e-07	-0.0058714	-6.2109e-09	0.0058722	6.4036e-07	-6.32e-07	-0.000371	-2.9818e-09	0.00037092	6.376e-07	-6.2916e-07	-4.4473e-06	-7.1339e-10	4.4383e-06	6.3752e-07	-6.2916e-07	-5.27652e-08	-1.107e-11	4.43362e-08	6.37e-07	-6.2838e-07	-9.3019e-09	2.0122e-10	4.7722e-10	6.3696e-07	-6.2828e-07
0.56	-0.037732	-1.69452e-08	0.037742	6.4818e-07	-6.4148e-07	-0.020226	-1.0164e-08	0.02023	6.4414e-07	-6.3672e-07	-0.0058642	-6.2176e-09	0.0058636	6.401e-07	-6.3218e-07	-0.00037004	-2.9883e-09	0.00037068	6.375e-07	-6.2916e-07	-4.4364e-06	-7.1388e-10	4.4391e-06	6.3724e-07	-6.2906e-07	-5.25444e-08	-1.352e-11	4.4257e-08	6.3686e-07	-6.2858e-07	-9.0366e-09	1.967e-10	4.7686e-10	6.3702e-07	-6.286e-07
0.565	-0.037504	-1.70662e-08	0.03751	6.478e-07	-6.4134e-07	-0.020186	-1.01491e-08	0.020194	6.4392e-07	-6.3692e-07	-0.0058578	-6.2159e-09	0.0058568	6.396e-07	-6.3166e-07	-0.00037008	-2.9794e-09	0.00036994	6.3712e-07	-6.2922e-07	-4.4292e-06	-7.1618e-10	4.4385e-06	6.3702e-07	-6.2884e-07	-5.22632e-08	-1.604e-11	4.41502e-08	6.3678e-07	-6.2848e-07	-8.8112e-09	1.9138e-10	4.754e-10	6.365e-07	-6.2842e-07
0.57	-0.037268	-1.71728e-08	0.037276	6.4742e-07	-6.4106e-07	-0.020144	-1.02073e-08	0.02015	6.4372e-07	-6.368e-07	-0.0058524	-6.2223e-09	0.0058494	6.3908e-07	-6.3172e-07	-0.00036942	-2.9915e-09	0.00036964	6.37e-07	-6.2928e-07	-4.4261e-06	-7.1743e-10	4.4233e-06	6.367e-07	-6.2904e-07	-5.19976e-08	-1.817e-11	4.4102e-08	6.3634e-07	-6.2848e-07	-8.5785e-09	1.87e-10	4.7645e-10	6.364e-07	-6.2844e-07
0.575	-0.037022	-1.72924e-08	0.037032	6.4696e-07	-6.4078e-07	-0.020104	-1.02297e-08	0.020112	6.4346e-07	-6.3642e-07	-0.0058412	-6.2289e-09	0.0058418	6.3934e-07	-6.3164e-07	-0.0003689	-2.9918e-09	0.000369	6.3694e-07	-6.2922e-07	-4.421e-06	-7.1721e-10	4.4194e-06	6.3664e-07	-6.2864e-07	-5.17832e-08	-2.103e-11	4.40214e-08	6.364e-07	-6.2842e-07	-8.3599e-09	1.8255e-10	4.753e-10	6.3648e-07	-6.2838e-07
0.58	-0.03677	-1.74334e-08	0.036776	6.4672e-07	-6.4046e-07	-0.020056	-1.02572e-08	0.020068	6.4312e-07	-6.366e-07	-0.0058332	-6.231e-09	0.0058334	6.3902e-07	-6.3172e-07	-0.00036852	-2.9975e-09	0.00036852	6.3658e-07	-6.2914e-07	-4.4186e-06	-7.1738e-10	4.4108e-06	6.3628e-07	-6.2864e-07	-5.14906e-08	-2.241e-11	4.40964e-08	6.3616e-07	-6.2852e-07	-8.1821e-09	1.7669e-10	4.7483e-10	6.3612e-07	-6.2866e-07
0.585	-0.036502	-1.75572e-08	0.036506	6.4596e-07	-6.4028e-07	-0.020008	-1.0285e-08	0.020016	6.4284e-07	-6.3642e-07	-0.0058266	-6.245e-09	0.0058268	6.3842e-07	-6.3158e-07	-0.00036794	-2.9906e-09	0.00036804	6.3652e-07	-6.2906e-07	-4.4166e-06	-7.1863e-10	4.4089e-06	6.3618e-07	-6.2886e-07	-5.11746e-08	-2.486e-11	4.40178e-08	6.3602e-07	-6.286e-07	-7.9327e-09	1.7269e-10	4.7535e-10	6.3564e-07	-6.286e-07
0.59	-0.036226	-1.76764e-08	0.036236	6.4584e-07	-6.4014e-07	-0.019958	-1.02917e-08	0.019964	6.426e-07	-6.363e-07	-0.00582	-6.2504e-09	0.0058188	6.383e-07	-6.3174e-07	-0.0003673	-3.0119e-09	0.00036738	6.364e-07	-6.2928e-07	-4.4096e-06	-7.2117e-10	4.3999e-06	6.3598e-07	-6.2894e-07	-5.09994e-08	-2.648e-11	4.3897e-08	6.3568e-07	-6.2872e-07	-7.7103e-09	1.6796e-10	4.7638e-10	6.3564e-07	-6.2854e-07
0.595	-0.035942	-1.78212e-08	0.035954	6.4552e-07	-6.4012e-07	-0.019904	-1.03042e-08	0.019914	6.4226e-07	-6.36e-07	-0.0058102	-6.2594e-09	0.005811	6.3808e-07	-6.3126e-07	-0.00036718	-2.9909e-09	0.00036706	6.3592e-07	-6.2936e-07	-4.3988e-06	-7.2128e-10	4.4019e-06	6.3574e-07	-6.2906e-07	-5.06976e-08	-2.91e-11	4.39204e-08	6.3554e-07	-6.2854e-07	-7.5363e-09	1.6358e-10	4.7233e-10	6.3544e-07	-6.285e-07
0.6	-0.035644	-1.79808e-08	0.035654	6.45e-07	-6.3962e-07	-0.01985	-1.03565e-08	0.019856	6.4184e-07	-6.361e-07	-0.0058026	-6.2596e-09	0.005804	6.376e-07	-6.3116e-07	-0.00036652	-3.0147e-09	0.0003664	6.3594e-07	-6.2938e-07	-4.403e-06	-7.2382e-10	4.3871e-06	6.3552e-07	-6.2908e-07	-5.0469e-08	-3.149e-11	4.38196e-08	6.353e-07	-6.2854e-07	-7.3215e-09	1.5962e-10	4.7226e-10	6.351e-07	-6.2844e-07
0.605	-0.035338	-1.813e-08	0.035348	6.4476e-07	-6.3958e-07	-0.019792	-1.03666e-08	0.019802	6.417e-07	-6.3582e-07	-0.0057928	-6.2665e-09	0.0057954	6.3736e-07	-6.3116e-07	-0.00036566	-3.0215e-09	0.00036606	6.3576e-07	-6.2926e-07	-4.3866e-06	-7.2371e-10	4.3753e-06	6.3524e-07	-6.289e-07	-5.01934e-08	-3.268e-11	4.3841e-08	6.347e-07	-6.2844e-07	-7.1171e-09	1.5611e-10	4.7228e-10	6.3526e-07	-6.2878e-07
0.61	-0.03502	-1.83022e-08	0.03503	6.4456e-07	-6.3934e-07	-0.019728	-1.04237e-08	0.019734	6.415e-07	-6.3552e-07	-0.0057854	-6.2738e-09	0.005786	6.376e-07	-6.3144e-07	-0.00036546	-3.0221e-09	0.00036586	6.3552e-07	-6.291e-07	-4.3834e-06	-7.2343e-10	4.3713e-06	6.3522e-07	-6.2884e-07	-4.99316e-08	-3.468e-11	4.37918e-08	6.3458e-07	-6.2842e-07	-6.8984e-09	1.5098e-10	4.7279e-10	6.3508e-07	-6.2866e-07
0.615	-0.034692	-1.8446e-08	0.034704	6.44e-07	-6.3934e-07	-0.01966	-1.04617e-08	0.019664	6.4092e-07	-6.3528e-07	-0.0057768	-6.2845e-09	0.0057784	6.375e-07	-6.3158e-07	-0.00036494	-3.026e-09	0.00036496	6.353e-07	-6.2942e-07	-4.3695e-06	-7.2445e-10	4.3647e-06	6.3482e-07	-6.288e-07	-4.97718e-08	-3.63e-11	4.37122e-08	6.3456e-07	-6.2848e-07	-6.7304e-09	1.4762e-10	4.7241e-10	6.3504e-07	-6.291e-07
0.62	-0.034354	-1.859e-08	0.03436	6.4356e-07	-6.389e-07	-0.019584	-1.0482e-08	0.019594	6.4082e-07	-6.3536e-07	-0.0057676	-6.2883e-09	0.0057692	6.3694e-07	-6.312e-07	-0.00036436	-3.0315e-09	0.0003646	6.3512e-07	-6.2944e-07	-4.3676e-06	-7.2559e-10	4.3564e-06	6.3498e-07	-6.292e-07	-4.9528e-08	-3.847e-11	4.3765e-08	6.3452e-07	-6.2872e-07	-6.5196e-09	1.4313e-10	4.7225e-10	6.3492e-07	-6.2884e-07
0.625	-0.034002	-1.87554e-08	0.034012	6.4352e-07	-6.3892e-07	-0.019508	-1.05145e-08	0.019516	6.4068e-07	-6.3548e-07	-0.0057584	-6.2681e-09	0.0057604	6.3688e-07	-6.3126e-07	-0.00036408	-3.0336e-09	0.00036398	6.3486e-07	-6.2928e-07	-4.3715e-06	-7.2603e-10	4.3536e-06	6.348e-07	-6.2928e-07	-4.92954e-08	-3.988e-11	4.3644e-08	6.3416e-07	-6.286e-07	-6.3313e-09	1.3973e-10	4.7154e-10	6.3444e-07	-6.2856e-07
0.63	-0.033642	-1.89264e-08	0.033642	6.4312e-07	-6.3864e-07	-0.019422	-1.05743e-08	0.019432	6.4048e-07	-6.3536e-07	-0.0057516	-6.2988e-09	0.0057506	6.3656e-07	-6.3124e-07	-0.00036342	-3.0386e-09	0.00036352	6.3482e-07	-6.293e-07	-4.3612e-06	-7.2961e-10	4.3466e-06	6.3456e-07	-6.2902e-07	-4.91484e-08	-4.13e-11	4.35316e-08	6.3416e-07	-6.2854e-07	-6.1653e-09	1.3582e-10	4.7031e-10	6.3414e-07	-6.2852e-07
0.635	-0.03327	-1.91196e-08	0.03328	6.4296e-07	-6.387e-07	-0.019344	-1.05961e-08	0.01934	6.4008e-07	-6.3522e-07	-0.005741	-6.3141e-09	0.0057408	6.3646e-07	-6.313e-07	-0.00036306	-3.0158e-09	0.0003631	6.348e-07	-6.2952e-07	-4.3563e-06	-7.302e-10	4.3514e-06	6.3456e-07	-6.2914e-07	-4.8893e-08	-4.305e-11	4.34932e-08	6.3402e-07	-6.2862e-07	-5.9787e-09	1.3195e-10	4.7021e-10	6.3386e-07	-6.2832e-07
0.64	-0.032884	-1.93038e-08	0.032898	6.423e-07	-6.3794e-07	-0.019238	-1.06556e-08	0.019248	6.398e-07	-6.3526e-07	-0.0057298	-6.3161e-09	0.005731	6.3638e-07	-6.3126e-07	-0.00036224	-3.0443e-09	0.0003625	6.3462e-07	-6.2946e-07	-4.3396e-06	-7.2969e-10	4.3437e-06	6.3434e-07	-6.2908e-07	-4.85974e-08	-4.427e-11	4.34276e-08	6.3396e-07	-6.2884e-07	-5.8164e-09	1.2849e-10	4.7038e-10	6.3386e-07	-6.2842e-07
0.645	-0.032494	-1.94924e-08	0.0325	6.4188e-07	-6.3782e-07	-0.01914	-1.07034e-08	0.019152	6.3954e-07	-6.3506e-07	-0.00572	-6.3288e-09	0.0057208	6.3606e-07	-6.3118e-07	-0.0003615	-3.0459e-09	0.00036192	6.3432e-07	-6.2946e-07	-4.3387e-06	-7.3076e-10	4.3364e-06	6.3404e-07	-6.2914e-07	-4.8392e-08	-4.523e-11	4.33844e-08	6.335e-07	-6.2872e-07	-5.6488e-09	1.2482e-10	4.7123e-10	6.3362e-07	-6.286e-07
0.65	-0.032086	-1.9669e-08	0.032094	6.416e-07	-6.3792e-07	-0.019034	-1.07553e-08	0.019042	6.3916e-07	-6.35e-07	-0.0057098	-6.3342e-09	0.0057108	6.3598e-07	-6.3118e-07	-0.00036128	-3.0278e-09	0.0003611	6.3456e-07	-6.2966e-07	-4.3381e-06	-7.329e-10	4.3297e-06	6.339e-07	-6.2916e-07	-4.82058e-08	-4.691e-11	4.33584e-08	6.3336e-07	-6.2866e-07	-5.4795e-09	1.204e-10	4.6962e-10	6.3348e-07	-6.2868e-07
0.655	-0.031674	-1.98662e-08	0.031678	6.4146e-07	-6.3754e-07	-0.018922	-1.07998e-08	0.018926	6.3874e-07	-6.3468e-07	-0.0056994	-6.34e-09	0.0056998	6.3564e-07	-6.31e-07	-0.00036082	-3.0516e-09	0.00036046	6.3398e-07	-6.2932e-07	-4.3287e-06	-7.3312e-10	4.3257e-06	6.339e-07	-6.292e-07	-4.7974e-08	-4.83e-11	4.33352e-08	6.3332e-07	-6.2868e-07	-5.3128e-09	1.1746e-10	4.685e-10	6.3318e-07	-6.285e-07
0.66	-0.031246	-2.00634e-08	0.031256	6.41e-07	-6.3726e-07	-0.0188	-1.08562e-08	0.018806	6.388e-07	-6.348e-07	-0.0056886	-6.3616e-09	0.0056874	6.3554e-07	-6.3126e-07	-0.00035996	-3.0573e-09	0.00036002	6.339e-07	-6.2934e-07	-4.3252e-06	-7.3458e-10	4.3183e-06	6.3344e-07	-6.2892e-07	-4.7759e-08	-4.904e-11	4.33378e-08	6.3312e-07	-6.2892e-07	-5.1538e-09	1.1455e-10	4.6945e-10	6.3336e-07	-6.2872e-07
0.665	-0.030812	-2.02544e-08	0.030816	6.4056e-07	-6.3716e-07	-0.01867	-1.09015e-08	0.01867	6.3868e-07	-6.3466e-07	-0.005676	-6.3279e-09	0.0056756	6.353e-07	-6.3094e-07	-0.00035942	-3.0626e-09	0.00035952	6.336e-07	-6.2934e-07	-4.3276e-06	-7.3672e-10	4.3062e-06	6.3336e-07	-6.29e-07	-4.7544e-08	-5.115e-11	4.32496e-08	6.3332e-07	-6.2872e-07	-4.9926e-09	1.1104e-10	4.6848e-10	6.3302e-07	-6.2846e-07
0.67	-0.030362	-2.04626e-08	0.030368	6.4088e-07	-6.3702e-07	-0.018532	-1.09847e-08	0.018538	6.3836e-07	-6.3472e-07	-0.0056644	-6.3457e-09	0.0056648	6.3508e-07	-6.3108e-07	-0.00035886	-3.0581e-09	0.00035884	6.3398e-07	-6.2968e-07	-4.3209e-06	-7.3655e-10	4.303e-06	6.3334e-07	-6.2902e-07	-4.7358e-08	-5.121e-11	4.31836e-08	6.3276e-07	-6.2852e-07	-4.8405e-09	1.0813e-10	4.6839e-10	6.329e-07	-6.2854e-07
0.675	-0.029906	-2.06754e-08	0.02991	6.4016e-07	-6.3696e-07	-0.018382	-1.10473e-08	0.01839	6.3812e-07	-6.3448e-07	-0.0056512	-6.3535e-09	0.005651	6.3512e-07	-6.3108e-07	-0.00035822	-3.0731e-09	0.00035844	6.333e-07	-6.292e-07	-4.3058e-06	-7.3798e-10	4.3121e-06	6.332e-07	-6.29e-07	-4.71162e-08	-5.284e-11	4.31732e-08	6.3284e-07	-6.2884e-07	-4.6885e-09	1.0521e-10	4.6718e-10	6.3284e-07	-6.2862e-07
0.68	-0.02944	-2.08866e-08	0.029444	6.3994e-07	-6.3656e-07	-0.01823	-1.11108e-08	0.018236	6.3796e-07	-6.3436e-07	-0.0056376	-6.3739e-09	0.0056388	6.3468e-07	-6.3092e-07	-0.00035766	-3.0757e-09	0.0003576	6.3334e-07	-6.2938e-07	-4.2953e-06	-7.4005e-10	4.3058e-06	6.3294e-07	-6.2912e-07	-4.70328e-08	-5.333e-11	4.30562e-08	6.3272e-07	-6.2878e-07	-4.5378e-09	1.0179e-10	4.6708e-10	6.3288e-07	-6.2866e-07
0.685	-0.028958	-2.11154e-08	0.028962	6.3956e-07	-6.3646e-07	-0.018066	-1.1184e-08	0.018074	6.3764e-07	-6.3426e-07	-0.0056222	-6.378e-09	0.0056248	6.345e-07	-6.3088e-07	-0.00035712	-3.0833e-09	0.00035714	6.3312e-07	-6.2946e-07	-4.2879e-06	-7.4074e-10	4.2945e-06	6.3246e-07	-6.288e-07	-4.67156e-08	-5.482e-11	4.30844e-08	6.3254e-07	-6.2866e-07	-4.3951e-09	9.914e-11	4.6651e-10	6.3284e-07	-6.2872e-07
0.69	-0.028472	-2.13244e-08	0.028476	6.3952e-07	-6.3644e-07	-0.017894	-1.12597e-08	0.0179	6.3726e-07	-6.3424e-07	-0.0056084	-6.3782e-09	0.0056082	6.3458e-07	-6.309e-07	-0.0003565	-3.0862e-09	0.00035668	6.3308e-07	-6.2942e-07	-4.294e-06	-7.4137e-10	4.2772e-06	6.3264e-07	-6.2902e-07	-4.6537e-08	-5.513e-11	4.2967e-08	6.3216e-07	-6.286e-07	-4.2587e-09	9.575e-11	4.6566e-10	6.3252e-07	-6.2874e-07
0.695	-0.027966	-2.15712e-08	0.027976	6.3932e-07	-6.362e-07	-0.017704	-1.13377e-08	0.017708	6.3726e-07	-6.3404e-07	-0.005593	-6.3968e-09	0.0055916	6.3426e-07	-6.3096e-07	-0.000356	-3.0924e-09	0.000356	6.3288e-07	-6.2918e-07	-4.2774e-06	-7.4258e-10	4.2751e-06	6.3232e-07	-6.2894e-07	-4.63954e-08	-5.63e-11	4.29182e-08	6.3212e-07	-6.2874e-07	-4.1178e-09	9.35e-11	4.6677e-10	6.3232e-07	-6.2896e-07
0.7	-0.027458	-2.17824e-08	0.027466	6.3896e-07	-6.359e-07	-0.017512	-1.1424e-08	0.017516	6.3706e-07	-6.34e-07	-0.0055732	-6.4252e-09	0.0055744	6.3408e-07	-6.3062e-07	-0.0003553	-3.0995e-09	0.0003553	6.329e-07	-6.2964e-07	-4.2753e-06	-7.4377e-10	4.2777e-06	6.3232e-07	-6.2888e-07	-4.6186e-08	-5.732e-11	4.2874e-08	6.3226e-07	-6.289e-07	-3.98e-09	9.144e-11	4.6602e-10	6.3216e-07	-6.2866e-07
0.705	-0.02694	-2.20264e-08	0.026944	6.3836e-07	-6.3584e-07	-0.017306	-1.15056e-08	0.017314	6.3676e-07	-6.3382e-07	-0.0055544	-6.4344e-09	0.0055544	6.338e-07	-6.3076e-07	-0.00035446	-3.1017e-09	0.00035448	6.3284e-07	-6.2914e-07	-4.269e-06	-7.4665e-10	4.2698e-06	6.321e-07	-6.2886e-07	-4.6055e-08	-5.71e-11	4.27432e-08	6.3204e-07	-6.2882e-07	-3.8466e-09	8.875e-11	4.6469e-10	6.321e-07	-6.2878e-07
0.71	-0.02641	-2.22606e-08	0.02642	6.383e-07	-6.3558e-07	-0.017088	-1.15826e-08	0.017098	6.3666e-07	-6.3376e-07	-0.0055354	-6.4475e-09	0.0055356	6.3368e-07	-6.3072e-07	-0.00035394	-3.1131e-09	0.00035398	6.3264e-07	-6.2952e-07	-4.2557e-06	-7.4656e-10	4.2596e-06	6.3222e-07	-6.289e-07	-4.58704e-08	-5.901e-11	4.27206e-08	6.3202e-07	-6.2862e-07	-3.7329e-09	8.611e-11	4.6429e-10	6.324e-07	-6.2892e-07
0.715	-0.025866	-2.25094e-08	0.025874	6.3808e-07	-6.3536e-07	-0.016862	-1.1705e-08	0.016868	6.3634e-07	-6.3358e-07	-0.0055122	-6.4562e-09	0.0055124	6.3364e-07	-6.307e-07	-0.00035298	-3.1135e-09	0.00035322	6.3242e-07	-6.2924e-07	-4.2537e-06	-7.4935e-10	4.2507e-06	6.32e-07	-6.2896e-07	-4.5623e-08	-6.001e-11	4.27052e-08	6.3174e-07	-6.2884e-07	-3.587e-09	8.287e-11	4.6464e-10	6.3186e-07	-6.292e-07
0.72	-0.025318	-2.27456e-08	0.025326	6.3748e-07	-6.3532e-07	-0.016624	-1.17964e-08	0.016634	6.3614e-07	-6.335e-07	-0.0054882	-6.4828e-09	0.0054898	6.335e-07	-6.3072e-07	-0.00035246	-3.1215e-09	0.00035216	6.322e-07	-6.294e-07	-4.2491e-06	-7.5128e-10	4.2427e-06	6.3168e-07	-6.2884e-07	-4.54316e-08	-5.957e-11	4.26092e-08	6.3128e-07	-6.2844e-07	-3.4606e-09	8.064e-11	4.628e-10	6.3154e-07	-6.2866e-07
0.725	-0.024752	-2.299e-08	0.024762	6.3752e-07	-6.3526e-07	-0.016372	-1.18954e-08	0.016382	6.3594e-07	-6.335e-07	-0.0054642	-6.5081e-09	0.0054638	6.3348e-07	-6.307e-07	-0.0003516	-3.1254e-09	0.0003517	6.3204e-07	-6.2944e-07	-4.2439e-06	-7.5301e-10	4.2398e-06	6.3178e-07	-6.2904e-07	-4.5279e-08	-6.054e-11	4.25572e-08	6.316e-07	-6.2874e-07	-3.3419e-09	7.829e-11	4.6264e-10	6.3164e-07	-6.2878e-07
0.73	-0.02419	-2.32524e-08	0.024196	6.3722e-07	-6.349e-07	-0.016112	-1.20092e-08	0.016118	6.3574e-07	-6.332e-07	-0.0054348	-6.5224e-09	0.0054352	6.335e-07	-6.3084e-07	-0.00035066	-3.1242e-09	0.00035092	6.3204e-07	-6.292e-07	-4.2287e-06	-7.5566e-10	4.2322e-06	6.3176e-07	-6.2874e-07	-4.50608e-08	-6.172e-11	4.25046e-08	6.3154e-07	-6.2868e-07	-3.2317e-09	7.722e-11	4.6169e-10	6.314e-07	-6.2878e-07
0.735	-0.023606	-2.3514e-08	0.023616	6.3722e-07	-6.35e-07	-0.015836	-1.21078e-08	0.015844	6.3566e-07	-6.3344e-07	-0.0054024	-6.5509e-09	0.0054036	6.3314e-07	-6.3068e-07	-0.0003499	-3.1397e-09	0.0003501	6.3172e-07	-6.2928e-07	-4.2255e-06	-7.5647e-10	4.2119e-06	6.3158e-07	-6.2886e-07	-4.48612e-08	-6.203e-11	4.2445e-08	6.3098e-07	-6.2854e-07	-3.1139e-09	7.35e-11	4.6169e-10	6.3154e-07	-6.2884e-07
0.74	-0.023026	-2.37892e-08	0.023028	6.3654e-07	-6.3464e-07	-0.015552	-1.22344e-08	0.015556	6.354e-07	-6.3332e-07	-0.0053706	-6.5651e-09	0.00537	6.3332e-07	-6.3074e-07	-0.00034908	-3.1462e-09	0.00034916	6.317e-07	-6.2908e-07	-4.2051e-06	-7.5913e-10	4.2188e-06	6.3148e-07	-6.2916e-07	-4.46934e-08	-6.238e-11	4.23382e-08	6.3116e-07	-6.285e-07	-3.007e-09	7.192e-11	4.5949e-10	6.311e-07	-6.2854e-07
0.745	-0.022428	-2.40594e-08	0.022434	6.3642e-07	-6.3464e-07	-0.015258	-1.23654e-08	0.01526	6.3552e-07	-6.3308e-07	-0.0053314	-6.5471e-09	0.005333	6.3294e-07	-6.3036e-07	-0.00034826	-3.1528e-09	0.00034832	6.3152e-07	-6.2932e-07	-4.2059e-06	-7.6144e-10	4.1964e-06	6.313e-07	-6.2872e-07	-4.45302e-08	-6.355e-11	4.22402e-08	6.3104e-07	-6.2862e-07	-2.8818e-09	6.925e-11	4.5872e-10	6.31e-07	-6.2886e-07
0.75	-0.021818	-2.43596e-08	0.021824	6.3612e-07	-6.3422e-07	-0.014944	-1.24816e-08	0.01495	6.3516e-07	-6.3296e-07	-0.0052924	-6.6175e-09	0.005293	6.3258e-07	-6.3052e-07	-0.00034722	-3.1615e-09	0.00034728	6.3148e-07	-6.2918e-07	-4.204e-06	-7.6424e-10	4.19e-06	6.3118e-07	-6.2878e-07	-4.43412e-08	-6.43e-11	4.21502e-08	6.3092e-07	-6.2844e-07	-2.7702e-09	6.745e-11	4.5909e-10	6.3088e-07	-6.2854e-07
0.755	-0.02121	-2.46362e-08	0.021214	6.3596e-07	-6.3412e-07	-0.01462	-1.26292e-08	0.014626	6.347e-07	-6.3284e-07	-0.005246	-6.6494e-09	0.0052476	6.324e-07	-6.3064e-07	-0.0003461	-3.1707e-09	0.0003461	6.3148e-07	-6.2918e-07	-4.193e-06	-7.6703e-10	4.1887e-06	6.3094e-07	-6.2886e-07	-4.41368e-08	-6.562e-11	4.2105e-08	6.3086e-07	-6.2868e-07	-2.6612e-09	6.63e-11	4.5881e-10	6.3092e-07	-6.2874e-07
0.76	-0.020578	-2.49336e-08	0.020586	6.3594e-07	-6.3424e-07	-0.014284	-1.27632e-08	0.014288	6.3464e-07	-6.328e-07	-0.0051992	-6.6787e-09	0.0051988	6.3256e-07	-6.3044e-07	-0.00034484	-3.1785e-09	0.00034508	6.3146e-07	-6.2956e-07	-4.1611e-06	-7.686e-10	4.1795e-06	6.31e-07	-6.2862e-07	-4.40348e-08	-6.514e-11	4.20104e-08	6.3058e-07	-6.2836e-07	-2.56e-09	6.382e-11	4.5639e-10	6.3076e-07	-6.2886e-07
0.765	-0.019948	-2.52214e-08	0.01996	6.3564e-07	-6.3392e-07	-0.01394	-1.29292e-08	0.013946	6.3432e-07	-6.3268e-07	-0.0051438	-6.6956e-09	0.0051428	6.322e-07	-6.3076e-07	-0.00034372	-3.1836e-09	0.00034384	6.3088e-07	-6.291e-07	-4.1577e-06	-7.7086e-10	4.156e-06	6.3042e-07	-6.285e-07	-4.38254e-08	-6.751e-11	4.184e-08	6.3048e-07	-6.2842e-07	-2.4633e-09	6.249e-11	4.5707e-10	6.3054e-07	-6.2872e-07
0.77	-0.019306	-2.5549e-08	0.019308	6.3544e-07	-6.339e-07	-0.013576	-1.30668e-08	0.013582	6.3402e-07	-6.3268e-07	-0.0050832	-6.7368e-09	0.0050846	6.322e-07	-6.3048e-07	-0.00034242	-3.1988e-09	0.0003426	6.3104e-07	-6.2922e-07	-4.1484e-06	-7.7619e-10	4.1461e-06	6.307e-07	-6.2876e-07	-4.35362e-08	-6.709e-11	4.18272e-08	6.3014e-07	-6.2828e-07	-2.3528e-09	6.039e-11	4.5688e-10	6.3042e-07	-6.2888e-07
0.775	-0.01866	-2.58262e-08	0.018664	6.351e-07	-6.3364e-07	-0.013208	-1.32098e-08	0.013216	6.3414e-07	-6.3254e-07	-0.0050184	-6.7773e-09	0.0050202	6.3218e-07	-6.3052e-07	-0.00034112	-3.213e-09	0.00034102	6.3092e-07	-6.2908e-07	-4.1351e-06	-7.7932e-10	4.1384e-06	6.3046e-07	-6.2896e-07	-4.33438e-08	-6.734e-11	4.16582e-08	6.3028e-07	-6.2852e-07	-2.2675e-09	5.857e-11	4.539e-10	6.305e-07	-6.2862e-07
0.78	-0.018004	-2.61364e-08	0.018006	6.3482e-07	-6.3364e-07	-0.012818	-1.33474e-08	0.012826	6.3378e-07	-6.3236e-07	-0.0049468	-6.7978e-09	0.0049464	6.3192e-07	-6.3052e-07	-0.00033948	-3.2277e-09	0.00033958	6.3076e-07	-6.2912e-07	-4.1146e-06	-7.8358e-10	4.1156e-06	6.301e-07	-6.2872e-07	-4.31368e-08	-6.875e-11	4.14858e-08	6.3002e-07	-6.2818e-07	-2.1613e-09	5.77e-11	4.5225e-10	6.3024e-07	-6.2872e-07
0.785	-0.017336	-2.64572e-08	0.017344	6.3488e-07	-6.3336e-07	-0.012424	-1.35016e-08	0.01243	6.3398e-07	-6.3228e-07	-0.0048678	-6.8932e-09	0.0048678	6.3166e-07	-6.3024e-07	-0.0003376	-3.232e-09	0.00033772	6.31e-07	-6.2914e-07	-4.1008e-06	-7.8632e-10	4.0933e-06	6.3026e-07	-6.2866e-07	-4.28614e-08	-6.971e-11	4.13554e-08	6.3006e-07	-6.2864e-07	-2.0678e-09	5.655e-11	4.5114e-10	6.3034e-07	-6.2882e-07
0.79	-0.016656	-2.67722e-08	0.016664	6.3462e-07	-6.3316e-07	-0.012008	-1.36944e-08	0.012018	6.336e-07	-6.3214e-07	-0.0047812	-6.915e-09	0.0047808	6.3178e-07	-6.3034e-07	-0.00033558	-3.25e-09	0.00033574	6.3076e-07	-6.2932e-07	-4.0889e-06	-7.9056e-10	4.0808e-06	6.301e-07	-6.289e-07	-4.25482e-08	-7.007e-11	4.12224e-08	6.2996e-07	-6.285e-07	-1.9729e-09	5.444e-11	4.5036e-10	6.3034e-07	-6.2894e-07
0.795	-0.01598	-2.7087e-08	0.015986	6.342e-07	-6.3282e-07	-0.01159	-1.38426e-08	0.011596	6.3332e-07	-6.3208e-07	-0.0046866	-6.9713e-09	0.0046878	6.3148e-07	-6.3032e-07	-0.00033342	-3.259e-09	0.0003336	6.3074e-07	-6.294e-07	-4.0623e-06	-7.9488e-10	4.0584e-06	6.3018e-07	-6.2854e-07	-4.22616e-08	-7.155e-11	4.1053e-08	6.3e-07	-6.2844e-07	-1.8796e-09	5.346e-11	4.4788e-10	6.3038e-07	-6.2882e-07
0.8	-0.015296	-2.74378e-08	0.015302	6.3416e-07	-6.3292e-07	-0.011164	-1.40184e-08	0.011168	6.33e-07	-6.3186e-07	-0.0045832	-7.0327e-09	0.0045856	6.3154e-07	-6.3024e-07	-0.00033078	-3.2722e-09	0.00033104	6.307e-07	-6.2944e-07	-4.0445e-06	-8.0148e-10	4.0388e-06	6.301e-07	-6.2876e-07	-4.19704e-08	-7.278e-11	4.07958e-08	6.2972e-07	-6.2878e-07	-1.7936e-09	5.103e-11	4.4668e-10	6.301e-07	-6.2902e-07
0.805	-0.014588	-2.77458e-08	0.014598	6.3388e-07	-6.3278e-07	-0.010708	-1.41792e-08	0.010714	6.3286e-07	-6.3196e-07	-0.0044718	-7.0625e-09	0.0044726	6.3124e-07	-6.3016e-07	-0.0003279	-3.2884e-09	0.0003282	6.3068e-07	-6.294e-07	-4.016e-06	-8.0665e-10	4.0083e-06	6.3e-07	-6.2874e-07	-4.16364e-08	-7.303e-11	4.04748e-08	6.3e-07	-6.286e-07	-1.7007e-09	5.006e-11	4.4416e-10	6.301e-07	-6.2892e-07
0.81	-0.013894	-2.80946e-08	0.013898	6.3346e-07	-6.3244e-07	-0.010254	-1.43622e-08	0.01026	6.3294e-07	-6.3178e-07	-0.0043498	-7.1309e-09	0.0043504	6.3122e-07	-6.3008e-07	-0.0003245	-3.3076e-09	0.00032486	6.3032e-07	-6.2916e-07	-3.9822e-06	-8.126e-10	3.9803e-06	6.3004e-07	-6.2898e-07	-4.1259e-08	-7.416e-11	4.02678e-08	6.2972e-07	-6.2844e-07	-1.6148e-09	4.974e-11	4.4112e-10	6.2958e-07	-6.2858e-07
0.815	-0.013176	-2.84686e-08	0.013178	6.336e-07	-6.3266e-07	-0.0097854	-1.45472e-08	0.0097848	6.324e-07	-6.3154e-07	-0.004218	-7.1931e-09	0.0042188	6.3116e-07	-6.3e-07	-0.00032068	-3.3274e-09	0.0003209	6.3e-07	-6.2884e-07	-3.9459e-06	-8.193e-10	3.9516e-06	6.2984e-07	-6.2884e-07	-4.08284e-08	-7.552e-11	3.99144e-08	6.2968e-07	-6.2872e-07	-1.5275e-09	4.826e-11	4.3884e-10	6.2978e-07	-6.2824e-07
0.82	-0.01246	-2.88356e-08	0.01247	6.3334e-07	-6.323e-07	-0.0093058	-1.47208e-08	0.0093052	6.324e-07	-6.3124e-07	-0.004077	-7.2596e-09	0.0040768	6.3112e-07	-6.3024e-07	-0.00031666	-3.3452e-09	0.0003167	6.3012e-07	-6.2922e-07	-3.9093e-06	-8.2667e-10	3.911e-06	6.2974e-07	-6.288e-07	-4.03936e-08	-7.713e-11	3.94284e-08	6.295e-07	-6.2858e-07	-1.4404e-09	4.703e-11	4.3473e-10	6.2938e-07	-6.2844e-07
0.825	-0.011724	-2.91648e-08	0.011734	6.3324e-07	-6.3218e-07	-0.0088066	-1.49172e-08	0.0088068	6.3208e-07	-6.3154e-07	-0.0039214	-7.3089e-09	0.0039194	6.3104e-07	-6.3034e-07	-0.00031154	-3.3642e-09	0.00031134	6.2996e-07	-6.2922e-07	-3.8565e-06	-8.3756e-10	3.8572e-06	6.2972e-07	-6.2874e-07	-3.9745e-08	-7.871e-11	3.89364e-08	6.2962e-07	-6.2878e-07	-1.3481e-09	4.612e-11	4.3086e-10	6.2956e-07	-6.2844e-07
0.83	-0.011	-2.9531e-08	0.011008	6.328e-07	-6.3206e-07	-0.0083022	-1.51204e-08	0.0083024	6.3174e-07	-6.312e-07	-0.0037562	-7.3714e-09	0.003756	6.3086e-07	-6.3018e-07	-0.0003055	-3.3869e-09	0.00030548	6.3022e-07	-6.2922e-07	-3.7988e-06	-8.4464e-10	3.7964e-06	6.295e-07	-6.2872e-07	-3.91018e-08	-7.952e-11	3.84094e-08	6.2954e-07	-6.2862e-07	-1.2666e-09	4.447e-11	4.2303e-10	6.2904e-07	-6.2854e-07
0.835	-0.010244	-2.9901e-08	0.010258	6.3268e-07	-6.3208e-07	-0.0077822	-1.53118e-08	0.0077808	6.3202e-07	-6.3142e-07	-0.0035774	-7.4497e-09	0.0035772	6.3052e-07	-6.3006e-07	-0.00029856	-3.4066e-09	0.00029884	6.2966e-07	-6.29e-07	-3.738e-06	-8.5481e-10	3.7319e-06	6.295e-07	-6.2884e-07	-3.84198e-08	-8.166e-11	3.76976e-08	6.2934e-07	-6.2858e-07	-1.1769e-09	4.378e-11	4.1728e-10	6.2938e-07	-6.2882e-07
0.84	-0.0095164	-3.02474e-08	0.0095162	6.3244e-07	-6.32e-07	-0.0072552	-1.55004e-08	0.0072548	6.3172e-07	-6.3106e-07	-0.0033888	-7.5279e-09	0.0033896	6.3052e-07	-6.3022e-07	-0.0002907	-3.4313e-09	0.0002908	6.2984e-07	-6.2912e-07	-3.6575e-06	-8.6339e-10	3.6559e-06	6.2942e-07	-6.2902e-07	-3.7487e-08	-8.322e-11	3.69594e-08	6.294e-07	-6.2862e-07	-1.086e-09	4.358e-11	4.1012e-10	6.294e-07	-6.2878e-07
0.845	-0.0087558	-3.06586e-08	0.0087556	6.3252e-07	-6.3182e-07	-0.0067084	-1.569e-08	0.0067096	6.3166e-07	-6.3132e-07	-0.0031836	-7.602e-09	0.0031834	6.3056e-07	-6.3008e-07	-0.0002814	-3.4666e-09	0.0002816	6.2966e-07	-6.2902e-07	-3.5602e-06	-8.7541e-10	3.5644e-06	6.293e-07	-6.288e-07	-3.64626e-08	-8.535e-11	3.60198e-08	6.2914e-07	-6.2882e-07	-9.9509e-10	4.247e-11	4.012e-10	6.294e-07	-6.2874e-07
0.85	-0.0079996	-3.1017e-08	0.0079996	6.323e-07	-6.3172e-07	-0.0061598	-1.58882e-08	0.0061592	6.3142e-07	-6.309e-07	-0.0029682	-7.6821e-09	0.0029698	6.3028e-07	-6.2986e-07	-0.0002707	-3.4895e-09	0.00027056	6.2966e-07	-6.2908e-07	-3.4485e-06	-8.8806e-10	3.4582e-06	6.2938e-07	-6.2892e-07	-3.52212e-08	-8.697e-11	3.49996e-08	6.2922e-07	-6.2866e-07	-9.0143e-10	4.042e-11	3.8908e-10	6.2926e-07	-6.2892e-07
0.855	-0.007226	-3.14166e-08	0.0072284	6.3214e-07	-6.316e-07	-0.0055898	-1.60902e-08	0.0055902	6.312e-07	-6.3102e-07	-0.0027364	-7.766e-09	0.0027384	6.303e-07	-6.299e-07	-0.00025776	-3.5209e-09	0.00025814	6.2948e-07	-6.2928e-07	-3.3173e-06	-9.0141e-10	3.3237e-06	6.2908e-07	-6.2874e-07	-3.3946e-08	-9.059e-11	3.36164e-08	6.2892e-07	-6.284e-07	-8.0365e-10	4.078e-11	3.75e-10	6.292e-07	-6.2868e-07
0.86	-0.0064614	-3.18246e-08	0.0064598	6.3194e-07	-6.3172e-07	-0.0050188	-1.6297e-08	0.0050184	6.3136e-07	-6.3116e-07	-0.0024958	-7.8409e-09	0.0024956	6.3038e-07	-6.2994e-07	-0.0002434	-3.5596e-09	0.00024338	6.2932e-07	-6.2908e-07	-3.1686e-06	-9.1879e-10	3.1654e-06	6.2874e-07	-6.2878e-07	-3.23554e-08	-9.321e-11	3.20844e-08	6.292e-07	-6.2868e-07	-7.0373e-10	4.011e-11	3.6186e-10	6.291e-07	-6.287e-07
0.865	-0.0056846	-3.22394e-08	0.0056852	6.3178e-07	-6.3148e-07	-0.0044394	-1.6503e-08	0.004438	6.3148e-07	-6.313e-07	-0.0022402	-7.9377e-09	0.0022394	6.302e-07	-6.2996e-07	-0.00022634	-3.5856e-09	0.00022644	6.2944e-07	-6.2908e-07	-2.9886e-06	-9.3471e-10	2.9844e-06	6.2948e-07	-6.2888e-07	-3.0346e-08	-9.697e-11	3.03948e-08	6.2916e-07	-6.287e-07	-5.9999e-10	3.961e-11	3.4312e-10	6.2892e-07	-6.287e-07
0.87	-0.0048888	-3.26324e-08	0.0048898	6.3154e-07	-6.3114e-07	-0.0038366	-1.66992e-08	0.003836	6.31e-07	-6.3096e-07	-0.001965	-8.0507e-09	0.0019652	6.2998e-07	-6.2976e-07	-0.00020642	-3.6061e-09	0.00020668	6.2924e-07	-6.2924e-07	-2.7727e-06	-9.527e-10	2.7705e-06	6.2908e-07	-6.2894e-07	-2.8131e-08	-9.963e-11	2.80668e-08	6.288e-07	-6.288e-07	-4.899e-10	3.82e-11	3.184e-10	6.2914e-07	-6.2874e-07
0.875	-0.004107	-3.30488e-08	0.0041072	6.3134e-07	-6.3128e-07	-0.0032368	-1.68922e-08	0.003236	6.3098e-07	-6.3102e-07	-0.0016808	-8.1332e-09	0.0016822	6.3002e-07	-6.3012e-07	-0.00018382	-3.6566e-09	0.00018388	6.2944e-07	-6.2926e-07	-2.5065e-06	-9.7315e-10	2.5147e-06	6.289e-07	-6.2888e-07	-2.5443e-08	-1.0358e-10	2.54558e-08	6.286e-07	-6.2842e-07	-3.7581e-10	3.706e-11	2.9388e-10	6.2844e-07	-6.2844e-07
0.88	-0.0033024	-3.3471e-08	0.0033034	6.3138e-07	-6.312e-07	-0.002612	-1.71436e-08	0.002612	6.3114e-07	-6.3116e-07	-0.0013778	-8.2508e-09	0.0013772	6.3e-07	-6.299e-07	-0.00015684	-3.6963e-09	0.00015672	6.2932e-07	-6.294e-07	-2.2004e-06	-9.9533e-10	2.192e-06	6.2896e-07	-6.2908e-07	-2.21862e-08	-1.0707e-10	2.23618e-08	6.284e-07	-6.2858e-07	-2.4852e-10	3.618e-11	2.6032e-10	6.2874e-07	-6.287e-07
0.885	-0.0025064	-3.39364e-08	0.002504	6.3122e-07	-6.3148e-07	-0.0019908	-1.73534e-08	0.001989	6.3064e-07	-6.3084e-07	-0.0010628	-8.3458e-09	0.0010654	6.2994e-07	-6.3004e-07	-0.00012652	-3.7379e-09	0.00012664	6.2922e-07	-6.2938e-07	-1.8328e-06	-1.01483e-09	1.8248e-06	6.2886e-07	-6.2896e-07	-1.8395e-08	-1.1199e-10	1.86722e-08	6.2828e-07	-6.2856e-07	-1.1615e-10	3.579e-11	2.2147e-10	6.2836e-07	-6.2852e-07
0.89	-0.0016906	-3.43744e-08	0.0016918	6.3092e-07	-6.3108e-07	-0.0013456	-1.7562e-08	0.001346	6.303e-07	-6.3088e-07	-0.0007302	-8.4708e-09	0.00073016	6.298e-07	-6.301e-07	-9.0732e-05	-3.7642e-09	8.6988e-05	6.2934e-07	-6.2928e-07	-1.3796e-06	-1.04061e-09	1.3842e-06	6.288e-07	-6.2912e-07	-1.3858e-08	-1.1704e-10	1.42054e-08	6.2834e-07	-6.2852e-07	3.047e-11	3.447e-11	1.7473e-10	6.284e-07	-6.286e-07
0.895	-0.00088048	-3.48226e-08	0.00088168	6.3076e-07	-6.3096e-07	-0.00070472	-1.77678e-08	0.00070574	6.302e-07	-6.3072e-07	-0.00038874	-8.5868e-09	0.00038664	6.297e-07	-6.3012e-07	-5.3958e-05	-3.8364e-09	5.0944e-05	6.2908e-07	-6.2934e-07	-8.6688e-07	-1.06625e-09	8.4602e-07	6.2862e-07	-6.289e-07	-8.4897e-09	-1.2218e-10	8.8399e-09	6.2822e-07	-6.2882e-07	1.8881e-10	3.464e-11	1.2027e-10	6.2814e-07	-6.2856e-07
0.9	4.2694e-05	-3.52946e-08	2.3786e-05	6.3034e-07	-6.3082e-07	3.432e-05	-1.80654e-08	2.1924e-05	6.2998e-07	-6.3044e-07	-2.416e-05	-8.684e-09	1.5552e-05	6.2946e-07	-6.2988e-07	-8.53e-06	-3.8865e-09	4.3395e-06	6.2884e-07	-6.2916e-07	-3.4158e-07	-1.0981e-09	2.236e-07	6.2856e-07	-6.2888e-07	-1.9697e-09	-1.2821e-10	2.5002e-09	6.2836e-07	-6.2868e-07	3.6779e-10	3.34e-11	5.058e-11	6.2836e-07	-6.29e-07
