101 7.21370438148403e-07
104.18 8.42462709067021e-07
107.361 9.27005317051635e-07
110.541 8.75284351226992e-07
113.721 7.69628022745867e-07
116.902 6.46459285564837e-07
120.082 5.88103313029035e-07
123.262 5.34442579821043e-07
126.443 6.27173476410446e-07
129.623 6.6153438156138e-07
132.803 6.18087532463796e-07
135.983 6.2529714333965e-07
139.164 5.28868633610077e-07
142.344 5.59398349395945e-07
145.524 6.16247941666861e-07
148.705 7.28975138905638e-07
151.885 7.77784201171331e-07
155.065 6.97718688748568e-07
158.246 5.24324692701056e-07
161.426 4.29246921556171e-07
164.606 4.68102252978368e-07
167.787 6.02505602350432e-07
170.967 5.79067637382179e-07
174.147 5.2300086302359e-07
177.328 4.09019676339793e-07
180.508 4.23029809568287e-07
183.688 3.96434957811555e-07
186.868 4.21987402209927e-07
190.049 4.38100701925096e-07
193.229 4.28063771459678e-07
196.409 4.43940440833151e-07
199.59 4.26169517468855e-07
202.77 3.51938274543364e-07
205.95 5.01839061713527e-07
209.131 4.79941612828705e-07
212.311 4.66773153389507e-07
215.491 4.44858049456041e-07
218.672 4.23181366406954e-07
221.852 4.37851630788788e-07
225.032 4.93423741472453e-07
228.213 4.24223635842634e-07
231.393 3.67121686029559e-07
234.573 4.50071237887431e-07
237.753 4.51975777362273e-07
240.934 4.67366300520114e-07
244.114 4.87784491471537e-07
247.294 3.77096544351217e-07
250.475 2.75535441319835e-07
253.655 3.30101613920952e-07
256.835 4.443499597034e-07
260.016 4.64509733118812e-07
263.196 3.93435000301845e-07
264.196 3.80173122616375e-07
272.598 3.73309275298966e-07
281.001 3.64353812857419e-07
289.403 3.63964230139244e-07
297.806 3.56671471309251e-07
306.208 3.33333449197777e-07
314.611 2.75202021885087e-07
323.013 2.95675340013544e-07
331.415 3.68095228837944e-07
339.818 3.51892448280586e-07
348.22 3.40835885176852e-07
356.623 3.31507220028773e-07
365.025 3.48585556711585e-07
373.428 3.8263143571283e-07
381.83 4.61918449221898e-07
390.232 4.56640576407332e-07
398.635 3.45915526686462e-07
407.037 2.87416998049765e-07
415.44 2.63560927595427e-07
423.842 2.69255947163404e-07
432.245 3.12366164889462e-07
440.647 3.9979975914428e-07
449.049 3.80659409056605e-07
457.452 3.3504060446951e-07
465.854 2.92923768227406e-07
474.257 2.52557237950312e-07
482.659 2.42403569151317e-07
491.062 2.69229395725714e-07
499.464 2.59115095466787e-07
507.867 2.94848319666961e-07
516.269 2.91578541513025e-07
524.671 2.68420400612135e-07
533.074 2.85478075125927e-07
541.476 3.01380379673972e-07
549.879 2.83288152063184e-07
558.281 2.52109374785198e-07
566.684 2.24703808880211e-07
575.086 2.44479916057445e-07
583.488 2.47791711332103e-07
591.891 2.60334168697091e-07
600.293 2.72103941869854e-07
608.696 2.7830375903826e-07
617.098 2.99067515202694e-07
625.501 2.99676170375757e-07
633.903 2.94403487396139e-07
642.305 2.88925069678983e-07
650.708 2.78915564569068e-07
659.11 2.66198745563012e-07
667.513 2.73522752991917e-07
675.915 2.65896412115328e-07
684.318 2.72923821878603e-07
692.72 2.86435206759158e-07
693.72 3.08210613809334e-07
715.867 2.48600102475376e-07
738.014 2.0466531393703e-07
760.161 2.75837975861734e-07
782.307 2.2277050231332e-07
804.454 2.25743760842384e-07
826.601 2.51778930396227e-07
848.748 2.37096287087247e-07
870.895 3.22695405035622e-07
893.042 2.57770475567436e-07
915.189 2.23036437128109e-07
937.335 2.04749651733958e-07
959.482 2.24244464355875e-07
981.629 2.70765475234751e-07
1003.776 2.44544407048717e-07
1025.923 2.07409190157735e-07
1048.07 2.27702846884618e-07
1070.217 2.46992776149342e-07
1092.364 2.00748335498217e-07
1114.51 2.64382461085513e-07
1136.657 2.53777608995732e-07
1158.804 1.97976092405294e-07
1180.951 2.27998812009835e-07
1203.098 1.92301811655012e-07
1225.245 2.02892623273419e-07
1247.392 2.16920175766269e-07
1269.538 1.71659530668678e-07
1291.685 1.99627606673847e-07
1313.832 2.21834198305916e-07
1335.979 1.97817280246804e-07
1358.126 1.84981403631344e-07
1380.273 1.86504476444542e-07
1402.42 2.41433731970425e-07
1424.566 2.42087197573823e-07
1446.713 2.05725691200174e-07
1468.86 1.84298870236373e-07
1491.007 2.50159509431121e-07
1513.154 2.02277479037308e-07
1535.301 1.93674763617442e-07
1557.448 2.30760259578484e-07
1579.595 2.70025887614986e-07
1601.741 1.9977242992675e-07
1623.888 1.99652962127982e-07
1646.035 1.8022070538248e-07
1668.182 1.55271188085134e-07
1690.329 1.59682065762546e-07
1712.476 1.92268380417335e-07
1734.623 1.40522168953357e-07
1756.769 1.45146923491613e-07
1778.916 1.52614547309419e-07
1801.063 1.32688044429806e-07
1823.21 1.45247292665862e-07
1824.21 1.88751343217038e-07
1882.531 1.15952268412288e-07
1940.853 1.82443353125526e-07
1999.174 1.79672328242877e-07
2057.495 2.03708956221454e-07
2115.817 1.79409291676e-07
2174.138 1.64458792863836e-07
2232.46 1.48074734501354e-07
2290.781 1.17092464924258e-07
2349.102 1.70550502964275e-07
2407.424 2.10218129413019e-07
2465.745 1.83234757191472e-07
2524.066 1.3915042497673e-07
2582.388 1.24046337111652e-07
2640.709 1.36111173153428e-07
2699.031 1.66473705954466e-07
2757.352 1.6960385102296e-07
2815.673 1.53936851860513e-07
2873.995 1.33588626526732e-07
2932.316 1.42340271771033e-07
2990.637 1.58211013391187e-07
3048.959 1.67779274211952e-07
3107.28 1.57048910297948e-07
3165.602 1.71263497350787e-07
3223.923 1.68397635908705e-07
3282.244 1.54646982029254e-07
3340.566 1.56672098679757e-07
3398.887 1.32174424606576e-07
3457.208 9.58287436561193e-08
3515.53 1.17848197580936e-07
3573.851 1.01529915078805e-07
3632.173 1.2427857470349e-07
3690.494 1.3370698898418e-07
3748.815 1.35856333860974e-07
3807.137 1.21177108940058e-07
3865.458 9.64854256951963e-08
3923.779 1.28665962291727e-07
3982.101 1.28715615819606e-07
4040.422 8.44706651622696e-08
4098.744 9.31175720793073e-08
4157.065 1.23595319007786e-07
4215.386 1.21338375962e-07
4273.708 1.45127760478282e-07
4332.029 1.13658346007864e-07
4390.35 1.17171516113894e-07
4448.672 1.18563378301699e-07
4506.993 1.33128497713828e-07
4565.315 1.30779115447932e-07
4623.636 1.16739813724261e-07
4681.957 9.29630192825443e-08
4740.279 1.06457472464482e-07
4798.6 1.09781957064677e-07
4799.6 1.19080811739734e-07
4953.131 1.62094522338658e-07
5106.663 1.6007380723769e-07
5260.194 1.33903333440526e-07
5413.725 1.27488049913313e-07
5567.257 1.29159377108558e-07
5720.788 1.10604662980529e-07
5874.32 1.25327875273211e-07
6027.851 1.13821568056285e-07
6181.382 9.80794706322956e-08
6334.914 8.57506162316759e-08
6488.445 8.66841140708315e-08
6641.976 1.26280670343301e-07
6795.508 1.12651405922678e-07
6949.039 9.8098237252658e-08
7102.571 1.13285970007916e-07
7256.102 1.04191107741248e-07
7409.633 1.12907363165645e-07
7563.165 1.10162297385593e-07
7716.696 8.29156150552954e-08
7870.227 8.99250401013279e-08
8023.759 1.03962436712636e-07
8177.29 9.37198425947277e-08
8330.822 8.86038810851508e-08
8484.353 8.29844487381782e-08
8637.884 8.01315834429023e-08
8791.416 7.12240005308636e-08
8944.947 8.11825652827418e-08
9098.478 9.45331734265928e-08
9252.01 8.59026517139306e-08
9405.541 9.65743938769916e-08
9559.073 9.70764978066771e-08
9712.604 9.79650956698098e-08
9866.135 9.05906967274148e-08
10019.667 8.59224304874376e-08
10173.198 8.06469389476116e-08
10326.729 8.11575587281999e-08
10480.261 8.14215773334297e-08
10633.792 6.22683409110421e-08
10787.324 6.36171780731414e-08
10940.855 9.78845104639075e-08
11094.386 1.00418402240234e-07
11247.918 9.0038570377683e-08
11401.449 7.32875689785443e-08
11554.98 8.91926216111131e-08
11708.512 8.38288241669946e-08
11862.043 6.04900115470996e-08
12015.575 6.97192013684335e-08
12169.106 6.90364548870988e-08
12322.637 7.73469903675334e-08
12476.169 8.27090061187281e-08
12629.7 7.42412662887599e-08
12630.7 8.6704166893901e-08
13034.822 6.86430228798212e-08
13438.943 5.85430173305274e-08
13843.065 5.64853218382782e-08
14247.186 5.64367627762622e-08
14651.308 5.48817996764358e-08
15055.429 6.79604629853857e-08
15459.551 7.64096909903581e-08
15863.673 6.6603943702747e-08
16267.794 6.08453353904612e-08
16671.916 6.88153170728182e-08
17076.037 6.09045452499358e-08
17480.159 6.81270139747451e-08
17884.28 6.31520659282219e-08
18288.402 5.5261684439923e-08
18692.524 4.62140467812537e-08
19096.645 5.74350071416705e-08
19500.767 7.29598856547152e-08
19904.888 7.9082720107041e-08
20309.01 8.08717312510665e-08
20713.131 8.25242501441033e-08
21117.253 6.45603012718734e-08
21521.375 4.93717817993974e-08
21925.496 6.3517529571353e-08
22329.618 7.73456116105288e-08
22733.739 7.69257544583462e-08
23137.861 6.78726037339854e-08
23541.982 5.74398584405762e-08
23946.104 4.43913716601014e-08
24350.225 4.11934110300612e-08
24754.347 4.64679087081534e-08
25158.469 5.59637899834723e-08
25562.59 5.59546732809423e-08
25966.712 5.20629644095707e-08
26370.833 4.65591100354858e-08
26774.955 3.64000475982438e-08
27179.076 4.13255550591149e-08
27583.198 5.27848506587204e-08
27987.32 5.15478003063433e-08
28391.441 4.99339602366718e-08
28795.563 4.68373463225816e-08
29199.684 4.4854298837663e-08
29603.806 4.64411919035816e-08
30007.927 5.24089331764536e-08
30412.049 5.00658601887111e-08
30816.171 4.59386478207995e-08
31220.292 4.130886492773e-08
31624.414 5.09962224788001e-08
32028.535 5.04411642794585e-08
32432.657 4.87336031901843e-08
32836.778 5.04460509083833e-08
33240.9 6.45075231837542e-08
33241.9 4.64305841338088e-08
34305.559 4.59700214016765e-08
35369.218 4.35631746718429e-08
36432.876 4.59461658333476e-08
37496.535 5.07573804578329e-08
38560.194 4.99888172739639e-08
39623.853 4.42249942918159e-08
40687.512 4.02563269730694e-08
41751.171 3.24476649695617e-08
42814.829 2.87312783491102e-08
43878.488 3.33520580528455e-08
44942.147 4.23114993664274e-08
46005.806 4.38551978626569e-08
47069.465 4.74068476864901e-08
48133.124 5.16247666152851e-08
49196.782 4.58052427993463e-08
50260.441 4.05297418333989e-08
51324.1 3.79232305964196e-08
52387.759 4.42997567800327e-08
53451.418 4.92371338632725e-08
54515.076 4.74099875211378e-08
55578.735 4.27982178815119e-08
56642.394 3.03449492765132e-08
57706.053 2.89582082431988e-08
58769.712 3.12004480731326e-08
59833.371 4.17214678923199e-08
60897.029 4.34275790425597e-08
61960.688 3.94330908471856e-08
63024.347 2.60897240462434e-08
64088.006 2.60973864028991e-08
65151.665 3.46710284432539e-08
66215.324 3.92904545859654e-08
67278.982 4.35127887180364e-08
68342.641 4.38831485251165e-08
69406.3 4.22933906891143e-08
70469.959 3.70315841907861e-08
71533.618 3.3134093123463e-08
72597.276 3.12926378394057e-08
73660.935 2.99108817179379e-08
74724.594 2.91046959547447e-08
75788.253 2.62778243506898e-08
76851.912 2.51903590857072e-08
77915.571 2.64920452563476e-08
78979.229 2.98243432250851e-08
80042.888 3.05132786614232e-08
81106.547 3.29404790813943e-08
82170.206 3.36632796313777e-08
83233.865 3.21665794785652e-08
84297.524 3.08898279567686e-08
85361.182 3.0209600406909e-08
86424.841 3.23525881824806e-08
87488.5 3.25460511455e-08
87489.5 1.62965274240387e-08
90289.039 1.66948327742335e-08
93088.578 1.79308847060485e-08
95888.118 2.1175552141186e-08
98687.657 2.53943320258786e-08
101487.196 2.43557544208038e-08
104286.735 2.61321000467549e-08
107086.275 3.02797472573912e-08
109885.814 3.0157083062909e-08
112685.353 3.20912347856017e-08
115484.892 2.99322219933131e-08
118284.431 2.39350756090852e-08
121083.971 2.27236475492084e-08
123883.51 2.64937078076941e-08
126683.049 2.54857445695964e-08
129482.588 2.29663665354776e-08
132282.127 2.10629893901786e-08
135081.667 1.88411494178696e-08
137881.206 2.31677099297931e-08
140680.745 2.72914424684307e-08
143480.284 2.76865180986379e-08
146279.824 2.40321433958972e-08
149079.363 2.10957985320557e-08
151878.902 2.30553508235026e-08
154678.441 2.35609924426337e-08
157477.98 2.26544044867566e-08
160277.52 2.47312056486949e-08
163077.059 2.26883087496308e-08
165876.598 2.26741399368751e-08
168676.137 2.33627902921437e-08
171475.676 2.14225481209164e-08
174275.216 2.14315433918963e-08
177074.755 2.19015588092494e-08
179874.294 2.16111190501798e-08
182673.833 2.03573421509051e-08
185473.373 2.04876028696235e-08
188272.912 2.19035539405148e-08
191072.451 2.24432142160996e-08
193871.99 2.14509944796145e-08
196671.529 2.12339686334141e-08
199471.069 2.11651275381254e-08
202270.608 1.78414994604449e-08
205070.147 1.8753471262347e-08
207869.686 1.97264121944089e-08
210669.225 2.0448351562473e-08
213468.765 2.00234814390836e-08
216268.304 1.90328355743466e-08
219067.843 1.86288248055481e-08
221867.382 1.67311925873392e-08
224666.922 1.64797227360642e-08
227466.461 1.78568094257742e-08
230266 2.00784589470319e-08
230267 2.34360234095455e-08
237635.294 2.09888685075867e-08
245003.588 1.39031956344535e-08
252371.882 1.54024195113438e-08
259740.176 1.74571645739216e-08
267108.471 1.74804420399486e-08
274476.765 1.98963038097149e-08
281845.059 2.00818167052476e-08
289213.353 1.51825748438553e-08
296581.647 1.73952426596936e-08
303949.941 1.51680481658839e-08
311318.235 1.7032824087384e-08
318686.529 1.35031431903281e-08
326054.824 1.29118515748355e-08
333423.118 1.82266512855261e-08
340791.412 1.46759703961417e-08
348159.706 1.54825635535195e-08
355528 1.54125206433089e-08
362896.294 1.76587345689242e-08
370264.588 1.8743486044082e-08
377632.882 1.31075653933684e-08
385001.176 1.68074984304193e-08
392369.471 1.50015219654658e-08
399737.765 1.58358705929614e-08
407106.059 1.415644160657e-08
414474.353 1.40077561749895e-08
421842.647 1.6659719661346e-08
429210.941 1.64514268085742e-08
436579.235 1.56450512009789e-08
443947.529 1.23763386305204e-08
451315.824 1.08797540130518e-08
458684.118 1.33335779653471e-08
466052.412 1.56057660894129e-08
473420.706 1.24162735969711e-08
480789 1.03127136381311e-08
488157.294 1.20927972525911e-08
495525.588 1.39727739569267e-08
502893.882 1.2370511080764e-08
510262.176 1.22776894957675e-08
517630.471 1.51864802309435e-08
524998.765 1.15513543104152e-08
532367.059 1.28607595884675e-08
539735.353 1.22303180389603e-08
547103.647 1.03662796121876e-08
554471.941 1.48232140942182e-08
561840.235 1.53173827463567e-08
569208.529 1.2651871156645e-08
576576.824 1.50123058393456e-08
583945.118 1.40479426535917e-08
591313.412 1.16714760448149e-08
598681.706 1.55553590901098e-08
606050 1.24693193201537e-08
606051 1.22918407996891e-08
625444.118 1.51740944047669e-08
644837.235 9.79976641348719e-09
664230.353 1.27463079155574e-08
683623.471 1.26874505896888e-08
703016.588 8.86926360794041e-09
722409.706 1.38059420855409e-08
741802.824 1.64844200157442e-08
761195.941 9.73858977928607e-09
780589.059 1.25770906660375e-08
799982.176 1.26209109256547e-08
819375.294 8.17035148176431e-09
838768.412 9.78777124204147e-09
858161.529 9.48881439222642e-09
877554.647 1.16798246790867e-08
896947.765 1.0690361895593e-08
916340.882 1.16547330015724e-08
935734 1.14550168668521e-08
955127.118 7.92946136111107e-09
974520.235 9.23415046198818e-09
993913.353 1.12534598274046e-08
1013306.471 1.2461179152648e-08
1032699.588 1.04605169394949e-08
1052092.706 9.97674277276356e-09
1071485.824 8.47039133921837e-09
1090878.941 1.26027836413202e-08
1110272.059 1.30383773059594e-08
1129665.176 1.20520369778429e-08
1149058.294 1.27375728091307e-08
1168451.412 1.00991525079061e-08
1187844.529 8.62479025462859e-09
1207237.647 1.00745774313947e-08
1226630.765 1.07823373350371e-08
1246023.882 1.14042469545062e-08
1265417 1.3088134968649e-08
1284810.118 1.08445964506155e-08
1304203.235 1.29544571554866e-08
1323596.353 1.20159396865498e-08
1342989.471 1.23137483242785e-08
1362382.588 9.61122240865627e-09
1381775.706 7.23613577318485e-09
1401168.824 1.45433012561838e-08
1420561.941 1.03415754355433e-08
1439955.059 1.10583334715241e-08
1459348.176 1.11112196544257e-08
1478741.294 1.00714914463224e-08
1498134.412 7.77249828839471e-09
1517527.529 1.09022551854575e-08
1536920.647 1.03965424051431e-08
1556313.765 8.38554027791982e-09
1575706.882 8.46496731790855e-09
1595100 1.14844512778692e-08
1595100 1.00508945182151e-08
1646141.765 1.03692487042236e-08
1697183.529 1.00902186541751e-08
1748225.294 9.69160622453377e-09
1799267.059 9.43355920792501e-09
1850308.824 1.18808700055823e-08
1901350.588 8.95871275585029e-09
1952392.353 1.14168995792983e-08
2003434.118 1.12788617487253e-08
2054475.882 1.01688120773714e-08
2105517.647 7.37533946721331e-09
2156559.412 7.67654487575811e-09
2207601.176 7.57243799227188e-09
2258642.941 6.45842991198583e-09
2309684.706 8.09084668865837e-09
2360726.471 6.36178521341402e-09
2411768.235 9.46364614191951e-09
2462810 1.12889587028472e-08
2513851.765 9.39431085479906e-09
2564893.529 9.89861479343855e-09
2615935.294 8.7797417005772e-09
2666977.059 8.51435815942279e-09
2718018.824 9.10270591340446e-09
2769060.588 8.85008660588195e-09
2820102.353 8.48973647641689e-09
2871144.118 1.09229439153161e-08
2922185.882 5.11047741018596e-09
2973227.647 8.88415590127193e-09
3024269.412 8.78374498680375e-09
3075311.176 8.27051543224784e-09
3126352.941 8.86133787110539e-09
3177394.706 9.18664755722265e-09
3228436.471 6.21008968039348e-09
3279478.235 4.21828049977974e-09
3330520 1.18637633405438e-08
3381561.765 6.36343112114546e-09
3432603.529 7.01542122569742e-09
3483645.294 5.96506753329877e-09
3534687.059 9.20554458550361e-09
3585728.824 7.83628331083308e-09
3636770.588 9.29395932769403e-09
3687812.353 8.69495923183938e-09
3738854.118 5.94353840096563e-09
3789895.882 8.46830968285364e-09
3840937.647 9.09468290719429e-09
3891979.412 8.7454250292138e-09
3943021.176 6.04493631039517e-09
3994062.941 5.55922461825837e-09
4045104.706 7.70020918615093e-09
4096146.471 7.24056375793151e-09
4147188.235 6.9296842859705e-09
4198230 7.44357431802616e-09
4198230 6.77236401169908e-09
4332570.588 6.36365901526943e-09
4466911.176 6.74387580816516e-09
4601251.765 8.05267856324491e-09
4735592.353 8.2920392598229e-09
4869932.941 6.81371270881054e-09
5004273.529 8.00107009235347e-09
5138614.118 6.94536045156249e-09
5272954.706 7.86555940879305e-09
5407295.294 6.87970435648534e-09
5541635.882 8.78809845895428e-09
5675976.471 5.44022039063857e-09
5810317.059 7.7690236649375e-09
5944657.647 6.98001416285132e-09
6078998.235 6.70535119294935e-09
6213338.824 6.47133997530443e-09
6347679.412 6.1014397984565e-09
6482020 7.59237068726231e-09
6616360.588 6.17312915744719e-09
6750701.176 4.94479722551292e-09
6885041.765 6.21664588207277e-09
7019382.353 5.55065476601562e-09
7153722.941 6.19790773980304e-09
7288063.529 7.30704287507051e-09
7422404.118 5.47149308615135e-09
7556744.706 6.41166169573463e-09
7691085.294 8.66265326343068e-09
7825425.882 7.03594042215756e-09
7959766.471 6.7009665232586e-09
8094107.059 6.3193530265863e-09
8228447.647 8.81517056799764e-09
8362788.235 6.46042261674565e-09
8497128.824 5.75467067813939e-09
8631469.412 6.63964530225582e-09
8765810 5.7499882723083e-09
8900150.588 7.21038595183361e-09
9034491.176 6.36084690415066e-09
9168831.765 5.09354048221358e-09
9303172.353 6.39471516643014e-09
9437512.941 6.02876843197276e-09
9571853.529 7.07124434912992e-09
9706194.118 4.50294265005429e-09
9840534.706 4.19016322539876e-09
9974875.294 6.46850076917014e-09
10109215.882 4.98477765780806e-09
10243556.471 5.70384012853814e-09
10377897.059 5.71734932667255e-09
10512237.647 5.38324266962779e-09
10646578.235 6.51934307862854e-09
10780918.824 7.19456096505395e-09
10915259.412 4.7703822732111e-09
11049600 6.26720640130213e-09
11049600 6.35592245598632e-09
11403174.51 4.55841397522192e-09
11756749.02 5.51500984507609e-09
12110323.529 4.25288425392315e-09
12463898.039 7.8152279361047e-09
12817472.549 5.95980522559228e-09
13171047.059 7.98351606221721e-09
13524621.569 7.05345124965516e-09
13878196.078 4.32162213147958e-09
14231770.588 5.12228372229412e-09
14585345.098 3.10350307071664e-09
14938919.608 4.43949266244161e-09
15292494.118 4.77717820176287e-09
15646068.627 5.27279237031914e-09
15999643.137 6.355624732511e-09
16353217.647 6.82103022018567e-09
16706792.157 4.74555876785327e-09
17060366.667 6.20996483687832e-09
17413941.176 5.38419859734487e-09
17767515.686 6.42548405284362e-09
18121090.196 3.94309410050021e-09
18474664.706 5.10898571577103e-09
18828239.216 5.51335845932537e-09
19181813.725 4.68325325168949e-09
19535388.235 4.98056785394276e-09
19888962.745 4.56723004058494e-09
20242537.255 5.04796744022301e-09
20596111.765 3.08725954659494e-09
20949686.275 4.55253791768999e-09
21303260.784 5.23487929717322e-09
21656835.294 6.64278181804851e-09
22010409.804 5.72036639763925e-09
22363984.314 4.06453133359369e-09
22717558.824 6.14801777378213e-09
23071133.333 4.94574030275841e-09
23424707.843 5.08699964621065e-09
23778282.353 5.80614466636176e-09
24131856.863 4.63591352499726e-09
24485431.373 3.84525831804692e-09
24839005.882 5.86948735021052e-09
25192580.392 7.33498274983022e-09
25546154.902 6.08517096519399e-09
25899729.412 4.22083820356257e-09
26253303.922 -0
26606878.431 5.11660714400183e-09
26960452.941 4.61054505851375e-09
27314027.451 3.3403655648276e-09
27667601.961 5.95691362770405e-09
28021176.471 4.81052273537304e-09
28374750.98 3.88449573543849e-09
28728325.49 5.25711493054125e-09
29081900 2.91849539922447e-09
29081900 5.10492760719197e-09
30012498.039 3.89682395226778e-09
30943096.078 4.34325887497906e-09
31873694.118 5.09632613413835e-09
32804292.157 4.75478948884882e-09
33734890.196 3.58217672387889e-09
34665488.235 4.39899593312824e-09
35596086.275 4.29465248359687e-09
36526684.314 4.7125498586685e-09
37457282.353 3.8701308383245e-09
38387880.392 2.29317635123212e-09
39318478.431 5.63538279802992e-09
40249076.471 4.6277118759595e-09
41179674.51 4.47455291755501e-09
42110272.549 3.85982609033429e-09
43040870.588 4.67151969871544e-09
43971468.627 3.8410233089027e-09
44902066.667 5.8119818892886e-09
45832664.706 5.67638092518003e-09
46763262.745 3.0106246904036e-09
47693860.784 7.96493108227051e-09
48624458.824 5.30262500475043e-09
49555056.863 4.98714026613463e-09
50485654.902 4.29381551581381e-09
51416252.941 4.37449083755862e-09
52346850.98 6.31704814205154e-09
53277449.02 5.75496334578662e-09
54208047.059 3.58978365501744e-09
55138645.098 2.95572389404897e-09
56069243.137 4.46597577481821e-09
56999841.176 5.39119293390599e-09
57930439.216 -0
58861037.255 4.1985080792718e-09
59791635.294 6.64974254773074e-09
60722233.333 5.8331112910769e-09
61652831.373 6.98668370573888e-10
62583429.412 2.37204980899202e-09
63514027.451 2.98649563397111e-09
64444625.49 -0
65375223.529 3.65487555824231e-09
66305821.569 2.94672567729968e-09
67236419.608 -0
68167017.647 5.13439362245343e-09
69097615.686 2.73399945669942e-09
70028213.725 2.27785577456971e-09
70958811.765 3.74088071308624e-09
71889409.804 1.48323499995181e-09
72820007.843 4.38355678106228e-09
73750605.882 2.5797475000715e-09
74681203.922 2.76905233049079e-09
75611801.961 3.83930580433567e-09
76542400 2.46296872833684e-09
76542400 6.37579611518867e-09
78991686.275 7.05210447195786e-09
81440972.549 6.68515761869476e-09
83890258.824 3.03164494869629e-09
86339545.098 6.49058669427919e-09
88788831.373 6.71852994149828e-10
91238117.647 -0
93687403.922 9.18897673814591e-09
96136690.196 -0
98585976.471 -0
101035262.745 -0
103484549.02 2.06280410229822e-08
105933835.294 4.94128112654179e-09
108383121.569 -0
110832407.843 5.80131837138969e-09
113281694.118 5.54067933951148e-09
115730980.392 -0
118180266.667 2.48767958461268e-09
120629552.941 7.77472260112356e-09
123078839.216 5.81960474303701e-09
125528125.49 8.64459448303173e-10
127977411.765 -0
130426698.039 -0
132875984.314 -0
135325270.588 -0
137774556.863 -0
140223843.137 -0
142673129.412 6.73009389641843e-09
145122415.686 9.62906622993735e-09
147571701.961 -0
150020988.235 -0
152470274.51 -0
154919560.784 -0
157368847.059 -0
159818133.333 -0
162267419.608 9.87687165799757e-09
164716705.882 -0
167165992.157 -0
169615278.431 1.90364520934158e-08
172064564.706 -0
174513850.98 -0
176963137.255 -0
179412423.529 7.29041264842291e-09
181861709.804 2.37897998207109e-08
184310996.078 1.65760607647659e-08
186760282.353 1.77255177047011e-08
189209568.627 1.35051638324436e-08
191658854.902 -0
194108141.176 -0
196557427.451 -0
199006713.725 1.31813551897025e-08
201456000 1.294195180627e-08
