101 201.036778488878
104.18 200.873001736286
107.361 296.386036368434
110.541 348.17314964626
113.721 348.406385619507
116.902 323.468542307902
120.082 238.953880954908
123.262 187.671386117666
126.443 235.277343794245
129.623 240.486485772737
132.803 216.887892045218
135.983 254.494945582495
139.164 273.735584278916
142.344 252.654948367286
145.524 381.75117442357
148.705 448.788140010768
151.885 376.379528105022
155.065 291.466770011845
158.246 163.094944285715
161.426 236.084626185857
164.606 256.293456628985
167.787 231.597707660706
170.967 214.787091495325
174.147 223.428223121174
177.328 205.029849251856
180.508 209.162830024944
183.688 216.026359144709
186.868 218.787126070681
190.049 259.668064020211
193.229 256.952977948607
196.409 226.271204233106
199.59 228.681969538334
202.77 215.001988499861
205.95 202.010812701297
209.131 216.62716785856
212.311 238.941590939419
215.491 214.876731697626
218.672 173.541611400936
221.852 143.682449673953
225.032 159.776188486386
228.213 149.670350594813
231.393 126.550199888532
234.573 134.892576332392
237.753 236.266479024776
240.934 222.354284985948
244.114 179.58804467323
247.294 162.568372755593
250.475 214.334639867571
253.655 228.305633916145
256.835 186.313335709071
260.016 162.38891694702
263.196 170.285678865464
264.196 150.632146825636
272.598 158.748722127434
281.001 176.125332530711
289.403 185.521287709131
297.806 183.223133307182
306.208 183.378121296635
314.611 182.607485894471
323.013 176.756762707206
331.415 158.348851336141
339.818 163.194096573446
348.22 163.471067479734
356.623 137.702436386229
365.025 125.493526233943
373.428 117.09334053563
381.83 114.963555312834
390.232 123.247195491324
398.635 127.418131986812
407.037 140.853781002482
415.44 149.28060691598
423.842 166.196941969123
432.245 171.783391892791
440.647 165.324168982263
449.049 150.275928525045
457.452 126.072615134197
465.854 112.19600410106
474.257 122.816795922046
482.659 121.638294526397
491.062 104.084830090703
499.464 99.2009668369084
507.867 108.619016506842
516.269 111.509175193071
524.671 107.468465478742
533.074 130.905463081719
541.476 148.364937982526
549.879 122.451322527062
558.281 91.1886148885459
566.684 52.0370673031918
575.086 53.1057646065202
583.488 75.8951800326505
591.891 99.1142515940917
600.293 150.924106032016
608.696 158.780575602373
617.098 136.142734921409
625.501 118.89890632737
633.903 100.613166767441
642.305 101.303521102946
650.708 106.546769789486
659.11 110.438041367049
667.513 114.988028952829
675.915 115.045977071805
684.318 99.3272333816703
692.72 93.0725161604563
693.72 89.0859287563047
715.867 87.0152820449639
738.014 87.7518506466753
760.161 87.9911204099734
782.307 81.0345035323687
804.454 99.7037466812774
826.601 95.1408669840869
848.748 109.188313618041
870.895 72.8212945974423
893.042 76.439551364086
915.189 67.2070821896646
937.335 66.7982311056574
959.482 81.93526715925
981.629 113.463196921066
1003.776 88.4101368405177
1025.923 100.497237959335
1048.07 80.93795292376
1070.217 109.93943578419
1092.364 100.686973767687
1114.51 79.3538690486146
1136.657 102.416309398551
1158.804 60.6047141964622
1180.951 83.505252969941
1203.098 96.1599516664476
1225.245 92.2082743568286
1247.392 60.6182626905919
1269.538 68.0032243447959
1291.685 82.6389498082296
1313.832 86.8442852369973
1335.979 80.2442292176657
1358.126 46.6655747981762
1380.273 61.1392937506569
1402.42 72.1963622386514
1424.566 74.0527229037225
1446.713 75.19295503598
1468.86 65.9271101530832
1491.007 86.32863532094
1513.154 109.39503347145
1535.301 85.2484058816353
1557.448 71.317693085662
1579.595 78.6181691481814
1601.741 80.0298659510419
1623.888 93.4238855222433
1646.035 72.5644659948346
1668.182 55.5478800448276
1690.329 62.0987939294591
1712.476 75.276858067361
1734.623 80.4959738004475
1756.769 64.7926377758576
1778.916 71.5188872920276
1801.063 54.7195068179656
1823.21 59.2861642651488
1824.21 63.1994639105981
1882.531 56.6489063356827
1940.853 66.2751257174524
1999.174 46.3372174096331
2057.495 58.9529362595899
2115.817 60.6041661663691
2174.138 55.2440232697339
2232.46 48.6074715751911
2290.781 48.9610350666412
2349.102 50.5368730087992
2407.424 59.4941593563938
2465.745 54.1462942747946
2524.066 51.5852868099329
2582.388 47.4382986707983
2640.709 42.4972430880073
2699.031 68.8473233872448
2757.352 60.2576312791796
2815.673 44.1441866727027
2873.995 47.6393419764412
2932.316 48.2407562441344
2990.637 58.6946821596357
3048.959 62.9836908156307
3107.28 58.486972554952
3165.602 62.1830554369683
3223.923 50.5764246773093
3282.244 38.7502074033018
3340.566 45.7362769141073
3398.887 42.6604446583633
3457.208 50.2056678653896
3515.53 51.0637398534171
3573.851 53.8951811343322
3632.173 54.2986056664348
3690.494 48.3134015544223
3748.815 44.4516930925939
3807.137 49.9976723003373
3865.458 47.080673836227
3923.779 48.0606398893222
3982.101 49.6996612702627
4040.422 45.2368878496391
4098.744 50.4056278863951
4157.065 59.6745601852383
4215.386 62.2852471900818
4273.708 57.2343508715763
4332.029 48.7668750436204
4390.35 45.1256156434638
4448.672 39.0941763518476
4506.993 43.5859033095614
4565.315 44.59527078791
4623.636 37.8749180079646
4681.957 31.6899001815717
4740.279 37.8284916524221
4798.6 54.9101487086489
4799.6 50.9394636272159
4953.131 43.2904339471873
5106.663 51.7111756772704
5260.194 53.3207188675353
5413.725 31.2909943406374
5567.257 28.1264715814749
5720.788 30.3520029443371
5874.32 55.0400925655392
6027.851 45.4099587935517
6181.382 33.9285544116691
6334.914 36.896084977668
6488.445 38.9581568164033
6641.976 34.2884615885201
6795.508 24.6304060211607
6949.039 28.1130862202921
7102.571 43.4060766067296
7256.102 49.3246846856385
7409.633 40.6693839992228
7563.165 40.3682049226991
7716.696 43.4136137050569
7870.227 45.3672020201512
8023.759 40.4426819601857
8177.29 42.6218261768536
8330.822 34.8006477226758
8484.353 31.7050811925385
8637.884 32.7447513648287
8791.416 27.9755887946576
8944.947 29.9020582703519
9098.478 31.0007370366892
9252.01 32.4455672757199
9405.541 33.0018831740541
9559.073 34.0633689155745
9712.604 30.328345236691
9866.135 40.9892069785584
10019.667 43.6747992169336
10173.198 37.721698151993
10326.729 31.6059721769767
10480.261 36.6292069896221
10633.792 35.857054733102
10787.324 43.3000156254941
10940.855 35.4841961751878
11094.386 33.2519212105255
11247.918 37.0083765935615
11401.449 29.3999869389352
11554.98 36.9576107321241
11708.512 37.2338293489631
11862.043 30.9542942414661
12015.575 29.4182806585856
12169.106 22.3244998664089
12322.637 28.0498886532961
12476.169 32.2123053263838
12629.7 32.4636818113016
12630.7 25.9472305390489
13034.822 26.0786059292395
13438.943 26.1936340492009
13843.065 23.8404627325381
14247.186 23.4712934921329
14651.308 25.1174051740076
15055.429 28.6970577062722
15459.551 29.0621839730753
15863.673 24.8852834427923
16267.794 22.7183610977018
16671.916 26.2117820385711
17076.037 28.5868971462901
17480.159 28.7716617011317
17884.28 21.3027425610413
18288.402 14.8059858481826
18692.524 19.326582284371
19096.645 20.7632590349099
19500.767 17.5762300307
19904.888 21.9343232092873
20309.01 24.7617471620982
20713.131 25.0604996820192
21117.253 21.6042899214701
21521.375 20.633971344471
21925.496 22.6857368440346
22329.618 25.7182106671958
22733.739 26.0856311920248
23137.861 26.0805843294593
23541.982 23.464005150346
23946.104 25.2287277782069
24350.225 21.0727652944648
24754.347 16.8636591341315
25158.469 18.0334597601298
25562.59 20.9771583702623
25966.712 19.7006869291761
26370.833 17.4393074373821
26774.955 18.6166327085915
27179.076 22.2559301577418
27583.198 23.698164418919
27987.32 21.1979925649064
28391.441 20.3960773619181
28795.563 24.2283574381743
29199.684 27.7696552838626
29603.806 23.6037230660759
30007.927 17.2683051211756
30412.049 19.6209379957302
30816.171 22.9182915967098
31220.292 23.1002487217494
31624.414 23.1211582167259
32028.535 26.3377674749042
32432.657 23.3070757378076
32836.778 19.877074835069
33240.9 20.8470015629766
33241.9 14.7215785319996
34305.559 12.7822351807337
35369.218 13.3002024114324
36432.876 17.9865530896249
37496.535 18.990539119904
38560.194 19.8829051911413
39623.853 18.0797551546206
40687.512 17.8406178014717
41751.171 16.697774242393
42814.829 17.5022363071984
43878.488 18.9221972032999
44942.147 16.4456425384882
46005.806 15.6416859634558
47069.465 15.4289923054959
48133.124 16.089307346961
49196.782 16.1827346193348
50260.441 16.4442398113157
51324.1 15.9563866411453
52387.759 15.4421444212113
53451.418 14.1367268742326
54515.076 13.3050669391714
55578.735 12.4590667735821
56642.394 17.0948284014793
57706.053 17.5151118301844
58769.712 17.4701659460513
59833.371 16.6231945513243
60897.029 16.7091898372805
61960.688 17.6409679178056
63024.347 17.2957833764578
64088.006 15.5936298093279
65151.665 15.2659666960235
66215.324 15.9752840329262
67278.982 16.8568680939717
68342.641 17.2092250765832
69406.3 16.4381721979041
70469.959 14.8113973656827
71533.618 14.0804273242885
72597.276 13.351260979617
73660.935 11.2747244589148
74724.594 10.8488838561222
75788.253 13.2144608184441
76851.912 14.2630034595749
77915.571 13.8567401645004
78979.229 13.1352101711777
80042.888 10.9906878810441
81106.547 10.5898964054799
82170.206 10.2666922441313
83233.865 8.52910261327342
84297.524 8.84429532020833
85361.182 12.5211806590986
86424.841 12.9596327577818
87488.5 12.955703923234
87489.5 15.308282004541
90289.039 15.6459911806977
93088.578 15.8013724102712
95888.118 14.6082923376022
98687.657 13.0660046153877
101487.196 13.0895740473114
104286.735 12.3197262886291
107086.275 11.1633083500037
109885.814 8.77206226407041
112685.353 8.16891398642931
115484.892 7.795791601735
118284.431 6.07517398384105
121083.971 5.93770321113006
123883.51 6.13456968605713
126683.049 10.3646359641637
129482.588 12.7048066377118
132282.127 14.8424495265479
135081.667 16.6016476990094
137881.206 13.2501104663522
140680.745 7.96475191682804
143480.284 7.19763051395181
146279.824 8.62032565908098
149079.363 7.88713435356657
151878.902 7.38708890579803
154678.441 10.861011087814
157477.98 12.4019518218593
160277.52 12.3729500483575
163077.059 9.8714930751385
165876.598 8.62880409269458
168676.137 8.98362078831639
171475.676 8.92757195706655
174275.216 9.96385404491953
177074.755 10.6283079552289
179874.294 10.8136796739675
182673.833 10.9964958988495
185473.373 10.8137330835052
188272.912 9.1533685800807
191072.451 7.86286662961357
193871.99 6.11545204562432
196671.529 8.14032578844915
199471.069 8.86314542031969
202270.608 8.38123728843983
205070.147 8.18446279951636
207869.686 6.68978546784903
210669.225 7.56567343004311
213468.765 7.98070509181727
216268.304 9.22471782180057
219067.843 9.60210869438957
221867.382 7.51161872924764
224666.922 6.24820522048926
227466.461 7.1871896980888
230266 9.97094396826408
230267 11.4771280120193
237635.294 9.46859439568416
245003.588 8.06670576676586
252371.882 11.2868653663403
259740.176 8.62427661402016
267108.471 9.19732282581746
274476.765 13.6580308261199
281845.059 11.825076761979
289213.353 7.79759726758909
296581.647 8.25957448576493
303949.941 8.38361903577364
311318.235 6.47696578105429
318686.529 8.16509468529431
326054.824 6.86540912058659
333423.118 8.15357873704495
340791.412 6.76324474241203
348159.706 8.71614229771832
355528 8.51365854475639
362896.294 9.36238569064941
370264.588 8.55758643054836
377632.882 7.89354241401753
385001.176 6.06674779908217
392369.471 8.85848455600258
399737.765 7.87396826125141
407106.059 5.68901334553106
414474.353 9.56234144136636
421842.647 8.35019908084427
429210.941 7.76979457276117
436579.235 8.31721619417431
443947.529 6.9758333743854
451315.824 9.4738910920419
458684.118 8.61822279612295
466052.412 4.80715900468732
473420.706 7.14755629113084
480789 7.31595388651825
488157.294 7.18875566357047
495525.588 8.01779732507941
502893.882 7.63563000528555
510262.176 7.28095614390839
517630.471 10.4940166099545
524998.765 6.61994781782447
532367.059 5.74132510538202
539735.353 6.51684290320583
547103.647 7.91231933777335
554471.941 8.48532138259017
561840.235 5.4311910920506
569208.529 5.58924629513265
576576.824 5.74055670184016
583945.118 5.726593542532
591313.412 6.43960589415173
598681.706 5.75781591405514
606050 5.55463809005747
606051 5.86268614714908
625444.118 7.79319149870667
644837.235 5.43935068907139
664230.353 6.5337822123816
683623.471 5.80877767066395
703016.588 6.61141535389711
722409.706 4.93691799251091
741802.824 6.07494577146488
761195.941 4.73586582561191
780589.059 7.20642208797865
799982.176 3.59459732289327
819375.294 5.0038432946446
838768.412 5.80323154129881
858161.529 4.87927932888414
877554.647 6.24171790531433
896947.765 5.53645958128764
916340.882 5.36820670801032
935734 5.07465602730541
955127.118 5.51322356268635
974520.235 6.01724480656451
993913.353 5.76934617592422
1013306.471 6.92683090304701
1032699.588 7.00124446517328
1052092.706 5.58886547619001
1071485.824 6.56941850455927
1090878.941 5.24427097336898
1110272.059 4.32305512222976
1129665.176 6.46976051674094
1149058.294 4.47797967337699
1168451.412 5.0137821560105
1187844.529 5.71046333482892
1207237.647 6.22879756426903
1226630.765 3.99233064130671
1246023.882 5.65771021680879
1265417 4.49665217466017
1284810.118 5.7511476773095
1304203.235 5.44104559618624
1323596.353 4.72553995960911
1342989.471 4.13460690632803
1362382.588 4.34341677950284
1381775.706 4.18462827527993
1401168.824 5.27667254828091
1420561.941 2.81467887917173
1439955.059 5.38928230213243
1459348.176 4.48843766139731
1478741.294 4.06677355129361
1498134.412 3.74704677928134
1517527.529 5.48720802231585
1536920.647 4.81419632478406
1556313.765 4.86860510430423
1575706.882 5.09996952870477
1595100 4.95477403629557
1595100 4.17452171644372
1646141.765 4.77101237585049
1697183.529 4.986794419548
1748225.294 4.11582646590723
1799267.059 4.7177678354079
1850308.824 5.64321436663308
1901350.588 6.15809649091976
1952392.353 3.83046150193008
2003434.118 3.17096921813654
2054475.882 5.95411778184415
2105517.647 4.36652095632819
2156559.412 5.22411564411223
2207601.176 4.12270552553181
2258642.941 4.08998508487007
2309684.706 5.40136618533252
2360726.471 5.19636952823563
2411768.235 5.43256646794484
2462810 3.10990192628058
2513851.765 3.89414843417908
2564893.529 4.38639531420348
2615935.294 4.76396504646042
2666977.059 4.97464802857775
2718018.824 4.37287541524584
2769060.588 3.95271707455815
2820102.353 3.75650689041302
2871144.118 5.48311801323091
2922185.882 4.87459554375603
2973227.647 3.08743692442185
3024269.412 NaN
3075311.176 5.68803257264149
3126352.941 3.64056338167423
3177394.706 3.20147867639517
3228436.471 4.20682550802734
3279478.235 3.94888612061188
3330520 4.03566825393123
3381561.765 3.39421165238992
3432603.529 4.47663709283298
3483645.294 3.64364718678945
3534687.059 3.07398632241018
3585728.824 3.24207991746873
3636770.588 3.83938742199685
3687812.353 4.2875706911072
3738854.118 3.88200316345993
3789895.882 3.69209102695412
3840937.647 4.27350295153695
3891979.412 4.22556768576606
3943021.176 4.12852718797334
3994062.941 4.03138885434825
4045104.706 NaN
4096146.471 3.85587248694964
4147188.235 2.66727153032267
4198230 0.830181281740795
4198230 4.01113327212499
4332570.588 3.08912895235802
4466911.176 3.39224346836492
4601251.765 2.9379123273406
4735592.353 4.11214345445056
4869932.941 3.72392604118779
5004273.529 4.69821339189388
5138614.118 3.16651302967587
5272954.706 3.83420881022834
5407295.294 4.47411158214494
5541635.882 3.85504265238526
5675976.471 3.50918634067966
5810317.059 3.41876498813512
5944657.647 3.65103061358598
6078998.235 2.61042385031018
6213338.824 4.69069526417848
6347679.412 3.96538149672231
6482020 4.61512585919195
6616360.588 3.18162267125514
6750701.176 5.7533825484837
6885041.765 3.04547903702892
7019382.353 2.59406057115611
7153722.941 3.2283596189349
7288063.529 3.96527118550649
7422404.118 2.81783363577673
7556744.706 4.16360672120406
7691085.294 3.87367564771488
7825425.882 3.04790038107477
7959766.471 3.71278088405426
8094107.059 4.39451778647722
8228447.647 3.76986390759583
8362788.235 2.71524520158958
8497128.824 3.36573388073166
8631469.412 3.09227529646999
8765810 2.83436852412706
8900150.588 3.89154362169468
9034491.176 3.56617807305282
9168831.765 2.84763466873503
9303172.353 3.69725076270551
9437512.941 3.40055519563816
9571853.529 2.53808893629628
9706194.118 2.58359081621322
9840534.706 4.67830962021528
9974875.294 3.29072146093687
10109215.882 4.16041976302091
10243556.471 2.55596868651133
10377897.059 3.89569397326302
10512237.647 3.54800021294928
10646578.235 2.96639401492658
10780918.824 4.36928245356621
10915259.412 4.41792196028454
11049600 3.69740531838615
11049600 2.52057902294075
11403174.51 3.4905025237964
11756749.02 2.63955129938397
12110323.529 3.78543555598697
12463898.039 2.28998845041853
12817472.549 4.58798588058242
13171047.059 3.36067832541352
13524621.569 3.5711154469712
13878196.078 2.9439621096551
14231770.588 2.97358975923479
14585345.098 3.560156486444
14938919.608 2.96443553644599
15292494.118 3.44645978742246
15646068.627 3.38099703706177
15999643.137 3.14302974274974
16353217.647 3.31676512583891
16706792.157 2.80504442570567
17060366.667 0.334832860933998
17413941.176 2.4685334307943
17767515.686 2.65021749718095
18121090.196 3.31981539874077
18474664.706 2.93734782419307
18828239.216 2.63166363567712
19181813.725 2.59101282625997
19535388.235 3.21300904915855
19888962.745 3.63375927802451
20242537.255 3.60483383848503
20596111.765 2.24377285370416
20949686.275 3.37284796235554
21303260.784 3.17181579457712
21656835.294 3.06133194380917
22010409.804 2.44663260057585
22363984.314 3.24207163396376
22717558.824 2.07181255938513
23071133.333 3.04845678223092
23424707.843 3.02619355509211
23778282.353 2.57211851271542
24131856.863 2.58340592429001
24485431.373 1.92658003803924
24839005.882 3.96359114788611
25192580.392 3.74233496041527
25546154.902 3.4376908140161
25899729.412 3.59651866928343
26253303.922 2.9458289105639
26606878.431 2.36951621859028
26960452.941 2.7469319645086
27314027.451 1.93729684526918
27667601.961 3.15739375152463
28021176.471 1.52842472875684
28374750.98 2.95078113267295
28728325.49 3.37007346097109
29081900 2.68009261913566
29081900 3.23062326999413
30012498.039 2.62554035755667
30943096.078 1.66024500250862
31873694.118 2.3544236617618
32804292.157 3.07915971039447
33734890.196 2.6428356595189
34665488.235 2.66875927286405
35596086.275 3.19324066412508
36526684.314 3.03387698755022
37457282.353 2.97901503797387
38387880.392 2.88956931464576
39318478.431 2.93628403713889
40249076.471 2.63034243856059
41179674.51 3.41177660109837
42110272.549 1.42415758540604
43040870.588 2.22452083616463
43971468.627 3.34861894978079
44902066.667 2.99052435608612
45832664.706 2.64229848243536
46763262.745 3.1359846490121
47693860.784 3.4403727493164
48624458.824 3.98771907517083
49555056.863 2.63976728520187
50485654.902 3.08039201703675
51416252.941 3.09567128856648
52346850.98 3.84984556959246
53277449.02 2.00595143462956
54208047.059 2.02506781899156
55138645.098 2.59912537912368
56069243.137 3.77553215420043
56999841.176 3.25826010282346
57930439.216 2.251828894535
58861037.255 3.14072074760774
59791635.294 3.02444498292816
60722233.333 5.23282322367304
61652831.373 0.893230618691269
62583429.412 3.17552366400089
63514027.451 3.25442114546433
64444625.49 2.61409362566431
65375223.529 NaN
66305821.569 2.23168839672449
67236419.608 NaN
68167017.647 2.22342349052131
69097615.686 3.88612476587097
70028213.725 NaN
70958811.765 2.63701899002467
71889409.804 1.12716828581572
72820007.843 2.08502789715241
73750605.882 NaN
74681203.922 NaN
75611801.961 2.76851727239544
76542400 2.30715560920445
76542400 4.1775143772802
78991686.275 2.0145360838118
81440972.549 0.573041310417612
83890258.824 2.5744583883103
86339545.098 NaN
88788831.373 5.24614236578817
91238117.647 3.00148030408117
93687403.922 NaN
96136690.196 97.2987413808596
98585976.471 6.76932116851894
101035262.745 7.06294161026323
103484549.02 NaN
105933835.294 NaN
108383121.569 NaN
110832407.843 3.07469048378975
113281694.118 NaN
115730980.392 4.32625627920186
118180266.667 3.31539541618294
120629552.941 5.05653688411632
123078839.216 4.53938355367662
125528125.49 NaN
127977411.765 3.69478306474696
130426698.039 NaN
132875984.314 4.05235338321298
135325270.588 NaN
137774556.863 NaN
140223843.137 2.5890067539302
142673129.412 NaN
145122415.686 NaN
147571701.961 6.15763517239311
150020988.235 NaN
152470274.51 6.40589585709635
154919560.784 4.78457701156225
157368847.059 7.03941699562716
159818133.333 NaN
162267419.608 NaN
164716705.882 NaN
167165992.157 NaN
169615278.431 10.7818534086766
172064564.706 NaN
174513850.98 NaN
176963137.255 4.12443005907105
179412423.529 10.3770925370501
181861709.804 8.64932164809491
184310996.078 NaN
186760282.353 NaN
189209568.627 6.45592798605628
191658854.902 NaN
194108141.176 NaN
196557427.451 NaN
199006713.725 NaN
201456000 NaN
