"Frequency"	"Magnitude"
1.010000000000E+02	2.198018E+01
1.041800000000E+02	2.202348E+01
1.073610000000E+02	2.200963E+01
1.105410000000E+02	2.206551E+01
1.137210000000E+02	2.205056E+01
1.169020000000E+02	2.210610E+01
1.200820000000E+02	2.205746E+01
1.232620000000E+02	2.210209E+01
1.264430000000E+02	2.212570E+01
1.296230000000E+02	2.211440E+01
1.328030000000E+02	2.214500E+01
1.359830000000E+02	2.215644E+01
1.391640000000E+02	2.216578E+01
1.423440000000E+02	2.218164E+01
1.455240000000E+02	2.219251E+01
1.487050000000E+02	2.219123E+01
1.518850000000E+02	2.222032E+01
1.550650000000E+02	2.221796E+01
1.582460000000E+02	2.223020E+01
1.614260000000E+02	2.223220E+01
1.646060000000E+02	2.222341E+01
1.677870000000E+02	2.223451E+01
1.709670000000E+02	2.223787E+01
1.741470000000E+02	2.226016E+01
1.773280000000E+02	2.225147E+01
1.805080000000E+02	2.227851E+01
1.836880000000E+02	2.225366E+01
1.868680000000E+02	2.225363E+01
1.900490000000E+02	2.227398E+01
1.932290000000E+02	2.225877E+01
1.964090000000E+02	2.227338E+01
1.995900000000E+02	2.228195E+01
2.027700000000E+02	2.227159E+01
2.059500000000E+02	2.228102E+01
2.091310000000E+02	2.226966E+01
2.123110000000E+02	2.229719E+01
2.154910000000E+02	2.229505E+01
2.186720000000E+02	2.231098E+01
2.218520000000E+02	2.230430E+01
2.250320000000E+02	2.229035E+01
2.282130000000E+02	2.229681E+01
2.313930000000E+02	2.229829E+01
2.345730000000E+02	2.231688E+01
2.377530000000E+02	2.228818E+01
2.409340000000E+02	2.228239E+01
2.441140000000E+02	2.232411E+01
2.472940000000E+02	2.232363E+01
2.504750000000E+02	2.232421E+01
2.536550000000E+02	2.231881E+01
2.568350000000E+02	2.232525E+01
2.600160000000E+02	2.232347E+01
2.631960000000E+02	2.231274E+01
2.641960000000E+02	2.230237E+01
2.725980000000E+02	2.230777E+01
2.810010000000E+02	2.231286E+01
2.894030000000E+02	2.233935E+01
2.978060000000E+02	2.232968E+01
3.062080000000E+02	2.234350E+01
3.146110000000E+02	2.232649E+01
3.230130000000E+02	2.233924E+01
3.314150000000E+02	2.233504E+01
3.398180000000E+02	2.233848E+01
3.482200000000E+02	2.234455E+01
3.566230000000E+02	2.234811E+01
3.650250000000E+02	2.237577E+01
3.734280000000E+02	2.236352E+01
3.818300000000E+02	2.235217E+01
3.902320000000E+02	2.235118E+01
3.986350000000E+02	2.236797E+01
4.070370000000E+02	2.235540E+01
4.154400000000E+02	2.235798E+01
4.238420000000E+02	2.238483E+01
4.322450000000E+02	2.234401E+01
4.406470000000E+02	2.236665E+01
4.490490000000E+02	2.234878E+01
4.574520000000E+02	2.236069E+01
4.658540000000E+02	2.236305E+01
4.742570000000E+02	2.238821E+01
4.826590000000E+02	2.236399E+01
4.910620000000E+02	2.237698E+01
4.994640000000E+02	2.237740E+01
5.078670000000E+02	2.237316E+01
5.162690000000E+02	2.238012E+01
5.246710000000E+02	2.237068E+01
5.330740000000E+02	2.237297E+01
5.414760000000E+02	2.239642E+01
5.498790000000E+02	2.236408E+01
5.582810000000E+02	2.233730E+01
5.666840000000E+02	2.237255E+01
5.750860000000E+02	2.238850E+01
5.834880000000E+02	2.235923E+01
5.918910000000E+02	2.237060E+01
6.002930000000E+02	2.238143E+01
6.086960000000E+02	2.235703E+01
6.170980000000E+02	2.237794E+01
6.255010000000E+02	2.239200E+01
6.339030000000E+02	2.238343E+01
6.423050000000E+02	2.237087E+01
6.507080000000E+02	2.238213E+01
6.591100000000E+02	2.239026E+01
6.675130000000E+02	2.240269E+01
6.759150000000E+02	2.239423E+01
6.843180000000E+02	2.238044E+01
6.927200000000E+02	2.236536E+01
6.937200000000E+02	2.237292E+01
7.158670000000E+02	2.239701E+01
7.380140000000E+02	2.240115E+01
7.601610000000E+02	2.235640E+01
7.823070000000E+02	2.242173E+01
8.044540000000E+02	2.240687E+01
8.266010000000E+02	2.236292E+01
8.487480000000E+02	2.239531E+01
8.708950000000E+02	2.239179E+01
8.930420000000E+02	2.237224E+01
9.151890000000E+02	2.238353E+01
9.373350000000E+02	2.238708E+01
9.594820000000E+02	2.238434E+01
9.816290000000E+02	2.240368E+01
1.003776000000E+03	2.239815E+01
1.025923000000E+03	2.240717E+01
1.048070000000E+03	2.237743E+01
1.070217000000E+03	2.236971E+01
1.092364000000E+03	2.239326E+01
1.114510000000E+03	2.239254E+01
1.136657000000E+03	2.238768E+01
1.158804000000E+03	2.237507E+01
1.180951000000E+03	2.236343E+01
1.203098000000E+03	2.239855E+01
1.225245000000E+03	2.237713E+01
1.247392000000E+03	2.239272E+01
1.269538000000E+03	2.238301E+01
1.291685000000E+03	2.237609E+01
1.313832000000E+03	2.238896E+01
1.335979000000E+03	2.238251E+01
1.358126000000E+03	2.239537E+01
1.380273000000E+03	2.238189E+01
1.402420000000E+03	2.242097E+01
1.424566000000E+03	2.238728E+01
1.446713000000E+03	2.238181E+01
1.468860000000E+03	2.239432E+01
1.491007000000E+03	2.240129E+01
1.513154000000E+03	2.238304E+01
1.535301000000E+03	2.237632E+01
1.557448000000E+03	2.239741E+01
1.579595000000E+03	2.238882E+01
1.601741000000E+03	2.237218E+01
1.623888000000E+03	2.239230E+01
1.646035000000E+03	2.240405E+01
1.668182000000E+03	2.237764E+01
1.690329000000E+03	2.238052E+01
1.712476000000E+03	2.238808E+01
1.734623000000E+03	2.240025E+01
1.756769000000E+03	2.238785E+01
1.778916000000E+03	2.240105E+01
1.801063000000E+03	2.238179E+01
1.823210000000E+03	2.239003E+01
1.824210000000E+03	2.237369E+01
1.882531000000E+03	2.238319E+01
1.940853000000E+03	2.238467E+01
1.999174000000E+03	2.237155E+01
2.057495000000E+03	2.239655E+01
2.115817000000E+03	2.237548E+01
2.174138000000E+03	2.238988E+01
2.232460000000E+03	2.237359E+01
2.290781000000E+03	2.238156E+01
2.349102000000E+03	2.239361E+01
2.407424000000E+03	2.241220E+01
2.465745000000E+03	2.239987E+01
2.524066000000E+03	2.239445E+01
2.582388000000E+03	2.238957E+01
2.640709000000E+03	2.239364E+01
2.699031000000E+03	2.237939E+01
2.757352000000E+03	2.238944E+01
2.815673000000E+03	2.240273E+01
2.873995000000E+03	2.239831E+01
2.932316000000E+03	2.239013E+01
2.990637000000E+03	2.237684E+01
3.048959000000E+03	2.238751E+01
3.107280000000E+03	2.241461E+01
3.165602000000E+03	2.239720E+01
3.223923000000E+03	2.238966E+01
3.282244000000E+03	2.238762E+01
3.340566000000E+03	2.238627E+01
3.398887000000E+03	2.238722E+01
3.457208000000E+03	2.237657E+01
3.515530000000E+03	2.238131E+01
3.573851000000E+03	2.238449E+01
3.632173000000E+03	2.239904E+01
3.690494000000E+03	2.238505E+01
3.748815000000E+03	2.237098E+01
3.807137000000E+03	2.238766E+01
3.865458000000E+03	2.238885E+01
3.923779000000E+03	2.237799E+01
3.982101000000E+03	2.237541E+01
4.040422000000E+03	2.238432E+01
4.098744000000E+03	2.237469E+01
4.157065000000E+03	2.238695E+01
4.215386000000E+03	2.241305E+01
4.273708000000E+03	2.238110E+01
4.332029000000E+03	2.237133E+01
4.390350000000E+03	2.235484E+01
4.448672000000E+03	2.236382E+01
4.506993000000E+03	2.238116E+01
4.565315000000E+03	2.239442E+01
4.623636000000E+03	2.238806E+01
4.681957000000E+03	2.239508E+01
4.740279000000E+03	2.237074E+01
4.798600000000E+03	2.238941E+01
4.799600000000E+03	2.233335E+01
4.953131000000E+03	2.240778E+01
5.106663000000E+03	2.240212E+01
5.260194000000E+03	2.235582E+01
5.413725000000E+03	2.240732E+01
5.567257000000E+03	2.238660E+01
5.720788000000E+03	2.236878E+01
5.874320000000E+03	2.233650E+01
6.027851000000E+03	2.233776E+01
6.181382000000E+03	2.239389E+01
6.334914000000E+03	2.238782E+01
6.488445000000E+03	2.237377E+01
6.641976000000E+03	2.237756E+01
6.795508000000E+03	2.238777E+01
6.949039000000E+03	2.236426E+01
7.102571000000E+03	2.236220E+01
7.256102000000E+03	2.235955E+01
7.409633000000E+03	2.238647E+01
7.563165000000E+03	2.235694E+01
7.716696000000E+03	2.238834E+01
7.870227000000E+03	2.237680E+01
8.023759000000E+03	2.236658E+01
8.177290000000E+03	2.233632E+01
8.330822000000E+03	2.239986E+01
8.484353000000E+03	2.237548E+01
8.637884000000E+03	2.237803E+01
8.791416000000E+03	2.238775E+01
8.944947000000E+03	2.239085E+01
9.098478000000E+03	2.237420E+01
9.252010000000E+03	2.240422E+01
9.405541000000E+03	2.237734E+01
9.559073000000E+03	2.237797E+01
9.712604000000E+03	2.236449E+01
9.866135000000E+03	2.235934E+01
1.001966700000E+04	2.237601E+01
1.017319800000E+04	2.235621E+01
1.032672900000E+04	2.240429E+01
1.048026100000E+04	2.236593E+01
1.063379200000E+04	2.237687E+01
1.078732400000E+04	2.235646E+01
1.094085500000E+04	2.235581E+01
1.109438600000E+04	2.239174E+01
1.124791800000E+04	2.237514E+01
1.140144900000E+04	2.236561E+01
1.155498000000E+04	2.237396E+01
1.170851200000E+04	2.234578E+01
1.186204300000E+04	2.239261E+01
1.201557500000E+04	2.235806E+01
1.216910600000E+04	2.238506E+01
1.232263700000E+04	2.239087E+01
1.247616900000E+04	2.238135E+01
1.262970000000E+04	2.238838E+01
1.263070000000E+04	2.238969E+01
1.303482200000E+04	2.239235E+01
1.343894300000E+04	2.237071E+01
1.384306500000E+04	2.238044E+01
1.424718600000E+04	2.236393E+01
1.465130800000E+04	2.236481E+01
1.505542900000E+04	2.236747E+01
1.545955100000E+04	2.238417E+01
1.586367300000E+04	2.239984E+01
1.626779400000E+04	2.231370E+01
1.667191600000E+04	2.239929E+01
1.707603700000E+04	2.238342E+01
1.748015900000E+04	2.242064E+01
1.788428000000E+04	2.236061E+01
1.828840200000E+04	2.236071E+01
1.869252400000E+04	2.237114E+01
1.909664500000E+04	2.237067E+01
1.950076700000E+04	2.239127E+01
1.990488800000E+04	2.237407E+01
2.030901000000E+04	2.239490E+01
2.071313100000E+04	2.239557E+01
2.111725300000E+04	2.236873E+01
2.152137500000E+04	2.237527E+01
2.192549600000E+04	2.236929E+01
2.232961800000E+04	2.236015E+01
2.273373900000E+04	2.235834E+01
2.313786100000E+04	2.237387E+01
2.354198200000E+04	2.238874E+01
2.394610400000E+04	2.235935E+01
2.435022500000E+04	2.238083E+01
2.475434700000E+04	2.237054E+01
2.515846900000E+04	2.237710E+01
2.556259000000E+04	2.237979E+01
2.596671200000E+04	2.240177E+01
2.637083300000E+04	2.236594E+01
2.677495500000E+04	2.241601E+01
2.717907600000E+04	2.236075E+01
2.758319800000E+04	2.235353E+01
2.798732000000E+04	2.237097E+01
2.839144100000E+04	2.234412E+01
2.879556300000E+04	2.235839E+01
2.919968400000E+04	2.235868E+01
2.960380600000E+04	2.237986E+01
3.000792700000E+04	2.240370E+01
3.041204900000E+04	2.236205E+01
3.081617100000E+04	2.238199E+01
3.122029200000E+04	2.240631E+01
3.162441400000E+04	2.242102E+01
3.202853500000E+04	2.237050E+01
3.243265700000E+04	2.238143E+01
3.283677800000E+04	2.238913E+01
3.324090000000E+04	2.240071E+01
3.324190000000E+04	2.239299E+01
3.430555900000E+04	2.239571E+01
3.536921800000E+04	2.239511E+01
3.643287600000E+04	2.238134E+01
3.749653500000E+04	2.236421E+01
3.856019400000E+04	2.238474E+01
3.962385300000E+04	2.242381E+01
4.068751200000E+04	2.236011E+01
4.175117100000E+04	2.236971E+01
4.281482900000E+04	2.237949E+01
4.387848800000E+04	2.238708E+01
4.494214700000E+04	2.237929E+01
4.600580600000E+04	2.238781E+01
4.706946500000E+04	2.240168E+01
4.813312400000E+04	2.236409E+01
4.919678200000E+04	2.238693E+01
5.026044100000E+04	2.235012E+01
5.132410000000E+04	2.237288E+01
5.238775900000E+04	2.235757E+01
5.345141800000E+04	2.236604E+01
5.451507600000E+04	2.235750E+01
5.557873500000E+04	2.242697E+01
5.664239400000E+04	2.236722E+01
5.770605300000E+04	2.235625E+01
5.876971200000E+04	2.239207E+01
5.983337100000E+04	2.236033E+01
6.089702900000E+04	2.235653E+01
6.196068800000E+04	2.233404E+01
6.302434700000E+04	2.236511E+01
6.408800600000E+04	2.234029E+01
6.515166500000E+04	2.236945E+01
6.621532400000E+04	2.234209E+01
6.727898200000E+04	2.237119E+01
6.834264100000E+04	2.233944E+01
6.940630000000E+04	2.235679E+01
7.046995900000E+04	2.234716E+01
7.153361800000E+04	2.239982E+01
7.259727600000E+04	2.239887E+01
7.366093500000E+04	2.241056E+01
7.472459400000E+04	2.237587E+01
7.578825300000E+04	2.234103E+01
7.685191200000E+04	2.239062E+01
7.791557100000E+04	2.236296E+01
7.897922900000E+04	2.237018E+01
8.004288800000E+04	2.237511E+01
8.110654700000E+04	2.240131E+01
8.217020600000E+04	2.238761E+01
8.323386500000E+04	2.235660E+01
8.429752400000E+04	2.236683E+01
8.536118200000E+04	2.240031E+01
8.642484100000E+04	2.238188E+01
8.748850000000E+04	2.243219E+01
8.748950000000E+04	2.242533E+01
9.028903900000E+04	2.234493E+01
9.308857800000E+04	2.232853E+01
9.588811800000E+04	2.235902E+01
9.868765700000E+04	2.232031E+01
1.014871960000E+05	2.231320E+01
1.042867350000E+05	2.241378E+01
1.070862750000E+05	2.243690E+01
1.098858140000E+05	2.237368E+01
1.126853530000E+05	2.225777E+01
1.154848920000E+05	2.235642E+01
1.182844310000E+05	2.232092E+01
1.210839710000E+05	2.232080E+01
1.238835100000E+05	2.236859E+01
1.266830490000E+05	2.235823E+01
1.294825880000E+05	2.232398E+01
1.322821270000E+05	2.233691E+01
1.350816670000E+05	2.238108E+01
1.378812060000E+05	2.237418E+01
1.406807450000E+05	2.236196E+01
1.434802840000E+05	2.237794E+01
1.462798240000E+05	2.236779E+01
1.490793630000E+05	2.237979E+01
1.518789020000E+05	2.235703E+01
1.546784410000E+05	2.236648E+01
1.574779800000E+05	2.235019E+01
1.602775200000E+05	2.235066E+01
1.630770590000E+05	2.237827E+01
1.658765980000E+05	2.245707E+01
1.686761370000E+05	2.236509E+01
1.714756760000E+05	2.243032E+01
1.742752160000E+05	2.232297E+01
1.770747550000E+05	2.235923E+01
1.798742940000E+05	2.243324E+01
1.826738330000E+05	2.236586E+01
1.854733730000E+05	2.244586E+01
1.882729120000E+05	2.239776E+01
1.910724510000E+05	2.235526E+01
1.938719900000E+05	2.238235E+01
1.966715290000E+05	2.235936E+01
1.994710690000E+05	2.235088E+01
2.022706080000E+05	2.236604E+01
2.050701470000E+05	2.233023E+01
2.078696860000E+05	2.239471E+01
2.106692250000E+05	2.232444E+01
2.134687650000E+05	2.231538E+01
2.162683040000E+05	2.236489E+01
2.190678430000E+05	2.238024E+01
2.218673820000E+05	2.231429E+01
2.246669220000E+05	2.231909E+01
2.274664610000E+05	2.230910E+01
2.302660000000E+05	2.229617E+01
2.302670000000E+05	2.235541E+01
2.376352940000E+05	2.228922E+01
2.450035880000E+05	2.240217E+01
2.523718820000E+05	2.230869E+01
2.597401760000E+05	2.237784E+01
2.671084710000E+05	2.240624E+01
2.744767650000E+05	2.232160E+01
2.818450590000E+05	2.232821E+01
2.892133530000E+05	2.240080E+01
2.965816470000E+05	2.228578E+01
3.039499410000E+05	2.232857E+01
3.113182350000E+05	2.236030E+01
3.186865290000E+05	2.234232E+01
3.260548240000E+05	2.236291E+01
3.334231180000E+05	2.236264E+01
3.407914120000E+05	2.232349E+01
3.481597060000E+05	2.237759E+01
3.555280000000E+05	2.236258E+01
3.628962940000E+05	2.235108E+01
3.702645880000E+05	2.225521E+01
3.776328820000E+05	2.239070E+01
3.850011760000E+05	2.229590E+01
3.923694710000E+05	2.236913E+01
3.997377650000E+05	2.226085E+01
4.071060590000E+05	2.235153E+01
4.144743530000E+05	2.234253E+01
4.218426470000E+05	2.230090E+01
4.292109410000E+05	2.235410E+01
4.365792350000E+05	2.233496E+01
4.439475290000E+05	2.231217E+01
4.513158240000E+05	2.234224E+01
4.586841180000E+05	2.233469E+01
4.660524120000E+05	2.236578E+01
4.734207060000E+05	2.235394E+01
4.807890000000E+05	2.228940E+01
4.881572940000E+05	2.226205E+01
4.955255880000E+05	2.233677E+01
5.028938820000E+05	2.234757E+01
5.102621760000E+05	2.240080E+01
5.176304710000E+05	2.227608E+01
5.249987650000E+05	2.235871E+01
5.323670590000E+05	2.238588E+01
5.397353530000E+05	2.239010E+01
5.471036470000E+05	2.235289E+01
5.544719410000E+05	2.243608E+01
5.618402350000E+05	2.229569E+01
5.692085290000E+05	2.235679E+01
5.765768240000E+05	2.231014E+01
5.839451180000E+05	2.235070E+01
5.913134120000E+05	2.238626E+01
5.986817060000E+05	2.226895E+01
6.060500000000E+05	2.234841E+01
6.060510000000E+05	2.229920E+01
6.254441180000E+05	2.235239E+01
6.448372350000E+05	2.231381E+01
6.642303530000E+05	2.235552E+01
6.836234710000E+05	2.234170E+01
7.030165880000E+05	2.233070E+01
7.224097060000E+05	2.235867E+01
7.418028240000E+05	2.231323E+01
7.611959410000E+05	2.230322E+01
7.805890590000E+05	2.233649E+01
7.999821760000E+05	2.233321E+01
8.193752940000E+05	2.241068E+01
8.387684120000E+05	2.232908E+01
8.581615290000E+05	2.234034E+01
8.775546470000E+05	2.235342E+01
8.969477650000E+05	2.239308E+01
9.163408820000E+05	2.238870E+01
9.357340000000E+05	2.239145E+01
9.551271180000E+05	2.232381E+01
9.745202350000E+05	2.242223E+01
9.939133530000E+05	2.239934E+01
1.013306471000E+06	2.237986E+01
1.032699588000E+06	2.233492E+01
1.052092706000E+06	2.233455E+01
1.071485824000E+06	2.235069E+01
1.090878941000E+06	2.238848E+01
1.110272059000E+06	2.239238E+01
1.129665176000E+06	2.242938E+01
1.149058294000E+06	2.231716E+01
1.168451412000E+06	2.241480E+01
1.187844529000E+06	2.230335E+01
1.207237647000E+06	2.232269E+01
1.226630765000E+06	2.237100E+01
1.246023882000E+06	2.237507E+01
1.265417000000E+06	2.238249E+01
1.284810118000E+06	2.236723E+01
1.304203235000E+06	2.237663E+01
1.323596353000E+06	2.242698E+01
1.342989471000E+06	2.235119E+01
1.362382588000E+06	2.242536E+01
1.381775706000E+06	2.237054E+01
1.401168824000E+06	2.238070E+01
1.420561941000E+06	2.244704E+01
1.439955059000E+06	2.235225E+01
1.459348176000E+06	2.241570E+01
1.478741294000E+06	2.234211E+01
1.498134412000E+06	2.238225E+01
1.517527529000E+06	2.232701E+01
1.536920647000E+06	2.234230E+01
1.556313765000E+06	2.235394E+01
1.575706882000E+06	2.234934E+01
1.595100000000E+06	2.233706E+01
1.595100000000E+06	2.240461E+01
1.646141765000E+06	2.241570E+01
1.697183529000E+06	2.232643E+01
1.748225294000E+06	2.243683E+01
1.799267059000E+06	2.236769E+01
1.850308824000E+06	2.240988E+01
1.901350588000E+06	2.242011E+01
1.952392353000E+06	2.240136E+01
2.003434118000E+06	2.232593E+01
2.054475882000E+06	2.235049E+01
2.105517647000E+06	2.244398E+01
2.156559412000E+06	2.241898E+01
2.207601176000E+06	2.239727E+01
2.258642941000E+06	2.238682E+01
2.309684706000E+06	2.242114E+01
2.360726471000E+06	2.240775E+01
2.411768235000E+06	2.241665E+01
2.462810000000E+06	2.229319E+01
2.513851765000E+06	2.237792E+01
2.564893529000E+06	2.241171E+01
2.615935294000E+06	2.242384E+01
2.666977059000E+06	2.237078E+01
2.718018824000E+06	2.238720E+01
2.769060588000E+06	2.244034E+01
2.820102353000E+06	2.241361E+01
2.871144118000E+06	2.239726E+01
2.922185882000E+06	2.241087E+01
2.973227647000E+06	2.244978E+01
3.024269412000E+06	2.242982E+01
3.075311176000E+06	2.245930E+01
3.126352941000E+06	2.230098E+01
3.177394706000E+06	2.237668E+01
3.228436471000E+06	2.241636E+01
3.279478235000E+06	2.242923E+01
3.330520000000E+06	2.243308E+01
3.381561765000E+06	2.238867E+01
3.432603529000E+06	2.248942E+01
3.483645294000E+06	2.239617E+01
3.534687059000E+06	2.240948E+01
3.585728824000E+06	2.236947E+01
3.636770588000E+06	2.239357E+01
3.687812353000E+06	2.243562E+01
3.738854118000E+06	2.240831E+01
3.789895882000E+06	2.236471E+01
3.840937647000E+06	2.247340E+01
3.891979412000E+06	2.243484E+01
3.943021176000E+06	2.247112E+01
3.994062941000E+06	2.238191E+01
4.045104706000E+06	2.238697E+01
4.096146471000E+06	2.241775E+01
4.147188235000E+06	2.249600E+01
4.198230000000E+06	2.239998E+01
4.198230000000E+06	2.240763E+01
4.332570588000E+06	2.242656E+01
4.466911176000E+06	2.245492E+01
4.601251765000E+06	2.239355E+01
4.735592353000E+06	2.236930E+01
4.869932941000E+06	2.242952E+01
5.004273529000E+06	2.249834E+01
5.138614118000E+06	2.244241E+01
5.272954706000E+06	2.245164E+01
5.407295294000E+06	2.248579E+01
5.541635882000E+06	2.241402E+01
5.675976471000E+06	2.240346E+01
5.810317059000E+06	2.243867E+01
5.944657647000E+06	2.242456E+01
6.078998235000E+06	2.241236E+01
6.213338824000E+06	2.246092E+01
6.347679412000E+06	2.248025E+01
6.482020000000E+06	2.245505E+01
6.616360588000E+06	2.242299E+01
6.750701176000E+06	2.239352E+01
6.885041765000E+06	2.246898E+01
7.019382353000E+06	2.250690E+01
7.153722941000E+06	2.244860E+01
7.288063529000E+06	2.246372E+01
7.422404118000E+06	2.240586E+01
7.556744706000E+06	2.248164E+01
7.691085294000E+06	2.241493E+01
7.825425882000E+06	2.260949E+01
7.959766471000E+06	2.255040E+01
8.094107059000E+06	2.252658E+01
8.228447647000E+06	2.248367E+01
8.362788235000E+06	2.248609E+01
8.497128824000E+06	2.257312E+01
8.631469412000E+06	2.262668E+01
8.765810000000E+06	2.263172E+01
8.900150588000E+06	2.256389E+01
9.034491176000E+06	2.245018E+01
9.168831765000E+06	2.252876E+01
9.303172353000E+06	2.262727E+01
9.437512941000E+06	2.254502E+01
9.571853529000E+06	2.254404E+01
9.706194118000E+06	2.261101E+01
9.840534706000E+06	2.265160E+01
9.974875294000E+06	2.265196E+01
1.010921588200E+07	2.253797E+01
1.024355647100E+07	2.264264E+01
1.037789705900E+07	2.265741E+01
1.051223764700E+07	2.257076E+01
1.064657823500E+07	2.266189E+01
1.078091882400E+07	2.260011E+01
1.091525941200E+07	2.266295E+01
1.104960000000E+07	2.273564E+01
1.104960000000E+07	2.267259E+01
1.140317451000E+07	2.267371E+01
1.175674902000E+07	2.273062E+01
1.211032352900E+07	2.272313E+01
1.246389803900E+07	2.279076E+01
1.281747254900E+07	2.280167E+01
1.317104705900E+07	2.278070E+01
1.352462156900E+07	2.277021E+01
1.387819607800E+07	2.286101E+01
1.423177058800E+07	2.282427E+01
1.458534509800E+07	2.291589E+01
1.493891960800E+07	2.290740E+01
1.529249411800E+07	2.300067E+01
1.564606862700E+07	2.295992E+01
1.599964313700E+07	2.299784E+01
1.635321764700E+07	2.302967E+01
1.670679215700E+07	2.308965E+01
1.706036666700E+07	2.309535E+01
1.741394117600E+07	2.305745E+01
1.776751568600E+07	2.309389E+01
1.812109019600E+07	2.314889E+01
1.847466470600E+07	2.321354E+01
1.882823921600E+07	2.330537E+01
1.918181372500E+07	2.329774E+01
1.953538823500E+07	2.339024E+01
1.988896274500E+07	2.328611E+01
2.024253725500E+07	2.337962E+01
2.059611176500E+07	2.338450E+01
2.094968627500E+07	2.353143E+01
2.130326078400E+07	2.347118E+01
2.165683529400E+07	2.351969E+01
2.201040980400E+07	2.354727E+01
2.236398431400E+07	2.362879E+01
2.271755882400E+07	2.361982E+01
2.307113333300E+07	2.365269E+01
2.342470784300E+07	2.377650E+01
2.377828235300E+07	2.374021E+01
2.413185686300E+07	2.377019E+01
2.448543137300E+07	2.386623E+01
2.483900588200E+07	2.389689E+01
2.519258039200E+07	2.396937E+01
2.554615490200E+07	2.391603E+01
2.589972941200E+07	2.399721E+01
2.625330392200E+07	2.408355E+01
2.660687843100E+07	2.403236E+01
2.696045294100E+07	2.412676E+01
2.731402745100E+07	2.416648E+01
2.766760196100E+07	2.418875E+01
2.802117647100E+07	2.426709E+01
2.837475098000E+07	2.432859E+01
2.872832549000E+07	2.428450E+01
2.908190000000E+07	2.438661E+01
2.908190000000E+07	2.440140E+01
3.001249803900E+07	2.448064E+01
3.094309607800E+07	2.462307E+01
3.187369411800E+07	2.470650E+01
3.280429215700E+07	2.486505E+01
3.373489019600E+07	2.487914E+01
3.466548823500E+07	2.506761E+01
3.559608627500E+07	2.510354E+01
3.652668431400E+07	2.516351E+01
3.745728235300E+07	2.523612E+01
3.838788039200E+07	2.528300E+01
3.931847843100E+07	2.528848E+01
4.024907647100E+07	2.527656E+01
4.117967451000E+07	2.529037E+01
4.211027254900E+07	2.537624E+01
4.304087058800E+07	2.527771E+01
4.397146862700E+07	2.519848E+01
4.490206666700E+07	2.511410E+01
4.583266470600E+07	2.495808E+01
4.676326274500E+07	2.480383E+01
4.769386078400E+07	2.469805E+01
4.862445882400E+07	2.455685E+01
4.955505686300E+07	2.438304E+01
5.048565490200E+07	2.403722E+01
5.141625294100E+07	2.385592E+01
5.234685098000E+07	2.355275E+01
5.327744902000E+07	2.328736E+01
5.420804705900E+07	2.304496E+01
5.513864509800E+07	2.279381E+01
5.606924313700E+07	2.248519E+01
5.699984117600E+07	2.218056E+01
5.793043921600E+07	2.181892E+01
5.886103725500E+07	2.157020E+01
5.979163529400E+07	2.114581E+01
6.072223333300E+07	2.083769E+01
6.165283137300E+07	2.051013E+01
6.258342941200E+07	2.018978E+01
6.351402745100E+07	1.988282E+01
6.444462549000E+07	1.956351E+01
6.537522352900E+07	1.932315E+01
6.630582156900E+07	1.892830E+01
6.723641960800E+07	1.862882E+01
6.816701764700E+07	1.836238E+01
6.909761568600E+07	1.807946E+01
7.002821372500E+07	1.769208E+01
7.095881176500E+07	1.745724E+01
7.188940980400E+07	1.712005E+01
7.282000784300E+07	1.686552E+01
7.375060588200E+07	1.658191E+01
7.468120392200E+07	1.625833E+01
7.561180196100E+07	1.605183E+01
7.654240000000E+07	1.583699E+01
7.654240000000E+07	1.580473E+01
7.899168627500E+07	1.513806E+01
8.144097254900E+07	1.451586E+01
8.389025882400E+07	1.394108E+01
8.633954509800E+07	1.340422E+01
8.878883137300E+07	1.277229E+01
9.123811764700E+07	1.230717E+01
9.368740392200E+07	1.184436E+01
9.613669019600E+07	1.138176E+01
9.858597647100E+07	1.098234E+01
1.010352627450E+08	1.055825E+01
1.034845490200E+08	1.011318E+01
1.059338352940E+08	9.762317E+00
1.083831215690E+08	9.344448E+00
1.108324078430E+08	8.907071E+00
1.132816941180E+08	8.526781E+00
1.157309803920E+08	8.152816E+00
1.181802666670E+08	7.697515E+00
1.206295529410E+08	7.200410E+00
1.230788392160E+08	6.892431E+00
1.255281254900E+08	6.343471E+00
1.279774117650E+08	5.965059E+00
1.304266980390E+08	5.393371E+00
1.328759843140E+08	4.925348E+00
1.353252705880E+08	4.395879E+00
1.377745568630E+08	4.113070E+00
1.402238431370E+08	3.626924E+00
1.426731294120E+08	3.130105E+00
1.451224156860E+08	2.707405E+00
1.475717019610E+08	2.260691E+00
1.500209882350E+08	1.775338E+00
1.524702745100E+08	1.414543E+00
1.549195607840E+08	9.743752E-01
1.573688470590E+08	7.576272E-01
1.598181333330E+08	2.148960E-01
1.622674196080E+08	-1.083019E-01
1.647167058820E+08	-3.557415E-01
1.671659921570E+08	-7.480603E-01
1.696152784310E+08	-9.790041E-01
1.720645647060E+08	-1.304347E+00
1.745138509800E+08	-1.332177E+00
1.769631372550E+08	-1.680593E+00
1.794124235290E+08	-1.878920E+00
1.818617098040E+08	-2.161915E+00
1.843109960780E+08	-2.185638E+00
1.867602823530E+08	-2.121864E+00
1.892095686270E+08	-2.385970E+00
1.916588549020E+08	-2.303864E+00
1.941081411760E+08	-2.215784E+00
1.965574274510E+08	-2.319335E+00
1.990067137250E+08	-2.283739E+00
2.014560000000E+08	-2.246586E+00
