101 9.05698101253059e-06
104.18 9.10313794595001e-06
107.361 9.3376146579679e-06
110.541 9.40616381385908e-06
113.721 9.64982554744753e-06
116.902 9.89275976607595e-06
120.082 9.1274659149541e-06
123.262 7.85389421562442e-06
126.443 7.73839285299274e-06
129.623 7.98092234608975e-06
132.803 7.64450601304553e-06
135.983 6.55350576535314e-06
139.164 7.0947449735044e-06
142.344 6.83965181497061e-06
145.524 5.77302731076244e-06
148.705 5.77355610131226e-06
151.885 5.15468971416748e-06
155.065 5.42820807565931e-06
158.246 4.88609189045529e-06
161.426 6.78635210708728e-06
164.606 6.93104019068204e-06
167.787 7.82215629623868e-06
170.967 9.80042996449976e-06
174.147 9.98399623780845e-06
177.328 8.35469610619956e-06
180.508 7.01337335402513e-06
183.688 6.23298298324763e-06
186.868 5.65619836300879e-06
190.049 6.41794712208177e-06
193.229 6.16711147183034e-06
196.409 5.13358220590594e-06
199.59 4.83137232406371e-06
202.77 5.59359767468918e-06
205.95 6.42895394882138e-06
209.131 5.8672767216183e-06
212.311 6.43886741123142e-06
215.491 6.74837982336537e-06
218.672 6.66828258924708e-06
221.852 5.6119248858234e-06
225.032 6.2977847706854e-06
228.213 6.22785911591156e-06
231.393 6.39542599787843e-06
234.573 5.75954993192366e-06
237.753 6.64788977240437e-06
240.934 5.92520670553183e-06
244.114 4.88941954791878e-06
247.294 5.36729083014327e-06
250.475 6.71300673851598e-06
253.655 6.4777959759906e-06
256.835 5.77093978937192e-06
260.016 4.81617477019107e-06
263.196 4.60955766131666e-06
264.196 6.49115506089351e-06
272.598 5.71217274689892e-06
281.001 4.90404393260276e-06
289.403 5.05090587966276e-06
297.806 5.43784457506757e-06
306.208 5.65683078821721e-06
314.611 5.60207047810513e-06
323.013 5.49757519700542e-06
331.415 5.4242713930469e-06
339.818 5.50061967730443e-06
348.22 5.43555674603074e-06
356.623 4.35094035420533e-06
365.025 3.36094601395321e-06
373.428 3.45644641678589e-06
381.83 4.73075417409237e-06
390.232 4.99084916561893e-06
398.635 4.59175529120496e-06
407.037 4.3253757244614e-06
415.44 4.32358734159965e-06
423.842 3.63722942376081e-06
432.245 3.11918402121599e-06
440.647 2.53385312595827e-06
449.049 2.59949366173338e-06
457.452 2.79923429808887e-06
465.854 2.95526228429328e-06
474.257 2.86582887609079e-06
482.659 2.9295674303023e-06
491.062 3.05909015526419e-06
499.464 3.57031413126235e-06
507.867 4.66601678499002e-06
516.269 5.11765389777609e-06
524.671 5.20544595963529e-06
533.074 4.38203916975603e-06
541.476 4.11338040665747e-06
549.879 4.39448571885871e-06
558.281 4.45858918751445e-06
566.684 4.27064063808032e-06
575.086 3.44417673027659e-06
583.488 2.86617626446127e-06
591.891 2.73132455033542e-06
600.293 3.08440721520507e-06
608.696 3.59321663112451e-06
617.098 4.38028223826326e-06
625.501 4.13621118792247e-06
633.903 3.35888333792601e-06
642.305 2.2469095086562e-06
650.708 2.36959613203459e-06
659.11 2.83515729081642e-06
667.513 3.45867911905756e-06
675.915 3.51416988841367e-06
684.318 3.87907851089578e-06
692.72 4.17886421355039e-06
693.72 4.22692984721535e-06
715.867 4.29815153869244e-06
738.014 4.32674590159402e-06
760.161 3.8708775710956e-06
782.307 3.6719749549988e-06
804.454 3.01748885333557e-06
826.601 3.1259287866994e-06
848.748 2.7987464737885e-06
870.895 3.56393502123869e-06
893.042 3.52195750499551e-06
915.189 3.25268949522084e-06
937.335 3.10587714936811e-06
959.482 2.75188234277529e-06
981.629 2.93600262515735e-06
1003.776 3.34824459854404e-06
1025.923 3.25151220723677e-06
1048.07 3.16897367931498e-06
1070.217 2.33994035581163e-06
1092.364 3.43842243408676e-06
1114.51 3.1592113032343e-06
1136.657 3.34645429392771e-06
1158.804 3.07584738206995e-06
1180.951 2.36581134274349e-06
1203.098 2.73035102920409e-06
1225.245 1.75865455345914e-06
1247.392 2.0691379321881e-06
1269.538 2.77896509033628e-06
1291.685 2.73956396983167e-06
1313.832 2.15911459513407e-06
1335.979 2.66598869130305e-06
1358.126 2.34949271031729e-06
1380.273 2.48115778814601e-06
1402.42 2.89667157191465e-06
1424.566 2.22272463222253e-06
1446.713 2.82097612335347e-06
1468.86 2.27020717089652e-06
1491.007 2.51190863254905e-06
1513.154 2.64001753017168e-06
1535.301 2.97946480163216e-06
1557.448 2.25908833941078e-06
1579.595 2.31849608721764e-06
1601.741 2.90115178589332e-06
1623.888 3.472654274957e-06
1646.035 2.38692808648497e-06
1668.182 2.85350162231252e-06
1690.329 1.91599817605752e-06
1712.476 2.32706002088424e-06
1734.623 1.88886222966519e-06
1756.769 1.41617878685686e-06
1778.916 2.60397112613513e-06
1801.063 2.45157133625636e-06
1823.21 2.23319654274739e-06
1824.21 1.98655850456516e-06
1882.531 2.39158406597359e-06
1940.853 2.65098730266907e-06
1999.174 2.14516424367645e-06
2057.495 2.35199627900614e-06
2115.817 2.50630196227169e-06
2174.138 2.30534021512783e-06
2232.46 1.97556488272096e-06
2290.781 2.13102086135349e-06
2349.102 1.86750588315325e-06
2407.424 1.83186011448271e-06
2465.745 2.24280495885398e-06
2524.066 2.18633175978176e-06
2582.388 1.46474122977711e-06
2640.709 1.43052231602983e-06
2699.031 1.43909569923082e-06
2757.352 1.78009270358752e-06
2815.673 1.56123234323727e-06
2873.995 2.14031387677249e-06
2932.316 1.89954416790849e-06
2990.637 1.16680636235271e-06
3048.959 1.59053107664098e-06
3107.28 1.48706592604905e-06
3165.602 1.398258852733e-06
3223.923 1.47446388783984e-06
3282.244 1.56461872154543e-06
3340.566 2.0855157071757e-06
3398.887 1.85499726145598e-06
3457.208 1.50315476410321e-06
3515.53 1.76401596379402e-06
3573.851 1.82125765141799e-06
3632.173 1.28023861112412e-06
3690.494 1.41861453202386e-06
3748.815 1.34646271244962e-06
3807.137 1.42366260570972e-06
3865.458 1.19144316638192e-06
3923.779 1.97550383895066e-06
3982.101 1.5764593775754e-06
4040.422 1.20093214796422e-06
4098.744 1.48469739648076e-06
4157.065 1.82498604920654e-06
4215.386 1.82009169590881e-06
4273.708 1.36718752109856e-06
4332.029 1.77221538969304e-06
4390.35 1.70885958166272e-06
4448.672 1.44442949273973e-06
4506.993 1.62300878526745e-06
4565.315 1.7583664405805e-06
4623.636 1.43878460937613e-06
4681.957 1.34729513075863e-06
4740.279 1.15611650357252e-06
4798.6 1.49351594509225e-06
4799.6 1.88835351323369e-06
4953.131 1.78887073697482e-06
5106.663 1.48322019300572e-06
5260.194 1.35245430532588e-06
5413.725 1.53865220314002e-06
5567.257 1.0568443742679e-06
5720.788 1.08185167963541e-06
5874.32 1.04602377530767e-06
6027.851 1.58194225674442e-06
6181.382 1.55749989245346e-06
6334.914 1.80471084398939e-06
6488.445 1.77897148541812e-06
6641.976 1.49112496985395e-06
6795.508 1.0739505755086e-06
6949.039 1.11518359205027e-06
7102.571 1.16718135163821e-06
7256.102 1.2709953631096e-06
7409.633 1.46656084566372e-06
7563.165 1.32661478856993e-06
7716.696 8.71260574869753e-07
7870.227 8.04137476926741e-07
8023.759 1.24071486708227e-06
8177.29 1.17568129045774e-06
8330.822 9.45487933798333e-07
8484.353 1.11985911625997e-06
8637.884 1.32319275115945e-06
8791.416 1.1259161130538e-06
8944.947 7.79289967519343e-07
9098.478 1.09836253373995e-06
9252.01 1.15995879064176e-06
9405.541 8.73013411525458e-07
9559.073 9.41400696466401e-07
9712.604 1.3179705623719e-06
9866.135 1.34087604952117e-06
10019.667 1.36523408114172e-06
10173.198 1.22463983323984e-06
10326.729 1.05188470096745e-06
10480.261 1.02967738105729e-06
10633.792 9.42435196765337e-07
10787.324 1.18981326575255e-06
10940.855 1.11194678414991e-06
11094.386 1.06857331932771e-06
11247.918 1.16264972221662e-06
11401.449 1.11049185470088e-06
11554.98 8.18393661680887e-07
11708.512 1.16748467367089e-06
11862.043 9.25812111581993e-07
12015.575 8.29424415878769e-07
12169.106 9.42857952369497e-07
12322.637 7.71329661652129e-07
12476.169 9.97018234802065e-07
12629.7 1.18769742841498e-06
12630.7 1.22259297086097e-06
13034.822 1.11049893393965e-06
13438.943 1.01256773824789e-06
13843.065 9.24318500091987e-07
14247.186 9.18908852298768e-07
14651.308 9.3302256111854e-07
15055.429 9.65356017916974e-07
15459.551 9.81341242908005e-07
15863.673 8.95471045300122e-07
16267.794 8.38071920283595e-07
16671.916 7.15405862338378e-07
17076.037 7.83238043487297e-07
17480.159 8.41410715451883e-07
17884.28 8.24743937316502e-07
18288.402 7.66777686207232e-07
18692.524 8.12664702326007e-07
19096.645 8.42160940217518e-07
19500.767 8.31898424611911e-07
19904.888 5.90895231220696e-07
20309.01 5.27065882506758e-07
20713.131 6.7855216499398e-07
21117.253 7.0399543680748e-07
21521.375 7.71885132820169e-07
21925.496 8.92407408934319e-07
22329.618 1.00523148565194e-06
22733.739 1.01950922209222e-06
23137.861 9.46029717312221e-07
23541.982 8.82862371412604e-07
23946.104 7.58170466042448e-07
24350.225 6.38624558652135e-07
24754.347 6.4216835549689e-07
25158.469 6.36702907839541e-07
25562.59 7.02647901707855e-07
25966.712 7.88970759884598e-07
26370.833 7.79139116878762e-07
26774.955 7.22122323593668e-07
27179.076 6.16334973816923e-07
27583.198 5.08233980235722e-07
27987.32 4.96697100020001e-07
28391.441 3.24994728500396e-07
28795.563 5.86028301223571e-07
29199.684 5.82674213391e-07
29603.806 5.63256829448034e-07
30007.927 5.89987781363194e-07
30412.049 6.31269258630242e-07
30816.171 7.5196277441344e-07
31220.292 8.37724677619094e-07
31624.414 7.97515133308688e-07
32028.535 7.96216503507472e-07
32432.657 6.26730153245359e-07
32836.778 5.19503008454956e-07
33240.9 5.40752402416751e-07
33241.9 5.45086977525919e-07
34305.559 5.43073573552869e-07
35369.218 5.21884287663905e-07
36432.876 6.27629180851808e-07
37496.535 6.239960502807e-07
38560.194 6.01525516219944e-07
39623.853 5.52007937778704e-07
40687.512 5.28099544109804e-07
41751.171 5.11829201363912e-07
42814.829 6.67046584298128e-07
43878.488 7.05504006445656e-07
44942.147 6.01692155406673e-07
46005.806 4.98805009290114e-07
47069.465 4.47401673696272e-07
48133.124 4.7035499858239e-07
49196.782 5.11452292535616e-07
50260.441 4.84792452921656e-07
51324.1 4.7279108790745e-07
52387.759 4.77560049616627e-07
53451.418 4.91846352141266e-07
54515.076 6.10710278114721e-07
55578.735 6.64874293366046e-07
56642.394 6.1432120430587e-07
57706.053 6.2448760345147e-07
58769.712 6.26489382637524e-07
59833.371 6.13901611209145e-07
60897.029 5.96911504276019e-07
61960.688 5.86549216368327e-07
63024.347 5.44026147970794e-07
64088.006 5.02162495238472e-07
65151.665 4.45559127823186e-07
66215.324 4.8330047859825e-07
67278.982 5.11293616756018e-07
68342.641 5.23758643044079e-07
69406.3 5.2962808783803e-07
70469.959 5.31132239148576e-07
71533.618 4.93524070366562e-07
72597.276 4.24076276740126e-07
73660.935 4.06045051523705e-07
74724.594 4.19119261388194e-07
75788.253 4.20291900990728e-07
76851.912 5.39523047112853e-07
77915.571 6.31516963166137e-07
78979.229 6.84630269905794e-07
80042.888 6.54227429068246e-07
81106.547 5.83384204281295e-07
82170.206 5.20144776331859e-07
83233.865 4.98589908754952e-07
84297.524 4.91911075184454e-07
85361.182 4.7156941251351e-07
86424.841 4.66708160394727e-07
87488.5 4.64915578600883e-07
87489.5 4.78313463235013e-07
90289.039 4.55260891227697e-07
93088.578 4.03187218395633e-07
95888.118 4.2981854425724e-07
98687.657 4.21461585467893e-07
101487.196 4.17727597967689e-07
104286.735 3.92540009457622e-07
107086.275 3.33077148084916e-07
109885.814 3.36738946670455e-07
112685.353 3.77267277556343e-07
115484.892 3.63383611872344e-07
118284.431 2.99734009382903e-07
121083.971 2.42378119048297e-07
123883.51 2.6775467370288e-07
126683.049 3.27097402236322e-07
129482.588 3.28893512218807e-07
132282.127 3.19586918032362e-07
135081.667 3.39064267042603e-07
137881.206 3.6868835225025e-07
140680.745 4.10366928055369e-07
143480.284 4.13719060970875e-07
146279.824 3.85359083449212e-07
149079.363 3.64451748652905e-07
151878.902 3.35426462931341e-07
154678.441 3.45694530653798e-07
157477.98 3.33900487986988e-07
160277.52 3.11770672786008e-07
163077.059 2.38490450676143e-07
165876.598 2.56429411121748e-07
168676.137 2.77039145198291e-07
171475.676 2.76961426311157e-07
174275.216 2.76948571227598e-07
177074.755 2.69294752161027e-07
179874.294 2.39016870744724e-07
182673.833 2.52481810071002e-07
185473.373 2.55473304547065e-07
188272.912 2.47376816163564e-07
191072.451 2.59523736028503e-07
193871.99 2.56062261950468e-07
196671.529 2.89264667973813e-07
199471.069 3.09733677494223e-07
202270.608 3.15943426588617e-07
205070.147 3.16403093007816e-07
207869.686 2.4552519489061e-07
210669.225 2.8595472650647e-07
213468.765 2.9927355697095e-07
216268.304 3.29989998935786e-07
219067.843 3.35413877730563e-07
221867.382 2.71765391749368e-07
224666.922 2.48663141914835e-07
227466.461 2.68109656717694e-07
230266 2.75580670099505e-07
230267 2.5866242407529e-07
237635.294 2.48756308976398e-07
245003.588 2.93622418589e-07
252371.882 3.61008386521366e-07
259740.176 2.12222451426814e-07
267108.471 2.49332043545162e-07
274476.765 2.29428184195313e-07
281845.059 3.19573031548439e-07
289213.353 2.3666156799208e-07
296581.647 2.96347878323962e-07
303949.941 2.53233229731078e-07
311318.235 2.41874432434095e-07
318686.529 2.42560278145104e-07
326054.824 2.49390919282883e-07
333423.118 2.38108872957339e-07
340791.412 2.07716924535454e-07
348159.706 1.96224982551011e-07
355528 2.74802684584398e-07
362896.294 1.79843945943133e-07
370264.588 1.59199285120235e-07
377632.882 1.72756860416958e-07
385001.176 2.34764350577953e-07
392369.471 2.48412050495686e-07
399737.765 2.4469220144105e-07
407106.059 1.58817071841931e-07
414474.353 2.43571455316607e-07
421842.647 2.40205788553923e-07
429210.941 1.78515524079873e-07
436579.235 1.56997352970862e-07
443947.529 1.82888684125079e-07
451315.824 1.85595442284539e-07
458684.118 2.14227874768177e-07
466052.412 2.15377941161207e-07
473420.706 2.0063685992932e-07
480789 1.65962552943951e-07
488157.294 1.86157824090365e-07
495525.588 1.92377493325345e-07
502893.882 1.76402360502646e-07
510262.176 2.65797987425592e-07
517630.471 1.81708318610969e-07
524998.765 1.61363278692953e-07
532367.059 1.69271037849509e-07
539735.353 1.32968739710055e-07
547103.647 1.93914255445018e-07
554471.941 1.92312754775506e-07
561840.235 1.5312900303269e-07
569208.529 1.6089623178782e-07
576576.824 1.9507100919601e-07
583945.118 1.85466619777953e-07
591313.412 1.80111535159887e-07
598681.706 1.2531426897301e-07
606050 1.40639054361189e-07
606051 2.22140433119267e-07
625444.118 1.83653339324085e-07
644837.235 1.66931116799109e-07
664230.353 1.59510270334625e-07
683623.471 1.75120640422076e-07
703016.588 1.33355962147367e-07
722409.706 1.48265866099076e-07
741802.824 1.55675487592169e-07
761195.941 1.44158452170797e-07
780589.059 1.50390131125018e-07
799982.176 1.84048761752676e-07
819375.294 1.50308795418702e-07
838768.412 1.31447803281341e-07
858161.529 1.37250699641264e-07
877554.647 1.35737970531254e-07
896947.765 1.55091214468623e-07
916340.882 1.27381531137288e-07
935734 1.70061158837025e-07
955127.118 1.63797252182561e-07
974520.235 1.57590691770909e-07
993913.353 1.73425159105297e-07
1013306.471 1.48858905487836e-07
1032699.588 1.52957414021199e-07
1052092.706 1.19204421021455e-07
1071485.824 1.11626598735032e-07
1090878.941 1.36662955885638e-07
1110272.059 1.31376122448634e-07
1129665.176 1.27168952494972e-07
1149058.294 1.28803133934456e-07
1168451.412 1.19892358671028e-07
1187844.529 1.29051996089872e-07
1207237.647 1.52962151446224e-07
1226630.765 1.10812408092377e-07
1246023.882 1.04496377637883e-07
1265417 1.01845213226531e-07
1284810.118 1.20949882259513e-07
1304203.235 1.43632502569617e-07
1323596.353 1.09568660984745e-07
1342989.471 1.12149894454064e-07
1362382.588 8.97174970386134e-08
1381775.706 1.12766903530512e-07
1401168.824 9.78264706745163e-08
1420561.941 1.1353788820265e-07
1439955.059 8.51172950474814e-08
1459348.176 1.17644264561118e-07
1478741.294 1.48589379050964e-07
1498134.412 1.27787646638192e-07
1517527.529 1.04922828349113e-07
1536920.647 1.23885926063312e-07
1556313.765 1.31018068535571e-07
1575706.882 1.22822828904296e-07
1595100 1.02069046661436e-07
1595100 8.47336661179487e-08
1646141.765 8.76177717218328e-08
1697183.529 1.17903738208816e-07
1748225.294 1.21945916530493e-07
1799267.059 1.15266738505765e-07
1850308.824 1.10760254894141e-07
1901350.588 1.17079291995286e-07
1952392.353 1.09109874217999e-07
2003434.118 1.0278216700598e-07
2054475.882 1.35232802729824e-07
2105517.647 1.01185831558314e-07
2156559.412 1.04184171091666e-07
2207601.176 1.09241338669674e-07
2258642.941 1.0887610729056e-07
2309684.706 7.68106048896407e-08
2360726.471 1.06596457538689e-07
2411768.235 1.13705540946387e-07
2462810 1.06901758078941e-07
2513851.765 1.17660379679566e-07
2564893.529 9.62372268560145e-08
2615935.294 8.69108211127562e-08
2666977.059 1.23954593823081e-07
2718018.824 9.41048820846974e-08
2769060.588 7.17832379726632e-08
2820102.353 9.62590077445472e-08
2871144.118 8.73110030080868e-08
2922185.882 1.06987149744257e-07
2973227.647 1.07937432568287e-07
3024269.412 9.46503171171407e-08
3075311.176 7.28662280427469e-08
3126352.941 8.94899140647883e-08
3177394.706 7.97771396073744e-08
3228436.471 6.97397535837323e-08
3279478.235 9.57235001687778e-08
3330520 7.22301947936062e-08
3381561.765 1.02709703944641e-07
3432603.529 7.81350168546728e-08
3483645.294 7.61071138435823e-08
3534687.059 7.10564849673645e-08
3585728.824 7.82433606270896e-08
3636770.588 8.87065282544954e-08
3687812.353 8.66712479837489e-08
3738854.118 6.99471389092913e-08
3789895.882 7.03422647404098e-08
3840937.647 6.63764406630553e-08
3891979.412 6.59720262055888e-08
3943021.176 8.37421089300144e-08
3994062.941 6.37384602215734e-08
4045104.706 7.05528213642197e-08
4096146.471 9.02826978463543e-08
4147188.235 8.40714756776756e-08
4198230 6.93909007293226e-08
4198230 6.07076145740178e-08
4332570.588 8.21207806236187e-08
4466911.176 7.4052243999968e-08
4601251.765 6.5622750187416e-08
4735592.353 9.92232169783746e-08
4869932.941 8.45724336332827e-08
5004273.529 7.44538412833186e-08
5138614.118 6.36515959281085e-08
5272954.706 8.36367090615568e-08
5407295.294 7.26683567689025e-08
5541635.882 6.10771410013624e-08
5675976.471 5.2241534552377e-08
5810317.059 5.34974148480363e-08
5944657.647 4.90230527297281e-08
6078998.235 5.63963185528382e-08
6213338.824 6.64453159865163e-08
6347679.412 6.86534349311897e-08
6482020 6.10984385756928e-08
6616360.588 5.7784717876494e-08
6750701.176 6.17131434949274e-08
6885041.765 6.50456872921833e-08
7019382.353 6.05537226228322e-08
7153722.941 5.54237007719549e-08
7288063.529 6.64918207590979e-08
7422404.118 6.86258575911442e-08
7556744.706 4.53652482900292e-08
7691085.294 7.9458749947922e-08
7825425.882 6.67241807597223e-08
7959766.471 7.30137303295229e-08
8094107.059 5.37069676559709e-08
8228447.647 5.12283656272782e-08
8362788.235 7.33205894691607e-08
8497128.824 5.88695462513514e-08
8631469.412 6.5733869896065e-08
8765810 5.81878450096195e-08
8900150.588 6.57658423354404e-08
9034491.176 7.3815955840184e-08
9168831.765 6.52173965958892e-08
9303172.353 8.12851644261368e-08
9437512.941 5.92697549018047e-08
9571853.529 1.0059623154525e-07
9706194.118 4.76869711111903e-08
9840534.706 4.71577151324987e-08
9974875.294 6.89210575891672e-08
10109215.882 7.23094596003427e-08
10243556.471 5.94654714167819e-08
10377897.059 5.6153865338785e-08
10512237.647 6.02886080643474e-08
10646578.235 6.01282604990299e-08
10780918.824 7.57335800812268e-08
10915259.412 5.51799000088447e-08
11049600 7.33671941391955e-08
11049600 6.18574045560271e-08
11403174.51 6.51455831671557e-08
11756749.02 7.15514630488965e-08
12110323.529 6.84351636612641e-08
12463898.039 5.54198299471949e-08
12817472.549 5.19342902973315e-08
13171047.059 7.78689746944186e-08
13524621.569 6.3608889783164e-08
13878196.078 5.98737724912135e-08
14231770.588 6.41428381742498e-08
14585345.098 6.72173186481334e-08
14938919.608 4.83833336334269e-08
15292494.118 5.74933707111629e-08
15646068.627 5.02290413284636e-08
15999643.137 6.49889817653116e-08
16353217.647 6.49903397077781e-08
16706792.157 7.0510809980203e-08
17060366.667 8.0715478489903e-08
17413941.176 4.98253593786136e-08
17767515.686 5.21845758843406e-08
18121090.196 5.94080077546277e-08
18474664.706 4.65924580342323e-08
18828239.216 5.54721536248008e-08
19181813.725 7.01933570169022e-08
19535388.235 7.27575075208469e-08
19888962.745 5.92359561363198e-08
20242537.255 4.7313705041047e-08
20596111.765 5.18676628747585e-08
20949686.275 8.70618791950432e-08
21303260.784 6.51723050753746e-08
21656835.294 5.80963097850311e-08
22010409.804 7.13051368365113e-08
22363984.314 4.82110181037416e-08
22717558.824 7.14427841956625e-08
23071133.333 5.89438780317931e-08
23424707.843 5.85458914543326e-08
23778282.353 5.55943599103227e-08
24131856.863 8.82221801680643e-08
24485431.373 5.75930421651965e-08
24839005.882 6.61240381207803e-08
25192580.392 6.28644269878323e-08
25546154.902 6.02434740004061e-08
25899729.412 7.11501179411981e-08
26253303.922 6.13075003294377e-08
26606878.431 6.77390225089763e-08
26960452.941 7.12265397102288e-08
27314027.451 6.54452132129073e-08
27667601.961 5.76563973911872e-08
28021176.471 6.62323258481257e-08
28374750.98 6.00101074529058e-08
28728325.49 7.28708363457865e-08
29081900 8.01641412722472e-08
29081900 8.16099074909897e-08
30012498.039 6.6621559309761e-08
30943096.078 7.38526695778291e-08
31873694.118 6.80169725718221e-08
32804292.157 7.4327918044208e-08
33734890.196 7.04430802190272e-08
34665488.235 6.84567654458323e-08
35596086.275 7.77056882138805e-08
36526684.314 5.38176647179279e-08
37457282.353 9.58726084721679e-08
38387880.392 9.36329560479968e-08
39318478.431 6.17073628351366e-08
40249076.471 7.53556116470539e-08
41179674.51 5.44636003436717e-08
42110272.549 5.30857933870815e-08
43040870.588 7.32699820029758e-08
43971468.627 7.57007059791122e-08
44902066.667 8.21871810181703e-08
45832664.706 9.2321221205478e-08
46763262.745 7.03412825055166e-08
47693860.784 8.01292520274188e-08
48624458.824 6.92929015271297e-08
49555056.863 7.70652963621869e-08
50485654.902 7.17622213448553e-08
51416252.941 5.32152662087187e-08
52346850.98 6.65807868844579e-08
53277449.02 4.35303780747882e-08
54208047.059 5.91302324803953e-08
55138645.098 7.75599723816383e-08
56069243.137 5.33910564935805e-08
56999841.176 5.28932321097312e-08
57930439.216 3.24000699396452e-08
58861037.255 4.76009792164825e-08
59791635.294 3.94617655125059e-08
60722233.333 3.34895916552128e-08
61652831.373 3.39848956641638e-08
62583429.412 2.73554585335377e-08
63514027.451 3.20727822712779e-08
64444625.49 4.0919441869428e-08
65375223.529 3.41140066807829e-08
66305821.569 3.98632285364093e-08
67236419.608 2.56482159735741e-08
68167017.647 3.35851179612831e-08
69097615.686 1.40373329534673e-08
70028213.725 1.85679023064535e-08
70958811.765 2.12141756078335e-08
71889409.804 3.45870312226534e-08
72820007.843 2.66145883868227e-08
73750605.882 2.30999378650593e-08
74681203.922 1.3481358728129e-08
75611801.961 2.42306023514976e-08
76542400 1.00249880564966e-08
76542400 1.02464316499697e-08
78991686.275 1.65740381585177e-08
81440972.549 1.32232385111061e-08
83890258.824 1.58310059710683e-08
86339545.098 1.44411139217029e-08
88788831.373 1.83395631520492e-08
91238117.647 -0
93687403.922 -0
96136690.196 9.38059240701721e-08
98585976.471 -0
101035262.745 -0
103484549.02 -0
105933835.294 1.41184067038772e-08
108383121.569 6.22211662160876e-09
110832407.843 4.04820123488198e-09
113281694.118 2.30665309745527e-09
115730980.392 9.21140484855052e-09
118180266.667 1.36630127240518e-08
120629552.941 8.84714219414332e-09
123078839.216 -0
125528125.49 1.00271229885564e-08
127977411.765 -0
130426698.039 -0
132875984.314 8.82050976234792e-09
135325270.588 5.94271843519445e-09
137774556.863 -0
140223843.137 3.01861301061846e-09
142673129.412 6.19731842140042e-09
145122415.686 1.03661785137051e-09
147571701.961 -0
150020988.235 5.42903919404889e-09
152470274.51 8.63325680901333e-09
154919560.784 5.81424019227792e-09
157368847.059 -0
159818133.333 -0
162267419.608 7.75805763981552e-09
164716705.882 5.63863560424647e-09
167165992.157 -0
169615278.431 3.58444872031948e-09
172064564.706 5.88368259394055e-09
174513850.98 -0
176963137.255 -0
179412423.529 8.8566671770254e-09
181861709.804 -0
184310996.078 5.31849933247152e-09
186760282.353 -0
189209568.627 -0
191658854.902 1.2796826784668e-08
194108141.176 9.79241853454498e-09
196557427.451 7.56576529331964e-09
199006713.725 8.41752107590584e-09
201456000 -0
