101 1.48827922491898e-06
104.18 1.81498516534213e-06
107.361 1.49105927781058e-06
110.541 1.18414905498083e-06
113.721 1.42478690873092e-06
116.902 1.60044119667047e-06
120.082 1.6055493781412e-06
123.262 1.20136081732225e-06
126.443 1.17152654920268e-06
129.623 1.43450195666363e-06
132.803 1.62910128958544e-06
135.983 1.42010098676156e-06
139.164 1.28405551439305e-06
142.344 1.18933818225884e-06
145.524 1.57352164292932e-06
148.705 1.89575994335438e-06
151.885 1.63546312472278e-06
155.065 1.80708031861758e-06
158.246 1.23150605149792e-06
161.426 7.93901193442515e-07
164.606 3.79670228881262e-07
167.787 9.80472417778282e-07
170.967 1.24311393470896e-06
174.147 8.45417206732865e-07
177.328 7.06625490199667e-07
180.508 1.06198981816038e-06
183.688 1.33219196626514e-06
186.868 1.26066793483557e-06
190.049 1.14471186248058e-06
193.229 1.06864622934236e-06
196.409 1.05643253528836e-06
199.59 9.92027359466643e-07
202.77 7.84497346311407e-07
205.95 8.54002539019288e-07
209.131 8.57101068782813e-07
212.311 6.12136195877968e-07
215.491 7.54180424051911e-07
218.672 9.33867484877806e-07
221.852 1.08582220066996e-06
225.032 9.17629337721256e-07
228.213 8.19452916818807e-07
231.393 7.62441460444833e-07
234.573 8.30363308561529e-07
237.753 1.1484131358201e-06
240.934 1.26693011849254e-06
244.114 1.32776460922353e-06
247.294 1.1684273044687e-06
250.475 8.94234269909177e-07
253.655 4.11845238603046e-07
256.835 5.14574311198101e-07
260.016 9.32980487101418e-07
263.196 1.0926533822022e-06
264.196 6.56873805812228e-07
272.598 5.04928998309772e-07
281.001 5.72523939338784e-07
289.403 6.64814970497303e-07
297.806 7.36788655867644e-07
306.208 8.54656892004335e-07
314.611 8.30337420635846e-07
323.013 7.71805223078051e-07
331.415 7.16747546264736e-07
339.818 7.58858296624956e-07
348.22 8.050394170705e-07
356.623 9.00374704454556e-07
365.025 9.41707877592345e-07
373.428 9.50315436230813e-07
381.83 8.93868511339554e-07
390.232 8.40560238687799e-07
398.635 8.15071734692383e-07
407.037 7.76630493965309e-07
415.44 7.17893142492419e-07
423.842 7.01249139871494e-07
432.245 6.81588262281856e-07
440.647 5.95658526501585e-07
449.049 5.76746108257871e-07
457.452 6.04066203284102e-07
465.854 7.18560811468368e-07
474.257 7.71336834076086e-07
482.659 7.93469074836726e-07
491.062 7.44718976759878e-07
499.464 6.9593958433109e-07
507.867 6.80279405269225e-07
516.269 7.07156837401039e-07
524.671 7.04555422358838e-07
533.074 5.31857257671201e-07
541.476 5.28359630566038e-07
549.879 7.13601567400023e-07
558.281 7.63855583336772e-07
566.684 7.42531477439718e-07
575.086 6.79006964181451e-07
583.488 6.49632280163786e-07
591.891 6.07046054183198e-07
600.293 5.52842105671818e-07
608.696 5.06922496339391e-07
617.098 4.65256454025261e-07
625.501 4.72698566890106e-07
633.903 4.68356725555521e-07
642.305 3.57443428706768e-07
650.708 3.14510942258056e-07
659.11 3.3333624096178e-07
667.513 4.36168916977712e-07
675.915 4.45400346832633e-07
684.318 5.41068256055287e-07
692.72 6.48636178796897e-07
693.72 5.78748539187176e-07
715.867 4.48247384054397e-07
738.014 6.98604599814058e-07
760.161 6.62724992812192e-07
782.307 6.6454076838407e-07
804.454 3.22862082614915e-07
826.601 4.19235065635307e-07
848.748 3.83515868362093e-07
870.895 4.20563219642719e-07
893.042 6.63198117789458e-07
915.189 5.86037543414592e-07
937.335 4.55298616901479e-07
959.482 5.15919866788942e-07
981.629 5.00886954542839e-07
1003.776 5.21990205509337e-07
1025.923 5.26509060615e-07
1048.07 5.30161907291235e-07
1070.217 3.5607910309222e-07
1092.364 3.16259247898382e-07
1114.51 4.81386672572476e-07
1136.657 4.66138374491781e-07
1158.804 4.85290143174534e-07
1180.951 4.29332888914942e-07
1203.098 4.8091503506004e-07
1225.245 4.31101021357176e-07
1247.392 3.46514922710826e-07
1269.538 4.41224594969773e-07
1291.685 3.91051126972676e-07
1313.832 3.22915340186619e-07
1335.979 3.28277372534264e-07
1358.126 4.55053795925064e-07
1380.273 4.4195714521373e-07
1402.42 3.00460599308994e-07
1424.566 4.48379858952518e-07
1446.713 3.79118217039501e-07
1468.86 4.31740245780342e-07
1491.007 5.10994246528354e-07
1513.154 3.84195967091887e-07
1535.301 4.19142399240258e-07
1557.448 4.15704998292491e-07
1579.595 4.41322474589319e-07
1601.741 3.83765005431175e-07
1623.888 3.40613124712187e-07
1646.035 3.531670286563e-07
1668.182 3.89961533256846e-07
1690.329 3.22778732948501e-07
1712.476 3.33733353355804e-07
1734.623 3.62807612835467e-07
1756.769 4.25027437491334e-07
1778.916 4.21480241541166e-07
1801.063 4.19741099475748e-07
1823.21 3.86671425179273e-07
1824.21 2.80480490791356e-07
1882.531 2.12842032393628e-07
1940.853 4.03289204784854e-07
1999.174 4.43512313110707e-07
2057.495 3.98672783104039e-07
2115.817 3.39179042232639e-07
2174.138 2.4387158953894e-07
2232.46 2.76143870894716e-07
2290.781 4.02927263476063e-07
2349.102 3.41077737996556e-07
2407.424 2.90130267216642e-07
2465.745 3.29684833683702e-07
2524.066 2.89611611636451e-07
2582.388 3.40191586116492e-07
2640.709 4.01576958978945e-07
2699.031 3.51660845259634e-07
2757.352 3.62355752509723e-07
2815.673 3.34544325614595e-07
2873.995 3.33030123047405e-07
2932.316 3.0747978677748e-07
2990.637 3.3554986261732e-07
3048.959 3.95181942054239e-07
3107.28 3.97518832709407e-07
3165.602 3.8757340996985e-07
3223.923 4.46189332263621e-07
3282.244 3.28181355703638e-07
3340.566 3.51021155611865e-07
3398.887 3.87052614509684e-07
3457.208 3.12692629317328e-07
3515.53 2.69561599664641e-07
3573.851 2.90931346106496e-07
3632.173 3.29017652708369e-07
3690.494 2.36073208518204e-07
3748.815 2.64151805542504e-07
3807.137 2.36089772424111e-07
3865.458 2.03789463910908e-07
3923.779 2.58549359454697e-07
3982.101 2.40133584109704e-07
4040.422 2.16120234736569e-07
4098.744 2.42494454258343e-07
4157.065 2.46957575690365e-07
4215.386 2.92684161246641e-07
4273.708 3.28099793302705e-07
4332.029 2.52237244002054e-07
4390.35 2.07141587477859e-07
4448.672 1.59437413789392e-07
4506.993 2.11829112936447e-07
4565.315 2.72737308262735e-07
4623.636 2.25242051286032e-07
4681.957 2.1075219314139e-07
4740.279 2.64479131669112e-07
4798.6 2.88752639650811e-07
4799.6 1.61672417818764e-07
4953.131 2.17732331581839e-07
5106.663 2.48408428587746e-07
5260.194 2.59714316568882e-07
5413.725 2.69998609604666e-07
5567.257 2.48232998054263e-07
5720.788 2.92129020405202e-07
5874.32 3.1914324286175e-07
6027.851 3.14851652780972e-07
6181.382 2.43530119309623e-07
6334.914 1.70148740983916e-07
6488.445 2.23766953132865e-07
6641.976 2.05814830293194e-07
6795.508 1.98362478250101e-07
6949.039 1.91072871996567e-07
7102.571 1.9078719601372e-07
7256.102 1.82938643195073e-07
7409.633 1.99285303039379e-07
7563.165 2.36339001031369e-07
7716.696 2.83869310504387e-07
7870.227 2.36338786713189e-07
8023.759 1.93927585113931e-07
8177.29 2.164637668881e-07
8330.822 1.97661253650785e-07
8484.353 1.72091480784523e-07
8637.884 1.92774439140074e-07
8791.416 2.24618756253012e-07
8944.947 1.96687660598669e-07
9098.478 2.28807920393312e-07
9252.01 2.00067506663842e-07
9405.541 1.89416128828314e-07
9559.073 2.29821520679077e-07
9712.604 1.96563789434612e-07
9866.135 1.6700820103423e-07
10019.667 2.01294741912064e-07
10173.198 2.10899246156884e-07
10326.729 2.05946698320456e-07
10480.261 1.45905827252216e-07
10633.792 1.71477089531672e-07
10787.324 1.88945895645096e-07
10940.855 1.42835569106009e-07
11094.386 1.35690373426665e-07
11247.918 1.59431905629143e-07
11401.449 1.85132698249462e-07
11554.98 1.64894630112842e-07
11708.512 1.65077708494916e-07
11862.043 1.56358824083221e-07
12015.575 1.49288872365531e-07
12169.106 1.50772328420674e-07
12322.637 1.91952518859639e-07
12476.169 2.21032259216636e-07
12629.7 2.03541084594046e-07
12630.7 1.93243239527072e-07
13034.822 1.84854804860282e-07
13438.943 2.04874272559342e-07
13843.065 1.84808770934491e-07
14247.186 1.38049316858033e-07
14651.308 1.35832994735272e-07
15055.429 1.21592180195379e-07
15459.551 1.19819806495773e-07
15863.673 1.34192667789211e-07
16267.794 1.19611075324752e-07
16671.916 1.15540232821055e-07
17076.037 1.3052061981919e-07
17480.159 1.52064596572633e-07
17884.28 1.89730421487103e-07
18288.402 1.8860348835118e-07
18692.524 1.71381346537383e-07
19096.645 1.61007313070479e-07
19500.767 1.76039381470999e-07
19904.888 1.56751206359881e-07
20309.01 1.36401050975117e-07
20713.131 1.50587024756333e-07
21117.253 1.67501448418953e-07
21521.375 1.55038153146487e-07
21925.496 1.45836628860291e-07
22329.618 1.33208430674721e-07
22733.739 1.26585420556486e-07
23137.861 1.39047401440251e-07
23541.982 1.66306042854779e-07
23946.104 1.5950185294074e-07
24350.225 1.37765491637267e-07
24754.347 1.20724007946297e-07
25158.469 1.17079812420857e-07
25562.59 1.07368003130028e-07
25966.712 1.36757398789505e-07
26370.833 1.63398227106806e-07
26774.955 1.67282156290131e-07
27179.076 1.68371158221116e-07
27583.198 1.76688901632922e-07
27987.32 1.48785409579483e-07
28391.441 1.11104577679211e-07
28795.563 1.13990471908478e-07
29199.684 1.17682740043432e-07
29603.806 1.39900017774852e-07
30007.927 1.63221318626214e-07
30412.049 1.60682370165013e-07
30816.171 1.44426140195915e-07
31220.292 1.38320772644956e-07
31624.414 1.46435845431259e-07
32028.535 1.25899308048579e-07
32432.657 9.91662060484821e-08
32836.778 1.15382396179968e-07
33240.9 1.20967839941242e-07
33241.9 1.08236140427712e-07
34305.559 1.07411928877802e-07
35369.218 1.04285235329985e-07
36432.876 1.09368246451143e-07
37496.535 1.11878013745956e-07
38560.194 1.1417106026321e-07
39623.853 1.07728207218962e-07
40687.512 9.41047164216635e-08
41751.171 9.90053601594257e-08
42814.829 1.33330303205765e-07
43878.488 1.3985204685842e-07
44942.147 1.09507451721164e-07
46005.806 9.7895150995082e-08
47069.465 1.02447465503625e-07
48133.124 1.3934049867055e-07
49196.782 1.39644363078878e-07
50260.441 1.29260722607461e-07
51324.1 1.15144840302671e-07
52387.759 1.11982685081179e-07
53451.418 1.15061352255584e-07
54515.076 1.22792209558779e-07
55578.735 1.05137656842705e-07
56642.394 4.61756842328373e-08
57706.053 3.05284544816209e-08
58769.712 5.57724268782102e-08
59833.371 1.03217412929711e-07
60897.029 1.18506840249187e-07
61960.688 1.1711699732382e-07
63024.347 8.01865430753696e-08
64088.006 8.18473616830164e-08
65151.665 9.67087698780018e-08
66215.324 1.00247009931411e-07
67278.982 1.02153778068304e-07
68342.641 9.21769227052677e-08
69406.3 8.75520258742018e-08
70469.959 9.35027705502521e-08
71533.618 8.91133725823369e-08
72597.276 8.43745696684493e-08
73660.935 7.90187668726866e-08
74724.594 7.62102670529142e-08
75788.253 7.44551858901124e-08
76851.912 6.23165653229123e-08
77915.571 7.71625571749356e-08
78979.229 8.90665020978145e-08
80042.888 9.82915765660191e-08
81106.547 9.03740418814258e-08
82170.206 8.61856736665671e-08
83233.865 6.55383239471433e-08
84297.524 7.28163406504282e-08
85361.182 8.56293711579713e-08
86424.841 9.16368785500472e-08
87488.5 1.0032406068927e-07
87489.5 6.51389907077036e-08
90289.039 6.37275022064846e-08
93088.578 6.18698770395877e-08
95888.118 7.65864786176255e-08
98687.657 1.0178656759231e-07
101487.196 1.03353558223614e-07
104286.735 9.61131921108586e-08
107086.275 8.66853614973907e-08
109885.814 8.1077341036773e-08
112685.353 8.09445423360785e-08
115484.892 8.56880664937213e-08
118284.431 8.19745842443766e-08
121083.971 7.28424009969708e-08
123883.51 7.38755166739265e-08
126683.049 7.12321861378303e-08
129482.588 7.23156910421576e-08
132282.127 7.46992239690715e-08
135081.667 7.54468550593595e-08
137881.206 7.86554346004311e-08
140680.745 7.65771535953048e-08
143480.284 7.27745826729669e-08
146279.824 7.37037016674149e-08
149079.363 6.57074091778393e-08
151878.902 6.41101599072971e-08
154678.441 7.41303246877552e-08
157477.98 7.75580111687703e-08
160277.52 7.89898972043824e-08
163077.059 7.46237938632069e-08
165876.598 7.1916782257891e-08
168676.137 7.21783003934451e-08
171475.676 6.77527063559641e-08
174275.216 5.87778354942745e-08
177074.755 6.15904482177943e-08
179874.294 6.26480589453552e-08
182673.833 5.41166236964253e-08
185473.373 4.89559138497536e-08
188272.912 4.11241978767489e-08
191072.451 5.40686706931879e-08
193871.99 6.60563824519024e-08
196671.529 7.36279758046729e-08
199471.069 7.59941659685847e-08
202270.608 6.86777882847963e-08
205070.147 5.54177234929179e-08
207869.686 4.4514625481273e-08
210669.225 5.7773667519749e-08
213468.765 5.8261290777209e-08
216268.304 6.13596240624989e-08
219067.843 6.53667001911524e-08
221867.382 6.22646722177568e-08
224666.922 6.34680816713409e-08
227466.461 6.22836671272373e-08
230266 6.76467788682122e-08
230267 6.13310250434158e-08
237635.294 6.14492104893464e-08
245003.588 6.8197140337534e-08
252371.882 5.55813934699545e-08
259740.176 6.29361777073433e-08
267108.471 5.25894008820152e-08
274476.765 6.83877746483507e-08
281845.059 6.60633298759191e-08
289213.353 5.4058889075203e-08
296581.647 3.87184659351478e-08
303949.941 4.89021019579312e-08
311318.235 4.3102062021234e-08
318686.529 4.40419966486898e-08
326054.824 5.27155387883231e-08
333423.118 5.84229958264697e-08
340791.412 3.91756541797364e-08
348159.706 3.55782907579172e-08
355528 4.41454738659627e-08
362896.294 4.33939538612374e-08
370264.588 4.43791786978477e-08
377632.882 4.39533827553523e-08
385001.176 3.8236896187838e-08
392369.471 4.9450258453182e-08
399737.765 4.8466787809402e-08
407106.059 5.69534217812231e-08
414474.353 2.66749993859269e-08
421842.647 4.61217838933632e-08
429210.941 4.1986004951792e-08
436579.235 4.03280983870055e-08
443947.529 6.03009522857268e-08
451315.824 4.93614296735204e-08
458684.118 5.18495646639969e-08
466052.412 6.55342733870675e-08
473420.706 6.424975607493e-08
480789 6.04946536018473e-08
488157.294 3.94991507996615e-08
495525.588 4.11589836283344e-08
502893.882 3.21552024686271e-08
510262.176 2.46764029149793e-08
517630.471 4.44761004082867e-08
524998.765 4.1161945435278e-08
532367.059 3.72651584891048e-08
539735.353 4.60042371046842e-08
547103.647 5.71475140116392e-08
554471.941 4.45174842501516e-08
561840.235 4.30921206414247e-08
569208.529 4.14036004495648e-08
576576.824 5.15987274370987e-08
583945.118 5.82630046753203e-08
591313.412 4.98471874772489e-08
598681.706 3.98790217826052e-08
606050 4.14088289325006e-08
606051 3.71441294878047e-08
625444.118 4.52528592070435e-08
644837.235 4.97986837068461e-08
664230.353 4.77554066524074e-08
683623.471 4.24381159549702e-08
703016.588 3.26380599364377e-08
722409.706 2.53884363168609e-08
741802.824 3.57802221780763e-08
761195.941 3.67314830595975e-08
780589.059 5.36783765909058e-08
799982.176 3.76352775471631e-08
819375.294 2.5665263992073e-08
838768.412 4.00751414376581e-08
858161.529 2.59887430551595e-08
877554.647 3.46863583648961e-08
896947.765 3.51836788637232e-08
916340.882 3.56782160017496e-08
935734 3.855637000845e-08
955127.118 3.75881540878572e-08
974520.235 3.04129301077404e-08
993913.353 4.7316084002395e-08
1013306.471 4.20570527340944e-08
1032699.588 4.51861645171395e-08
1052092.706 4.00339758590363e-08
1071485.824 5.70011255000461e-08
1090878.941 2.14343983789889e-08
1110272.059 4.37500781204331e-08
1129665.176 3.60430208035897e-08
1149058.294 4.35760637271427e-08
1168451.412 5.1185718311446e-08
1187844.529 3.78929490542251e-08
1207237.647 1.41471001771918e-08
1226630.765 1.60650846973429e-08
1246023.882 3.24339383360331e-08
1265417 3.80667560800799e-08
1284810.118 4.25334494644015e-08
1304203.235 3.53009105424209e-08
1323596.353 3.50426814888359e-08
1342989.471 3.10921140260871e-08
1362382.588 2.63949584871979e-08
1381775.706 3.30453992074661e-08
1401168.824 5.05069561562157e-08
1420561.941 3.84553005472601e-08
1439955.059 3.25920926396327e-08
1459348.176 3.11492308409951e-08
1478741.294 3.69244753278919e-08
1498134.412 3.596092083654e-08
1517527.529 2.69383204454045e-08
1536920.647 2.91936929374702e-08
1556313.765 4.05661792534422e-08
1575706.882 3.23462573244618e-08
1595100 3.08443448760855e-08
1595100 2.94641959860557e-08
1646141.765 2.75268760301328e-08
1697183.529 3.03588151535843e-08
1748225.294 1.34142366269535e-08
1799267.059 4.27429475733998e-08
1850308.824 2.89274943594412e-08
1901350.588 1.76741588267165e-08
1952392.353 2.46505084253936e-08
2003434.118 2.89001076506092e-08
2054475.882 3.71703158592767e-08
2105517.647 4.11976686803319e-08
2156559.412 2.54766304901512e-08
2207601.176 4.09315828184875e-08
2258642.941 3.16645861835916e-08
2309684.706 2.93038489771992e-08
2360726.471 3.66082414752361e-08
2411768.235 3.52711354740969e-08
2462810 2.78786593015446e-08
2513851.765 3.38367502120564e-08
2564893.529 3.3021098294074e-08
2615935.294 2.44668385163265e-08
2666977.059 4.08544133777454e-08
2718018.824 2.95346518737635e-08
2769060.588 1.76230997394755e-08
2820102.353 3.24987953264194e-08
2871144.118 3.67330772300933e-08
2922185.882 4.11522912566482e-08
2973227.647 4.10108895226621e-08
3024269.412 1.97944767486084e-08
3075311.176 2.90826065263845e-08
3126352.941 2.80819132550758e-08
3177394.706 3.32113344535281e-08
3228436.471 2.89768251687034e-08
3279478.235 3.17161363636509e-08
3330520 3.24905628365792e-08
3381561.765 2.93305996593166e-08
3432603.529 3.85592777267832e-08
3483645.294 3.13000249379581e-08
3534687.059 2.5442059705755e-08
3585728.824 3.00231821791095e-08
3636770.588 3.31715810537816e-08
3687812.353 4.25526639542309e-08
3738854.118 2.39587301483196e-08
3789895.882 2.60643687631583e-08
3840937.647 4.3635527825648e-08
3891979.412 2.58961007577898e-08
3943021.176 2.93766855416077e-08
3994062.941 1.76745482547164e-08
4045104.706 3.06147855393779e-08
4096146.471 2.51952537819963e-08
4147188.235 2.06204714170748e-08
4198230 3.0166591092558e-08
4198230 2.16871942925658e-08
4332570.588 3.68902957277168e-08
4466911.176 1.97546701408021e-08
4601251.765 3.10121720917949e-08
4735592.353 4.71304564668061e-08
4869932.941 2.94353648517816e-08
5004273.529 1.91742392474904e-08
5138614.118 3.53680670867196e-08
5272954.706 1.72190041305065e-08
5407295.294 3.45413667648184e-08
5541635.882 1.30956397497793e-08
5675976.471 3.79504340820431e-08
5810317.059 1.91854667831252e-08
5944657.647 3.12606882414975e-08
6078998.235 3.30843096127379e-08
6213338.824 2.53376560449068e-08
6347679.412 3.1059002741318e-08
6482020 1.69639632926743e-08
6616360.588 1.94251225877033e-08
6750701.176 2.23156223845606e-08
6885041.765 3.1460540293288e-08
7019382.353 2.11378747649427e-08
7153722.941 3.03896626896499e-08
7288063.529 2.47642521063023e-08
7422404.118 2.47434613410169e-08
7556744.706 1.19513488464692e-08
7691085.294 2.48785344232835e-08
7825425.882 2.05002571701723e-08
7959766.471 2.64743350207253e-08
8094107.059 2.79192769516261e-08
8228447.647 1.57732132513353e-08
8362788.235 1.47396707404168e-08
8497128.824 1.78347641348912e-08
8631469.412 2.98565619219076e-08
8765810 3.09625851794274e-08
8900150.588 1.55339519468292e-08
9034491.176 1.15618095273145e-08
9168831.765 2.57540037110427e-08
9303172.353 1.22181750735247e-08
9437512.941 2.05085822328995e-08
9571853.529 2.81107460024721e-08
9706194.118 3.45386654954704e-08
9840534.706 2.07377841076235e-08
9974875.294 1.86951571909519e-08
10109215.882 3.39013525882552e-08
10243556.471 1.36344717454839e-08
10377897.059 3.93585529022702e-08
10512237.647 3.62762702397201e-08
10646578.235 3.30335613780213e-08
10780918.824 1.39199734263539e-08
10915259.412 2.15998258275732e-08
11049600 2.8560947415555e-08
11049600 1.69767551255238e-08
11403174.51 3.16665813884085e-08
11756749.02 2.82276055760456e-08
12110323.529 2.33238171728193e-08
12463898.039 2.48471939196783e-08
12817472.549 2.27570481610072e-08
13171047.059 3.23043350900897e-08
13524621.569 2.25703946152676e-08
13878196.078 3.5535434156875e-08
14231770.588 1.47557271348585e-08
14585345.098 1.18572306229364e-08
14938919.608 2.00842891685218e-08
15292494.118 3.02815395198015e-08
15646068.627 2.60317346453036e-08
15999643.137 1.79735607314049e-08
16353217.647 3.80363911282603e-08
16706792.157 2.50776681394423e-08
17060366.667 1.63151307642323e-08
17413941.176 1.90155885972536e-08
17767515.686 2.55160217708933e-08
18121090.196 3.41870012133442e-08
18474664.706 2.46839559777925e-08
18828239.216 2.5486069079401e-08
19181813.725 2.74215492600983e-08
19535388.235 3.36162295911975e-08
19888962.745 3.02261868509013e-08
20242537.255 3.23850298465495e-08
20596111.765 2.73069876187689e-08
20949686.275 2.75817329571639e-08
21303260.784 2.10748105388874e-08
21656835.294 1.87033908513804e-08
22010409.804 1.53155836375896e-09
22363984.314 2.60219308777212e-08
22717558.824 2.56423707077797e-08
23071133.333 2.1018662082597e-08
23424707.843 3.25533268627079e-08
23778282.353 2.2842479262742e-08
24131856.863 3.30980777895046e-08
24485431.373 2.03042909486246e-08
24839005.882 3.15138074111698e-08
25192580.392 2.37097045866772e-08
25546154.902 1.93162152043691e-08
25899729.412 2.57995118977395e-08
26253303.922 2.56050574900507e-08
26606878.431 2.61421669995278e-08
26960452.941 2.39739636798277e-08
27314027.451 2.33118192420583e-08
27667601.961 3.35522036797034e-08
28021176.471 3.40914269792392e-08
28374750.98 3.04597852195071e-08
28728325.49 3.64471489809395e-08
29081900 3.52268242523067e-08
29081900 3.16828040993849e-08
30012498.039 3.04732266003733e-08
30943096.078 3.60405003814098e-08
31873694.118 3.38478020985484e-08
32804292.157 2.92438417575718e-08
33734890.196 1.76448876612802e-08
34665488.235 2.14269500721498e-08
35596086.275 3.9185777235529e-08
36526684.314 1.96320760901668e-08
37457282.353 3.54039600650393e-08
38387880.392 4.85663742156484e-08
39318478.431 3.72992731799817e-08
40249076.471 1.6728179169832e-08
41179674.51 2.02167446746305e-08
42110272.549 4.03379444935993e-08
43040870.588 4.74273703057338e-08
43971468.627 3.52855984730045e-08
44902066.667 1.99523822452358e-08
45832664.706 3.81419965549196e-08
46763262.745 4.21519751725825e-09
47693860.784 2.52865199124988e-08
48624458.824 2.51979924914665e-08
49555056.863 2.66254358623253e-08
50485654.902 4.03300014970196e-08
51416252.941 1.87447962481831e-08
52346850.98 2.18691624144753e-08
53277449.02 1.99573719757487e-08
54208047.059 0
55138645.098 3.4296170337226e-09
56069243.137 1.54638868531783e-08
56999841.176 1.8658505069678e-08
57930439.216 0
58861037.255 2.0298357479508e-08
59791635.294 1.07142845488628e-08
60722233.333 1.91088445087399e-08
61652831.373 0
62583429.412 1.17794003111406e-08
63514027.451 5.7241405299311e-09
64444625.49 0
65375223.529 0
66305821.569 0
67236419.608 0
68167017.647 1.14454945479826e-08
69097615.686 0
70028213.725 1.06066364733595e-08
70958811.765 1.5051834653955e-08
71889409.804 0
72820007.843 9.06335578791873e-09
73750605.882 1.63283830273454e-08
74681203.922 0
75611801.961 0
76542400 0
76542400 1.06430158122216e-08
78991686.275 7.21608211312066e-09
81440972.549 0
83890258.824 0
86339545.098 0
88788831.373 0
91238117.647 0
93687403.922 0
96136690.196 0
98585976.471 4.17054703552184e-09
101035262.745 9.81248381766818e-09
103484549.02 2.44782296418675e-08
105933835.294 0
108383121.569 1.88822432438522e-09
110832407.843 8.02024813850544e-09
113281694.118 0
115730980.392 0
118180266.667 0
120629552.941 0
123078839.216 0
125528125.49 0
127977411.765 4.7738391534592e-09
130426698.039 0
132875984.314 8.91989167706896e-09
135325270.588 0
137774556.863 8.51237312861525e-09
140223843.137 3.82345039979598e-09
142673129.412 0
145122415.686 0
147571701.961 0
150020988.235 0
152470274.51 0
154919560.784 0
157368847.059 0
159818133.333 5.9326866206358e-09
162267419.608 7.71587551359864e-09
164716705.882 0
167165992.157 6.30611770058758e-09
169615278.431 0
172064564.706 6.79580065708221e-09
174513850.98 4.81265802894824e-09
176963137.255 0
179412423.529 7.09922316622009e-09
181861709.804 0
184310996.078 1.75359998660698e-09
186760282.353 0
189209568.627 3.11086489993812e-09
191658854.902 7.66074458668836e-09
194108141.176 3.04832777008264e-09
196557427.451 0
199006713.725 1.90974170684179e-09
201456000 4.19161183715513e-09
