vg	id_vd = 0V	ig_vd = 0V	is_vd = 0V	iavdd_vd = 0V	ignd_vd = 0V	id_vd = 0.15V	ig_vd = 0.15V	is_vd = 0.15V	iavdd_vd = 0.15V	ignd_vd = 0.15V	id_vd = 0.3V	ig_vd = 0.3V	is_vd = 0.3V	iavdd_vd = 0.3V	ignd_vd = 0.3V	id_vd = 0.45V	ig_vd = 0.45V	is_vd = 0.45V	iavdd_vd = 0.45V	ignd_vd = 0.45V	id_vd = 0.6V	ig_vd = 0.6V	is_vd = 0.6V	iavdd_vd = 0.6V	ignd_vd = 0.6V	id_vd = 0.75V	ig_vd = 0.75V	is_vd = 0.75V	iavdd_vd = 0.75V	ignd_vd = 0.75V	id_vd = 0.9V	ig_vd = 0.9V	is_vd = 0.9V	iavdd_vd = 0.9V	ignd_vd = 0.9V
-0.3	-1.42678e-08	-5.29554e-08	-1.5085e-09	3.7447e-06	-3.6693e-06	1.6186e-07	-5.27522e-08	-1.726e-07	3.591e-06	-3.5247e-06	3.7332e-07	-5.28692e-08	-3.7542e-07	3.5883e-06	-3.5298e-06	6.6936e-07	-5.38926e-08	-6.762e-07	3.6166e-06	-3.5654e-06	1.1366e-06	-5.49728e-08	-1.1261e-06	3.6468e-06	-3.5988e-06	1.8258e-06	-5.60692e-08	-1.822e-06	3.6891e-06	-3.6482e-06	2.8158e-06	-5.7138e-08	-2.769e-06	3.7151e-06	-3.6835e-06
-0.295	-1.45682e-08	-4.7044e-08	-1.4858e-09	3.7246e-06	-3.6591e-06	1.6148e-07	-4.72758e-08	-1.735e-07	3.5956e-06	-3.5333e-06	3.7306e-07	-4.71064e-08	-3.7914e-07	3.5897e-06	-3.5346e-06	6.8152e-07	-4.8133e-08	-6.7844e-07	3.6173e-06	-3.5673e-06	1.1439e-06	-4.91714e-08	-1.1309e-06	3.6479e-06	-3.5996e-06	1.8555e-06	-4.99238e-08	-1.835e-06	3.6837e-06	-3.6457e-06	2.8226e-06	-5.11518e-08	-2.7788e-06	3.7132e-06	-3.6905e-06
-0.29	-1.46188e-08	-4.20848e-08	-1.4876e-09	3.7159e-06	-3.6568e-06	1.6392e-07	-4.2326e-08	-1.7464e-07	3.595e-06	-3.5393e-06	3.7906e-07	-4.24786e-08	-3.8054e-07	3.5919e-06	-3.5416e-06	6.8732e-07	-4.32246e-08	-6.8328e-07	3.6085e-06	-3.5654e-06	1.1505e-06	-4.41324e-08	-1.1436e-06	3.6384e-06	-3.5991e-06	1.8709e-06	-4.50752e-08	-1.8523e-06	3.6761e-06	-3.6486e-06	2.8144e-06	-4.61166e-08	-2.7823e-06	3.709e-06	-3.6915e-06
-0.285	-1.46152e-08	-3.79352e-08	-1.5134e-09	3.7094e-06	-3.6462e-06	1.6392e-07	-3.7967e-08	-1.7486e-07	3.5922e-06	-3.5413e-06	3.8214e-07	-3.80682e-08	-3.8532e-07	3.5927e-06	-3.5449e-06	6.9046e-07	-3.8721e-08	-6.8912e-07	3.6058e-06	-3.5695e-06	1.1585e-06	-3.96714e-08	-1.1525e-06	3.6353e-06	-3.6029e-06	1.8835e-06	-4.0493e-08	-1.8694e-06	3.6775e-06	-3.6498e-06	2.8377e-06	-4.16636e-08	-2.814e-06	3.7046e-06	-3.6902e-06
-0.28	-1.46262e-08	-3.39744e-08	-1.5392e-09	3.7025e-06	-3.6547e-06	1.6504e-07	-3.40962e-08	-1.7662e-07	3.5894e-06	-3.542e-06	3.8488e-07	-3.42936e-08	-3.8814e-07	3.587e-06	-3.5442e-06	6.943e-07	-3.4968e-08	-6.9104e-07	3.6059e-06	-3.5721e-06	1.1674e-06	-3.56106e-08	-1.1614e-06	3.6393e-06	-3.6118e-06	1.892e-06	-3.6472e-08	-1.8705e-06	3.6771e-06	-3.6559e-06	2.8662e-06	-3.76786e-08	-2.8163e-06	3.7009e-06	-3.6948e-06
-0.275	-1.46724e-08	-3.0565e-08	-1.5445e-09	3.6998e-06	-3.6499e-06	1.6588e-07	-3.06598e-08	-1.7718e-07	3.5899e-06	-3.5468e-06	3.8516e-07	-3.0758e-08	-3.9076e-07	3.5838e-06	-3.5463e-06	6.9726e-07	-3.13962e-08	-6.9678e-07	3.6082e-06	-3.5783e-06	1.1856e-06	-3.20396e-08	-1.1709e-06	3.6414e-06	-3.6122e-06	1.9042e-06	-3.28784e-08	-1.8777e-06	3.6756e-06	-3.6577e-06	2.8812e-06	-3.40434e-08	-2.8483e-06	3.7042e-06	-3.6973e-06
-0.27	-1.4688e-08	-2.73794e-08	-1.5292e-09	3.698e-06	-3.6516e-06	1.689e-07	-2.75186e-08	-1.7776e-07	3.5934e-06	-3.5488e-06	3.896e-07	-2.76696e-08	-3.9468e-07	3.5899e-06	-3.5529e-06	6.9772e-07	-2.82656e-08	-7.0324e-07	3.6119e-06	-3.582e-06	1.1883e-06	-2.90412e-08	-1.1726e-06	3.6394e-06	-3.6183e-06	1.9097e-06	-2.9607e-08	-1.903e-06	3.6713e-06	-3.6554e-06	2.888e-06	-3.08322e-08	-2.8508e-06	3.6951e-06	-3.6912e-06
-0.265	-1.473e-08	-2.45852e-08	-1.5365e-09	3.6887e-06	-3.6451e-06	1.706e-07	-2.48268e-08	-1.7934e-07	3.5878e-06	-3.553e-06	3.9066e-07	-2.48904e-08	-3.9554e-07	3.5955e-06	-3.5605e-06	7.0888e-07	-2.54216e-08	-7.1152e-07	3.6069e-06	-3.5814e-06	1.1982e-06	-2.59364e-08	-1.1926e-06	3.6405e-06	-3.6208e-06	1.9292e-06	-2.67706e-08	-1.9113e-06	3.6685e-06	-3.6593e-06	2.9334e-06	-2.79266e-08	-2.8976e-06	3.6877e-06	-3.6884e-06
-0.26	-1.4728e-08	-2.21268e-08	-1.5545e-09	3.6898e-06	-3.6484e-06	1.7038e-07	-2.23536e-08	-1.808e-07	3.5931e-06	-3.5566e-06	3.9442e-07	-2.24424e-08	-3.9896e-07	3.5923e-06	-3.5622e-06	7.1428e-07	-2.29212e-08	-7.1404e-07	3.6062e-06	-3.5825e-06	1.2087e-06	-2.35968e-08	-1.1953e-06	3.6388e-06	-3.6165e-06	1.9538e-06	-2.42316e-08	-1.9378e-06	3.6658e-06	-3.6547e-06	2.9454e-06	-2.5361e-08	-2.9248e-06	3.6852e-06	-3.6905e-06
-0.255	-1.47358e-08	-1.98604e-08	-1.5354e-09	3.6903e-06	-3.6507e-06	1.7064e-07	-2.00508e-08	-1.8164e-07	3.5919e-06	-3.5579e-06	3.9824e-07	-2.01794e-08	-4.001e-07	3.5968e-06	-3.5669e-06	7.2278e-07	-2.06106e-08	-7.1992e-07	3.6018e-06	-3.5887e-06	1.2165e-06	-2.12376e-08	-1.2114e-06	3.6321e-06	-3.6138e-06	1.9553e-06	-2.1811e-08	-1.9418e-06	3.6671e-06	-3.6577e-06	2.9835e-06	-2.3055e-08	-2.9417e-06	3.6888e-06	-3.6903e-06
-0.25	-1.47622e-08	-1.78922e-08	-1.5727e-09	3.6836e-06	-3.6436e-06	1.7316e-07	-1.80654e-08	-1.8356e-07	3.5944e-06	-3.5617e-06	3.9976e-07	-1.82344e-08	-4.0936e-07	3.5928e-06	-3.5678e-06	7.2742e-07	-1.86148e-08	-7.2082e-07	3.6058e-06	-3.5851e-06	1.2169e-06	-1.92346e-08	-1.2108e-06	3.6321e-06	-3.6208e-06	1.977e-06	-1.9895e-08	-1.9565e-06	3.6631e-06	-3.6586e-06	2.998e-06	-2.09722e-08	-2.9657e-06	3.6847e-06	-3.6917e-06
-0.245	-1.47798e-08	-1.61538e-08	-1.5487e-09	3.6754e-06	-3.6428e-06	1.744e-07	-1.63036e-08	-1.8468e-07	3.5895e-06	-3.566e-06	4.0386e-07	-1.6434e-08	-4.0686e-07	3.5922e-06	-3.5687e-06	7.3048e-07	-1.6814e-08	-7.3222e-07	3.6052e-06	-3.5871e-06	1.2279e-06	-1.74076e-08	-1.2205e-06	3.6356e-06	-3.6231e-06	1.9953e-06	-1.80314e-08	-1.9744e-06	3.66e-06	-3.6543e-06	3.0207e-06	-1.91098e-08	-2.9849e-06	3.6903e-06	-3.6995e-06
-0.24	-1.48012e-08	-1.45772e-08	-1.5376e-09	3.6766e-06	-3.64e-06	1.7538e-07	-1.47128e-08	-1.8662e-07	3.5946e-06	-3.568e-06	4.0752e-07	-1.48198e-08	-4.1348e-07	3.5931e-06	-3.5709e-06	7.3884e-07	-1.51522e-08	-7.348e-07	3.6024e-06	-3.5818e-06	1.2414e-06	-1.56802e-08	-1.2295e-06	3.6318e-06	-3.618e-06	2.0116e-06	-1.63948e-08	-1.9855e-06	3.6555e-06	-3.6557e-06	3.0567e-06	-1.7517e-08	-3.0092e-06	3.6863e-06	-3.6919e-06
-0.235	-1.47802e-08	-1.31522e-08	-1.5793e-09	3.6778e-06	-3.6438e-06	1.767e-07	-1.32402e-08	-1.8756e-07	3.5942e-06	-3.5724e-06	4.101e-07	-1.33534e-08	-4.1338e-07	3.5922e-06	-3.5738e-06	7.4518e-07	-1.37464e-08	-7.456e-07	3.6006e-06	-3.5922e-06	1.2529e-06	-1.42486e-08	-1.2448e-06	3.6245e-06	-3.6154e-06	2.0334e-06	-1.48728e-08	-2.0212e-06	3.6581e-06	-3.6564e-06	3.0896e-06	-1.59722e-08	-3.0595e-06	3.6842e-06	-3.6944e-06
-0.23	-1.47996e-08	-1.18584e-08	-1.5644e-09	3.6761e-06	-3.6458e-06	1.7982e-07	-1.19724e-08	-1.8838e-07	3.5906e-06	-3.5697e-06	4.0938e-07	-1.21066e-08	-4.1618e-07	3.5945e-06	-3.5753e-06	7.5128e-07	-1.24312e-08	-7.52e-07	3.6025e-06	-3.5893e-06	1.2616e-06	-1.2883e-08	-1.2506e-06	3.6262e-06	-3.6134e-06	2.0521e-06	-1.35706e-08	-2.0277e-06	3.655e-06	-3.6564e-06	3.0998e-06	-1.4636e-08	-3.0657e-06	3.6874e-06	-3.695e-06
-0.225	-1.48072e-08	-1.07212e-08	-1.5779e-09	3.6689e-06	-3.6384e-06	1.7948e-07	-1.0812e-08	-1.8998e-07	3.5899e-06	-3.5684e-06	4.1638e-07	-1.09454e-08	-4.2042e-07	3.5934e-06	-3.573e-06	7.5382e-07	-1.12804e-08	-7.534e-07	3.6075e-06	-3.5931e-06	1.2691e-06	-1.17128e-08	-1.2582e-06	3.621e-06	-3.6141e-06	2.0734e-06	-1.23542e-08	-2.0462e-06	3.6536e-06	-3.6567e-06	3.1497e-06	-1.34382e-08	-3.1178e-06	3.6804e-06	-3.6927e-06
-0.22	-1.48408e-08	-9.6962e-09	-1.583e-09	3.6655e-06	-3.6361e-06	1.8102e-07	-9.782e-09	-1.924e-07	3.5934e-06	-3.5688e-06	4.155e-07	-9.9278e-09	-4.2298e-07	3.5922e-06	-3.5755e-06	7.586e-07	-1.02236e-08	-7.5596e-07	3.6039e-06	-3.5942e-06	1.2853e-06	-1.06892e-08	-1.2701e-06	3.6239e-06	-3.6156e-06	2.0832e-06	-1.13446e-08	-2.0689e-06	3.6508e-06	-3.6538e-06	3.1428e-06	-1.23592e-08	-3.1248e-06	3.6781e-06	-3.6955e-06
-0.215	-1.48774e-08	-8.8022e-09	-1.5989e-09	3.6622e-06	-3.6341e-06	1.8334e-07	-8.8759e-09	-1.9364e-07	3.5946e-06	-3.5723e-06	4.1758e-07	-9.0086e-09	-4.2674e-07	3.5931e-06	-3.5776e-06	7.6792e-07	-9.2843e-09	-7.712e-07	3.5983e-06	-3.5883e-06	1.2925e-06	-9.7503e-09	-1.2886e-06	3.6171e-06	-3.6117e-06	2.0974e-06	-1.03482e-08	-2.0733e-06	3.6523e-06	-3.6561e-06	3.1672e-06	-1.13438e-08	-3.1287e-06	3.6806e-06	-3.6915e-06
-0.21	-1.4887e-08	-7.9713e-09	-1.5981e-09	3.6605e-06	-3.6323e-06	1.8458e-07	-8.0548e-09	-1.9504e-07	3.5865e-06	-3.5703e-06	4.2116e-07	-8.1619e-09	-4.2792e-07	3.5905e-06	-3.5788e-06	7.722e-07	-8.4266e-09	-7.7018e-07	3.6017e-06	-3.5914e-06	1.3077e-06	-8.8834e-09	-1.2957e-06	3.6236e-06	-3.6169e-06	2.1062e-06	-9.5172e-09	-2.0816e-06	3.6468e-06	-3.6548e-06	3.2032e-06	-1.04724e-08	-3.1745e-06	3.676e-06	-3.6917e-06
-0.205	-1.4924e-08	-7.2261e-09	-1.5862e-09	3.6605e-06	-3.6343e-06	1.8682e-07	-7.2784e-09	-1.9774e-07	3.5871e-06	-3.5687e-06	4.2614e-07	-7.395e-09	-4.2998e-07	3.5908e-06	-3.5825e-06	7.8258e-07	-7.6792e-09	-7.8042e-07	3.604e-06	-3.5947e-06	1.3107e-06	-8.1263e-09	-1.3097e-06	3.6171e-06	-3.6162e-06	2.1339e-06	-8.7435e-09	-2.1178e-06	3.647e-06	-3.6487e-06	3.2358e-06	-9.668e-09	-3.2278e-06	3.6722e-06	-3.6954e-06
-0.2	-1.48752e-08	-6.5821e-09	-1.6198e-09	3.6556e-06	-3.6311e-06	1.8874e-07	-6.6106e-09	-1.9932e-07	3.5865e-06	-3.5659e-06	4.3044e-07	-6.7289e-09	-4.3328e-07	3.5977e-06	-3.5816e-06	7.914e-07	-6.9796e-09	-7.8804e-07	3.6011e-06	-3.5946e-06	1.3281e-06	-7.4267e-09	-1.316e-06	3.6193e-06	-3.6172e-06	2.1473e-06	-8.0404e-09	-2.1324e-06	3.6467e-06	-3.6525e-06	3.2906e-06	-8.9972e-09	-3.2698e-06	3.6664e-06	-3.6838e-06
-0.195	-1.49196e-08	-5.9472e-09	-1.6338e-09	3.6564e-06	-3.6257e-06	1.9088e-07	-6.0111e-09	-2.0126e-07	3.5921e-06	-3.5714e-06	4.3142e-07	-6.1166e-09	-4.386e-07	3.5908e-06	-3.5797e-06	7.952e-07	-6.3958e-09	-7.9712e-07	3.5965e-06	-3.5854e-06	1.3346e-06	-6.7926e-09	-1.322e-06	3.6169e-06	-3.6153e-06	2.1681e-06	-7.3992e-09	-2.15e-06	3.6426e-06	-3.6467e-06	3.3186e-06	-8.3399e-09	-3.3221e-06	3.6649e-06	-3.681e-06
-0.19	-1.49382e-08	-5.406e-09	-1.6372e-09	3.6519e-06	-3.6301e-06	1.9142e-07	-5.4811e-09	-2.0162e-07	3.5883e-06	-3.5692e-06	4.3682e-07	-5.581e-09	-4.4268e-07	3.5933e-06	-3.5813e-06	7.993e-07	-5.828e-09	-8.0212e-07	3.5928e-06	-3.5872e-06	1.3515e-06	-6.2349e-09	-1.3374e-06	3.6119e-06	-3.6097e-06	2.2051e-06	-6.855e-09	-2.1793e-06	3.6389e-06	-3.6473e-06	3.4015e-06	-7.7576e-09	-3.3573e-06	3.6685e-06	-3.681e-06
-0.185	-1.49242e-08	-4.9328e-09	-1.6578e-09	3.6512e-06	-3.6291e-06	1.9618e-07	-4.9957e-09	-2.0618e-07	3.5886e-06	-3.5742e-06	4.41e-07	-5.0728e-09	-4.4552e-07	3.5911e-06	-3.5796e-06	8.0998e-07	-5.3425e-09	-8.1252e-07	3.5926e-06	-3.5881e-06	1.3647e-06	-5.76e-09	-1.3503e-06	3.6158e-06	-3.6159e-06	2.2173e-06	-6.3194e-09	-2.1916e-06	3.6426e-06	-3.6502e-06	3.42e-06	-7.2358e-09	-3.3943e-06	3.6628e-06	-3.6803e-06
-0.18	-1.4947e-08	-4.4959e-09	-1.6703e-09	3.6538e-06	-3.629e-06	1.9678e-07	-4.5642e-09	-2.073e-07	3.5919e-06	-3.5727e-06	4.4358e-07	-4.6576e-09	-4.4894e-07	3.5895e-06	-3.5773e-06	8.2246e-07	-4.8937e-09	-8.2488e-07	3.5878e-06	-3.5805e-06	1.3736e-06	-5.3057e-09	-1.3674e-06	3.6132e-06	-3.6128e-06	2.2344e-06	-5.8646e-09	-2.2265e-06	3.6384e-06	-3.6493e-06	3.4496e-06	-6.765e-09	-3.426e-06	3.6569e-06	-3.6764e-06
-0.175	-1.49078e-08	-4.1058e-09	-1.7008e-09	3.6476e-06	-3.6293e-06	1.9948e-07	-4.164e-09	-2.1042e-07	3.5871e-06	-3.5725e-06	4.5098e-07	-4.2531e-09	-4.536e-07	3.5933e-06	-3.5791e-06	8.2996e-07	-4.493e-09	-8.2786e-07	3.5918e-06	-3.5829e-06	1.3918e-06	-4.8912e-09	-1.381e-06	3.6104e-06	-3.6105e-06	2.2654e-06	-5.4513e-09	-2.2536e-06	3.6375e-06	-3.6473e-06	3.5002e-06	-6.3358e-09	-3.452e-06	3.6554e-06	-3.678e-06
-0.17	-1.48976e-08	-3.7642e-09	-1.726e-09	3.6486e-06	-3.6207e-06	2.0242e-07	-3.8052e-09	-2.1394e-07	3.5925e-06	-3.5739e-06	4.5502e-07	-3.9115e-09	-4.6128e-07	3.5913e-06	-3.5779e-06	8.392e-07	-4.1168e-09	-8.3676e-07	3.5907e-06	-3.5836e-06	1.4152e-06	-4.5184e-09	-1.3978e-06	3.6097e-06	-3.6122e-06	2.2986e-06	-5.0681e-09	-2.2687e-06	3.6447e-06	-3.6556e-06	3.5205e-06	-5.9244e-09	-3.5114e-06	3.6502e-06	-3.6739e-06
-0.165	-1.49206e-08	-3.4344e-09	-1.7756e-09	3.6509e-06	-3.6269e-06	2.0462e-07	-3.4949e-09	-2.1558e-07	3.5928e-06	-3.573e-06	4.5946e-07	-3.5925e-09	-4.6414e-07	3.5935e-06	-3.5825e-06	8.4964e-07	-3.7971e-09	-8.467e-07	3.5923e-06	-3.5839e-06	1.4237e-06	-4.164e-09	-1.4168e-06	3.6134e-06	-3.6134e-06	2.3146e-06	-4.7335e-09	-2.2956e-06	3.6406e-06	-3.6478e-06	3.5841e-06	-5.5766e-09	-3.579e-06	3.6497e-06	-3.6724e-06
-0.16	-1.48744e-08	-3.1632e-09	-1.7928e-09	3.6469e-06	-3.6226e-06	2.0622e-07	-3.199e-09	-2.1892e-07	3.5882e-06	-3.5733e-06	4.6546e-07	-3.2886e-09	-4.711e-07	3.5941e-06	-3.5863e-06	8.6502e-07	-3.4989e-09	-8.5952e-07	3.5912e-06	-3.5829e-06	1.4432e-06	-3.8744e-09	-1.4361e-06	3.612e-06	-3.6149e-06	2.3437e-06	-4.4197e-09	-2.3204e-06	3.6378e-06	-3.6459e-06	3.6308e-06	-5.2472e-09	-3.5844e-06	3.6507e-06	-3.6713e-06
-0.155	-1.486e-08	-2.8952e-09	-1.8098e-09	3.636e-06	-3.6171e-06	2.0912e-07	-2.9447e-09	-2.1868e-07	3.5876e-06	-3.5684e-06	4.6998e-07	-3.0363e-09	-4.7518e-07	3.5892e-06	-3.5792e-06	8.6574e-07	-3.2368e-09	-8.6304e-07	3.5861e-06	-3.581e-06	1.4564e-06	-3.5921e-09	-1.4416e-06	3.6119e-06	-3.6141e-06	2.3843e-06	-4.1395e-09	-2.3634e-06	3.6384e-06	-3.6457e-06	3.706e-06	-4.9485e-09	-3.6857e-06	3.6472e-06	-3.6692e-06
-0.15	-1.4863e-08	-2.671e-09	-1.8994e-09	3.6354e-06	-3.62e-06	2.1142e-07	-2.7143e-09	-2.2148e-07	3.5879e-06	-3.5758e-06	4.7784e-07	-2.8049e-09	-4.831e-07	3.5837e-06	-3.5745e-06	8.7436e-07	-2.9945e-09	-8.7276e-07	3.5919e-06	-3.5877e-06	1.4799e-06	-3.3413e-09	-1.4736e-06	3.61e-06	-3.6128e-06	2.4124e-06	-3.8889e-09	-2.385e-06	3.6324e-06	-3.6367e-06	3.7267e-06	-4.6887e-09	-3.7008e-06	3.6461e-06	-3.6696e-06
-0.145	-1.48068e-08	-2.4567e-09	-1.91e-09	3.6429e-06	-3.6198e-06	2.127e-07	-2.5071e-09	-2.2526e-07	3.582e-06	-3.5699e-06	4.8252e-07	-2.5907e-09	-4.883e-07	3.589e-06	-3.5778e-06	8.8732e-07	-2.7767e-09	-8.8938e-07	3.592e-06	-3.5865e-06	1.4994e-06	-3.12e-09	-1.4934e-06	3.6064e-06	-3.6086e-06	2.4431e-06	-3.6516e-09	-2.4244e-06	3.6268e-06	-3.6383e-06	3.7652e-06	-4.4368e-09	-3.7553e-06	3.6475e-06	-3.6685e-06
-0.14	-1.47856e-08	-2.2737e-09	-1.9578e-09	3.6394e-06	-3.6196e-06	2.1736e-07	-2.3229e-09	-2.28e-07	3.5853e-06	-3.5688e-06	4.8856e-07	-2.4053e-09	-4.948e-07	3.5881e-06	-3.5772e-06	9.063e-07	-2.5896e-09	-9.0076e-07	3.5892e-06	-3.5866e-06	1.5277e-06	-2.9141e-09	-1.5044e-06	3.6138e-06	-3.6117e-06	2.4822e-06	-3.4405e-09	-2.4706e-06	3.6313e-06	-3.6393e-06	3.8316e-06	-4.2102e-09	-3.8048e-06	3.6402e-06	-3.6677e-06
-0.135	-1.47666e-08	-2.1064e-09	-2.0173e-09	3.6341e-06	-3.6077e-06	2.221e-07	-2.1458e-09	-2.3106e-07	3.5869e-06	-3.5719e-06	4.966e-07	-2.2257e-09	-5.0228e-07	3.585e-06	-3.5749e-06	9.09e-07	-2.3992e-09	-9.0924e-07	3.5858e-06	-3.5892e-06	1.5437e-06	-2.7311e-09	-1.5318e-06	3.6104e-06	-3.6117e-06	2.5304e-06	-3.2474e-09	-2.5081e-06	3.6249e-06	-3.6372e-06	3.9145e-06	-4.0033e-09	-3.8749e-06	3.6499e-06	-3.67e-06
-0.13	-1.46856e-08	-1.9449e-09	-2.0235e-09	3.6393e-06	-3.6157e-06	2.2668e-07	-2.01e-09	-2.3698e-07	3.579e-06	-3.5635e-06	5.0498e-07	-2.0718e-09	-5.123e-07	3.5879e-06	-3.5787e-06	9.2702e-07	-2.2474e-09	-9.2826e-07	3.5889e-06	-3.5866e-06	1.5603e-06	-2.5679e-09	-1.5591e-06	3.6044e-06	-3.6035e-06	2.5683e-06	-3.0707e-09	-2.5492e-06	3.6223e-06	-3.6329e-06	3.9547e-06	-3.8171e-09	-3.9342e-06	3.6431e-06	-3.6669e-06
-0.125	-1.4669e-08	-1.8174e-09	-2.077e-09	3.6365e-06	-3.6159e-06	2.3138e-07	-1.8609e-09	-2.4032e-07	3.5862e-06	-3.5706e-06	5.1618e-07	-1.9343e-09	-5.2042e-07	3.5904e-06	-3.5772e-06	9.4308e-07	-2.0949e-09	-9.4914e-07	3.5951e-06	-3.5969e-06	1.6005e-06	-2.4188e-09	-1.5917e-06	3.6074e-06	-3.6087e-06	2.6008e-06	-2.9117e-09	-2.5819e-06	3.6205e-06	-3.6314e-06	4.0333e-06	-3.6433e-09	-4.0058e-06	3.642e-06	-3.6641e-06
-0.12	-1.46056e-08	-1.6934e-09	-2.1091e-09	3.6346e-06	-3.6126e-06	2.366e-07	-1.7428e-09	-2.458e-07	3.5861e-06	-3.5701e-06	5.2616e-07	-1.8048e-09	-5.3206e-07	3.5879e-06	-3.5778e-06	9.6366e-07	-1.9643e-09	-9.6192e-07	3.5951e-06	-3.5926e-06	1.626e-06	-2.2799e-09	-1.6201e-06	3.6067e-06	-3.6125e-06	2.6404e-06	-2.7652e-09	-2.6239e-06	3.6191e-06	-3.6338e-06	4.1229e-06	-3.482e-09	-4.1013e-06	3.6429e-06	-3.6635e-06
-0.115	-1.45304e-08	-1.5803e-09	-2.1782e-09	3.6331e-06	-3.6134e-06	2.413e-07	-1.6243e-09	-2.5154e-07	3.5878e-06	-3.5726e-06	5.3636e-07	-1.6909e-09	-5.4194e-07	3.5902e-06	-3.5847e-06	9.8482e-07	-1.8413e-09	-9.8446e-07	3.5904e-06	-3.5882e-06	1.6623e-06	-2.1475e-09	-1.649e-06	3.6092e-06	-3.6091e-06	2.6852e-06	-2.6314e-09	-2.6682e-06	3.6205e-06	-3.6346e-06	4.2338e-06	-3.342e-09	-4.1997e-06	3.6371e-06	-3.6607e-06
-0.11	-1.44384e-08	-1.473e-09	-2.3168e-09	3.635e-06	-3.6092e-06	2.4624e-07	-1.5233e-09	-2.5722e-07	3.5821e-06	-3.5712e-06	5.4528e-07	-1.5857e-09	-5.5292e-07	3.5874e-06	-3.5804e-06	1.00572e-06	-1.7379e-09	-1.00402e-06	3.5905e-06	-3.5831e-06	1.7018e-06	-2.0305e-09	-1.6971e-06	3.6079e-06	-3.6143e-06	2.7643e-06	-2.5121e-09	-2.7444e-06	3.6233e-06	-3.6368e-06	4.3228e-06	-3.2125e-09	-4.3031e-06	3.6477e-06	-3.6653e-06
-0.105	-1.4352e-08	-1.3888e-09	-2.3844e-09	3.6258e-06	-3.6086e-06	2.545e-07	-1.4273e-09	-2.6424e-07	3.5885e-06	-3.5684e-06	5.6396e-07	-1.4903e-09	-5.6786e-07	3.5881e-06	-3.5798e-06	1.02766e-06	-1.6353e-09	-1.02496e-06	3.5901e-06	-3.5893e-06	1.7283e-06	-1.9244e-09	-1.7233e-06	3.6085e-06	-3.6099e-06	2.8435e-06	-2.3976e-09	-2.8234e-06	3.6231e-06	-3.6363e-06	4.403e-06	-3.0913e-09	-4.3895e-06	3.6479e-06	-3.6625e-06
-0.1	-1.4266e-08	-1.3038e-09	-2.5618e-09	3.6204e-06	-3.6049e-06	2.5984e-07	-1.3444e-09	-2.7056e-07	3.5853e-06	-3.5725e-06	5.782e-07	-1.4012e-09	-5.8214e-07	3.5867e-06	-3.5794e-06	1.04748e-06	-1.5493e-09	-1.0454e-06	3.5908e-06	-3.5901e-06	1.7921e-06	-1.8344e-09	-1.7685e-06	3.5972e-06	-3.6044e-06	2.898e-06	-2.2947e-09	-2.8764e-06	3.6235e-06	-3.6313e-06	4.5313e-06	-2.9733e-09	-4.5116e-06	3.6443e-06	-3.665e-06
-0.095	-1.40786e-08	-1.2371e-09	-2.6764e-09	3.6254e-06	-3.6066e-06	2.671e-07	-1.2659e-09	-2.7728e-07	3.5892e-06	-3.5769e-06	5.9324e-07	-1.3284e-09	-5.959e-07	3.5925e-06	-3.5803e-06	1.08102e-06	-1.4614e-09	-1.07378e-06	3.5887e-06	-3.5845e-06	1.834e-06	-1.7403e-09	-1.8452e-06	3.603e-06	-3.6059e-06	2.9798e-06	-2.1964e-09	-2.9723e-06	3.6222e-06	-3.6344e-06	4.6857e-06	-2.8679e-09	-4.6472e-06	3.6446e-06	-3.6666e-06
-0.09	-1.39516e-08	-1.1665e-09	-2.8596e-09	3.622e-06	-3.6012e-06	2.7748e-07	-1.197e-09	-2.8822e-07	3.5892e-06	-3.5769e-06	6.0878e-07	-1.2567e-09	-6.1318e-07	3.5908e-06	-3.585e-06	1.10756e-06	-1.3888e-09	-1.1089e-06	3.5915e-06	-3.5835e-06	1.9006e-06	-1.6666e-09	-1.8952e-06	3.6064e-06	-3.6082e-06	3.0691e-06	-2.1104e-09	-3.0393e-06	3.618e-06	-3.6283e-06	4.8103e-06	-2.7766e-09	-4.784e-06	3.6459e-06	-3.6679e-06
-0.085	-1.38148e-08	-1.1e-09	-3.0722e-09	3.6258e-06	-3.6046e-06	2.8854e-07	-1.1384e-09	-2.9832e-07	3.5849e-06	-3.576e-06	6.288e-07	-1.1914e-09	-6.3088e-07	3.5903e-06	-3.5827e-06	1.14066e-06	-1.317e-09	-1.1415e-06	3.5895e-06	-3.5868e-06	1.9601e-06	-1.5869e-09	-1.9419e-06	3.5999e-06	-3.6054e-06	3.1776e-06	-2.0275e-09	-3.1622e-06	3.6181e-06	-3.6309e-06	4.9597e-06	-2.6769e-09	-4.9258e-06	3.6393e-06	-3.6594e-06
-0.08	-1.35618e-08	-1.0491e-09	-3.2717e-09	3.6186e-06	-3.6012e-06	2.989e-07	-1.0828e-09	-3.0926e-07	3.5886e-06	-3.576e-06	6.5052e-07	-1.1341e-09	-6.5508e-07	3.5897e-06	-3.5819e-06	1.1837e-06	-1.2591e-09	-1.1776e-06	3.5839e-06	-3.58e-06	2.0262e-06	-1.5146e-09	-2.0115e-06	3.6025e-06	-3.6044e-06	3.2858e-06	-1.955e-09	-3.253e-06	3.6214e-06	-3.6356e-06	5.1263e-06	-2.591e-09	-5.1024e-06	3.6334e-06	-3.6584e-06
-0.075	-1.33106e-08	-9.969e-10	-3.521e-09	3.6169e-06	-3.6007e-06	3.0948e-07	-1.0248e-09	-3.221e-07	3.5908e-06	-3.5729e-06	6.7186e-07	-1.0793e-09	-6.752e-07	3.5912e-06	-3.5831e-06	1.2214e-06	-1.206e-09	-1.2168e-06	3.5866e-06	-3.5822e-06	2.0912e-06	-1.4541e-09	-2.0851e-06	3.5971e-06	-3.6019e-06	3.4025e-06	-1.8834e-09	-3.3807e-06	3.6199e-06	-3.6308e-06	5.326e-06	-2.5127e-09	-5.2897e-06	3.6366e-06	-3.6581e-06
-0.07	-1.30894e-08	-9.4914e-10	-3.707e-09	3.6227e-06	-3.5991e-06	3.2514e-07	-9.7661e-10	-3.3694e-07	3.5898e-06	-3.5749e-06	7.013e-07	-1.0258e-09	-7.0602e-07	3.5885e-06	-3.5822e-06	1.2683e-06	-1.1483e-09	-1.2656e-06	3.5869e-06	-3.5835e-06	2.1702e-06	-1.3939e-09	-2.1687e-06	3.5979e-06	-3.6028e-06	3.5258e-06	-1.8192e-09	-3.496e-06	3.617e-06	-3.6292e-06	5.5293e-06	-2.442e-09	-5.5061e-06	3.6366e-06	-3.6641e-06
-0.065	-1.27294e-08	-9.0252e-10	-3.9849e-09	3.6262e-06	-3.6019e-06	3.3978e-07	-9.3267e-10	-3.5042e-07	3.5859e-06	-3.5733e-06	7.2858e-07	-9.847e-10	-7.2968e-07	3.5851e-06	-3.5789e-06	1.3239e-06	-1.1024e-09	-1.319e-06	3.5911e-06	-3.5861e-06	2.2601e-06	-1.3389e-09	-2.2513e-06	3.6029e-06	-3.6044e-06	3.6723e-06	-1.7603e-09	-3.6503e-06	3.6129e-06	-3.6268e-06	5.7533e-06	-2.374e-09	-5.7403e-06	3.631e-06	-3.66e-06
-0.06	-1.24976e-08	-8.6768e-10	-4.4056e-09	3.6183e-06	-3.6006e-06	3.6e-07	-8.9151e-10	-3.6934e-07	3.5897e-06	-3.5737e-06	7.6278e-07	-9.4083e-10	-7.6556e-07	3.5831e-06	-3.574e-06	1.374e-06	-1.0576e-09	-1.3754e-06	3.5893e-06	-3.5839e-06	2.3589e-06	-1.2906e-09	-2.3399e-06	3.5992e-06	-3.6068e-06	3.8135e-06	-1.7027e-09	-3.7964e-06	3.6153e-06	-3.6289e-06	6.0248e-06	-2.3082e-09	-6.0182e-06	3.6361e-06	-3.6625e-06
-0.055	-1.20798e-08	-8.3124e-10	-4.932e-09	3.6165e-06	-3.5939e-06	3.7812e-07	-8.5688e-10	-3.8942e-07	3.584e-06	-3.5693e-06	7.9688e-07	-9.0517e-10	-8.0316e-07	3.5768e-06	-3.571e-06	1.4422e-06	-1.016e-09	-1.4358e-06	3.5842e-06	-3.5772e-06	2.4585e-06	-1.2503e-09	-2.451e-06	3.5991e-06	-3.6048e-06	4.0016e-06	-1.6525e-09	-4.0013e-06	3.6147e-06	-3.6234e-06	6.3313e-06	-2.2395e-09	-6.3114e-06	3.634e-06	-3.6539e-06
-0.05	-1.14478e-08	-7.9738e-10	-5.3812e-09	3.6262e-06	-3.6079e-06	4.0052e-07	-8.1643e-10	-4.134e-07	3.5891e-06	-3.5755e-06	8.3762e-07	-8.6633e-10	-8.429e-07	3.5886e-06	-3.5805e-06	1.5118e-06	-9.7706e-10	-1.5114e-06	3.5874e-06	-3.5849e-06	2.5825e-06	-1.2082e-09	-2.5863e-06	3.5947e-06	-3.6001e-06	4.1967e-06	-1.5946e-09	-4.1916e-06	3.6125e-06	-3.6266e-06	6.6021e-06	-2.1824e-09	-6.5787e-06	3.6346e-06	-3.6549e-06
-0.045	-1.10936e-08	-7.7187e-10	-5.8067e-09	3.6174e-06	-3.5979e-06	4.272e-07	-7.8749e-10	-4.3668e-07	3.5844e-06	-3.5715e-06	8.7974e-07	-8.3453e-10	-8.8808e-07	3.5878e-06	-3.5794e-06	1.5947e-06	-9.4298e-10	-1.5917e-06	3.5899e-06	-3.5878e-06	2.728e-06	-1.168e-09	-2.7116e-06	3.6042e-06	-3.6074e-06	4.426e-06	-1.5494e-09	-4.4056e-06	3.6172e-06	-3.6244e-06	6.9709e-06	-2.1179e-09	-6.9323e-06	3.6338e-06	-3.6558e-06
-0.04	-1.05728e-08	-7.4084e-10	-6.3899e-09	3.6161e-06	-3.5956e-06	4.5652e-07	-7.6054e-10	-4.6682e-07	3.5853e-06	-3.5725e-06	9.368e-07	-8.0364e-10	-9.422e-07	3.5849e-06	-3.5766e-06	1.6906e-06	-9.0932e-10	-1.686e-06	3.5886e-06	-3.5867e-06	2.8758e-06	-1.1243e-09	-2.8635e-06	3.6064e-06	-3.6046e-06	4.6722e-06	-1.5047e-09	-4.6399e-06	3.6143e-06	-3.626e-06	7.3502e-06	-2.0593e-09	-7.3238e-06	3.6371e-06	-3.6596e-06
-0.035	-9.9438e-09	-7.1632e-10	-6.9266e-09	3.612e-06	-3.596e-06	4.891e-07	-7.3338e-10	-4.9806e-07	3.5857e-06	-3.5695e-06	9.9778e-07	-7.7351e-10	-9.9906e-07	3.5832e-06	-3.5807e-06	1.7915e-06	-8.7648e-10	-1.7934e-06	3.5902e-06	-3.5877e-06	3.0351e-06	-1.0943e-09	-3.0303e-06	3.6049e-06	-3.6092e-06	4.936e-06	-1.4649e-09	-4.9103e-06	3.6156e-06	-3.6303e-06	7.8084e-06	-2.011e-09	-7.7655e-06	3.6359e-06	-3.6576e-06
-0.03	-8.3855e-09	-6.8319e-10	-7.9264e-09	3.6122e-06	-3.5927e-06	5.2574e-07	-7.1039e-10	-5.366e-07	3.5892e-06	-3.5748e-06	1.06246e-06	-7.4914e-10	-1.06726e-06	3.5848e-06	-3.576e-06	1.9058e-06	-8.4356e-10	-1.906e-06	3.5891e-06	-3.5891e-06	3.2318e-06	-1.0572e-09	-3.2164e-06	3.5965e-06	-3.6037e-06	5.2362e-06	-1.4262e-09	-5.2263e-06	3.6145e-06	-3.6237e-06	8.2926e-06	-1.9613e-09	-8.2549e-06	3.6322e-06	-3.6538e-06
-0.025	-8.5988e-09	-6.666e-10	-8.3924e-09	3.6108e-06	-3.5935e-06	5.6592e-07	-6.846e-10	-5.7716e-07	3.5816e-06	-3.5707e-06	1.13148e-06	-7.2124e-10	-1.14008e-06	3.5853e-06	-3.5828e-06	2.034e-06	-8.1947e-10	-2.0326e-06	3.5868e-06	-3.5874e-06	3.4492e-06	-1.0241e-09	-3.4406e-06	3.6022e-06	-3.6067e-06	5.6001e-06	-1.3824e-09	-5.588e-06	3.6111e-06	-3.626e-06	8.8403e-06	-1.9132e-09	-8.8213e-06	3.6368e-06	-3.6584e-06
-0.02	-7.6768e-09	-6.4336e-10	-9.2408e-09	3.6194e-06	-3.5988e-06	6.166e-07	-6.6566e-10	-6.2602e-07	3.5854e-06	-3.5764e-06	1.2195e-06	-6.9731e-10	-1.227e-06	3.58e-06	-3.5728e-06	2.1788e-06	-7.9307e-10	-2.1804e-06	3.5857e-06	-3.5882e-06	3.6867e-06	-9.9373e-10	-3.6716e-06	3.5932e-06	-3.5983e-06	6.0065e-06	-1.3438e-09	-5.9774e-06	3.6138e-06	-3.6246e-06	9.4389e-06	-1.8693e-09	-9.4275e-06	3.6379e-06	-3.6559e-06
-0.015	-6.7491e-09	-6.2719e-10	-1.03223e-08	3.6168e-06	-3.5962e-06	6.6634e-07	-6.453e-10	-6.7872e-07	3.5877e-06	-3.5742e-06	1.3198e-06	-6.8082e-10	-1.3204e-06	3.582e-06	-3.5776e-06	2.3489e-06	-7.6786e-10	-2.339e-06	3.5891e-06	-3.5886e-06	3.9614e-06	-9.6514e-10	-3.9469e-06	3.5937e-06	-3.5982e-06	6.4361e-06	-1.3083e-09	-6.4144e-06	3.6164e-06	-3.6264e-06	1.01137e-05	-1.8228e-09	-1.01192e-05	3.6368e-06	-3.6533e-06
-0.01	-5.5433e-09	-6.0795e-10	-1.14962e-08	3.6101e-06	-3.5914e-06	7.2854e-07	-6.2355e-10	-7.4044e-07	3.5865e-06	-3.5739e-06	1.4311e-06	-6.5955e-10	-1.4353e-06	3.5867e-06	-3.5781e-06	2.5327e-06	-7.4455e-10	-2.5219e-06	3.5929e-06	-3.5871e-06	4.2705e-06	-9.3147e-10	-4.25e-06	3.5923e-06	-3.5972e-06	6.9251e-06	-1.2734e-09	-6.9132e-06	3.6045e-06	-3.6203e-06	1.09247e-05	-1.7793e-09	-1.08908e-05	3.6299e-06	-3.6556e-06
-0.005	-3.4975e-09	-5.8941e-10	-1.28996e-08	3.6139e-06	-3.5953e-06	7.9686e-07	-6.0205e-10	-8.0946e-07	3.5917e-06	-3.5797e-06	1.5514e-06	-6.3828e-10	-1.5524e-06	3.5845e-06	-3.579e-06	2.7399e-06	-7.1708e-10	-2.7375e-06	3.5895e-06	-3.5916e-06	4.6047e-06	-9.0808e-10	-4.6013e-06	3.5993e-06	-3.6012e-06	7.4796e-06	-1.2428e-09	-7.4569e-06	3.6102e-06	-3.6218e-06	1.1794e-05	-1.7382e-09	-1.1736e-05	3.6407e-06	-3.6631e-06
0	-2.8666e-09	-5.7194e-10	-1.45788e-08	3.6074e-06	-3.5882e-06	8.7834e-07	-5.8583e-10	-8.8798e-07	3.5922e-06	-3.5787e-06	1.6976e-06	-6.1725e-10	-1.6982e-06	3.5858e-06	-3.5792e-06	2.9735e-06	-7.0461e-10	-2.9672e-06	3.5899e-06	-3.5895e-06	5.003e-06	-8.8341e-10	-4.9851e-06	3.5957e-06	-3.5997e-06	8.0916e-06	-1.2104e-09	-8.0857e-06	3.6129e-06	-3.6255e-06	1.273e-05	-1.6968e-09	-1.2698e-05	3.6343e-06	-3.6564e-06
0.005	-1.067e-09	-5.5401e-10	-1.61328e-08	3.6114e-06	-3.595e-06	9.6726e-07	-5.6791e-10	-9.7858e-07	3.5902e-06	-3.5724e-06	1.8479e-06	-6.0241e-10	-1.853e-06	3.5815e-06	-3.5748e-06	3.2483e-06	-6.7934e-10	-3.2414e-06	3.5921e-06	-3.5929e-06	5.4384e-06	-8.5671e-10	-5.441e-06	3.5994e-06	-3.6016e-06	8.7992e-06	-1.1772e-09	-8.7821e-06	3.6137e-06	-3.623e-06	1.3826e-05	-1.6605e-09	-1.3762e-05	3.6337e-06	-3.658e-06
0.01	1.1904e-09	-5.372e-10	-1.80856e-08	3.6176e-06	-3.5922e-06	1.06996e-06	-5.5012e-10	-1.08066e-06	3.5887e-06	-3.5727e-06	2.0362e-06	-5.8535e-10	-2.0358e-06	3.587e-06	-3.5737e-06	3.5474e-06	-6.5811e-10	-3.5471e-06	3.5833e-06	-3.5828e-06	5.9517e-06	-8.3371e-10	-5.9403e-06	3.6018e-06	-3.6033e-06	9.5742e-06	-1.1419e-09	-9.5553e-06	3.6099e-06	-3.6244e-06	1.505e-05	-1.6207e-09	-1.4976e-05	3.6263e-06	-3.6528e-06
0.015	3.5081e-09	-5.2422e-10	-2.03992e-08	3.6142e-06	-3.5901e-06	1.185e-06	-5.3639e-10	-1.1943e-06	3.5851e-06	-3.5727e-06	2.2462e-06	-5.6809e-10	-2.2458e-06	3.5852e-06	-3.579e-06	3.8851e-06	-6.3977e-10	-3.8834e-06	3.5848e-06	-3.5841e-06	6.506e-06	-8.0592e-10	-6.4878e-06	3.5943e-06	-3.6018e-06	1.04393e-05	-1.112e-09	-1.04119e-05	3.6093e-06	-3.6202e-06	1.638e-05	-1.5794e-09	-1.636e-05	3.6308e-06	-3.6492e-06
0.02	5.4892e-09	-5.1126e-10	-2.28848e-08	3.606e-06	-3.5893e-06	1.321e-06	-5.1969e-10	-1.3245e-06	3.5838e-06	-3.5696e-06	2.4751e-06	-5.481e-10	-2.4779e-06	3.5796e-06	-3.5743e-06	4.2823e-06	-6.2118e-10	-4.285e-06	3.5837e-06	-3.5812e-06	7.1113e-06	-7.8817e-10	-7.1143e-06	3.6021e-06	-3.6044e-06	1.1438e-05	-1.0866e-09	-1.13915e-05	3.6118e-06	-3.6237e-06	1.7916e-05	-1.5492e-09	-1.7892e-05	3.6249e-06	-3.6453e-06
0.025	7.902e-09	-4.9695e-10	-2.49522e-08	3.6056e-06	-3.589e-06	1.4674e-06	-5.0528e-10	-1.4806e-06	3.5865e-06	-3.5743e-06	2.7492e-06	-5.3029e-10	-2.7447e-06	3.5803e-06	-3.574e-06	4.7325e-06	-6.0162e-10	-4.737e-06	3.5897e-06	-3.5858e-06	7.8334e-06	-7.6508e-10	-7.8172e-06	3.5988e-06	-3.6004e-06	1.2596e-05	-1.0479e-09	-1.2534e-05	3.6098e-06	-3.6248e-06	1.9664e-05	-1.5104e-09	-1.9626e-05	3.6262e-06	-3.6467e-06
0.03	1.08107e-08	-4.8395e-10	-2.84042e-08	3.6117e-06	-3.592e-06	1.6377e-06	-4.9327e-10	-1.6498e-06	3.5787e-06	-3.5687e-06	3.0401e-06	-5.1966e-10	-3.0433e-06	3.5764e-06	-3.572e-06	5.2276e-06	-5.859e-10	-5.2399e-06	3.5888e-06	-3.5846e-06	8.6467e-06	-7.4552e-10	-8.6325e-06	3.6034e-06	-3.6099e-06	1.3828e-05	-1.024e-09	-1.3816e-05	3.6097e-06	-3.6206e-06	2.1588e-05	-1.4782e-09	-2.1568e-05	3.6205e-06	-3.6449e-06
0.035	1.601e-08	-4.7197e-10	-3.32132e-08	3.6048e-06	-3.5785e-06	1.8394e-06	-4.7745e-10	-1.8425e-06	3.5863e-06	-3.5694e-06	3.3793e-06	-5.073e-10	-3.3801e-06	3.5846e-06	-3.5787e-06	5.7916e-06	-5.7117e-10	-5.792e-06	3.5837e-06	-3.584e-06	9.5374e-06	-7.2283e-10	-9.5227e-06	3.5999e-06	-3.6027e-06	1.5262e-05	-9.975e-10	-1.524e-05	3.6119e-06	-3.6243e-06	2.3722e-05	-1.4407e-09	-2.367e-05	3.6235e-06	-3.6448e-06
0.04	2.09602e-08	-4.583e-10	-3.76088e-08	3.6088e-06	-3.5934e-06	2.0536e-06	-4.6596e-10	-2.0633e-06	3.5754e-06	-3.5635e-06	3.7694e-06	-4.9032e-10	-3.7746e-06	3.5839e-06	-3.5804e-06	6.4261e-06	-5.5371e-10	-6.4217e-06	3.5912e-06	-3.5877e-06	1.05587e-05	-7.0505e-10	-1.05533e-05	3.5985e-06	-3.6031e-06	1.6862e-05	-9.7094e-10	-1.6816e-05	3.6116e-06	-3.626e-06	2.6132e-05	-1.41e-09	-2.6068e-05	3.6268e-06	-3.6503e-06
0.045	2.5652e-08	-4.4844e-10	-4.18254e-08	3.6126e-06	-3.5909e-06	2.3077e-06	-4.53e-10	-2.3233e-06	3.5784e-06	-3.5652e-06	4.2148e-06	-4.7566e-10	-4.2136e-06	3.5795e-06	-3.5709e-06	7.1701e-06	-5.3678e-10	-7.1623e-06	3.5864e-06	-3.5841e-06	1.173e-05	-6.8383e-10	-1.1692e-05	3.5939e-06	-3.6019e-06	1.868e-05	-9.5074e-10	-1.8636e-05	3.6135e-06	-3.6234e-06	2.8878e-05	-1.3741e-09	-2.881e-05	3.6242e-06	-3.6453e-06
0.05	2.98624e-08	-4.332e-10	-4.86584e-08	3.6086e-06	-3.59e-06	2.591e-06	-4.4218e-10	-2.6028e-06	3.579e-06	-3.5627e-06	4.717e-06	-4.6187e-10	-4.7279e-06	3.5821e-06	-3.5731e-06	7.992e-06	-5.2124e-10	-7.9735e-06	3.586e-06	-3.5854e-06	1.3e-05	-6.6602e-10	-1.302e-05	3.5946e-06	-3.6009e-06	2.0642e-05	-9.2123e-10	-2.0638e-05	3.6172e-06	-3.6291e-06	3.1832e-05	-1.344e-09	-3.1798e-05	3.6296e-06	-3.6526e-06
0.055	3.5903e-08	-4.233e-10	-5.7013e-08	3.6083e-06	-3.588e-06	2.9219e-06	-4.3146e-10	-2.9307e-06	3.5828e-06	-3.5659e-06	5.2802e-06	-4.4664e-10	-5.2862e-06	3.5833e-06	-3.5743e-06	8.9163e-06	-5.0631e-10	-8.916e-06	3.5882e-06	-3.591e-06	1.4528e-05	-6.4789e-10	-1.4512e-05	3.5962e-06	-3.5991e-06	2.2942e-05	-8.9767e-10	-2.2948e-05	3.6163e-06	-3.625e-06	3.5238e-05	-1.316e-09	-3.5248e-05	3.6294e-06	-3.6502e-06
0.06	4.2469e-08	-4.1184e-10	-6.26358e-08	3.6058e-06	-3.584e-06	3.2912e-06	-4.1578e-10	-3.2974e-06	3.577e-06	-3.5647e-06	5.9198e-06	-4.3543e-10	-5.9301e-06	3.5858e-06	-3.5773e-06	9.9674e-06	-4.9094e-10	-9.971e-06	3.5949e-06	-3.5936e-06	1.6188e-05	-6.2827e-10	-1.615e-05	3.5975e-06	-3.6048e-06	2.546e-05	-8.7263e-10	-2.5438e-05	3.6102e-06	-3.6233e-06	3.9106e-05	-1.283e-09	-3.9028e-05	3.6258e-06	-3.6448e-06
0.065	5.14472e-08	-3.9955e-10	-6.60474e-08	3.6077e-06	-3.5883e-06	3.7169e-06	-4.09e-10	-3.7224e-06	3.5805e-06	-3.5667e-06	6.6654e-06	-4.2734e-10	-6.6755e-06	3.5813e-06	-3.5733e-06	1.11565e-05	-4.7505e-10	-1.11537e-05	3.5862e-06	-3.5858e-06	1.8068e-05	-6.1022e-10	-1.804e-05	3.5932e-06	-3.599e-06	2.8358e-05	-8.4968e-10	-2.8392e-05	3.6122e-06	-3.6236e-06	4.3424e-05	-1.2508e-09	-4.334e-05	3.6204e-06	-3.6447e-06
0.07	5.7558e-08	-3.8412e-10	-7.4851e-08	3.6086e-06	-3.5885e-06	4.1966e-06	-3.9256e-10	-4.2073e-06	3.5794e-06	-3.5654e-06	7.4935e-06	-4.091e-10	-7.493e-06	3.5791e-06	-3.575e-06	1.2518e-05	-4.6035e-10	-1.251e-05	3.5891e-06	-3.5881e-06	2.0154e-05	-5.9366e-10	-2.0158e-05	3.5969e-06	-3.5968e-06	3.1604e-05	-8.2486e-10	-3.1528e-05	3.6134e-06	-3.6233e-06	4.8142e-05	-1.2224e-09	-4.8118e-05	3.6305e-06	-3.6563e-06
0.075	6.52936e-08	-3.736e-10	-8.32602e-08	3.6102e-06	-3.5877e-06	4.7471e-06	-3.799e-10	-4.7525e-06	3.5806e-06	-3.5676e-06	8.4476e-06	-3.968e-10	-8.4692e-06	3.5839e-06	-3.5729e-06	1.4074e-05	-4.4692e-10	-1.4048e-05	3.5875e-06	-3.5871e-06	2.2574e-05	-5.6985e-10	-2.2578e-05	3.5958e-06	-3.5988e-06	3.518e-05	-8.0441e-10	-3.5174e-05	3.6106e-06	-3.6261e-06	5.3594e-05	-1.1896e-09	-5.3496e-05	3.6225e-06	-3.651e-06
0.08	7.62934e-08	-3.5866e-10	-8.93088e-08	3.6003e-06	-3.5848e-06	5.3683e-06	-3.7302e-10	-5.3715e-06	3.5848e-06	-3.5703e-06	9.4932e-06	-3.8445e-10	-9.505e-06	3.5832e-06	-3.5757e-06	1.5798e-05	-4.3234e-10	-1.5778e-05	3.5885e-06	-3.5862e-06	2.5226e-05	-5.5189e-10	-2.521e-05	3.5925e-06	-3.5957e-06	3.926e-05	-7.8224e-10	-3.9212e-05	3.6128e-06	-3.6247e-06	5.9518e-05	-1.1606e-09	-5.944e-05	3.6277e-06	-3.6487e-06
0.085	8.64334e-08	-3.4661e-10	-9.96578e-08	3.6113e-06	-3.591e-06	6.0757e-06	-3.55e-10	-6.0833e-06	3.5833e-06	-3.5698e-06	1.07159e-05	-3.7376e-10	-1.07511e-05	3.5827e-06	-3.5764e-06	1.7746e-05	-4.1584e-10	-1.776e-05	3.5895e-06	-3.5863e-06	2.83e-05	-5.3321e-10	-2.8282e-05	3.5951e-06	-3.5969e-06	4.39e-05	-7.5973e-10	-4.3868e-05	3.6085e-06	-3.62e-06	6.6344e-05	-1.1284e-09	-6.6328e-05	3.6253e-06	-3.646e-06
0.09	9.28944e-08	-3.38e-10	-1.169632e-07	3.6048e-06	-3.584e-06	6.8778e-06	-3.4357e-10	-6.8954e-06	3.5875e-06	-3.5709e-06	1.2114e-05	-3.5926e-10	-1.2126e-05	3.5869e-06	-3.5773e-06	1.9974e-05	-4.025e-10	-1.9974e-05	3.5858e-06	-3.5859e-06	3.1652e-05	-5.1853e-10	-3.1682e-05	3.5988e-06	-3.6002e-06	4.901e-05	-7.3927e-10	-4.8912e-05	3.6128e-06	-3.6248e-06	7.381e-05	-1.1028e-09	-7.3698e-05	3.6255e-06	-3.6488e-06
0.095	2.492e-07	-3.2449e-10	-1.3194e-07	3.6049e-06	-3.5863e-06	7.7859e-06	-3.3264e-10	-7.7973e-06	3.5933e-06	-3.5782e-06	1.369e-05	-3.4552e-10	-1.3668e-05	3.5765e-06	-3.5708e-06	2.2482e-05	-3.875e-10	-2.2468e-05	3.5864e-06	-3.5826e-06	3.5602e-05	-5.0298e-10	-3.5542e-05	3.5943e-06	-3.5982e-06	5.4844e-05	-7.1405e-10	-5.4768e-05	3.6042e-06	-3.6212e-06	8.2302e-05	-1.0626e-09	-8.2328e-05	3.6285e-06	-3.6515e-06
0.1	1.2632e-07	-3.1204e-10	-1.466e-07	3.609e-06	-3.5854e-06	8.8143e-06	-3.1918e-10	-8.8088e-06	3.5848e-06	-3.5724e-06	1.541e-05	-3.3283e-10	-1.543e-05	3.583e-06	-3.5736e-06	2.5322e-05	-3.7477e-10	-2.529e-05	3.5849e-06	-3.5801e-06	3.9914e-05	-4.8431e-10	-3.9848e-05	3.5987e-06	-3.6015e-06	6.1224e-05	-6.9408e-10	-6.119e-05	3.6135e-06	-3.6214e-06	9.1688e-05	-1.0352e-09	-9.1682e-05	3.625e-06	-3.6484e-06
0.105	1.558e-07	-3.0273e-10	-1.7116e-07	3.6059e-06	-3.5899e-06	9.9792e-06	-3.0951e-10	-9.9934e-06	3.592e-06	-3.5789e-06	1.7424e-05	-3.2001e-10	-1.7426e-05	3.5819e-06	-3.571e-06	2.8442e-05	-3.5766e-10	-2.8438e-05	3.588e-06	-3.5868e-06	4.4702e-05	-4.6686e-10	-4.47e-05	3.5965e-06	-3.6003e-06	6.8454e-05	-6.6968e-10	-6.8454e-05	3.6066e-06	-3.6199e-06	0.000102274	-1.0017e-09	-0.000102034	3.6267e-06	-3.6426e-06
0.11	1.7512e-07	-2.8853e-10	-1.8762e-07	3.6046e-06	-3.588e-06	1.13224e-05	-2.9754e-10	-1.13129e-05	3.5911e-06	-3.5741e-06	1.9684e-05	-3.0655e-10	-1.9666e-05	3.5797e-06	-3.573e-06	3.2054e-05	-3.4748e-10	-3.2092e-05	3.5911e-06	-3.5882e-06	5.0236e-05	-4.4944e-10	-5.0296e-05	3.5978e-06	-3.5978e-06	7.6692e-05	-6.4785e-10	-7.658e-05	3.6052e-06	-3.6227e-06	0.00011398	-9.7428e-10	-0.000114038	3.6261e-06	-3.6505e-06
0.115	1.8892e-07	-2.7676e-10	-2.1862e-07	3.612e-06	-3.5924e-06	1.28e-05	-2.8556e-10	-1.2826e-05	3.5874e-06	-3.572e-06	2.2212e-05	-2.9694e-10	-2.2264e-05	3.5803e-06	-3.5746e-06	3.6108e-05	-3.3805e-10	-3.616e-05	3.5917e-06	-3.5862e-06	5.646e-05	-4.3491e-10	-5.6384e-05	3.5932e-06	-3.5951e-06	8.5748e-05	-6.2834e-10	-8.578e-05	3.608e-06	-3.6211e-06	0.0001273	-9.4888e-10	-0.00012708	3.6322e-06	-3.6517e-06
0.12	2.0558e-07	-2.6604e-10	-2.2986e-07	3.6029e-06	-3.5837e-06	1.4516e-05	-2.7179e-10	-1.4562e-05	3.5861e-06	-3.5729e-06	2.5166e-05	-2.8541e-10	-2.5164e-05	3.5823e-06	-3.5757e-06	4.0676e-05	-3.232e-10	-4.0738e-05	3.5894e-06	-3.5928e-06	6.3476e-05	-4.2024e-10	-6.343e-05	3.5914e-06	-3.602e-06	9.6042e-05	-6.049e-10	-9.595e-05	3.6074e-06	-3.6208e-06	0.00014224	-9.2382e-10	-0.00014198	3.6283e-06	-3.6514e-06
0.125	2.2018e-07	-2.5433e-10	-2.38e-07	3.6048e-06	-3.5904e-06	1.6468e-05	-2.6192e-10	-1.6468e-05	3.5838e-06	-3.5733e-06	2.8364e-05	-2.7497e-10	-2.8418e-05	3.5852e-06	-3.5764e-06	4.5878e-05	-3.1074e-10	-4.582e-05	3.59e-06	-3.5877e-06	7.1158e-05	-4.032e-10	-7.1178e-05	3.5959e-06	-3.6001e-06	0.000107426	-5.8642e-10	-0.000107476	3.614e-06	-3.6264e-06	0.00015846	-8.964e-10	-0.0001583	3.6248e-06	-3.6518e-06
0.13	2.413e-07	-2.3884e-10	-2.5068e-07	3.6055e-06	-3.5811e-06	1.8664e-05	-2.5327e-10	-1.8682e-05	3.5831e-06	-3.5695e-06	3.2108e-05	-2.618e-10	-3.214e-05	3.5818e-06	-3.5756e-06	5.1686e-05	-2.9539e-10	-5.1688e-05	3.5882e-06	-3.5858e-06	7.9946e-05	-3.8751e-10	-8.0048e-05	3.6017e-06	-3.6043e-06	0.0001207	-5.66e-10	-0.00012044	3.6102e-06	-3.6245e-06	0.00017708	-8.6863e-10	-0.00017662	3.6228e-06	-3.6444e-06
0.135	2.4218e-07	-2.3052e-10	-2.648e-07	3.607e-06	-3.59e-06	2.1158e-05	-2.3821e-10	-2.114e-05	3.5892e-06	-3.5746e-06	3.6346e-05	-2.5021e-10	-3.6358e-05	3.5879e-06	-3.5788e-06	5.8232e-05	-2.809e-10	-5.8186e-05	3.5926e-06	-3.5887e-06	8.972e-05	-3.6838e-10	-8.9736e-05	3.5972e-06	-3.6055e-06	0.00013486	-5.4158e-10	-0.0001346	3.6132e-06	-3.628e-06	0.0001971	-8.4237e-10	-0.00019668	3.6188e-06	-3.6435e-06
0.14	2.6244e-07	-2.1719e-10	-2.8436e-07	3.6072e-06	-3.5859e-06	2.398e-05	-2.2555e-10	-2.399e-05	3.5924e-06	-3.5757e-06	4.1102e-05	-2.3858e-10	-4.1066e-05	3.5909e-06	-3.5845e-06	6.5618e-05	-2.6415e-10	-6.5626e-05	3.5951e-06	-3.5896e-06	0.000100928	-3.5409e-10	-0.000100898	3.5942e-06	-3.5969e-06	0.00015098	-5.2392e-10	-0.00015082	3.6069e-06	-3.6235e-06	0.00021998	-8.1176e-10	-0.0002197	3.6248e-06	-3.6458e-06
0.145	2.6928e-07	-2.0258e-10	-2.8786e-07	3.6036e-06	-3.5822e-06	2.7144e-05	-2.166e-10	-2.7134e-05	3.595e-06	-3.5787e-06	4.6358e-05	-2.244e-10	-4.633e-05	3.5883e-06	-3.5818e-06	7.3876e-05	-2.54e-10	-7.3778e-05	3.5894e-06	-3.5874e-06	0.000113234	-3.366e-10	-0.000113232	3.6e-06	-3.6012e-06	0.00016888	-5.0357e-10	-0.00016836	3.6076e-06	-3.6231e-06	0.00024478	-7.8571e-10	-0.0002445	3.6252e-06	-3.6513e-06
0.15	2.8252e-07	-1.8747e-10	-2.9496e-07	3.6056e-06	-3.5812e-06	3.0784e-05	-2.0305e-10	-3.0728e-05	3.5871e-06	-3.574e-06	5.2362e-05	-2.1172e-10	-5.2452e-05	3.5885e-06	-3.5811e-06	8.3222e-05	-2.4121e-10	-8.3262e-05	3.5898e-06	-3.5879e-06	0.00012754	-3.1951e-10	-0.00012726	3.5947e-06	-3.5982e-06	0.00018888	-4.8487e-10	-0.00018878	3.6085e-06	-3.6179e-06	0.00027266	-7.5892e-10	-0.00027246	3.6282e-06	-3.6556e-06
0.155	2.8828e-07	-1.758e-10	-2.9898e-07	3.6015e-06	-3.5827e-06	3.4822e-05	-1.9148e-10	-3.4824e-05	3.582e-06	-3.5649e-06	5.918e-05	-1.9678e-10	-5.9244e-05	3.5892e-06	-3.5777e-06	9.3788e-05	-2.2633e-10	-9.3622e-05	3.5872e-06	-3.5846e-06	0.00014314	-3.0433e-10	-0.00014274	3.592e-06	-3.5965e-06	0.00021076	-4.6372e-10	-0.00021062	3.6085e-06	-3.6208e-06	0.00030328	-7.3441e-10	-0.00030306	3.6264e-06	-3.648e-06
0.16	2.9362e-07	-1.6337e-10	-3.097e-07	3.5994e-06	-3.575e-06	3.944e-05	-1.7853e-10	-3.9448e-05	3.5852e-06	-3.5698e-06	6.6974e-05	-1.8658e-10	-6.6904e-05	3.5835e-06	-3.5743e-06	0.000105686	-2.132e-10	-0.000105502	3.5881e-06	-3.582e-06	0.00016046	-2.8853e-10	-0.0001602	3.5888e-06	-3.593e-06	0.00023558	-4.4083e-10	-0.00023554	3.6068e-06	-3.6201e-06	0.00033728	-7.0344e-10	-0.00033722	3.6302e-06	-3.6491e-06
0.165	2.7778e-07	-1.4918e-10	-2.9192e-07	3.5984e-06	-3.5789e-06	4.4508e-05	-1.6469e-10	-4.456e-05	3.5848e-06	-3.5723e-06	7.5448e-05	-1.7546e-10	-7.5392e-05	3.5842e-06	-3.5781e-06	0.00011896	-1.9944e-10	-0.00011862	3.592e-06	-3.5864e-06	0.00017956	-2.7207e-10	-0.0001793	3.5871e-06	-3.5908e-06	0.00026304	-4.2313e-10	-0.0002626	3.6077e-06	-3.6197e-06	0.00037482	-6.8055e-10	-0.0003744	3.6253e-06	-3.645e-06
0.17	2.6436e-07	-1.3861e-10	-2.8752e-07	3.6038e-06	-3.5846e-06	5.049e-05	-1.5252e-10	-5.0512e-05	3.5845e-06	-3.5688e-06	8.5178e-05	-1.6136e-10	-8.5202e-05	3.5851e-06	-3.5808e-06	0.0001338	-1.9039e-10	-0.0001335	3.5938e-06	-3.5908e-06	0.0002014	-2.5671e-10	-0.00020096	3.5952e-06	-3.5974e-06	0.00029322	-4.0445e-10	-0.00029294	3.608e-06	-3.619e-06	0.00041672	-6.5501e-10	-0.00041624	3.6198e-06	-3.642e-06
0.175	2.3736e-07	-1.2103e-10	-2.5668e-07	3.6054e-06	-3.5827e-06	5.7052e-05	-1.4077e-10	-5.7096e-05	3.5863e-06	-3.5708e-06	9.6126e-05	-1.509e-10	-9.6112e-05	3.5864e-06	-3.5794e-06	0.0001504	-1.7107e-10	-0.00015014	3.5929e-06	-3.5872e-06	0.00022508	-2.4057e-10	-0.0002249	3.5923e-06	-3.5967e-06	0.00032694	-3.8472e-10	-0.0003265	3.6056e-06	-3.6184e-06	0.00046162	-6.3402e-10	-0.00046148	3.6296e-06	-3.6469e-06
0.18	2.0254e-07	-1.0939e-10	-2.1456e-07	3.6014e-06	-3.5808e-06	6.462e-05	-1.2908e-10	-6.4594e-05	3.5851e-06	-3.5766e-06	0.000108308	-1.3981e-10	-0.000108444	3.5883e-06	-3.584e-06	0.00016894	-1.5636e-10	-0.00016874	3.5925e-06	-3.5898e-06	0.00025196	-2.2598e-10	-0.00025184	3.5937e-06	-3.5967e-06	0.00036424	-3.642e-10	-0.00036394	3.6008e-06	-3.6099e-06	0.0005121	-6.0683e-10	-0.00051204	3.6256e-06	-3.6426e-06
0.185	1.4328e-07	-9.596e-11	-1.6674e-07	3.6073e-06	-3.5838e-06	7.292e-05	-1.1607e-10	-7.2954e-05	3.5924e-06	-3.582e-06	0.00012226	-1.2763e-10	-0.00012202	3.5946e-06	-3.5878e-06	0.00018986	-1.4474e-10	-0.0001894	3.5878e-06	-3.589e-06	0.00028182	-2.0908e-10	-0.00028138	3.5921e-06	-3.5979e-06	0.0004049	-3.4105e-10	-0.00040468	3.6055e-06	-3.6176e-06	0.00056684	-5.8398e-10	-0.00056622	3.6235e-06	-3.6484e-06
0.19	8.27784e-08	-7.978e-11	-8.97398e-08	3.6034e-06	-3.5861e-06	8.2288e-05	-1.0275e-10	-8.2376e-05	3.5971e-06	-3.5822e-06	0.00013758	-1.1607e-10	-0.00013746	3.5947e-06	-3.5867e-06	0.00021258	-1.2774e-10	-0.00021236	3.5908e-06	-3.5862e-06	0.0003143	-1.9484e-10	-0.00031404	3.6003e-06	-3.6061e-06	0.00044988	-3.2422e-10	-0.0004494	3.6071e-06	-3.6154e-06	0.0006261	-5.5709e-10	-0.00062566	3.6235e-06	-3.6475e-06
0.195	-1.15252e-09	-6.694e-11	-1.61288e-08	3.6023e-06	-3.5833e-06	9.3038e-05	-9.213e-11	-9.2988e-05	3.5929e-06	-3.5814e-06	0.00015498	-1.0031e-10	-0.00015468	3.5938e-06	-3.5858e-06	0.00023848	-1.1612e-10	-0.00023824	3.5903e-06	-3.5923e-06	0.00035132	-1.7913e-10	-0.00035072	3.5946e-06	-3.5998e-06	0.00049944	-3.0323e-10	-0.00049942	3.6055e-06	-3.6165e-06	0.00069248	-5.3079e-10	-0.00069196	3.6235e-06	-3.6493e-06
0.2	-5.1716e-07	-5.369e-11	3.8712e-07	3.592e-06	-3.5739e-06	0.000104942	-7.748e-11	-0.000104884	3.5873e-06	-3.5752e-06	0.00017434	-8.742e-11	-0.0001738	3.5965e-06	-3.5849e-06	0.00026694	-1.018e-10	-0.00026668	3.5963e-06	-3.589e-06	0.00039126	-1.6488e-10	-0.00039092	3.5959e-06	-3.601e-06	0.00055374	-2.8183e-10	-0.00055408	3.6053e-06	-3.6187e-06	0.00076378	-5.0728e-10	-0.00076422	3.6283e-06	-3.6516e-06
0.205	-2.5068e-07	-4.017e-11	2.3404e-07	3.5918e-06	-3.5725e-06	0.00011856	-6.501e-11	-0.00011846	3.59e-06	-3.575e-06	0.00019598	-7.481e-11	-0.00019578	3.5948e-06	-3.5899e-06	0.00029932	-8.536e-11	-0.00029856	3.5997e-06	-3.5966e-06	0.00043616	-1.4571e-10	-0.00043572	3.592e-06	-3.5967e-06	0.00061482	-2.6468e-10	-0.000614	3.6009e-06	-3.6141e-06	0.00084302	-4.8438e-10	-0.00084286	3.633e-06	-3.6507e-06
0.21	-3.3938e-07	-2.554e-11	3.32e-07	3.5978e-06	-3.5774e-06	0.00013358	-5.07e-11	-0.00013332	3.5878e-06	-3.5748e-06	0.00021986	-5.903e-11	-0.00021966	3.5953e-06	-3.5868e-06	0.00033388	-7.493e-11	-0.00033374	3.5991e-06	-3.5912e-06	0.00048494	-1.2941e-10	-0.0004846	3.5912e-06	-3.5963e-06	0.00067994	-2.4593e-10	-0.00067958	3.6117e-06	-3.6211e-06	0.00092766	-4.5828e-10	-0.00092734	3.6195e-06	-3.6415e-06
0.215	-4.8414e-07	-9.95e-12	4.7882e-07	3.5987e-06	-3.5804e-06	0.00015056	-3.837e-11	-0.0001503	3.5888e-06	-3.5772e-06	0.0002467	-4.69e-11	-0.00024668	3.5907e-06	-3.5813e-06	0.00037354	-6.21e-11	-0.00037324	3.5956e-06	-3.5944e-06	0.00053976	-1.1405e-10	-0.00053946	3.595e-06	-3.5991e-06	0.00075232	-2.2758e-10	-0.00075186	3.6053e-06	-3.6172e-06	0.0010206	-4.322e-10	-0.0010206	3.6199e-06	-3.6432e-06
0.22	-6.4912e-07	7.98e-12	6.4336e-07	3.5965e-06	-3.5769e-06	0.00016914	-2.449e-11	-0.00016898	3.5916e-06	-3.5763e-06	0.00027658	-3.292e-11	-0.00027602	3.5886e-06	-3.5827e-06	0.00041668	-5.123e-11	-0.00041628	3.5937e-06	-3.5924e-06	0.00059848	-1.004e-10	-0.00059808	3.5907e-06	-3.5988e-06	0.00083004	-2.0708e-10	-0.00082936	3.6047e-06	-3.6171e-06	0.00111954	-4.1167e-10	-0.00112002	3.6234e-06	-3.6451e-06
0.225	-8.3808e-07	2.348e-11	8.43e-07	3.6027e-06	-3.5787e-06	0.00019048	-8.26e-12	-0.0001902	3.5879e-06	-3.5749e-06	0.0003101	-1.587e-11	-0.00030984	3.5898e-06	-3.5837e-06	0.00046442	-3.252e-11	-0.0004642	3.5942e-06	-3.5929e-06	0.00066352	-8.653e-11	-0.00066322	3.5911e-06	-3.5948e-06	0.00091512	-1.8787e-10	-0.00091438	3.6071e-06	-3.6191e-06	0.0012294	-3.8433e-10	-0.0012288	3.6246e-06	-3.6484e-06
0.23	-1.04846e-06	3.89e-11	1.04824e-06	3.5974e-06	-3.58e-06	0.00021384	1.73e-12	-0.00021346	3.5894e-06	-3.5776e-06	0.00034652	-6.58e-12	-0.00034628	3.595e-06	-3.5868e-06	0.00051634	-1.824e-11	-0.00051666	3.5928e-06	-3.5923e-06	0.00073436	-6.971e-11	-0.00073392	3.5959e-06	-3.604e-06	0.00100736	-1.6743e-10	-0.00100704	3.6062e-06	-3.6201e-06	0.0013462	-3.6228e-10	-0.0013452	3.6319e-06	-3.6537e-06
0.235	-1.498e-06	5.509e-11	1.4835e-06	3.5984e-06	-3.5804e-06	0.00023996	1.505e-11	-0.00023974	3.5843e-06	-3.5707e-06	0.00038766	9.48e-12	-0.00038738	3.5892e-06	-3.5829e-06	0.00057478	-1.33e-12	-0.00057486	3.5957e-06	-3.593e-06	0.0008124	-5.324e-11	-0.00081238	3.5947e-06	-3.6013e-06	0.0011073	-1.4759e-10	-0.00110772	3.6108e-06	-3.6248e-06	0.0014722	-3.3666e-10	-0.001472	3.6239e-06	-3.6486e-06
0.24	-1.7982e-06	7.163e-11	1.8128e-06	3.5935e-06	-3.5764e-06	0.00026882	3.181e-11	-0.00026842	3.5866e-06	-3.5734e-06	0.00043228	2.412e-11	-0.00043172	3.587e-06	-3.5795e-06	0.00063746	1.069e-11	-0.00063746	3.6006e-06	-3.5949e-06	0.00089616	-3.614e-11	-0.00089558	3.5905e-06	-3.5971e-06	0.0012158	-1.3132e-10	-0.0012144	3.6156e-06	-3.6246e-06	0.0016066	-3.1421e-10	-0.0016056	3.629e-06	-3.6494e-06
0.245	-2.0985e-06	8.817e-11	2.1093e-06	3.5929e-06	-3.5751e-06	0.00030136	4.826e-11	-0.00030118	3.5895e-06	-3.5746e-06	0.00048246	4.05e-11	-0.00048188	3.5863e-06	-3.5856e-06	0.00070788	2.511e-11	-0.00070712	3.5963e-06	-3.5959e-06	0.00098858	-1.998e-11	-0.000988	3.5885e-06	-3.5976e-06	0.001333	-1.1082e-10	-0.0013328	3.6077e-06	-3.6191e-06	0.0017524	-2.9196e-10	-0.0017518	3.6302e-06	-3.6525e-06
0.25	-2.4288e-06	1.0532e-10	2.4149e-06	3.5963e-06	-3.5749e-06	0.00033692	6.381e-11	-0.00033664	3.5889e-06	-3.5745e-06	0.00053596	5.411e-11	-0.0005358	3.579e-06	-3.5737e-06	0.00078254	3.901e-11	-0.00078214	3.5925e-06	-3.5903e-06	0.00108724	-2.41e-12	-0.00108736	3.5926e-06	-3.5979e-06	0.0014584	-9.63e-11	-0.0014578	3.6134e-06	-3.6262e-06	0.001907	-2.7433e-10	-0.0019056	3.6317e-06	-3.6571e-06
0.255	-2.7949e-06	1.2328e-10	2.794e-06	3.5964e-06	-3.5784e-06	0.00037636	7.716e-11	-0.00037616	3.582e-06	-3.5737e-06	0.00059622	6.558e-11	-0.00059624	3.5825e-06	-3.5729e-06	0.00086436	5.473e-11	-0.0008644	3.5923e-06	-3.5917e-06	0.0011954	1.245e-11	-0.001195	3.5981e-06	-3.6024e-06	0.0015938	-7.416e-11	-0.0015938	3.6162e-06	-3.6262e-06	0.002074	-2.43e-10	-0.0020728	3.6343e-06	-3.6558e-06
0.26	-3.2538e-06	1.4239e-10	3.1465e-06	3.5927e-06	-3.574e-06	0.00041968	9.15e-11	-0.00041956	3.5846e-06	-3.5785e-06	0.00066108	7.784e-11	-0.0006611	3.5833e-06	-3.5757e-06	0.00095326	6.868e-11	-0.0009533	3.5957e-06	-3.5975e-06	0.0013106	3.09e-11	-0.0013094	3.5904e-06	-3.5997e-06	0.0017386	-5.492e-11	-0.0017382	3.614e-06	-3.6208e-06	0.0022478	-2.1852e-10	-0.002247	3.6313e-06	-3.6584e-06
0.265	-3.7451e-06	1.5869e-10	3.6549e-06	3.601e-06	-3.5776e-06	0.00046798	1.0669e-10	-0.00046774	3.5879e-06	-3.5722e-06	0.00073362	9.31e-11	-0.00073322	3.5839e-06	-3.5754e-06	0.00105214	8.377e-11	-0.00105098	3.5956e-06	-3.5882e-06	0.0014366	4.555e-11	-0.0014356	3.5971e-06	-3.5997e-06	0.0018934	-3.425e-11	-0.0018916	3.615e-06	-3.6247e-06	0.002437	-1.961e-10	-0.002436	3.6279e-06	-3.6488e-06
0.27	-4.2417e-06	1.7838e-10	4.2577e-06	3.5897e-06	-3.5765e-06	0.0005204	1.2226e-10	-0.00052004	3.5825e-06	-3.5687e-06	0.000811	1.0903e-10	-0.00081078	3.5813e-06	-3.5724e-06	0.0011564	9.893e-11	-0.00115608	3.6027e-06	-3.5985e-06	0.0015692	6.44e-11	-0.0015678	3.5971e-06	-3.6005e-06	0.0020584	-1.813e-11	-0.0020576	3.6122e-06	-3.6256e-06	0.002633	-1.7267e-10	-0.002633	3.6299e-06	-3.654e-06
0.275	-4.737e-06	1.9888e-10	4.6266e-06	3.5985e-06	-3.5793e-06	0.00057858	1.3957e-10	-0.00057806	3.5873e-06	-3.5728e-06	0.0008967	1.2727e-10	-0.00089708	3.5874e-06	-3.5802e-06	0.0012702	1.1466e-10	-0.0012696	3.5972e-06	-3.5926e-06	0.0017156	7.882e-11	-0.0017144	3.5978e-06	-3.6055e-06	0.002235	1.87e-12	-0.0022348	3.6118e-06	-3.6249e-06	0.0028466	-1.487e-10	-0.0028466	3.6337e-06	-3.6549e-06
0.28	-5.1862e-06	2.1677e-10	5.2934e-06	3.5981e-06	-3.5772e-06	0.00064044	1.5532e-10	-0.00064108	3.5895e-06	-3.5792e-06	0.00098858	1.427e-10	-0.00098828	3.5884e-06	-3.5813e-06	0.0013914	1.2925e-10	-0.0013908	3.5981e-06	-3.5945e-06	0.0018674	9.805e-11	-0.0018676	3.598e-06	-3.6059e-06	0.0024212	2.351e-11	-0.0024216	3.6145e-06	-3.6308e-06	0.0030674	-1.2527e-10	-0.0030674	3.6371e-06	-3.657e-06
0.285	-5.8032e-06	2.3556e-10	5.825e-06	3.5931e-06	-3.5724e-06	0.00070926	1.7185e-10	-0.00070912	3.5879e-06	-3.5741e-06	0.00108774	1.5552e-10	-0.00108768	3.5884e-06	-3.5787e-06	0.0015222	1.4569e-10	-0.0015214	3.5954e-06	-3.5944e-06	0.002032	1.1485e-10	-0.0020314	3.5949e-06	-3.5969e-06	0.002619	3.836e-11	-0.0026182	3.6164e-06	-3.6313e-06	0.0032992	-1.0117e-10	-0.0032986	3.6374e-06	-3.6582e-06
0.29	-6.5311e-06	2.5405e-10	6.5667e-06	3.5973e-06	-3.5813e-06	0.00078466	1.895e-10	-0.00078506	3.5931e-06	-3.5776e-06	0.0011964	1.7556e-10	-0.0011964	3.5896e-06	-3.5835e-06	0.0016662	1.6237e-10	-0.0016648	3.5975e-06	-3.5942e-06	0.0022078	1.3469e-10	-0.0022068	3.5948e-06	-3.5991e-06	0.0028316	6.29e-11	-0.0028314	3.6176e-06	-3.6306e-06	0.0035476	-7.892e-11	-0.0035484	3.6354e-06	-3.6605e-06
0.295	-7.1124e-06	2.766e-10	7.176e-06	3.6005e-06	-3.5807e-06	0.00086528	2.0954e-10	-0.0008651	3.5944e-06	-3.5812e-06	0.001312	1.9359e-10	-0.0013114	3.5872e-06	-3.579e-06	0.001815	1.7697e-10	-0.0018138	3.5983e-06	-3.5977e-06	0.0023914	1.5035e-10	-0.0023916	3.5944e-06	-3.6033e-06	0.0030514	8.253e-11	-0.003053	3.6197e-06	-3.6307e-06	0.0038052	-5.718e-11	-0.0038062	3.6361e-06	-3.6594e-06
0.3	-7.9318e-06	2.9699e-10	7.9818e-06	3.5944e-06	-3.5757e-06	0.00095418	2.2484e-10	-0.0009538	3.5923e-06	-3.5752e-06	0.0014382	2.0914e-10	-0.0014382	3.5886e-06	-3.5797e-06	0.001977	1.9489e-10	-0.0019764	3.5937e-06	-3.5913e-06	0.002591	1.6618e-10	-0.0025898	3.6009e-06	-3.6045e-06	0.003289	1.0139e-10	-0.0032858	3.6185e-06	-3.6309e-06	0.0040808	-3.952e-11	-0.0040812	3.6343e-06	-3.6541e-06
0.305	-8.5244e-06	3.1917e-10	8.5127e-06	3.5993e-06	-3.5793e-06	0.00104888	2.414e-10	-0.00104882	3.5887e-06	-3.576e-06	0.0015714	2.2469e-10	-0.0015712	3.5872e-06	-3.5791e-06	0.0021474	2.1096e-10	-0.0021458	3.596e-06	-3.5957e-06	0.0027998	1.8428e-10	-0.0027978	3.5995e-06	-3.6045e-06	0.0035318	1.2112e-10	-0.003531	3.6183e-06	-3.6359e-06	0.0043616	-1.344e-11	-0.004362	3.6445e-06	-3.6643e-06
0.31	-9.4831e-06	3.4069e-10	9.5607e-06	3.6038e-06	-3.5852e-06	0.0011528	2.5927e-10	-0.00115202	3.5949e-06	-3.5805e-06	0.0017164	2.4159e-10	-0.0017164	3.5901e-06	-3.5782e-06	0.0023304	2.2676e-10	-0.002329	3.5976e-06	-3.5913e-06	0.003022	2.0089e-10	-0.0030198	3.6002e-06	-3.6082e-06	0.0037952	1.402e-10	-0.003794	3.6208e-06	-3.6366e-06	0.0046622	8.96e-12	-0.0046624	3.6488e-06	-3.6672e-06
0.315	-1.03128e-05	3.6463e-10	1.0341e-05	3.6066e-06	-3.5863e-06	0.0012616	2.7768e-10	-0.0012604	3.5831e-06	-3.5734e-06	0.0018688	2.5695e-10	-0.001867	3.5841e-06	-3.5788e-06	0.002523	2.4204e-10	-0.0025222	3.5986e-06	-3.5952e-06	0.0032514	2.1802e-10	-0.0032514	3.6053e-06	-3.6047e-06	0.0040636	1.6029e-10	-0.0040624	3.6212e-06	-3.6337e-06	0.004971	3.73e-11	-0.0049694	3.6457e-06	-3.6675e-06
0.32	-1.13602e-05	3.866e-10	1.10488e-05	3.596e-06	-3.5811e-06	0.0013808	2.9897e-10	-0.0013808	3.5937e-06	-3.5779e-06	0.0020328	2.7821e-10	-0.0020332	3.5805e-06	-3.5766e-06	0.0027284	2.6296e-10	-0.0027274	3.5997e-06	-3.6e-06	0.0034976	2.3801e-10	-0.0034976	3.6053e-06	-3.6126e-06	0.0043506	1.8205e-10	-0.004349	3.6243e-06	-3.6338e-06	0.0052968	6.152e-11	-0.0052962	3.6465e-06	-3.6695e-06
0.325	-1.17067e-05	4.1347e-10	1.0906e-05	3.5993e-06	-3.58e-06	0.0015068	3.1735e-10	-0.0015052	3.5904e-06	-3.5791e-06	0.0022064	2.9841e-10	-0.002206	3.5882e-06	-3.581e-06	0.002943	2.7965e-10	-0.0029418	3.5929e-06	-3.5944e-06	0.0037536	2.5593e-10	-0.0037532	3.5975e-06	-3.607e-06	0.004644	2.0137e-10	-0.0046434	3.6288e-06	-3.6344e-06	0.0056296	8.216e-11	-0.0056274	3.6476e-06	-3.6719e-06
0.33	-1.1719e-05	4.4081e-10	1.1708e-05	3.6009e-06	-3.5808e-06	0.0016422	3.3813e-10	-0.0016422	3.5863e-06	-3.5796e-06	0.002391	3.1775e-10	-0.0023896	3.5924e-06	-3.5798e-06	0.0031712	3.0162e-10	-0.0031712	3.5986e-06	-3.5964e-06	0.0040242	2.7391e-10	-0.004023	3.6005e-06	-3.6054e-06	0.0049556	2.2079e-10	-0.0049548	3.6307e-06	-3.6401e-06	0.0059808	1.0719e-10	-0.0059786	3.6483e-06	-3.6703e-06
0.335	-1.17188e-05	4.6747e-10	1.1068e-05	3.5991e-06	-3.5855e-06	0.0017852	3.5696e-10	-0.0017852	3.5891e-06	-3.576e-06	0.0025862	3.3397e-10	-0.0025838	3.5959e-06	-3.5893e-06	0.0034064	3.1796e-10	-0.0034078	3.5973e-06	-3.5971e-06	0.0043042	2.9407e-10	-0.004302	3.6045e-06	-3.6117e-06	0.0052754	2.412e-10	-0.0052732	3.6264e-06	-3.6393e-06	0.0063382	1.3139e-10	-0.0063364	3.6465e-06	-3.6757e-06
0.34	-1.5416e-05	4.9075e-10	1.527e-05	3.6057e-06	-3.5781e-06	0.0019398	3.7726e-10	-0.001939	3.5821e-06	-3.5762e-06	0.0027918	3.5238e-10	-0.002792	3.5909e-06	-3.5824e-06	0.003662	3.3481e-10	-0.0036612	3.601e-06	-3.5999e-06	0.0045998	3.1063e-10	-0.0045988	3.6079e-06	-3.6108e-06	0.0056116	2.6346e-10	-0.0056102	3.6305e-06	-3.6452e-06	0.0067146	1.5311e-10	-0.006713	3.6492e-06	-3.6737e-06
0.345	-1.6384e-05	5.1922e-10	1.6498e-05	3.5969e-06	-3.5792e-06	0.0021	3.9604e-10	-0.0020998	3.583e-06	-3.5754e-06	0.0030094	3.7037e-10	-0.0030088	3.5876e-06	-3.5788e-06	0.0039248	3.5644e-10	-0.0039226	3.6008e-06	-3.6009e-06	0.0049038	3.3321e-10	-0.0049012	3.6056e-06	-3.6097e-06	0.0059526	2.8459e-10	-0.0059532	3.6316e-06	-3.6449e-06	0.0070958	1.7622e-10	-0.0070958	3.6604e-06	-3.6837e-06
0.35	-1.7622e-05	5.4379e-10	1.7622e-05	3.5957e-06	-3.576e-06	0.0022724	4.1722e-10	-0.0022714	3.5922e-06	-3.5766e-06	0.003237	3.9054e-10	-0.0032366	3.5938e-06	-3.5847e-06	0.0042002	3.7336e-10	-0.0042018	3.5963e-06	-3.5979e-06	0.0052232	3.5193e-10	-0.0052228	3.61e-06	-3.6176e-06	0.006315	3.0655e-10	-0.006316	3.6322e-06	-3.6434e-06	0.0074956	1.9873e-10	-0.0074972	3.652e-06	-3.6753e-06
0.355	-1.8726e-05	5.7514e-10	1.8712e-05	3.5982e-06	-3.5816e-06	0.0024524	4.4204e-10	-0.002451	3.5865e-06	-3.5795e-06	0.0034764	4.127e-10	-0.0034768	3.5921e-06	-3.5858e-06	0.0044858	3.9512e-10	-0.004485	3.5979e-06	-3.5958e-06	0.0055518	3.719e-10	-0.0055526	3.6137e-06	-3.6181e-06	0.0066858	3.2868e-10	-0.0066844	3.6294e-06	-3.6441e-06	0.0079062	2.226e-10	-0.0079062	3.6592e-06	-3.684e-06
0.36	-2.0214e-05	6.0762e-10	1.9914e-05	3.5978e-06	-3.5737e-06	0.0026436	4.6391e-10	-0.0026418	3.595e-06	-3.5785e-06	0.0037292	4.3112e-10	-0.0037284	3.5938e-06	-3.5862e-06	0.0047876	4.1444e-10	-0.004787	3.5951e-06	-3.5979e-06	0.0058982	3.895e-10	-0.0058984	3.6178e-06	-3.6249e-06	0.0070746	3.4474e-10	-0.0070712	3.6362e-06	-3.6488e-06	0.0083324	2.4975e-10	-0.0083336	3.6648e-06	-3.6847e-06
0.365	-2.1352e-05	6.3812e-10	2.1128e-05	3.5965e-06	-3.5776e-06	0.0028406	4.8654e-10	-0.00284	3.5897e-06	-3.5748e-06	0.0039908	4.5346e-10	-0.0039884	3.5931e-06	-3.5862e-06	0.005096	4.3907e-10	-0.0050938	3.599e-06	-3.5994e-06	0.0062486	4.0936e-10	-0.006248	3.614e-06	-3.6213e-06	0.0074656	3.7257e-10	-0.0074636	3.6338e-06	-3.647e-06	0.008762	2.7595e-10	-0.0087624	3.6637e-06	-3.6871e-06
0.37	-2.2482e-05	6.6939e-10	2.2846e-05	3.5932e-06	-3.5748e-06	0.0030514	5.0717e-10	-0.003051	3.5904e-06	-3.5803e-06	0.004268	4.7473e-10	-0.0042682	3.59e-06	-3.5838e-06	0.0054226	4.5562e-10	-0.0054226	3.6009e-06	-3.5989e-06	0.0066186	4.2753e-10	-0.0066214	3.623e-06	-3.6276e-06	0.0078776	3.9502e-10	-0.0078766	3.641e-06	-3.6482e-06	0.0092148	3.0092e-10	-0.0092118	3.6684e-06	-3.6945e-06
0.375	-2.3964e-05	7.0079e-10	2.3904e-05	3.6e-06	-3.5833e-06	0.003269	5.3063e-10	-0.0032672	3.5902e-06	-3.5805e-06	0.0045496	4.9589e-10	-0.0045488	3.5907e-06	-3.5829e-06	0.0057554	4.7648e-10	-0.0057556	3.6005e-06	-3.6e-06	0.006997	4.5521e-10	-0.0069982	3.6218e-06	-3.6278e-06	0.008296	4.1647e-10	-0.008293	3.6425e-06	-3.6531e-06	0.009672	3.2153e-10	-0.0096658	3.6727e-06	-3.6958e-06
0.38	-2.5332e-05	7.3237e-10	2.536e-05	3.6013e-06	-3.5838e-06	0.0034956	5.5728e-10	-0.0034968	3.588e-06	-3.5764e-06	0.004849	5.1937e-10	-0.0048486	3.5954e-06	-3.5865e-06	0.0061046	4.9812e-10	-0.0061038	3.6068e-06	-3.6037e-06	0.0073886	4.7606e-10	-0.0073916	3.623e-06	-3.6289e-06	0.0087308	4.3566e-10	-0.0087278	3.6418e-06	-3.6525e-06	0.0101396	3.4741e-10	-0.0101384	3.675e-06	-3.7015e-06
0.385	-2.6624e-05	7.7281e-10	2.6594e-05	3.599e-06	-3.5779e-06	0.0037328	5.8153e-10	-0.0037326	3.5884e-06	-3.5779e-06	0.0051558	5.3902e-10	-0.0051538	3.5955e-06	-3.5844e-06	0.0064628	5.1292e-10	-0.0064604	3.603e-06	-3.6007e-06	0.0077902	4.8839e-10	-0.0077916	3.6217e-06	-3.6254e-06	0.0091694	4.6339e-10	-0.009169	3.6392e-06	-3.6569e-06	0.0106164	3.6883e-10	-0.0106168	3.6775e-06	-3.7001e-06
0.39	-2.8048e-05	8.1054e-10	2.7964e-05	3.5962e-06	-3.5763e-06	0.00398	6.0601e-10	-0.0039782	3.5908e-06	-3.576e-06	0.0054758	5.5986e-10	-0.0054772	3.598e-06	-3.591e-06	0.0068356	5.398e-10	-0.0068356	3.6024e-06	-3.6041e-06	0.0082082	5.1698e-10	-0.008208	3.6261e-06	-3.6259e-06	0.0096268	4.8076e-10	-0.0096244	3.6468e-06	-3.6582e-06	0.0111154	3.9666e-10	-0.0111124	3.6723e-06	-3.6965e-06
0.395	-2.9298e-05	8.5375e-10	2.907e-05	3.5984e-06	-3.5769e-06	0.0042328	6.2418e-10	-0.0042324	3.5918e-06	-3.5813e-06	0.0058044	5.8563e-10	-0.0058042	3.597e-06	-3.5867e-06	0.0072138	5.6918e-10	-0.0072136	3.605e-06	-3.602e-06	0.0086304	5.3819e-10	-0.0086296	3.627e-06	-3.6334e-06	0.0100866	5.0655e-10	-0.010088	3.6526e-06	-3.6681e-06	0.01164	4.2563e-10	-0.0116096	3.6822e-06	-3.7039e-06
0.4	-3.0502e-05	8.7516e-10	3.0362e-05	3.5932e-06	-3.5782e-06	0.0044974	6.6092e-10	-0.0044964	3.5889e-06	-3.576e-06	0.00615	6.0586e-10	-0.0061484	3.5996e-06	-3.5893e-06	0.0076132	5.8682e-10	-0.007611	3.6086e-06	-3.6043e-06	0.009071	5.6575e-10	-0.0090694	3.6287e-06	-3.6326e-06	0.0105702	5.2684e-10	-0.010568	3.6554e-06	-3.6691e-06	0.012154	4.5099e-10	-0.012132	3.6821e-06	-3.7095e-06
0.405	-3.2092e-05	9.2812e-10	3.205e-05	3.6002e-06	-3.5794e-06	0.0047678	6.881e-10	-0.0047666	3.5895e-06	-3.5742e-06	0.0064988	6.2939e-10	-0.0064958	3.5972e-06	-3.591e-06	0.0080108	6.0411e-10	-0.0080122	3.6113e-06	-3.6087e-06	0.0095138	5.8586e-10	-0.0095168	3.6312e-06	-3.6331e-06	0.0110488	5.5251e-10	-0.0110476	3.6529e-06	-3.6671e-06	0.012674	4.7175e-10	-0.012648	3.6819e-06	-3.7069e-06
0.41	-3.3342e-05	9.6491e-10	3.3104e-05	3.5971e-06	-3.5769e-06	0.0050476	7.1831e-10	-0.005047	3.5907e-06	-3.5796e-06	0.0068658	6.6167e-10	-0.0068646	3.5949e-06	-3.5895e-06	0.0084288	6.3123e-10	-0.0084286	3.6076e-06	-3.6074e-06	0.009977	6.1109e-10	-0.0099756	3.6309e-06	-3.6361e-06	0.01158	5.7684e-10	-0.0115534	3.6563e-06	-3.672e-06	0.013212	4.9853e-10	-0.013186	3.6871e-06	-3.7132e-06
0.415	-3.4718e-05	1.0052e-09	3.4794e-05	3.5964e-06	-3.577e-06	0.0053334	7.4967e-10	-0.0053326	3.5905e-06	-3.5755e-06	0.0072332	6.8546e-10	-0.0072362	3.5995e-06	-3.5933e-06	0.0088544	6.597e-10	-0.0088522	3.6061e-06	-3.6027e-06	0.0104454	6.3634e-10	-0.0104404	3.6345e-06	-3.6429e-06	0.012076	5.9448e-10	-0.012056	3.6575e-06	-3.6714e-06	0.013744	5.2416e-10	-0.013728	3.6933e-06	-3.7149e-06
0.42	-3.6018e-05	1.05329e-09	3.5658e-05	3.5926e-06	-3.5739e-06	0.0056278	7.757e-10	-0.0056284	3.5954e-06	-3.5807e-06	0.0076224	7.0499e-10	-0.0076214	3.5956e-06	-3.5954e-06	0.0092896	6.7349e-10	-0.0092906	3.6105e-06	-3.6091e-06	0.0109256	6.5883e-10	-0.0109226	3.6361e-06	-3.6404e-06	0.012606	6.2566e-10	-0.012584	3.6597e-06	-3.6719e-06	0.014304	5.5811e-10	-0.014282	3.6974e-06	-3.7199e-06
0.425	-3.7498e-05	1.08878e-09	3.7374e-05	3.5951e-06	-3.577e-06	0.0059302	8.0763e-10	-0.0059278	3.5975e-06	-3.5841e-06	0.0080122	7.3249e-10	-0.0080128	3.607e-06	-3.5957e-06	0.0097322	6.9818e-10	-0.0097312	3.6117e-06	-3.6075e-06	0.011411	6.8511e-10	-0.0114104	3.6375e-06	-3.6431e-06	0.013124	6.4896e-10	-0.013108	3.6624e-06	-3.6775e-06	0.014858	5.7893e-10	-0.014834	3.6936e-06	-3.717e-06
0.43	-3.8652e-05	1.1462e-09	3.9028e-05	3.5908e-06	-3.5745e-06	0.006239	8.3935e-10	-0.006237	3.5953e-06	-3.5858e-06	0.0084206	7.6783e-10	-0.00842	3.6057e-06	-3.5926e-06	0.0101912	7.3759e-10	-0.0101922	3.6103e-06	-3.6071e-06	0.011938	7.0566e-10	-0.011914	3.6394e-06	-3.6454e-06	0.013666	6.8051e-10	-0.013644	3.6647e-06	-3.6819e-06	0.015436	6.116e-10	-0.015404	3.7046e-06	-3.7256e-06
0.435	-4.0262e-05	1.1913e-09	4.0144e-05	3.5922e-06	-3.5724e-06	0.0065524	8.8143e-10	-0.006553	3.5986e-06	-3.5864e-06	0.0088306	7.8887e-10	-0.0088296	3.599e-06	-3.5945e-06	0.010654	7.549e-10	-0.010652	3.6101e-06	-3.6092e-06	0.01244	7.3191e-10	-0.012422	3.6446e-06	-3.6505e-06	0.01421	7.0576e-10	-0.014182	3.6676e-06	-3.6807e-06	0.016004	6.2925e-10	-0.015984	3.7007e-06	-3.7225e-06
0.44	-4.1388e-05	1.2428e-09	4.111e-05	3.5922e-06	-3.5715e-06	0.006876	9.039e-10	-0.0068744	3.5963e-06	-3.5832e-06	0.009256	8.1393e-10	-0.009256	3.6037e-06	-3.5991e-06	0.0111328	7.8096e-10	-0.0111324	3.6128e-06	-3.6092e-06	0.012966	7.5123e-10	-0.012942	3.6456e-06	-3.6472e-06	0.014768	7.286e-10	-0.014744	3.6706e-06	-3.6808e-06	0.016598	6.5746e-10	-0.016576	3.7124e-06	-3.7371e-06
0.445	-4.2962e-05	1.2911e-09	4.3054e-05	3.5944e-06	-3.5702e-06	0.0072002	9.3354e-10	-0.0071988	3.5981e-06	-3.5825e-06	0.0096852	8.4874e-10	-0.0096822	3.6058e-06	-3.6051e-06	0.011642	8.1058e-10	-0.0116158	3.6169e-06	-3.6134e-06	0.013488	7.7589e-10	-0.013466	3.6434e-06	-3.6473e-06	0.015322	7.4759e-10	-0.0153	3.6716e-06	-3.6859e-06	0.017188	6.9076e-10	-0.01717	3.7096e-06	-3.7298e-06
0.45	-4.3702e-05	1.3413e-09	4.3864e-05	3.5884e-06	-3.5733e-06	0.007528	9.6558e-10	-0.0075302	3.5996e-06	-3.592e-06	0.0101282	8.7472e-10	-0.0101298	3.6009e-06	-3.5968e-06	0.012134	8.3893e-10	-0.012114	3.6184e-06	-3.614e-06	0.014032	8.1586e-10	-0.014006	3.643e-06	-3.6493e-06	0.0159	7.8369e-10	-0.01588	3.6701e-06	-3.6831e-06	0.017794	7.1883e-10	-0.017772	3.7167e-06	-3.7387e-06
0.455	-4.5034e-05	1.4062e-09	4.5072e-05	3.5907e-06	-3.575e-06	0.0078654	1.0031e-09	-0.0078632	3.601e-06	-3.5892e-06	0.0105732	8.9289e-10	-0.0105714	3.6032e-06	-3.5976e-06	0.012636	8.6695e-10	-0.012614	3.6208e-06	-3.6217e-06	0.014566	8.473e-10	-0.014542	3.6491e-06	-3.6538e-06	0.016472	8.0655e-10	-0.016454	3.6754e-06	-3.6921e-06	0.018406	7.4721e-10	-0.018382	3.7241e-06	-3.7476e-06
0.46	-4.6316e-05	1.4598e-09	4.625e-05	3.5871e-06	-3.5658e-06	0.0082062	1.04586e-09	-0.0082064	3.5989e-06	-3.5834e-06	0.011035	9.2184e-10	-0.011037	3.6033e-06	-3.5973e-06	0.013154	8.856e-10	-0.013132	3.6182e-06	-3.6157e-06	0.01512	8.622e-10	-0.015102	3.6476e-06	-3.6535e-06	0.01706	8.3901e-10	-0.017042	3.6776e-06	-3.6949e-06	0.019024	7.7729e-10	-0.019	3.7231e-06	-3.7439e-06
0.465	-4.7662e-05	1.5084e-09	4.7608e-05	3.5864e-06	-3.5695e-06	0.0085442	1.07989e-09	-0.0085442	3.5982e-06	-3.5871e-06	0.0114952	9.6074e-10	-0.0114962	3.6066e-06	-3.5991e-06	0.01367	9.2159e-10	-0.013642	3.6131e-06	-3.614e-06	0.015676	8.87e-10	-0.015656	3.6493e-06	-3.655e-06	0.017652	8.6411e-10	-0.01763	3.6913e-06	-3.7027e-06	0.019646	8.0704e-10	-0.019618	3.7264e-06	-3.7452e-06
0.47	-4.9222e-05	1.5813e-09	4.8978e-05	3.5862e-06	-3.5736e-06	0.0088938	1.11885e-09	-0.0088948	3.5954e-06	-3.5852e-06	0.011998	1.0007e-09	-0.011974	3.6102e-06	-3.599e-06	0.0142	9.4236e-10	-0.01418	3.6194e-06	-3.6205e-06	0.016246	9.2021e-10	-0.01623	3.6502e-06	-3.6562e-06	0.018254	8.9635e-10	-0.018232	3.6933e-06	-3.7061e-06	0.020278	8.3384e-10	-0.020256	3.7313e-06	-3.7581e-06
0.475	-5.023e-05	1.6355e-09	5.0226e-05	3.5885e-06	-3.5691e-06	0.0092418	1.1577e-09	-0.0092376	3.5997e-06	-3.5873e-06	0.012472	1.0278e-09	-0.012452	3.6088e-06	-3.6001e-06	0.01473	9.7796e-10	-0.014708	3.6258e-06	-3.6272e-06	0.016824	9.4125e-10	-0.016798	3.6529e-06	-3.6569e-06	0.018858	9.1879e-10	-0.018836	3.6965e-06	-3.7048e-06	0.020914	8.5773e-10	-0.020892	3.7334e-06	-3.7547e-06
0.48	-5.1594e-05	1.7114e-09	5.1568e-05	3.5882e-06	-3.5724e-06	0.0095962	1.2023e-09	-0.0095922	3.5987e-06	-3.5866e-06	0.012962	1.0559e-09	-0.012942	3.6134e-06	-3.6062e-06	0.015274	1.00091e-09	-0.01525	3.6244e-06	-3.6239e-06	0.017412	9.8211e-10	-0.017386	3.6572e-06	-3.6581e-06	0.01948	9.4547e-10	-0.01946	3.696e-06	-3.7119e-06	0.021564	8.9099e-10	-0.021538	3.7419e-06	-3.765e-06
0.485	-5.2842e-05	1.7675e-09	5.3114e-05	3.5928e-06	-3.5697e-06	0.0099408	1.2391e-09	-0.0099428	3.5991e-06	-3.5837e-06	0.01345	1.095e-09	-0.01343	3.6083e-06	-3.6023e-06	0.01582	1.02932e-09	-0.015796	3.6281e-06	-3.6252e-06	0.017992	1.00441e-09	-0.017972	3.6575e-06	-3.6643e-06	0.020098	9.8148e-10	-0.020078	3.7021e-06	-3.7144e-06	0.022204	9.2545e-10	-0.022186	3.7392e-06	-3.7677e-06
0.49	-5.3778e-05	1.8327e-09	5.4156e-05	3.588e-06	-3.5749e-06	0.010297	1.282e-09	-0.010297	3.5934e-06	-3.5815e-06	0.013952	1.1257e-09	-0.013942	3.6065e-06	-3.6006e-06	0.01638	1.06869e-09	-0.01636	3.6285e-06	-3.6301e-06	0.018592	1.04043e-09	-0.018572	3.6641e-06	-3.667e-06	0.020734	1.00813e-09	-0.02071	3.7028e-06	-3.7138e-06	0.022874	9.5844e-10	-0.022844	3.7385e-06	-3.7664e-06
0.495	-5.48e-05	1.9034e-09	5.5002e-05	3.5894e-06	-3.5714e-06	0.0106462	1.3196e-09	-0.0106466	3.5937e-06	-3.581e-06	0.014458	1.1523e-09	-0.014434	3.6095e-06	-3.6037e-06	0.016948	1.09807e-09	-0.016924	3.6328e-06	-3.6293e-06	0.019186	1.0667e-09	-0.019166	3.6695e-06	-3.6715e-06	0.02136	1.03401e-09	-0.02134	3.7062e-06	-3.7212e-06	0.023524	9.8969e-10	-0.023502	3.7492e-06	-3.774e-06
0.5	-5.602e-05	1.9678e-09	5.6182e-05	3.5879e-06	-3.5721e-06	0.0110052	1.3721e-09	-0.011004	3.5925e-06	-3.5825e-06	0.014978	1.195e-09	-0.014952	3.6187e-06	-3.6065e-06	0.01752	1.1337e-09	-0.017498	3.6328e-06	-3.6352e-06	0.019806	1.10133e-09	-0.019788	3.6713e-06	-3.6755e-06	0.022008	1.06562e-09	-0.021986	3.7078e-06	-3.7217e-06	0.024204	1.02277e-09	-0.024184	3.7615e-06	-3.7839e-06
0.505	-5.7046e-05	2.0581e-09	5.7148e-05	3.5924e-06	-3.5761e-06	0.0113562	1.4142e-09	-0.0113574	3.5967e-06	-3.5834e-06	0.01549	1.2291e-09	-0.01547	3.6185e-06	-3.6092e-06	0.018088	1.1655e-09	-0.018064	3.6343e-06	-3.6326e-06	0.02041	1.1301e-09	-0.020394	3.6761e-06	-3.6768e-06	0.02265	1.09736e-09	-0.022636	3.7052e-06	-3.7173e-06	0.024874	1.04673e-09	-0.024852	3.7649e-06	-3.7848e-06
0.51	-5.8278e-05	2.1301e-09	5.8546e-05	3.5937e-06	-3.5779e-06	0.011736	1.4608e-09	-0.011716	3.5949e-06	-3.5847e-06	0.016018	1.2707e-09	-0.015996	3.6161e-06	-3.6043e-06	0.018676	1.189e-09	-0.018656	3.639e-06	-3.6361e-06	0.021046	1.1656e-09	-0.021022	3.6762e-06	-3.6814e-06	0.023306	1.1259e-09	-0.023284	3.7182e-06	-3.7249e-06	0.02556	1.07821e-09	-0.02554	3.7707e-06	-3.7904e-06
0.515	-5.9396e-05	2.2195e-09	5.9182e-05	3.5981e-06	-3.5761e-06	0.012088	1.5181e-09	-0.012064	3.5949e-06	-3.5789e-06	0.016538	1.3041e-09	-0.016518	3.6218e-06	-3.6125e-06	0.01926	1.2327e-09	-0.019234	3.6421e-06	-3.6421e-06	0.021666	1.1932e-09	-0.021644	3.6695e-06	-3.6804e-06	0.023962	1.1509e-09	-0.02394	3.7201e-06	-3.7335e-06	0.026244	1.1255e-09	-0.026218	3.7776e-06	-3.7986e-06
0.52	-6.0518e-05	2.3025e-09	6.0626e-05	3.5896e-06	-3.5729e-06	0.012436	1.5609e-09	-0.012418	3.5952e-06	-3.5794e-06	0.017074	1.3282e-09	-0.017054	3.6225e-06	-3.615e-06	0.019856	1.2648e-09	-0.019842	3.6447e-06	-3.6454e-06	0.022302	1.2217e-09	-0.022286	3.6737e-06	-3.6848e-06	0.024634	1.1973e-09	-0.024608	3.7237e-06	-3.7344e-06	0.02693	1.1439e-09	-0.026916	3.7735e-06	-3.7985e-06
0.525	-6.1414e-05	2.3934e-09	6.1244e-05	3.5918e-06	-3.5754e-06	0.012782	1.6169e-09	-0.012764	3.6022e-06	-3.5868e-06	0.017606	1.3795e-09	-0.01759	3.6148e-06	-3.6076e-06	0.020454	1.3044e-09	-0.020438	3.6476e-06	-3.6446e-06	0.022936	1.2572e-09	-0.022914	3.675e-06	-3.6809e-06	0.025292	1.2253e-09	-0.025274	3.7299e-06	-3.7423e-06	0.027624	1.1816e-09	-0.027606	3.7753e-06	-3.8021e-06
0.53	-6.2166e-05	2.4756e-09	6.2208e-05	3.5884e-06	-3.5705e-06	0.01313	1.6602e-09	-0.013108	3.595e-06	-3.5812e-06	0.018156	1.4144e-09	-0.018134	3.6225e-06	-3.6157e-06	0.021064	1.3399e-09	-0.021042	3.6461e-06	-3.6427e-06	0.023588	1.3009e-09	-0.023558	3.676e-06	-3.6822e-06	0.02597	1.2602e-09	-0.025944	3.7291e-06	-3.7466e-06	0.02832	1.2225e-09	-0.028298	3.78e-06	-3.81e-06
0.535	-6.243e-05	2.5691e-09	6.2306e-05	3.5892e-06	-3.5731e-06	0.013468	1.7161e-09	-0.013446	3.6009e-06	-3.5835e-06	0.018696	1.4624e-09	-0.018674	3.626e-06	-3.6196e-06	0.021666	1.3654e-09	-0.021648	3.6502e-06	-3.6491e-06	0.024228	1.3305e-09	-0.024204	3.6867e-06	-3.6942e-06	0.026644	1.2973e-09	-0.026624	3.7368e-06	-3.7464e-06	0.02903	1.2548e-09	-0.029	3.7856e-06	-3.8095e-06
0.54	-6.3866e-05	2.6625e-09	6.3962e-05	3.594e-06	-3.5792e-06	0.01381	1.7671e-09	-0.013792	3.6059e-06	-3.5881e-06	0.01925	1.5006e-09	-0.019228	3.628e-06	-3.6177e-06	0.02229	1.415e-09	-0.02227	3.6456e-06	-3.6444e-06	0.024886	1.3672e-09	-0.024868	3.6887e-06	-3.6957e-06	0.027332	1.3354e-09	-0.027308	3.7364e-06	-3.7483e-06	0.029738	1.2885e-09	-0.029716	3.7897e-06	-3.8179e-06
0.545	-6.4806e-05	2.7647e-09	6.472e-05	3.5941e-06	-3.5757e-06	0.014142	1.8397e-09	-0.014126	3.5969e-06	-3.5825e-06	0.019788	1.5482e-09	-0.019766	3.6282e-06	-3.6205e-06	0.022904	1.4528e-09	-0.022884	3.648e-06	-3.6495e-06	0.025538	1.4065e-09	-0.025518	3.6897e-06	-3.6923e-06	0.028014	1.3635e-09	-0.027992	3.7397e-06	-3.7518e-06	0.030452	1.321e-09	-0.030424	3.7902e-06	-3.8211e-06
0.55	-6.5398e-05	2.87e-09	6.527e-05	3.5976e-06	-3.5751e-06	0.014484	1.8895e-09	-0.01446	3.5962e-06	-3.5866e-06	0.020342	1.582e-09	-0.020324	3.6312e-06	-3.6249e-06	0.023536	1.492e-09	-0.023512	3.6499e-06	-3.6448e-06	0.026204	1.4417e-09	-0.026182	3.6964e-06	-3.7035e-06	0.028708	1.3964e-09	-0.02869	3.7463e-06	-3.755e-06	0.031158	1.3605e-09	-0.031148	3.803e-06	-3.8279e-06
0.555	-6.6116e-05	2.9685e-09	6.5952e-05	3.5979e-06	-3.576e-06	0.014806	1.9591e-09	-0.014782	3.5986e-06	-3.585e-06	0.020892	1.6298e-09	-0.020874	3.6308e-06	-3.6223e-06	0.024154	1.5224e-09	-0.024138	3.6531e-06	-3.6509e-06	0.026862	1.4712e-09	-0.026844	3.6958e-06	-3.6988e-06	0.029408	1.4421e-09	-0.02938	3.7508e-06	-3.764e-06	0.03188	1.3954e-09	-0.031852	3.804e-06	-3.8255e-06
0.56	-6.6846e-05	3.0717e-09	6.7168e-05	3.5975e-06	-3.5778e-06	0.015134	2.0319e-09	-0.015108	3.6008e-06	-3.5835e-06	0.021452	1.6708e-09	-0.021432	3.6227e-06	-3.6154e-06	0.02479	1.5527e-09	-0.024776	3.6523e-06	-3.6515e-06	0.02754	1.5078e-09	-0.027524	3.7011e-06	-3.7081e-06	0.030098	1.4739e-09	-0.030086	3.7487e-06	-3.7627e-06	0.032608	1.4384e-09	-0.032588	3.8115e-06	-3.837e-06
0.565	-6.829e-05	3.1747e-09	6.8042e-05	3.5945e-06	-3.5779e-06	0.01545	2.0906e-09	-0.015428	3.5957e-06	-3.5825e-06	0.022008	1.724e-09	-0.021986	3.6326e-06	-3.6224e-06	0.025426	1.5973e-09	-0.025406	3.6622e-06	-3.659e-06	0.028214	1.5518e-09	-0.02819	3.7031e-06	-3.7065e-06	0.030806	1.5163e-09	-0.030784	3.7522e-06	-3.7659e-06	0.03333	1.4556e-09	-0.033312	3.8223e-06	-3.8423e-06
0.57	-6.8832e-05	3.3141e-09	6.8942e-05	3.5975e-06	-3.5798e-06	0.015764	2.1606e-09	-0.015748	3.6008e-06	-3.5913e-06	0.022572	1.7727e-09	-0.02255	3.6311e-06	-3.6267e-06	0.02607	1.6494e-09	-0.026048	3.66e-06	-3.6569e-06	0.0289	1.5951e-09	-0.028876	3.7028e-06	-3.7086e-06	0.031516	1.5525e-09	-0.031488	3.751e-06	-3.7622e-06	0.03407	1.508e-09	-0.034046	3.8205e-06	-3.845e-06
0.575	-6.8986e-05	3.4347e-09	6.8904e-05	3.5959e-06	-3.5733e-06	0.016078	2.2273e-09	-0.016054	3.602e-06	-3.5869e-06	0.023132	1.8136e-09	-0.02311	3.6385e-06	-3.6315e-06	0.026704	1.6951e-09	-0.026684	3.6584e-06	-3.6616e-06	0.029574	1.6366e-09	-0.029556	3.7104e-06	-3.7123e-06	0.032216	1.5908e-09	-0.032194	3.7617e-06	-3.7738e-06	0.03479	1.5569e-09	-0.03477	3.8243e-06	-3.8482e-06
0.58	-6.9826e-05	3.5571e-09	6.9958e-05	3.596e-06	-3.5738e-06	0.01638	2.3027e-09	-0.01636	3.5986e-06	-3.5834e-06	0.023696	1.8689e-09	-0.023676	3.636e-06	-3.6265e-06	0.027356	1.7363e-09	-0.027332	3.6605e-06	-3.6608e-06	0.030264	1.6727e-09	-0.030244	3.7076e-06	-3.7112e-06	0.03294	1.6374e-09	-0.032918	3.7626e-06	-3.7779e-06	0.035532	1.6016e-09	-0.035506	3.8275e-06	-3.85e-06
0.585	-7.1054e-05	3.6967e-09	7.0984e-05	3.5948e-06	-3.5737e-06	0.01668	2.3781e-09	-0.016662	3.5977e-06	-3.5832e-06	0.02425	1.9246e-09	-0.02423	3.6319e-06	-3.6269e-06	0.028	1.764e-09	-0.02798	3.6692e-06	-3.6658e-06	0.030942	1.7215e-09	-0.030928	3.7059e-06	-3.7117e-06	0.033652	1.6742e-09	-0.03363	3.7743e-06	-3.7845e-06	0.036264	1.6396e-09	-0.036244	3.8334e-06	-3.8576e-06
0.59	-7.1748e-05	3.8188e-09	7.1652e-05	3.5943e-06	-3.5735e-06	0.016976	2.456e-09	-0.01696	3.5993e-06	-3.5806e-06	0.024812	1.9679e-09	-0.024792	3.6357e-06	-3.6242e-06	0.028654	1.8147e-09	-0.02864	3.6739e-06	-3.6724e-06	0.031644	1.7577e-09	-0.031628	3.7159e-06	-3.7209e-06	0.03438	1.7208e-09	-0.034358	3.7801e-06	-3.786e-06	0.037008	1.6759e-09	-0.036994	3.84e-06	-3.861e-06
0.595	-7.1886e-05	3.9707e-09	7.1932e-05	3.5932e-06	-3.5792e-06	0.017268	2.5336e-09	-0.017246	3.6033e-06	-3.5905e-06	0.025372	2.0105e-09	-0.025346	3.6347e-06	-3.6272e-06	0.029308	1.8778e-09	-0.02929	3.67e-06	-3.6656e-06	0.03234	1.8006e-09	-0.032316	3.7191e-06	-3.7235e-06	0.035098	1.7525e-09	-0.035076	3.7757e-06	-3.7896e-06	0.037746	1.7169e-09	-0.037734	3.8476e-06	-3.8681e-06
0.6	-7.2366e-05	4.1151e-09	7.2298e-05	3.5959e-06	-3.5772e-06	0.01755	2.6101e-09	-0.017538	3.6032e-06	-3.5898e-06	0.025932	2.0757e-09	-0.025916	3.6351e-06	-3.628e-06	0.029972	1.9154e-09	-0.029948	3.678e-06	-3.6732e-06	0.03304	1.8308e-09	-0.033022	3.7193e-06	-3.7268e-06	0.03583	1.8046e-09	-0.035806	3.7802e-06	-3.7952e-06	0.038508	1.7655e-09	-0.038492	3.8482e-06	-3.8723e-06
0.605	-7.302e-05	4.2634e-09	7.316e-05	3.5967e-06	-3.5796e-06	0.01783	2.6996e-09	-0.01781	3.603e-06	-3.5928e-06	0.026482	2.1377e-09	-0.026464	3.635e-06	-3.6301e-06	0.030622	1.9728e-09	-0.0306	3.6708e-06	-3.6696e-06	0.033738	1.8761e-09	-0.033712	3.7254e-06	-3.7299e-06	0.03655	1.8504e-09	-0.036526	3.7854e-06	-3.7964e-06	0.039254	1.8045e-09	-0.03923	3.8517e-06	-3.8774e-06
0.61	-7.378e-05	4.4186e-09	7.3644e-05	3.5924e-06	-3.5742e-06	0.01811	2.7889e-09	-0.018084	3.6079e-06	-3.595e-06	0.027048	2.204e-09	-0.02703	3.6406e-06	-3.6334e-06	0.03129	2.0113e-09	-0.031268	3.6762e-06	-3.6706e-06	0.034448	1.9326e-09	-0.03442	3.7284e-06	-3.732e-06	0.037286	1.8972e-09	-0.037266	3.7986e-06	-3.8058e-06	0.040004	1.8585e-09	-0.03998	3.8556e-06	-3.8862e-06
0.615	-7.4252e-05	4.5749e-09	7.4114e-05	3.5969e-06	-3.5766e-06	0.01837	2.8801e-09	-0.018348	3.6042e-06	-3.5926e-06	0.027596	2.2597e-09	-0.027572	3.6401e-06	-3.633e-06	0.031942	2.0696e-09	-0.031926	3.6758e-06	-3.6758e-06	0.035142	1.9923e-09	-0.035122	3.7284e-06	-3.7349e-06	0.03801	1.9346e-09	-0.037994	3.793e-06	-3.8102e-06	0.040754	1.9048e-09	-0.040736	3.861e-06	-3.8805e-06
0.62	-7.4688e-05	4.7493e-09	7.4776e-05	3.5961e-06	-3.5741e-06	0.018638	2.9674e-09	-0.018614	3.6051e-06	-3.5935e-06	0.02815	2.3188e-09	-0.02813	3.6453e-06	-3.6343e-06	0.032616	2.1148e-09	-0.032596	3.6804e-06	-3.6798e-06	0.035856	2.0306e-09	-0.035842	3.7258e-06	-3.7305e-06	0.038754	1.9884e-09	-0.038736	3.7927e-06	-3.8072e-06	0.04152	1.9456e-09	-0.041498	3.8698e-06	-3.8965e-06
0.625	-7.5858e-05	4.9299e-09	7.5692e-05	3.59e-06	-3.5714e-06	0.018898	3.0781e-09	-0.018878	3.6098e-06	-3.5936e-06	0.028698	2.3805e-09	-0.028682	3.6442e-06	-3.6331e-06	0.033278	2.1688e-09	-0.033254	3.6739e-06	-3.6739e-06	0.036562	2.0807e-09	-0.036542	3.7381e-06	-3.7414e-06	0.039486	2.0358e-09	-0.039466	3.7959e-06	-3.8123e-06	0.042272	1.9997e-09	-0.04225	3.8744e-06	-3.8962e-06
0.63	-7.628e-05	5.1044e-09	7.642e-05	3.5892e-06	-3.5705e-06	0.01915	3.1773e-09	-0.019132	3.6034e-06	-3.5894e-06	0.029248	2.4504e-09	-0.029226	3.6411e-06	-3.6364e-06	0.03395	2.2136e-09	-0.033926	3.6788e-06	-3.676e-06	0.037282	2.1257e-09	-0.037262	3.7391e-06	-3.7401e-06	0.040232	2.0904e-09	-0.040212	3.8042e-06	-3.8148e-06	0.043038	2.0527e-09	-0.043016	3.8772e-06	-3.9019e-06
0.635	-7.6788e-05	5.2981e-09	7.6512e-05	3.5915e-06	-3.5755e-06	0.019392	3.2812e-09	-0.01937	3.6132e-06	-3.5987e-06	0.029788	2.5063e-09	-0.029762	3.652e-06	-3.6417e-06	0.034608	2.2666e-09	-0.034586	3.678e-06	-3.6741e-06	0.037996	2.1724e-09	-0.03797	3.7443e-06	-3.7461e-06	0.040962	2.1416e-09	-0.040944	3.8065e-06	-3.8166e-06	0.043792	2.099e-09	-0.04378	3.8831e-06	-3.9011e-06
0.64	-7.7552e-05	5.4783e-09	7.7452e-05	3.5929e-06	-3.5747e-06	0.019638	3.39e-09	-0.019616	3.6125e-06	-3.6049e-06	0.030326	2.5878e-09	-0.030306	3.6445e-06	-3.6357e-06	0.035288	2.3377e-09	-0.035264	3.6831e-06	-3.6843e-06	0.03871	2.2227e-09	-0.038696	3.7508e-06	-3.7498e-06	0.041718	2.1829e-09	-0.041692	3.812e-06	-3.8218e-06	0.044562	2.1497e-09	-0.044542	3.8885e-06	-3.9106e-06
0.645	-7.8348e-05	5.6761e-09	7.8342e-05	3.5897e-06	-3.5715e-06	0.019872	3.5026e-09	-0.019852	3.6058e-06	-3.5947e-06	0.030858	2.6516e-09	-0.030842	3.6429e-06	-3.6368e-06	0.035954	2.3924e-09	-0.035926	3.687e-06	-3.6843e-06	0.039422	2.2839e-09	-0.0394	3.7463e-06	-3.7559e-06	0.04246	2.2451e-09	-0.042438	3.8095e-06	-3.8217e-06	0.045326	2.1978e-09	-0.045304	3.897e-06	-3.9197e-06
0.65	-7.8536e-05	5.8842e-09	7.848e-05	3.5916e-06	-3.5707e-06	0.020104	3.6154e-09	-0.020086	3.6082e-06	-3.5972e-06	0.031388	2.7281e-09	-0.03137	3.6514e-06	-3.6463e-06	0.03662	2.4539e-09	-0.036602	3.6833e-06	-3.6844e-06	0.040148	2.3409e-09	-0.040128	3.7509e-06	-3.757e-06	0.043202	2.286e-09	-0.043186	3.8128e-06	-3.8276e-06	0.046094	2.2533e-09	-0.046068	3.8956e-06	-3.9233e-06
0.655	-7.8942e-05	6.0936e-09	7.893e-05	3.5934e-06	-3.5723e-06	0.020326	3.7261e-09	-0.020312	3.6123e-06	-3.5994e-06	0.031906	2.7959e-09	-0.031888	3.6547e-06	-3.6467e-06	0.037292	2.5152e-09	-0.037274	3.6895e-06	-3.6878e-06	0.04087	2.3947e-09	-0.040848	3.7546e-06	-3.7567e-06	0.043948	2.3507e-09	-0.043938	3.8213e-06	-3.8357e-06	0.046854	2.3125e-09	-0.046832	3.9052e-06	-3.9252e-06
0.66	-7.8906e-05	6.2963e-09	7.8996e-05	3.5905e-06	-3.5711e-06	0.020552	3.8621e-09	-0.020534	3.6059e-06	-3.5989e-06	0.032438	2.8708e-09	-0.032422	3.6519e-06	-3.6438e-06	0.037964	2.5717e-09	-0.037944	3.6959e-06	-3.6906e-06	0.041598	2.4511e-09	-0.041576	3.757e-06	-3.761e-06	0.04471	2.401e-09	-0.044694	3.8299e-06	-3.8393e-06	0.047636	2.3642e-09	-0.047612	3.9114e-06	-3.9327e-06
0.665	-7.991e-05	6.5588e-09	7.9762e-05	3.5902e-06	-3.571e-06	0.020766	3.9862e-09	-0.020742	3.6111e-06	-3.5979e-06	0.032956	2.9358e-09	-0.03293	3.6541e-06	-3.6452e-06	0.038636	2.6229e-09	-0.03861	3.6966e-06	-3.6927e-06	0.042312	2.5214e-09	-0.042298	3.7603e-06	-3.7636e-06	0.045458	2.4647e-09	-0.04544	3.8291e-06	-3.8406e-06	0.048402	2.4079e-09	-0.04838	3.9155e-06	-3.9364e-06
0.67	-8.0294e-05	6.8071e-09	8.0366e-05	3.5934e-06	-3.5754e-06	0.02098	4.1285e-09	-0.02096	3.611e-06	-3.6018e-06	0.033464	3.0383e-09	-0.033448	3.6491e-06	-3.6475e-06	0.039312	2.6951e-09	-0.039288	3.6921e-06	-3.6951e-06	0.043046	2.5888e-09	-0.043024	3.7597e-06	-3.7644e-06	0.046216	2.5186e-09	-0.046196	3.8413e-06	-3.8482e-06	0.04918	2.4837e-09	-0.049162	3.9184e-06	-3.94e-06
0.675	-8.0642e-05	7.0611e-09	8.1054e-05	3.5908e-06	-3.5721e-06	0.021178	4.262e-09	-0.021164	3.614e-06	-3.6043e-06	0.033964	3.1298e-09	-0.033946	3.6523e-06	-3.6473e-06	0.039974	2.7635e-09	-0.039952	3.7099e-06	-3.704e-06	0.043762	2.6374e-09	-0.04375	3.7626e-06	-3.7628e-06	0.046964	2.5825e-09	-0.046936	3.8414e-06	-3.8563e-06	0.049944	2.5442e-09	-0.049928	3.9234e-06	-3.9447e-06
0.68	-8.092e-05	7.3296e-09	8.0946e-05	3.5895e-06	-3.5695e-06	0.021382	4.3945e-09	-0.021366	3.6199e-06	-3.6054e-06	0.034472	3.2146e-09	-0.034448	3.6577e-06	-3.6469e-06	0.040654	2.8333e-09	-0.040632	3.7019e-06	-3.6983e-06	0.044494	2.6973e-09	-0.044478	3.7634e-06	-3.7665e-06	0.047724	2.6397e-09	-0.047706	3.8473e-06	-3.8608e-06	0.05073	2.597e-09	-0.050708	3.9317e-06	-3.9515e-06
0.685	-8.1784e-05	7.5936e-09	8.1822e-05	3.5877e-06	-3.5643e-06	0.021578	4.5586e-09	-0.021562	3.6175e-06	-3.6065e-06	0.034954	3.3137e-09	-0.034934	3.6489e-06	-3.64e-06	0.041316	2.9098e-09	-0.041294	3.6992e-06	-3.696e-06	0.045218	2.772e-09	-0.0452	3.7667e-06	-3.7693e-06	0.048472	2.7e-09	-0.048454	3.8465e-06	-3.8599e-06	0.051498	2.6564e-09	-0.051474	3.93e-06	-3.955e-06
0.69	-8.2386e-05	7.8802e-09	8.2238e-05	3.5919e-06	-3.5722e-06	0.021772	4.7032e-09	-0.021754	3.6178e-06	-3.6018e-06	0.035448	3.4025e-09	-0.035428	3.6523e-06	-3.646e-06	0.041984	2.9774e-09	-0.041968	3.6988e-06	-3.7e-06	0.045946	2.8314e-09	-0.04593	3.7696e-06	-3.7748e-06	0.049234	2.7687e-09	-0.04922	3.8502e-06	-3.8609e-06	0.052276	2.7204e-09	-0.052262	3.9342e-06	-3.9588e-06
0.695	-8.2392e-05	8.1768e-09	8.2202e-05	3.5917e-06	-3.5778e-06	0.02196	4.8671e-09	-0.02194	3.6176e-06	-3.6045e-06	0.035926	3.5039e-09	-0.035908	3.6544e-06	-3.6448e-06	0.042644	3.0488e-09	-0.042624	3.7107e-06	-3.7057e-06	0.04668	2.8924e-09	-0.046664	3.768e-06	-3.7727e-06	0.049992	2.8282e-09	-0.049978	3.8579e-06	-3.8726e-06	0.053048	2.7878e-09	-0.053026	3.9456e-06	-3.9692e-06
0.7	-8.3026e-05	8.4912e-09	8.3024e-05	3.5949e-06	-3.5735e-06	0.022144	5.0314e-09	-0.022124	3.6166e-06	-3.605e-06	0.036402	3.6059e-09	-0.036382	3.655e-06	-3.6463e-06	0.043314	3.1204e-09	-0.043296	3.7126e-06	-3.7089e-06	0.047416	2.9452e-09	-0.047392	3.7759e-06	-3.782e-06	0.050758	2.8986e-09	-0.050736	3.8574e-06	-3.8713e-06	0.053838	2.8435e-09	-0.05381	3.9532e-06	-3.9697e-06
0.705	-8.3342e-05	8.8155e-09	8.3208e-05	3.5914e-06	-3.57e-06	0.02232	5.1922e-09	-0.022304	3.6184e-06	-3.6096e-06	0.036864	3.7121e-09	-0.036846	3.6549e-06	-3.6502e-06	0.043974	3.207e-09	-0.043954	3.7053e-06	-3.7026e-06	0.048138	3.0147e-09	-0.048114	3.7819e-06	-3.788e-06	0.051512	2.9652e-09	-0.051496	3.8633e-06	-3.8743e-06	0.054608	2.9261e-09	-0.054586	3.9535e-06	-3.977e-06
0.71	-8.3294e-05	9.1618e-09	8.3526e-05	3.5935e-06	-3.5772e-06	0.02249	5.3784e-09	-0.022472	3.6188e-06	-3.6031e-06	0.037326	3.8246e-09	-0.0373	3.6533e-06	-3.647e-06	0.04463	3.2807e-09	-0.044614	3.706e-06	-3.7022e-06	0.048866	3.1042e-09	-0.048852	3.7867e-06	-3.789e-06	0.05226	3.026e-09	-0.052244	3.8694e-06	-3.881e-06	0.05538	2.9883e-09	-0.055362	3.9566e-06	-3.9789e-06
0.715	-8.3748e-05	9.5054e-09	8.363e-05	3.5998e-06	-3.5827e-06	0.022658	5.5572e-09	-0.02264	3.6196e-06	-3.6038e-06	0.037782	3.9205e-09	-0.03776	3.6587e-06	-3.6535e-06	0.045294	3.3446e-09	-0.045274	3.7067e-06	-3.7077e-06	0.049596	3.1831e-09	-0.049572	3.7896e-06	-3.7943e-06	0.053034	3.1037e-09	-0.05302	3.8674e-06	-3.8787e-06	0.05617	3.0589e-09	-0.056152	3.9584e-06	-3.9857e-06
0.72	-8.3996e-05	9.8606e-09	8.4082e-05	3.5946e-06	-3.5746e-06	0.022824	5.7399e-09	-0.022808	3.615e-06	-3.6024e-06	0.038226	4.0245e-09	-0.038202	3.6565e-06	-3.6478e-06	0.04594	3.4447e-09	-0.045924	3.7108e-06	-3.7107e-06	0.05032	3.2416e-09	-0.050304	3.7877e-06	-3.7952e-06	0.053792	3.1486e-09	-0.053774	3.8702e-06	-3.8865e-06	0.056944	3.131e-09	-0.056926	3.9677e-06	-3.9888e-06
0.725	-8.4322e-05	1.02406e-08	8.422e-05	3.5992e-06	-3.5773e-06	0.02299	5.9503e-09	-0.02297	3.6119e-06	-3.6011e-06	0.038662	4.1611e-09	-0.038642	3.6585e-06	-3.655e-06	0.046602	3.5345e-09	-0.046584	3.7137e-06	-3.7117e-06	0.051062	3.3221e-09	-0.051036	3.7984e-06	-3.7975e-06	0.05456	3.2389e-09	-0.05454	3.8719e-06	-3.8856e-06	0.057728	3.2131e-09	-0.057716	3.9677e-06	-3.9901e-06
0.73	-8.455e-05	1.06436e-08	8.4694e-05	3.5974e-06	-3.5816e-06	0.023146	6.1551e-09	-0.023124	3.6121e-06	-3.6048e-06	0.039094	4.2889e-09	-0.039074	3.6626e-06	-3.6564e-06	0.04725	3.6201e-09	-0.04723	3.716e-06	-3.7143e-06	0.051784	3.4074e-09	-0.051764	3.7979e-06	-3.8021e-06	0.055316	3.3182e-09	-0.055292	3.8754e-06	-3.8909e-06	0.058508	3.28e-09	-0.058488	3.9725e-06	-3.9966e-06
0.735	-8.49e-05	1.10777e-08	8.46e-05	3.5979e-06	-3.5822e-06	0.023298	6.3634e-09	-0.02328	3.6099e-06	-3.597e-06	0.03952	4.4188e-09	-0.039504	3.661e-06	-3.6527e-06	0.047902	3.7172e-09	-0.047886	3.7173e-06	-3.7114e-06	0.052522	3.4784e-09	-0.052502	3.7979e-06	-3.8059e-06	0.056084	3.3957e-09	-0.056064	3.8871e-06	-3.8949e-06	0.059298	3.3665e-09	-0.05928	3.9781e-06	-4.0051e-06
0.74	-8.5064e-05	1.15009e-08	8.676e-05	3.5971e-06	-3.5722e-06	0.023452	6.5782e-09	-0.02343	3.6148e-06	-3.5991e-06	0.039934	4.5476e-09	-0.039914	3.6651e-06	-3.6571e-06	0.048536	3.8025e-09	-0.048522	3.7233e-06	-3.7196e-06	0.053248	3.5649e-09	-0.053224	3.8027e-06	-3.8081e-06	0.056842	3.4714e-09	-0.056816	3.8928e-06	-3.9077e-06	0.060076	3.4397e-09	-0.060058	3.985e-06	-4.0065e-06
0.745	-4.8934e-05	1.1974e-08	6.6074e-05	3.5898e-06	-3.569e-06	0.023596	6.8102e-09	-0.023574	3.6166e-06	-3.6025e-06	0.040344	4.671e-09	-0.04033	3.6679e-06	-3.6524e-06	0.049186	3.8998e-09	-0.049162	3.723e-06	-3.7265e-06	0.053978	3.6476e-09	-0.053958	3.8055e-06	-3.813e-06	0.057614	3.559e-09	-0.057596	3.8971e-06	-3.9134e-06	0.060862	3.5167e-09	-0.060846	3.9856e-06	-4.0094e-06
0.75	-7.7778e-05	1.24412e-08	8.1354e-05	3.5931e-06	-3.5757e-06	0.02374	7.0582e-09	-0.02372	3.6152e-06	-3.6025e-06	0.040752	4.8201e-09	-0.040732	3.6646e-06	-3.6524e-06	0.049816	4.0062e-09	-0.0498	3.7307e-06	-3.7264e-06	0.054704	3.7283e-09	-0.054684	3.8067e-06	-3.8103e-06	0.058368	3.6192e-09	-0.058348	3.8967e-06	-3.9134e-06	0.061644	3.597e-09	-0.061622	3.9929e-06	-4.0149e-06
0.755	-8.4016e-05	1.29376e-08	8.5052e-05	3.5933e-06	-3.5739e-06	0.023882	7.3049e-09	-0.023856	3.6135e-06	-3.6025e-06	0.041152	4.9568e-09	-0.041128	3.6637e-06	-3.6611e-06	0.050456	4.1069e-09	-0.050432	3.7299e-06	-3.7279e-06	0.055436	3.8208e-09	-0.055422	3.8096e-06	-3.8164e-06	0.059134	3.7298e-09	-0.05912	3.9041e-06	-3.9165e-06	0.062426	3.6617e-09	-0.062406	3.9994e-06	-4.0204e-06
0.76	-8.6226e-05	1.34294e-08	8.6272e-05	3.5919e-06	-3.5791e-06	0.024016	7.5702e-09	-0.023994	3.6169e-06	-3.6027e-06	0.041534	5.1003e-09	-0.041518	3.6631e-06	-3.6578e-06	0.051076	4.2113e-09	-0.051062	3.7343e-06	-3.7325e-06	0.056158	3.9148e-09	-0.056138	3.8016e-06	-3.8099e-06	0.059896	3.813e-09	-0.059874	3.9111e-06	-3.9204e-06	0.063204	3.7697e-09	-0.063188	4.0059e-06	-4.0275e-06
0.765	-8.6398e-05	1.39708e-08	8.6414e-05	3.5906e-06	-3.5736e-06	0.024148	7.8252e-09	-0.024134	3.6184e-06	-3.6034e-06	0.041922	5.2692e-09	-0.041898	3.6665e-06	-3.6608e-06	0.051708	4.3208e-09	-0.05169	3.7341e-06	-3.7281e-06	0.056892	4.0053e-09	-0.056862	3.8169e-06	-3.8156e-06	0.060666	3.8923e-09	-0.060646	3.9113e-06	-3.9206e-06	0.06399	3.8527e-09	-0.063978	4.0146e-06	-4.0311e-06
0.77	-8.6686e-05	1.45206e-08	8.7348e-05	3.5898e-06	-3.5684e-06	0.024274	8.1155e-09	-0.024256	3.6209e-06	-3.6064e-06	0.04229	5.4398e-09	-0.042272	3.6638e-06	-3.6594e-06	0.052324	4.4163e-09	-0.052304	3.7288e-06	-3.7292e-06	0.057612	4.0941e-09	-0.057592	3.8187e-06	-3.827e-06	0.061426	3.9738e-09	-0.061402	3.9113e-06	-3.9281e-06	0.064776	3.9373e-09	-0.064756	4.0161e-06	-4.0383e-06
0.775	-8.7954e-05	1.50986e-08	8.7912e-05	3.5938e-06	-3.573e-06	0.024408	8.4085e-09	-0.024384	3.621e-06	-3.6033e-06	0.042656	5.5956e-09	-0.042638	3.6681e-06	-3.662e-06	0.052946	4.544e-09	-0.05292	3.741e-06	-3.733e-06	0.058332	4.2021e-09	-0.058314	3.8208e-06	-3.8247e-06	0.062196	4.0726e-09	-0.062174	3.9129e-06	-3.9259e-06	0.065554	4.0339e-09	-0.065536	4.0219e-06	-4.0473e-06
0.78	-8.8004e-05	1.56954e-08	8.7708e-05	3.5901e-06	-3.572e-06	0.02453	8.7005e-09	-0.02451	3.6182e-06	-3.6062e-06	0.043018	5.7611e-09	-0.042994	3.6683e-06	-3.6613e-06	0.05354	4.6557e-09	-0.053524	3.7338e-06	-3.7309e-06	0.059046	4.2953e-09	-0.059032	3.8193e-06	-3.8273e-06	0.062944	4.1674e-09	-0.062932	3.9191e-06	-3.9278e-06	0.06634	4.1375e-09	-0.066314	4.0219e-06	-4.0459e-06
0.785	-8.7788e-05	1.63296e-08	8.784e-05	3.5912e-06	-3.5754e-06	0.024654	9.0212e-09	-0.024634	3.6152e-06	-3.6026e-06	0.043372	5.9542e-09	-0.043354	3.6653e-06	-3.6576e-06	0.054158	4.7806e-09	-0.054134	3.7372e-06	-3.7344e-06	0.059774	4.4024e-09	-0.059754	3.819e-06	-3.8274e-06	0.063714	4.2662e-09	-0.063698	3.9252e-06	-3.9339e-06	0.067128	4.2233e-09	-0.067106	4.031e-06	-4.0525e-06
0.79	-8.7856e-05	1.69952e-08	8.8064e-05	3.5942e-06	-3.5742e-06	0.024768	9.3603e-09	-0.02475	3.6215e-06	-3.6065e-06	0.043718	6.1602e-09	-0.0437	3.6651e-06	-3.6569e-06	0.05475	4.9066e-09	-0.054724	3.7476e-06	-3.743e-06	0.06049	4.5158e-09	-0.06048	3.8277e-06	-3.8296e-06	0.064474	4.3682e-09	-0.064454	3.924e-06	-3.9406e-06	0.0679	4.3249e-09	-0.067888	4.0311e-06	-4.053e-06
0.795	-8.8098e-05	1.7677e-08	8.873e-05	3.5897e-06	-3.5747e-06	0.024888	9.6768e-09	-0.024858	3.6214e-06	-3.6068e-06	0.044058	6.3229e-09	-0.04404	3.6679e-06	-3.6628e-06	0.055348	5.0421e-09	-0.055328	3.7482e-06	-3.747e-06	0.061212	4.6222e-09	-0.061196	3.8313e-06	-3.8379e-06	0.06524	4.4689e-09	-0.065226	3.9311e-06	-3.9448e-06	0.068694	4.4359e-09	-0.068678	4.0403e-06	-4.0561e-06
0.8	-8.8508e-05	1.84142e-08	8.846e-05	3.5998e-06	-3.579e-06	0.024996	1.00248e-08	-0.024978	3.6165e-06	-3.604e-06	0.044384	6.5545e-09	-0.044372	3.6666e-06	-3.659e-06	0.055928	5.175e-09	-0.055914	3.7468e-06	-3.7428e-06	0.061916	4.7307e-09	-0.061904	3.8371e-06	-3.8359e-06	0.066	4.5744e-09	-0.065982	3.937e-06	-3.9487e-06	0.069468	4.5348e-09	-0.069446	4.0457e-06	-4.0689e-06
0.805	-8.855e-05	1.91656e-08	8.8654e-05	3.5957e-06	-3.5759e-06	0.025108	1.04121e-08	-0.025082	3.6144e-06	-3.6053e-06	0.044716	6.7605e-09	-0.044694	3.664e-06	-3.6584e-06	0.056514	5.308e-09	-0.056492	3.7455e-06	-3.7438e-06	0.06264	4.8391e-09	-0.062622	3.8365e-06	-3.837e-06	0.066762	4.6747e-09	-0.06675	3.9382e-06	-3.9472e-06	0.07026	4.6387e-09	-0.070242	4.0539e-06	-4.0787e-06
0.81	-8.8904e-05	1.99456e-08	8.8722e-05	3.5952e-06	-3.5773e-06	0.02521	1.07771e-08	-0.025192	3.6199e-06	-3.6094e-06	0.04503	6.9755e-09	-0.045014	3.6708e-06	-3.6645e-06	0.057084	5.4538e-09	-0.057064	3.748e-06	-3.7486e-06	0.063352	4.9597e-09	-0.063324	3.8415e-06	-3.8455e-06	0.067516	4.7847e-09	-0.067498	3.9464e-06	-3.9555e-06	0.071032	4.7436e-09	-0.071012	4.0513e-06	-4.0775e-06
0.815	-8.8978e-05	2.08082e-08	8.8922e-05	3.5946e-06	-3.5812e-06	0.02532	1.11824e-08	-0.025298	3.6194e-06	-3.6055e-06	0.045346	7.2e-09	-0.045326	3.6648e-06	-3.6582e-06	0.057656	5.601e-09	-0.057636	3.7533e-06	-3.7519e-06	0.064064	5.0553e-09	-0.064048	3.8483e-06	-3.8522e-06	0.068278	4.8961e-09	-0.068258	3.9527e-06	-3.9673e-06	0.071816	4.863e-09	-0.071794	4.0641e-06	-4.0918e-06
0.82	-8.9522e-05	2.1653e-08	8.959e-05	3.594e-06	-3.5752e-06	0.02542	1.1634e-08	-0.025402	3.6128e-06	-3.6035e-06	0.04565	7.421e-09	-0.04563	3.6669e-06	-3.658e-06	0.058212	5.7506e-09	-0.058198	3.7496e-06	-3.7449e-06	0.064772	5.1821e-09	-0.064748	3.8437e-06	-3.8502e-06	0.06903	5.014e-09	-0.069018	3.959e-06	-3.9713e-06	0.072592	4.9742e-09	-0.07257	4.0687e-06	-4.0966e-06
0.825	-8.9312e-05	2.25446e-08	8.9526e-05	3.5963e-06	-3.5801e-06	0.025522	1.20582e-08	-0.0255	3.6206e-06	-3.6132e-06	0.04594	7.6576e-09	-0.045924	3.6662e-06	-3.6604e-06	0.058766	5.9147e-09	-0.05875	3.7522e-06	-3.7516e-06	0.065468	5.3279e-09	-0.065444	3.8477e-06	-3.8542e-06	0.069784	5.1073e-09	-0.069772	3.959e-06	-3.9674e-06	0.073358	5.0866e-09	-0.073338	4.068e-06	-4.0905e-06
0.83	-9.0082e-05	2.34938e-08	9.0182e-05	3.5988e-06	-3.5773e-06	0.025622	1.25244e-08	-0.025594	3.6177e-06	-3.6039e-06	0.046242	7.9174e-09	-0.046222	3.6725e-06	-3.6609e-06	0.05932	6.0677e-09	-0.0593	3.7506e-06	-3.7494e-06	0.066176	5.4547e-09	-0.066154	3.8522e-06	-3.8578e-06	0.070548	5.2509e-09	-0.07053	3.9585e-06	-3.9707e-06	0.07415	5.2086e-09	-0.074136	4.0712e-06	-4.091e-06
0.835	-9.0242e-05	2.44514e-08	9.0664e-05	3.5897e-06	-3.5723e-06	0.025712	1.2999e-08	-0.025698	3.6163e-06	-3.6027e-06	0.046526	8.1784e-09	-0.046512	3.671e-06	-3.6654e-06	0.059854	6.2299e-09	-0.059834	3.7513e-06	-3.753e-06	0.06687	5.5839e-09	-0.066848	3.8561e-06	-3.8627e-06	0.071304	5.3736e-09	-0.071282	3.9604e-06	-3.9766e-06	0.07492	5.3348e-09	-0.074908	4.0861e-06	-4.1095e-06
0.84	-9.0678e-05	2.55246e-08	9.047e-05	3.5978e-06	-3.5782e-06	0.025806	1.34982e-08	-0.02579	3.614e-06	-3.6028e-06	0.046808	8.4539e-09	-0.046786	3.6769e-06	-3.6705e-06	0.060396	6.4143e-09	-0.060378	3.7616e-06	-3.7527e-06	0.067578	5.729e-09	-0.067554	3.8651e-06	-3.8681e-06	0.072056	5.5085e-09	-0.072036	3.9602e-06	-3.97e-06	0.07571	5.4584e-09	-0.075686	4.0889e-06	-4.1113e-06
0.845	-9.0594e-05	2.65746e-08	9.0528e-05	3.5908e-06	-3.5748e-06	0.0259	1.40036e-08	-0.02588	3.6171e-06	-3.6037e-06	0.04708	8.7357e-09	-0.04706	3.6705e-06	-3.664e-06	0.060926	6.5847e-09	-0.060908	3.7665e-06	-3.7611e-06	0.068262	5.8725e-09	-0.068246	3.8647e-06	-3.8732e-06	0.072806	5.6281e-09	-0.072794	3.9686e-06	-3.9831e-06	0.07648	5.5866e-09	-0.076456	4.0896e-06	-4.116e-06
0.85	-9.0408e-05	2.773e-08	9.0892e-05	3.587e-06	-3.5746e-06	0.025988	1.45378e-08	-0.02597	3.6154e-06	-3.6076e-06	0.04735	9.0189e-09	-0.047338	3.6668e-06	-3.6581e-06	0.061448	6.7773e-09	-0.061426	3.7602e-06	-3.7596e-06	0.068954	6.0149e-09	-0.06894	3.858e-06	-3.8626e-06	0.073568	5.7664e-09	-0.073546	3.9759e-06	-3.9866e-06	0.077262	5.6947e-09	-0.077246	4.088e-06	-4.116e-06
0.855	-9.0786e-05	2.88816e-08	9.0782e-05	3.591e-06	-3.5695e-06	0.026078	1.50936e-08	-0.026052	3.6169e-06	-3.603e-06	0.047608	9.3119e-09	-0.04759	3.664e-06	-3.6602e-06	0.061956	6.9666e-09	-0.06194	3.7634e-06	-3.761e-06	0.069638	6.158e-09	-0.06962	3.8666e-06	-3.8669e-06	0.074314	5.9073e-09	-0.074294	3.9763e-06	-3.9882e-06	0.07803	5.8637e-09	-0.078012	4.105e-06	-4.1213e-06
0.86	-9.159e-05	3.01176e-08	9.1322e-05	3.5931e-06	-3.5767e-06	0.026158	1.56886e-08	-0.026142	3.6187e-06	-3.6052e-06	0.04787	9.6516e-09	-0.047858	3.6682e-06	-3.6614e-06	0.06247	7.1853e-09	-0.062446	3.7679e-06	-3.7673e-06	0.070324	6.3295e-09	-0.070306	3.871e-06	-3.8743e-06	0.075068	6.0309e-09	-0.075046	3.9807e-06	-3.9955e-06	0.078808	5.9988e-09	-0.078792	4.1101e-06	-4.1292e-06
0.865	-9.1516e-05	3.14202e-08	9.1626e-05	3.5962e-06	-3.5798e-06	0.026244	1.62952e-08	-0.026222	3.6212e-06	-3.609e-06	0.048118	9.9595e-09	-0.048102	3.6685e-06	-3.6646e-06	0.062962	7.3826e-09	-0.062944	3.7634e-06	-3.763e-06	0.071006	6.4768e-09	-0.07098	3.8652e-06	-3.8738e-06	0.075812	6.1933e-09	-0.07579	3.9904e-06	-4.0017e-06	0.07958	6.1481e-09	-0.079562	4.1155e-06	-4.1419e-06
0.87	-9.2176e-05	3.27596e-08	9.1948e-05	3.5934e-06	-3.5722e-06	0.026322	1.69448e-08	-0.026302	3.6147e-06	-3.6013e-06	0.048372	1.03111e-08	-0.048348	3.663e-06	-3.6608e-06	0.063454	7.5987e-09	-0.06344	3.7687e-06	-3.7697e-06	0.071684	6.639e-09	-0.071662	3.8714e-06	-3.8775e-06	0.076562	6.3365e-09	-0.076538	3.9946e-06	-4.0078e-06	0.080362	6.2978e-09	-0.080338	4.1121e-06	-4.1362e-06
0.875	-9.1906e-05	3.41684e-08	9.199e-05	3.5935e-06	-3.5768e-06	0.026404	1.75852e-08	-0.026382	3.6117e-06	-3.5968e-06	0.048606	1.06629e-08	-0.048594	3.6732e-06	-3.6637e-06	0.063946	7.8258e-09	-0.063926	3.7559e-06	-3.7594e-06	0.072352	6.8083e-09	-0.072332	3.8751e-06	-3.8771e-06	0.077304	6.4811e-09	-0.077288	3.9933e-06	-4.0051e-06	0.081126	6.4342e-09	-0.081106	4.117e-06	-4.1406e-06
0.88	-9.2258e-05	3.56916e-08	9.2332e-05	3.5947e-06	-3.5743e-06	0.026484	1.82628e-08	-0.02646	3.61e-06	-3.6028e-06	0.048846	1.10295e-08	-0.048828	3.6719e-06	-3.6694e-06	0.06442	8.0384e-09	-0.064406	3.7667e-06	-3.7648e-06	0.073024	6.9767e-09	-0.073006	3.8731e-06	-3.8829e-06	0.078054	6.6414e-09	-0.078028	3.9976e-06	-4.0079e-06	0.081904	6.5976e-09	-0.081892	4.1333e-06	-4.1578e-06
0.885	-9.2388e-05	3.72034e-08	9.2778e-05	3.5937e-06	-3.5733e-06	0.02656	1.8981e-08	-0.026532	3.6095e-06	-3.5981e-06	0.04908	1.14346e-08	-0.049056	3.6774e-06	-3.6701e-06	0.06489	8.2828e-09	-0.06487	3.7694e-06	-3.7677e-06	0.073686	7.1286e-09	-0.073662	3.8869e-06	-3.8879e-06	0.07879	6.8208e-09	-0.078774	3.998e-06	-4.0089e-06	0.082672	6.7484e-09	-0.082664	4.1336e-06	-4.1611e-06
0.89	-9.2728e-05	3.88624e-08	9.2548e-05	3.5907e-06	-3.5718e-06	0.026634	1.9788e-08	-0.026612	3.6129e-06	-3.6006e-06	0.049308	1.18526e-08	-0.04929	3.6763e-06	-3.6717e-06	0.065356	8.5188e-09	-0.065342	3.7659e-06	-3.7643e-06	0.074348	7.3397e-09	-0.07433	3.883e-06	-3.8848e-06	0.079534	6.9678e-09	-0.07952	4.0064e-06	-4.0192e-06	0.083442	6.9084e-09	-0.083428	4.1416e-06	-4.1644e-06
0.895	-9.3446e-05	4.04992e-08	9.341e-05	3.5892e-06	-3.5699e-06	0.026706	2.05594e-08	-0.026686	3.6146e-06	-3.603e-06	0.049524	1.22488e-08	-0.049504	3.6704e-06	-3.6638e-06	0.065812	8.7836e-09	-0.065786	3.7674e-06	-3.766e-06	0.075002	7.5132e-09	-0.07498	3.8851e-06	-3.8909e-06	0.080264	7.1471e-09	-0.08025	4.012e-06	-4.0226e-06	0.084214	7.0832e-09	-0.084192	4.1441e-06	-4.1717e-06
0.9	-9.2852e-05	4.23144e-08	9.3026e-05	3.5956e-06	-3.5746e-06	0.026778	2.1366e-08	-0.026758	3.6152e-06	-3.5999e-06	0.049742	1.26908e-08	-0.049722	3.6696e-06	-3.6619e-06	0.066256	9.046e-09	-0.066234	3.7705e-06	-3.7675e-06	0.075652	7.7182e-09	-0.075632	3.8833e-06	-3.8878e-06	0.081012	7.3266e-09	-0.08099	4.0043e-06	-4.0209e-06	0.08498	7.2511e-09	-0.084964	4.1421e-06	-4.1643e-06
