Vd	Id,Vg=0V	Ig,Vg=0V	Is,Vg=0V	Iavdd,Vg=0V	Ignd,Vg=0V	Id,Vg=0.15V	Ig,Vg=0.15V	Is,Vg=0.15V	Iavdd,Vg=0.15V	Ignd,Vg=0.15V	Id,Vg=0.3V	Ig,Vg=0.3V	Is,Vg=0.3V	Iavdd,Vg=0.3V	Ignd,Vg=0.3V	Id,Vg=0.45V	Ig,Vg=0.45V	Is,Vg=0.45V	Iavdd,Vg=0.45V	Ignd,Vg=0.45V	Id,Vg=0.6V	Ig,Vg=0.6V	Is,Vg=0.6V	Iavdd,Vg=0.6V	Ignd,Vg=0.6V	Id,Vg=0.75V	Ig,Vg=0.75V	Is,Vg=0.75V	Iavdd,Vg=0.75V	Ignd,Vg=0.75V	Id,Vg=0.9V	Ig,Vg=0.9V	Is,Vg=0.9V	Iavdd,Vg=0.9V	Ignd,Vg=0.9V
0	6.1142e-10	4.47e-12	-5.4483e-10	3.3294e-07	-3.3288e-07	6.11686e-08	1.804e-11	-5.75116e-08	3.3232e-07	-3.3224e-07	-1.172498e-07	4.778e-11	1.150044e-07	3.3298e-07	-3.3292e-07	-1.4328e-05	2.9581e-10	1.575e-05	3.3248e-07	-3.3244e-07	-1.9058e-05	1.1929e-09	2.9036e-05	3.3234e-07	-3.3224e-07	-2.036e-05	4.0997e-09	3.6592e-05	3.327e-07	-3.3266e-07	-2.175e-05	1.5954e-08	4.1014e-05	3.3302e-07	-3.3294e-07
0.005	3.087e-09	8.8e-13	-3.0588e-09	3.3286e-07	-3.3282e-07	3.088e-07	5.59e-12	-3.1238e-07	3.323e-07	-3.3232e-07	1.6878e-05	3.715e-11	-1.685e-05	3.33e-07	-3.3294e-07	7.8052e-05	2.8404e-10	-0.00016544	3.3264e-07	-3.3256e-07	6.4682e-05	1.1606e-09	-0.000354	3.3242e-07	-3.3226e-07	7.175e-05	4.024e-09	-0.00046448	3.327e-07	-3.3262e-07	5.7454e-05	1.54958e-08	-0.00052222	3.3304e-07	-3.3304e-07
0.01	5.0537e-09	4.39e-12	-5.0733e-09	3.3278e-07	-3.328e-07	5.227e-07	1.078e-11	-5.2004e-07	3.3228e-07	-3.3222e-07	3.164e-05	4.542e-11	-3.18e-05	3.3298e-07	-3.33e-07	0.00034074	2.939e-10	-0.00034036	3.3262e-07	-3.3254e-07	0.00074144	1.131e-09	-0.0007412	3.3228e-07	-3.3226e-07	0.0009754	3.914e-09	-0.00097604	3.326e-07	-3.3254e-07	0.0011027	1.50678e-08	-0.00110312	3.3302e-07	-3.3304e-07
0.015	6.8069e-09	-5.14e-12	-6.8084e-09	3.328e-07	-3.328e-07	7.0448e-07	1.254e-11	-7.0552e-07	3.3232e-07	-3.3228e-07	4.49e-05	4.411e-11	-4.4848e-05	3.3294e-07	-3.3294e-07	0.00050974	2.6331e-10	-0.00051004	3.3258e-07	-3.3262e-07	0.00112834	1.1178e-09	-0.0011272	3.3228e-07	-3.323e-07	0.001492	3.8363e-09	-0.001491	3.3256e-07	-3.3248e-07	0.0016882	1.46728e-08	-0.0016892	3.3292e-07	-3.3288e-07
0.02	8.2451e-09	9.73e-12	-8.236e-09	3.327e-07	-3.3272e-07	8.5502e-07	-9.8e-13	-8.5908e-07	3.3252e-07	-3.3242e-07	5.617e-05	4.937e-11	-5.62e-05	3.3306e-07	-3.3306e-07	0.00066656	2.7688e-10	-0.00066598	3.3254e-07	-3.3248e-07	0.0014998	1.078e-09	-0.0015014	3.3226e-07	-3.3222e-07	0.0019966	3.7321e-09	-0.001996	3.3254e-07	-3.326e-07	0.0022642	1.42474e-08	-0.0022656	3.3286e-07	-3.3288e-07
0.025	9.4613e-09	-9.8e-12	-9.4395e-09	3.3286e-07	-3.3278e-07	9.8542e-07	1.875e-11	-9.8306e-07	3.324e-07	-3.3248e-07	6.6104e-05	3.892e-11	-6.6132e-05	3.3308e-07	-3.3306e-07	0.0008152	2.529e-10	-0.00081468	3.325e-07	-3.3252e-07	0.0018662	1.0641e-09	-0.0018654	3.3222e-07	-3.3224e-07	0.002496	3.643e-09	-0.0024952	3.3252e-07	-3.3256e-07	0.0028372	1.3895e-08	-0.0028358	3.3282e-07	-3.3282e-07
0.03	1.05399e-08	7.88e-12	-1.05332e-08	3.328e-07	-3.328e-07	1.09266e-06	3.36e-12	-1.09702e-06	3.3244e-07	-3.324e-07	7.5016e-05	4.216e-11	-7.5012e-05	3.331e-07	-3.3302e-07	0.0009566	2.4815e-10	-0.00095642	3.3246e-07	-3.3256e-07	0.002231	1.0254e-09	-0.00223	3.3226e-07	-3.3226e-07	0.0030008	3.5813e-09	-0.0029972	3.3252e-07	-3.3254e-07	0.0034158	1.34928e-08	-0.0034156	3.328e-07	-3.327e-07
0.035	1.14339e-08	-7.94e-12	-1.1406e-08	3.3278e-07	-3.328e-07	1.1926e-06	7.39e-12	-1.1936e-06	3.3232e-07	-3.3234e-07	8.2628e-05	3.33e-11	-8.252e-05	3.3294e-07	-3.3292e-07	0.00108824	2.476e-10	-0.00108844	3.322e-07	-3.3232e-07	0.0025824	1.0115e-09	-0.0025808	3.3236e-07	-3.3234e-07	0.0034902	3.4561e-09	-0.0034904	3.3252e-07	-3.3256e-07	0.0039832	1.31508e-08	-0.0039832	3.3268e-07	-3.328e-07
0.04	1.22516e-08	-4.8e-12	-1.21946e-08	3.3284e-07	-3.3292e-07	1.276e-06	-2.66e-12	-1.2694e-06	3.3234e-07	-3.3234e-07	8.9422e-05	4.289e-11	-8.9376e-05	3.33e-07	-3.33e-07	0.001215	2.3395e-10	-0.0012142	3.3226e-07	-3.3232e-07	0.0029312	9.8222e-10	-0.0029298	3.3222e-07	-3.3224e-07	0.003985	3.4125e-09	-0.003985	3.325e-07	-3.3254e-07	0.0045586	1.27936e-08	-0.004557	3.3278e-07	-3.3282e-07
0.045	1.2926e-08	7.43e-12	-1.28622e-08	3.3286e-07	-3.329e-07	1.34e-06	1.756e-11	-1.342e-06	3.3238e-07	-3.3236e-07	9.5292e-05	3.44e-11	-9.5242e-05	3.33e-07	-3.331e-07	0.0013314	2.364e-10	-0.0013312	3.322e-07	-3.3226e-07	0.0032674	9.6727e-10	-0.0032668	3.322e-07	-3.3232e-07	0.0044662	3.3291e-09	-0.0044658	3.3258e-07	-3.3254e-07	0.0051202	1.24822e-08	-0.0051198	3.329e-07	-3.3282e-07
0.05	1.35244e-08	-1.266e-11	-1.34488e-08	3.3288e-07	-3.328e-07	1.411e-06	7.62e-12	-1.4024e-06	3.3238e-07	-3.3232e-07	0.000100552	4.735e-11	-0.000100548	3.3304e-07	-3.331e-07	0.0014422	2.3039e-10	-0.0014418	3.3226e-07	-3.3234e-07	0.0035994	9.4147e-10	-0.0035992	3.3218e-07	-3.3222e-07	0.0049518	3.2332e-09	-0.004954	3.3246e-07	-3.3238e-07	0.005689	1.21394e-08	-0.0056872	3.3276e-07	-3.3286e-07
0.055	1.3999e-08	-8.81e-12	-1.39008e-08	3.3286e-07	-3.3286e-07	1.4552e-06	-8.8e-13	-1.4612e-06	3.324e-07	-3.3244e-07	0.00010515	2.787e-11	-0.00010515	3.3292e-07	-3.3302e-07	0.001545	2.1272e-10	-0.0015432	3.3236e-07	-3.3238e-07	0.0039198	9.2432e-10	-0.0039202	3.3226e-07	-3.3228e-07	0.0054266	3.1813e-09	-0.0054244	3.3252e-07	-3.3256e-07	0.0062454	1.18448e-08	-0.0062436	3.3286e-07	-3.3284e-07
0.06	1.44408e-08	-2.84e-12	-1.43322e-08	3.328e-07	-3.3288e-07	1.5093e-06	1.897e-11	-1.5046e-06	3.3222e-07	-3.3236e-07	0.000109272	4.206e-11	-0.000109244	3.3298e-07	-3.3304e-07	0.0016412	2.253e-10	-0.001641	3.3238e-07	-3.3244e-07	0.004237	9.1021e-10	-0.004238	3.3228e-07	-3.323e-07	0.0058996	3.0956e-09	-0.0058998	3.3252e-07	-3.3252e-07	0.0068042	1.15248e-08	-0.0068046	3.3272e-07	-3.326e-07
0.065	1.484e-08	-5.24e-12	-1.47144e-08	3.3276e-07	-3.3288e-07	1.5507e-06	-8.05e-12	-1.5498e-06	3.3238e-07	-3.3234e-07	0.000112974	2.866e-11	-0.000112948	3.3282e-07	-3.3292e-07	0.00173	2.0117e-10	-0.0017298	3.324e-07	-3.3248e-07	0.0045412	8.8451e-10	-0.0045406	3.3222e-07	-3.3228e-07	0.0063606	3.0091e-09	-0.006361	3.3248e-07	-3.3252e-07	0.0073564	1.12348e-08	-0.0073576	3.328e-07	-3.3288e-07
0.07	1.51548e-08	1.627e-11	-1.50494e-08	3.3278e-07	-3.3294e-07	1.5853e-06	2.263e-11	-1.5833e-06	3.3232e-07	-3.324e-07	0.0001166	4.024e-11	-0.00011628	3.3232e-07	-3.3224e-07	0.0018148	2.1043e-10	-0.001815	3.3252e-07	-3.3252e-07	0.0048412	8.6464e-10	-0.0048408	3.3226e-07	-3.3234e-07	0.0068252	2.9808e-09	-0.0068264	3.3246e-07	-3.3246e-07	0.0079118	1.09614e-08	-0.0079112	3.3274e-07	-3.3296e-07
0.075	1.54982e-08	-1.57e-12	-1.53828e-08	3.3278e-07	-3.3282e-07	1.6186e-06	-3.31e-12	-1.6158e-06	3.3238e-07	-3.3246e-07	0.00011952	3.619e-11	-0.00011928	3.3224e-07	-3.3232e-07	0.0018936	2.1277e-10	-0.0018918	3.324e-07	-3.325e-07	0.00513	8.4895e-10	-0.0051296	3.3228e-07	-3.3234e-07	0.0072796	2.8878e-09	-0.0072764	3.325e-07	-3.3256e-07	0.008457	1.06702e-08	-0.0084566	3.3282e-07	-3.329e-07
0.08	1.57562e-08	1.29e-12	-1.56496e-08	3.3286e-07	-3.3282e-07	1.6564e-06	4.82e-12	-1.6496e-06	3.3232e-07	-3.3238e-07	0.0001222	3.89e-11	-0.00012202	3.323e-07	-3.3244e-07	0.0019654	1.9176e-10	-0.0019644	3.3222e-07	-3.323e-07	0.0054108	8.2286e-10	-0.0054088	3.3226e-07	-3.3232e-07	0.0077262	2.8264e-09	-0.0077234	3.3252e-07	-3.3252e-07	0.0089968	1.04226e-08	-0.008997	3.3282e-07	-3.3292e-07
0.085	1.60428e-08	-9.82e-12	-1.59296e-08	3.3284e-07	-3.3298e-07	1.6752e-06	1.749e-11	-1.6744e-06	3.3228e-07	-3.3234e-07	0.00012466	2.607e-11	-0.00012438	3.3234e-07	-3.324e-07	0.002034	2.0236e-10	-0.0020328	3.3228e-07	-3.3222e-07	0.005686	8.1803e-10	-0.0056862	3.3222e-07	-3.3244e-07	0.0081714	2.7947e-09	-0.0081712	3.3246e-07	-3.3262e-07	0.0095436	1.01522e-08	-0.0095426	3.3282e-07	-3.3298e-07
0.09	1.62954e-08	-1.018e-11	-1.61226e-08	3.328e-07	-3.331e-07	1.7045e-06	-1.009e-11	-1.7022e-06	3.3232e-07	-3.3238e-07	0.00012688	3.875e-11	-0.0001267	3.3232e-07	-3.3242e-07	0.0020956	1.8966e-10	-0.0020958	3.3226e-07	-3.3234e-07	0.0059488	7.974e-10	-0.0059488	3.3222e-07	-3.3236e-07	0.0086054	2.6867e-09	-0.0086066	3.3264e-07	-3.326e-07	0.010079	9.9136e-09	-0.0100764	3.327e-07	-3.3276e-07
0.095	1.64984e-08	2.16e-12	-1.635e-08	3.3302e-07	-3.3314e-07	1.7335e-06	1.722e-11	-1.7263e-06	3.323e-07	-3.3242e-07	0.00012904	2.416e-11	-0.00012882	3.323e-07	-3.324e-07	0.0021572	1.819e-10	-0.0021554	3.3222e-07	-3.3244e-07	0.0062084	7.8244e-10	-0.006208	3.3228e-07	-3.3236e-07	0.0090414	2.6733e-09	-0.0090418	3.3248e-07	-3.3256e-07	0.0106152	9.6656e-09	-0.0106152	3.3274e-07	-3.3288e-07
0.1	1.67264e-08	-8.77e-12	-1.65842e-08	3.3312e-07	-3.3312e-07	1.75e-06	-2.84e-12	-1.7558e-06	3.3228e-07	-3.3242e-07	0.00013088	4.183e-11	-0.00013064	3.324e-07	-3.3244e-07	0.0022094	1.8729e-10	-0.00221	3.3232e-07	-3.3234e-07	0.0064554	7.6491e-10	-0.0064556	3.323e-07	-3.3236e-07	0.0094646	2.6045e-09	-0.0094632	3.325e-07	-3.326e-07	0.0111404	9.4091e-09	-0.0111422	3.327e-07	-3.328e-07
0.105	1.69354e-08	7.71e-12	-1.67684e-08	3.3306e-07	-3.3314e-07	1.7761e-06	9.84e-12	-1.7725e-06	3.3226e-07	-3.3234e-07	0.00013276	2.523e-11	-0.00013256	3.3238e-07	-3.325e-07	0.0022618	1.8386e-10	-0.0022614	3.3226e-07	-3.324e-07	0.0066982	7.5243e-10	-0.0066982	3.324e-07	-3.3248e-07	0.0098894	2.5399e-09	-0.0098874	3.325e-07	-3.3258e-07	0.011694	9.1985e-09	-0.01168	3.3278e-07	-3.3278e-07
0.11	1.71444e-08	-3.09e-12	-1.69912e-08	3.3306e-07	-3.3324e-07	1.7938e-06	1.126e-11	-1.7992e-06	3.3232e-07	-3.3244e-07	0.00013454	3.841e-11	-0.00013434	3.3234e-07	-3.3234e-07	0.0023088	1.7468e-10	-0.0023078	3.3236e-07	-3.3248e-07	0.0069294	7.2901e-10	-0.0069292	3.324e-07	-3.3246e-07	0.0103008	2.5015e-09	-0.0102988	3.3246e-07	-3.3258e-07	0.012216	8.9957e-09	-0.0122	3.327e-07	-3.3282e-07
0.115	1.73306e-08	-1.02e-12	-1.71228e-08	3.331e-07	-3.3324e-07	1.8189e-06	-5.78e-12	-1.8142e-06	3.3234e-07	-3.325e-07	0.00013616	1.894e-11	-0.00013582	3.3232e-07	-3.325e-07	0.0023534	1.8801e-10	-0.0023528	3.3226e-07	-3.3232e-07	0.0071562	7.2784e-10	-0.0071568	3.324e-07	-3.325e-07	0.010711	2.4649e-09	-0.0107106	3.3266e-07	-3.328e-07	0.012736	8.7578e-09	-0.01272	3.328e-07	-3.3288e-07
0.12	1.75014e-08	2.99e-12	-1.73432e-08	3.33e-07	-3.3318e-07	1.8345e-06	1.914e-11	-1.8342e-06	3.324e-07	-3.3252e-07	0.0001377	3.605e-11	-0.00013742	3.3246e-07	-3.3252e-07	0.0023946	1.6393e-10	-0.0023946	3.3218e-07	-3.324e-07	0.0073724	7.048e-10	-0.007371	3.3238e-07	-3.3256e-07	0.01111	2.3624e-09	-0.0111072	3.3262e-07	-3.327e-07	0.013248	8.5764e-09	-0.013234	3.3264e-07	-3.3276e-07
0.125	1.76682e-08	-1.134e-11	-1.74848e-08	3.3302e-07	-3.3312e-07	1.8532e-06	9e-14	-1.8564e-06	3.3234e-07	-3.3254e-07	0.00013924	2.588e-11	-0.00013898	3.3224e-07	-3.3238e-07	0.0024336	1.7135e-10	-0.002434	3.3232e-07	-3.3244e-07	0.0075816	7.0033e-10	-0.0075816	3.3238e-07	-3.3256e-07	0.0115004	2.3747e-09	-0.011506	3.3246e-07	-3.3262e-07	0.013762	8.3654e-09	-0.013748	3.3264e-07	-3.3276e-07
0.13	1.78472e-08	-2.6e-12	-1.76322e-08	3.33e-07	-3.3324e-07	1.8778e-06	4.92e-12	-1.8715e-06	3.324e-07	-3.3254e-07	0.00014056	3.167e-11	-0.0001405	3.3226e-07	-3.3236e-07	0.0024698	1.7027e-10	-0.00247	3.3234e-07	-3.325e-07	0.0077812	6.8728e-10	-0.007782	3.3226e-07	-3.3246e-07	0.011916	2.2974e-09	-0.011896	3.325e-07	-3.3268e-07	0.014262	8.1843e-09	-0.01425	3.3262e-07	-3.328e-07
0.135	1.80048e-08	-1.335e-11	-1.783e-08	3.3312e-07	-3.3332e-07	1.8946e-06	8.04e-12	-1.8905e-06	3.324e-07	-3.3252e-07	0.00014204	3.537e-11	-0.00014192	3.3224e-07	-3.3248e-07	0.0025032	1.619e-10	-0.0025042	3.3232e-07	-3.325e-07	0.0079762	6.74e-10	-0.007975	3.324e-07	-3.325e-07	0.012302	2.2714e-09	-0.012286	3.3248e-07	-3.326e-07	0.014768	7.9975e-09	-0.014752	3.3264e-07	-3.328e-07
0.14	1.81678e-08	-3.87e-12	-1.79402e-08	3.331e-07	-3.3328e-07	1.9121e-06	1.6e-13	-1.9192e-06	3.324e-07	-3.3258e-07	0.00014352	2.066e-11	-0.00014324	3.3222e-07	-3.3256e-07	0.002535	1.7219e-10	-0.0025352	3.3234e-07	-3.325e-07	0.008161	6.5973e-10	-0.0081594	3.323e-07	-3.3242e-07	0.012672	2.2012e-09	-0.012654	3.3258e-07	-3.3268e-07	0.015262	7.8195e-09	-0.015246	3.3262e-07	-3.328e-07
0.145	1.83182e-08	-8e-13	-1.81284e-08	3.3304e-07	-3.3316e-07	1.9251e-06	1.542e-11	-1.9283e-06	3.3238e-07	-3.3256e-07	0.00014476	3.481e-11	-0.00014444	3.3226e-07	-3.3244e-07	0.0025652	1.6619e-10	-0.0025648	3.3226e-07	-3.3256e-07	0.0083376	6.5184e-10	-0.0083372	3.323e-07	-3.3244e-07	0.013036	2.1698e-09	-0.013018	3.3252e-07	-3.3268e-07	0.01575	7.6486e-09	-0.015734	3.3272e-07	-3.3298e-07
0.15	1.84754e-08	1.21e-12	-1.82878e-08	3.3258e-07	-3.3276e-07	1.9506e-06	3e-14	-1.9405e-06	3.3234e-07	-3.3252e-07	0.00014594	2.314e-11	-0.0001459	3.3232e-07	-3.3242e-07	0.0025936	1.5392e-10	-0.0025924	3.3234e-07	-3.3256e-07	0.00851	6.3334e-10	-0.00851	3.3234e-07	-3.3246e-07	0.0134	2.1422e-09	-0.013386	3.3268e-07	-3.3278e-07	0.016242	7.4785e-09	-0.016228	3.3276e-07	-3.3292e-07
0.155	1.86458e-08	6.09e-12	-1.84272e-08	3.3254e-07	-3.327e-07	1.9602e-06	3.7e-12	-1.9669e-06	3.3228e-07	-3.3248e-07	0.00014718	3.003e-11	-0.00014708	3.322e-07	-3.324e-07	0.0026196	1.6397e-10	-0.00262	3.3236e-07	-3.3254e-07	0.008673	6.277e-10	-0.0086736	3.3236e-07	-3.3252e-07	0.013748	2.0818e-09	-0.013736	3.3262e-07	-3.3274e-07	0.01672	7.3309e-09	-0.016708	3.3278e-07	-3.3294e-07
0.16	1.88848e-08	-1.251e-11	-1.85808e-08	3.3246e-07	-3.3274e-07	1.9841e-06	6.67e-12	-1.976e-06	3.323e-07	-3.3246e-07	0.0001486	3.131e-11	-0.00014826	3.3222e-07	-3.3246e-07	0.0026458	1.5084e-10	-0.0026454	3.3234e-07	-3.3254e-07	0.0088324	6.2518e-10	-0.0088326	3.3234e-07	-3.3254e-07	0.0141	2.0632e-09	-0.014084	3.3256e-07	-3.3274e-07	0.0172	7.1608e-09	-0.017184	3.3282e-07	-3.3296e-07
0.165	1.90002e-08	-7.28e-12	-1.87454e-08	3.3254e-07	-3.3276e-07	1.9939e-06	5.43e-12	-1.9959e-06	3.3232e-07	-3.325e-07	0.00014962	3.284e-11	-0.00014966	3.3228e-07	-3.3248e-07	0.0026708	1.5265e-10	-0.0026692	3.3222e-07	-3.3256e-07	0.0089814	6.0874e-10	-0.0089796	3.323e-07	-3.3256e-07	0.014432	2.0117e-09	-0.014422	3.3254e-07	-3.3272e-07	0.017672	7.025e-09	-0.01766	3.327e-07	-3.329e-07
0.17	1.91438e-08	-1.647e-11	-1.88814e-08	3.325e-07	-3.3278e-07	2.0193e-06	1.008e-11	-2.013e-06	3.3234e-07	-3.3256e-07	0.00015102	2.339e-11	-0.0001507	3.3222e-07	-3.3244e-07	0.0026926	1.6249e-10	-0.0026922	3.3224e-07	-3.3228e-07	0.0091266	6.0989e-10	-0.0091272	3.3232e-07	-3.3258e-07	0.014774	1.9847e-09	-0.014758	3.3248e-07	-3.328e-07	0.018146	6.8624e-09	-0.01813	3.3278e-07	-3.3296e-07
0.175	1.9264e-08	-8.42e-12	-1.90458e-08	3.3254e-07	-3.328e-07	2.0362e-06	-8.1e-13	-2.0335e-06	3.3238e-07	-3.3246e-07	0.0001522	3.483e-11	-0.00015206	3.3234e-07	-3.3248e-07	0.0027138	1.4988e-10	-0.0027144	3.3232e-07	-3.3244e-07	0.009264	5.8912e-10	-0.0092626	3.3238e-07	-3.3258e-07	0.015096	1.9556e-09	-0.015082	3.3252e-07	-3.3274e-07	0.018602	6.7269e-09	-0.018586	3.329e-07	-3.3308e-07
0.18	1.94516e-08	2.89e-12	-1.91854e-08	3.3228e-07	-3.325e-07	2.0528e-06	8.39e-12	-2.0488e-06	3.3228e-07	-3.3254e-07	0.00015356	2.006e-11	-0.0001533	3.3226e-07	-3.325e-07	0.002736	1.5546e-10	-0.0027352	3.3226e-07	-3.3256e-07	0.0093968	5.87e-10	-0.0093962	3.3238e-07	-3.3256e-07	0.015416	1.9089e-09	-0.015402	3.3252e-07	-3.3274e-07	0.019064	6.5913e-09	-0.01905	3.3288e-07	-3.331e-07
0.185	1.96562e-08	-5.04e-12	-1.93592e-08	3.3222e-07	-3.3248e-07	2.0744e-06	3.95e-12	-2.0609e-06	3.322e-07	-3.3256e-07	0.00015468	2.868e-11	-0.00015444	3.3224e-07	-3.325e-07	0.002756	1.5234e-10	-0.0027552	3.3226e-07	-3.3252e-07	0.0095214	5.7183e-10	-0.0095198	3.3244e-07	-3.3254e-07	0.015728	1.8756e-09	-0.01571	3.3266e-07	-3.3282e-07	0.019516	6.4507e-09	-0.019498	3.3294e-07	-3.3316e-07
0.19	1.97978e-08	8.7e-13	-1.94624e-08	3.3228e-07	-3.3256e-07	2.0839e-06	2.6e-12	-2.0818e-06	3.3232e-07	-3.326e-07	0.0001558	3.578e-11	-0.00015552	3.3226e-07	-3.3258e-07	0.0027756	1.4095e-10	-0.0027754	3.3228e-07	-3.3258e-07	0.0096412	5.6993e-10	-0.0096424	3.3232e-07	-3.3258e-07	0.016032	1.8628e-09	-0.016016	3.3264e-07	-3.3282e-07	0.019966	6.3291e-09	-0.019952	3.3294e-07	-3.3312e-07
0.195	1.99856e-08	-1.267e-11	-1.9657e-08	3.324e-07	-3.3256e-07	2.0953e-06	5.11e-12	-2.1011e-06	3.3228e-07	-3.3256e-07	0.000157	1.972e-11	-0.00015686	3.3228e-07	-3.325e-07	0.0027942	1.5645e-10	-0.002794	3.3234e-07	-3.3252e-07	0.009755	5.6115e-10	-0.009755	3.3238e-07	-3.3258e-07	0.016326	1.7967e-09	-0.016308	3.3256e-07	-3.328e-07	0.020406	6.1953e-09	-0.020388	3.3294e-07	-3.331e-07
0.2	2.01228e-08	-1.367e-11	-1.98094e-08	3.3228e-07	-3.326e-07	2.1132e-06	2.46e-12	-2.1187e-06	3.3238e-07	-3.3268e-07	0.00015812	3.622e-11	-0.00015788	3.3224e-07	-3.3254e-07	0.0028132	1.4599e-10	-0.002812	3.323e-07	-3.3262e-07	0.0098632	5.6389e-10	-0.0098644	3.3252e-07	-3.3278e-07	0.016612	1.8115e-09	-0.0166	3.3262e-07	-3.3286e-07	0.020838	6.0803e-09	-0.020824	3.3286e-07	-3.3306e-07
0.205	2.03088e-08	-1.528e-11	-2.00068e-08	3.3228e-07	-3.3262e-07	2.1403e-06	1.226e-11	-2.1282e-06	3.3226e-07	-3.326e-07	0.00015924	1.951e-11	-0.00015904	3.3224e-07	-3.324e-07	0.0028302	1.4957e-10	-0.0028292	3.3228e-07	-3.3256e-07	0.0099696	5.4753e-10	-0.0099688	3.3236e-07	-3.3278e-07	0.016898	1.7595e-09	-0.01688	3.3258e-07	-3.3286e-07	0.021268	5.9622e-09	-0.021254	3.3292e-07	-3.3316e-07
0.21	2.05242e-08	-1.094e-11	-2.00646e-08	3.3232e-07	-3.3256e-07	2.1542e-06	-2.39e-12	-2.1477e-06	3.3228e-07	-3.3262e-07	0.00016054	2.496e-11	-0.0001603	3.3222e-07	-3.3256e-07	0.0028472	1.4956e-10	-0.0028468	3.3232e-07	-3.3252e-07	0.010068	5.4605e-10	-0.0100668	3.3242e-07	-3.3276e-07	0.017172	1.7235e-09	-0.017154	3.3258e-07	-3.3288e-07	0.021696	5.8407e-09	-0.021676	3.3286e-07	-3.3316e-07
0.215	2.06376e-08	-1.9e-12	-2.0257e-08	3.3234e-07	-3.3256e-07	2.1612e-06	4.04e-12	-2.173e-06	3.3228e-07	-3.3262e-07	0.00016168	3.162e-11	-0.00016148	3.3224e-07	-3.3254e-07	0.0028646	1.4207e-10	-0.0028634	3.3226e-07	-3.3266e-07	0.0101632	5.3553e-10	-0.0101626	3.325e-07	-3.327e-07	0.01744	1.7188e-09	-0.017424	3.3266e-07	-3.3294e-07	0.022114	5.747e-09	-0.0221	3.3288e-07	-3.332e-07
0.22	2.07844e-08	-6.08e-12	-2.04458e-08	3.3228e-07	-3.3262e-07	2.1821e-06	2.89e-12	-2.1736e-06	3.3218e-07	-3.3266e-07	0.00016282	2.913e-11	-0.00016266	3.3232e-07	-3.326e-07	0.0028796	1.4237e-10	-0.00288	3.3234e-07	-3.3256e-07	0.0102558	5.255e-10	-0.0102534	3.3244e-07	-3.3274e-07	0.017696	1.6711e-09	-0.017682	3.3266e-07	-3.3286e-07	0.022522	5.6256e-09	-0.022514	3.3298e-07	-3.3324e-07
0.225	2.09488e-08	-9.76e-12	-2.06134e-08	3.3226e-07	-3.3262e-07	2.1996e-06	9.94e-12	-2.196e-06	3.3226e-07	-3.3264e-07	0.0001639	2.762e-11	-0.00016376	3.3228e-07	-3.3256e-07	0.002897	1.4656e-10	-0.0028954	3.3232e-07	-3.326e-07	0.0103424	5.3361e-10	-0.0103412	3.3238e-07	-3.327e-07	0.017952	1.6599e-09	-0.01794	3.3264e-07	-3.3296e-07	0.022936	5.5349e-09	-0.022922	3.3296e-07	-3.3306e-07
0.23	2.1167e-08	-1.114e-11	-2.07642e-08	3.3234e-07	-3.3262e-07	2.2162e-06	3.55e-12	-2.2064e-06	3.3228e-07	-3.3262e-07	0.00016518	3.191e-11	-0.00016482	3.3228e-07	-3.3258e-07	0.0029128	1.4031e-10	-0.0029116	3.323e-07	-3.3262e-07	0.0104262	5.1782e-10	-0.0104232	3.324e-07	-3.3274e-07	0.0182	1.6401e-09	-0.01818	3.3262e-07	-3.3298e-07	0.023332	5.4313e-09	-0.023322	3.3296e-07	-3.3326e-07
0.235	2.13354e-08	-1.791e-11	-2.08584e-08	3.3222e-07	-3.3268e-07	2.2317e-06	-2.73e-12	-2.2272e-06	3.3238e-07	-3.3274e-07	0.00016632	2.169e-11	-0.000166	3.3226e-07	-3.3262e-07	0.0029276	1.5148e-10	-0.0029274	3.3222e-07	-3.3266e-07	0.010504	5.2243e-10	-0.0105024	3.3238e-07	-3.3276e-07	0.018438	1.6066e-09	-0.018422	3.3282e-07	-3.3306e-07	0.02373	5.3173e-09	-0.02372	3.3294e-07	-3.3328e-07
0.24	2.14682e-08	-1.223e-11	-2.10632e-08	3.323e-07	-3.3264e-07	2.2435e-06	1.161e-11	-2.2435e-06	3.3226e-07	-3.3268e-07	0.00016734	2.354e-11	-0.00016716	3.3224e-07	-3.3266e-07	0.002943	1.3762e-10	-0.0029414	3.3228e-07	-3.3264e-07	0.0105792	5.0685e-10	-0.0105776	3.3244e-07	-3.328e-07	0.01867	1.5775e-09	-0.018652	3.3272e-07	-3.331e-07	0.024118	5.2421e-09	-0.024106	3.3298e-07	-3.3334e-07
0.245	2.16864e-08	-1.234e-11	-2.12276e-08	3.3238e-07	-3.328e-07	2.2681e-06	-2.19e-12	-2.2699e-06	3.3226e-07	-3.3272e-07	0.00016842	3.042e-11	-0.00016846	3.3222e-07	-3.3262e-07	0.0029574	1.398e-10	-0.0029574	3.3232e-07	-3.3262e-07	0.0106502	5.0699e-10	-0.0106518	3.324e-07	-3.3274e-07	0.018892	1.5842e-09	-0.01888	3.328e-07	-3.3306e-07	0.024508	5.1332e-09	-0.02449	3.3312e-07	-3.3334e-07
0.25	2.18462e-08	-1.281e-11	-2.13852e-08	3.3234e-07	-3.3282e-07	2.2864e-06	1.018e-11	-2.2818e-06	3.3226e-07	-3.3266e-07	0.00016968	1.862e-11	-0.00016946	3.3226e-07	-3.3264e-07	0.002972	1.3693e-10	-0.0029706	3.3232e-07	-3.3266e-07	0.0107208	5.0197e-10	-0.0107194	3.3252e-07	-3.3286e-07	0.01911	1.5155e-09	-0.019094	3.3282e-07	-3.3316e-07	0.024878	5.0641e-09	-0.024868	3.3304e-07	-3.3342e-07
0.255	2.19946e-08	-9.89e-12	-2.14966e-08	3.3234e-07	-3.3276e-07	2.2998e-06	-3.89e-12	-2.2965e-06	3.3228e-07	-3.3268e-07	0.00017086	3.765e-11	-0.00017048	3.3218e-07	-3.3262e-07	0.0029862	1.4125e-10	-0.0029856	3.3224e-07	-3.327e-07	0.010786	5.0426e-10	-0.0107858	3.3246e-07	-3.3288e-07	0.019322	1.5387e-09	-0.019306	3.328e-07	-3.332e-07	0.025248	4.9686e-09	-0.025234	3.331e-07	-3.335e-07
0.26	2.21714e-08	-1.564e-11	-2.16954e-08	3.3232e-07	-3.3274e-07	2.3218e-06	3.11e-12	-2.3139e-06	3.3228e-07	-3.327e-07	0.00017194	2.025e-11	-0.00017164	3.322e-07	-3.3278e-07	0.0030006	1.3963e-10	-0.002999	3.3232e-07	-3.3276e-07	0.0108488	4.9739e-10	-0.0108488	3.3256e-07	-3.3288e-07	0.019524	1.5179e-09	-0.01951	3.3286e-07	-3.3324e-07	0.025616	4.8868e-09	-0.025602	3.3312e-07	-3.3352e-07
0.265	2.23628e-08	-1.546e-11	-2.18596e-08	3.3226e-07	-3.3268e-07	2.3372e-06	1.01e-11	-2.3363e-06	3.3228e-07	-3.327e-07	0.0001731	2.653e-11	-0.00017276	3.3226e-07	-3.3284e-07	0.0030138	1.4593e-10	-0.0030142	3.3226e-07	-3.3264e-07	0.0109104	4.9045e-10	-0.0109118	3.3246e-07	-3.3288e-07	0.019724	1.4671e-09	-0.019708	3.3286e-07	-3.3322e-07	0.02597	4.8068e-09	-0.025956	3.3314e-07	-3.335e-07
0.27	2.25814e-08	-2.197e-11	-2.19894e-08	3.3224e-07	-3.3268e-07	2.3497e-06	-4.46e-12	-2.3534e-06	3.3234e-07	-3.3278e-07	0.00017404	2.517e-11	-0.000174	3.3236e-07	-3.3278e-07	0.0030288	1.3508e-10	-0.0030274	3.3244e-07	-3.3288e-07	0.0109698	4.8974e-10	-0.0109692	3.3242e-07	-3.3292e-07	0.019916	1.4878e-09	-0.0199	3.3286e-07	-3.3328e-07	0.026324	4.7291e-09	-0.026308	3.3296e-07	-3.3336e-07
0.275	2.2734e-08	-1.539e-11	-2.22024e-08	3.322e-07	-3.3272e-07	2.3744e-06	4.82e-12	-2.3635e-06	3.3226e-07	-3.3274e-07	0.00017526	2.443e-11	-0.00017512	3.324e-07	-3.3266e-07	0.0030414	1.3777e-10	-0.00304	3.3242e-07	-3.328e-07	0.011026	4.7503e-10	-0.0110244	3.3252e-07	-3.33e-07	0.020096	1.447e-09	-0.020084	3.3292e-07	-3.3332e-07	0.026664	4.6555e-09	-0.02665	3.3316e-07	-3.3348e-07
0.28	2.2901e-08	-1.691e-11	-2.23462e-08	3.3228e-07	-3.3286e-07	2.4004e-06	-4e-14	-2.3848e-06	3.3228e-07	-3.3292e-07	0.0001765	2.42e-11	-0.00017632	3.3232e-07	-3.3282e-07	0.0030544	1.363e-10	-0.003054	3.324e-07	-3.3284e-07	0.0110784	4.9129e-10	-0.0110798	3.3246e-07	-3.329e-07	0.020278	1.4224e-09	-0.020264	3.3292e-07	-3.3336e-07	0.02701	4.5753e-09	-0.026988	3.3314e-07	-3.336e-07
0.285	2.31022e-08	-1.83e-11	-2.2524e-08	3.3222e-07	-3.3276e-07	2.4075e-06	2.09e-12	-2.4048e-06	3.3228e-07	-3.3284e-07	0.00017768	3.605e-11	-0.0001772	3.3222e-07	-3.3278e-07	0.0030678	1.3507e-10	-0.0030672	3.324e-07	-3.3292e-07	0.0111324	4.6635e-10	-0.011131	3.3234e-07	-3.3276e-07	0.02045	1.4274e-09	-0.020438	3.328e-07	-3.3332e-07	0.027338	4.509e-09	-0.027324	3.332e-07	-3.3362e-07
0.29	2.32866e-08	-1.708e-11	-2.2664e-08	3.3246e-07	-3.3294e-07	2.4179e-06	1.001e-11	-2.4288e-06	3.3222e-07	-3.3274e-07	0.00017866	2.038e-11	-0.00017864	3.322e-07	-3.3276e-07	0.003082	1.4163e-10	-0.0030804	3.3236e-07	-3.3294e-07	0.0111842	4.892e-10	-0.011182	3.326e-07	-3.3308e-07	0.02062	1.4033e-09	-0.020604	3.3284e-07	-3.3334e-07	0.027664	4.439e-09	-0.02765	3.3316e-07	-3.336e-07
0.295	2.353e-08	-2.728e-11	-2.28466e-08	3.3228e-07	-3.328e-07	2.4403e-06	-1.273e-11	-2.4374e-06	3.3232e-07	-3.3286e-07	0.00017998	2.963e-11	-0.00017962	3.3234e-07	-3.3292e-07	0.0030932	1.3177e-10	-0.0030936	3.3242e-07	-3.3292e-07	0.0112304	4.6791e-10	-0.01123	3.3242e-07	-3.3302e-07	0.020776	1.382e-09	-0.020762	3.3288e-07	-3.3328e-07	0.027982	4.3817e-09	-0.027968	3.3322e-07	-3.3374e-07
0.3	2.36858e-08	-2.119e-11	-2.29584e-08	3.3228e-07	-3.328e-07	2.4609e-06	1.187e-11	-2.4558e-06	3.3224e-07	-3.3286e-07	0.00018096	2.43e-11	-0.00018088	3.3222e-07	-3.328e-07	0.0031078	1.3752e-10	-0.0031076	3.3244e-07	-3.3306e-07	0.01128	4.7409e-10	-0.0112762	3.3252e-07	-3.3298e-07	0.020934	1.3957e-09	-0.02092	3.328e-07	-3.334e-07	0.028298	4.3038e-09	-0.02828	3.3324e-07	-3.3374e-07
0.305	2.3864e-08	-2.175e-11	-2.31268e-08	3.3214e-07	-3.3276e-07	2.4772e-06	-3.99e-12	-2.4712e-06	3.3236e-07	-3.3288e-07	0.00018208	1.915e-11	-0.00018202	3.3232e-07	-3.3286e-07	0.0031202	1.2969e-10	-0.0031206	3.3238e-07	-3.331e-07	0.0113254	4.6463e-10	-0.0113226	3.325e-07	-3.33e-07	0.021086	1.3371e-09	-0.02107	3.3286e-07	-3.334e-07	0.028598	4.2528e-09	-0.028588	3.3322e-07	-3.3376e-07
0.31	2.40314e-08	-2.075e-11	-2.3336e-08	3.3226e-07	-3.3282e-07	2.4937e-06	-7e-13	-2.4916e-06	3.3256e-07	-3.3322e-07	0.0001831	3.508e-11	-0.00018296	3.3232e-07	-3.3286e-07	0.0031332	1.347e-10	-0.0031334	3.3244e-07	-3.328e-07	0.0113692	4.6591e-10	-0.0113674	3.325e-07	-3.3308e-07	0.021228	1.356e-09	-0.021214	3.3292e-07	-3.3346e-07	0.0289	4.1857e-09	-0.028888	3.3328e-07	-3.3382e-07
0.315	2.42338e-08	-2.072e-11	-2.35268e-08	3.3232e-07	-3.3296e-07	2.5143e-06	6.75e-12	-2.5091e-06	3.3264e-07	-3.332e-07	0.00018446	2.519e-11	-0.00018428	3.3234e-07	-3.3286e-07	0.0031466	1.3121e-10	-0.0031454	3.324e-07	-3.33e-07	0.0114138	4.5678e-10	-0.0114108	3.3252e-07	-3.3314e-07	0.021368	1.3409e-09	-0.021352	3.3294e-07	-3.3342e-07	0.029194	4.1311e-09	-0.02918	3.3324e-07	-3.339e-07
0.32	2.4394e-08	-3.016e-11	-2.37074e-08	3.324e-07	-3.33e-07	2.5358e-06	-9.07e-12	-2.5246e-06	3.3268e-07	-3.3326e-07	0.0001856	2.64e-11	-0.00018544	3.323e-07	-3.3294e-07	0.0031574	1.4135e-10	-0.0031578	3.3238e-07	-3.33e-07	0.0114534	4.6852e-10	-0.011453	3.3246e-07	-3.3306e-07	0.0215	1.307e-09	-0.021482	3.3294e-07	-3.3356e-07	0.029476	4.0827e-09	-0.02946	3.3334e-07	-3.3386e-07
0.325	2.45698e-08	-2.598e-11	-2.39042e-08	3.3222e-07	-3.3292e-07	2.5467e-06	1.18e-11	-2.543e-06	3.325e-07	-3.3318e-07	0.0001867	2.934e-11	-0.00018646	3.3232e-07	-3.3298e-07	0.0031712	1.3111e-10	-0.0031704	3.324e-07	-3.3306e-07	0.011492	4.576e-10	-0.0114908	3.3252e-07	-3.3316e-07	0.021632	1.328e-09	-0.021618	3.3294e-07	-3.3352e-07	0.029756	4.0124e-09	-0.029746	3.3342e-07	-3.3398e-07
0.33	2.48382e-08	-3.274e-11	-2.4058e-08	3.3232e-07	-3.33e-07	2.5598e-06	-7.82e-12	-2.5615e-06	3.3256e-07	-3.3316e-07	0.00018778	1.855e-11	-0.0001876	3.3232e-07	-3.3294e-07	0.0031842	1.3604e-10	-0.0031832	3.3252e-07	-3.331e-07	0.011556	4.6353e-10	-0.011531	3.326e-07	-3.3322e-07	0.021756	1.3037e-09	-0.021738	3.335e-07	-3.3388e-07	0.030028	3.973e-09	-0.030016	3.3336e-07	-3.3388e-07
0.335	2.4968e-08	-2.447e-11	-2.41876e-08	3.3228e-07	-3.3294e-07	2.5896e-06	-3.13e-12	-2.5794e-06	3.325e-07	-3.3322e-07	0.0001891	2.63e-11	-0.0001887	3.3234e-07	-3.33e-07	0.0031958	1.3095e-10	-0.0031948	3.324e-07	-3.3306e-07	0.011596	4.4087e-10	-0.0115706	3.3256e-07	-3.3308e-07	0.021878	1.2792e-09	-0.021862	3.3346e-07	-3.341e-07	0.030296	3.9194e-09	-0.030286	3.3342e-07	-3.3404e-07
0.34	2.5174e-08	-2.592e-11	-2.4395e-08	3.3228e-07	-3.3296e-07	2.6027e-06	8.92e-12	-2.5941e-06	3.3258e-07	-3.334e-07	0.00019014	2.965e-11	-0.00018994	3.3228e-07	-3.33e-07	0.0032072	1.2584e-10	-0.0032068	3.325e-07	-3.3312e-07	0.01163	4.6453e-10	-0.011608	3.325e-07	-3.331e-07	0.021992	1.2916e-09	-0.02198	3.3354e-07	-3.3416e-07	0.030558	3.8703e-09	-0.030544	3.3344e-07	-3.3406e-07
0.345	2.53646e-08	-3.381e-11	-2.4527e-08	3.3274e-07	-3.3342e-07	2.6219e-06	-1.523e-11	-2.6229e-06	3.326e-07	-3.334e-07	0.00019134	2.271e-11	-0.00019102	3.3256e-07	-3.3328e-07	0.0032202	1.3742e-10	-0.0032198	3.324e-07	-3.3312e-07	0.01167	4.4491e-10	-0.0116476	3.326e-07	-3.3334e-07	0.022102	1.2626e-09	-0.022086	3.336e-07	-3.343e-07	0.030812	3.8301e-09	-0.030798	3.3346e-07	-3.3418e-07
0.35	2.55702e-08	-2.563e-11	-2.47486e-08	3.3282e-07	-3.337e-07	2.6346e-06	5.17e-12	-2.6341e-06	3.3256e-07	-3.3328e-07	0.00019246	3.233e-11	-0.00019226	3.325e-07	-3.3326e-07	0.0032316	1.2993e-10	-0.0032314	3.3228e-07	-3.3292e-07	0.011706	4.5424e-10	-0.011682	3.3252e-07	-3.3332e-07	0.022206	1.2544e-09	-0.022192	3.3346e-07	-3.3422e-07	0.031058	3.7685e-09	-0.031042	3.3358e-07	-3.3418e-07
0.355	2.58288e-08	-4.262e-11	-2.49068e-08	3.3286e-07	-3.3362e-07	2.6432e-06	-3.24e-12	-2.6592e-06	3.3226e-07	-3.3306e-07	0.00019356	2.348e-11	-0.00019344	3.3252e-07	-3.333e-07	0.0032442	1.3785e-10	-0.0032434	3.325e-07	-3.3328e-07	0.011744	4.4859e-10	-0.011724	3.3258e-07	-3.333e-07	0.022312	1.2742e-09	-0.022296	3.336e-07	-3.3422e-07	0.031302	3.7382e-09	-0.031284	3.3356e-07	-3.3424e-07
0.36	2.59646e-08	-3.08e-11	-2.50672e-08	3.3278e-07	-3.3358e-07	2.6824e-06	-5.56e-12	-2.6701e-06	3.323e-07	-3.3324e-07	0.00019452	2.082e-11	-0.00019454	3.3256e-07	-3.3336e-07	0.0032556	1.2909e-10	-0.0032556	3.3228e-07	-3.3314e-07	0.011778	4.5422e-10	-0.011764	3.3262e-07	-3.3334e-07	0.022408	1.223e-09	-0.022396	3.3364e-07	-3.3428e-07	0.031532	3.6919e-09	-0.031518	3.336e-07	-3.343e-07
0.365	2.6156e-08	-3.529e-11	-2.52542e-08	3.3282e-07	-3.3358e-07	2.6906e-06	5.58e-12	-2.6896e-06	3.323e-07	-3.332e-07	0.00019574	2.679e-11	-0.00019558	3.3254e-07	-3.332e-07	0.0032686	1.3069e-10	-0.0032666	3.3222e-07	-3.3312e-07	0.011812	4.2907e-10	-0.011794	3.3262e-07	-3.3348e-07	0.022512	1.2482e-09	-0.022498	3.3308e-07	-3.3382e-07	0.031762	3.6475e-09	-0.031748	3.3346e-07	-3.3418e-07
0.37	2.63438e-08	-3.765e-11	-2.54078e-08	3.327e-07	-3.3364e-07	2.7072e-06	-1.851e-11	-2.7047e-06	3.3238e-07	-3.3324e-07	0.00019688	2.255e-11	-0.00019668	3.3264e-07	-3.3356e-07	0.0032794	1.2616e-10	-0.0032792	3.323e-07	-3.3312e-07	0.011846	4.5459e-10	-0.011828	3.3264e-07	-3.3352e-07	0.0226	1.2304e-09	-0.022586	3.3306e-07	-3.3388e-07	0.031986	3.6131e-09	-0.031968	3.335e-07	-3.3428e-07
0.375	2.65652e-08	-4.023e-11	-2.56728e-08	3.3276e-07	-3.336e-07	2.7281e-06	7.42e-12	-2.7227e-06	3.3238e-07	-3.3324e-07	0.00019808	2.735e-11	-0.0001979	3.3252e-07	-3.3336e-07	0.0032916	1.3321e-10	-0.0032908	3.3228e-07	-3.3322e-07	0.011878	4.3728e-10	-0.01186	3.3258e-07	-3.3354e-07	0.022694	1.2004e-09	-0.022676	3.3312e-07	-3.3388e-07	0.032202	3.5633e-09	-0.03219	3.336e-07	-3.3432e-07
0.38	2.68264e-08	-4.386e-11	-2.57638e-08	3.3276e-07	-3.337e-07	2.7415e-06	-7.07e-12	-2.752e-06	3.3244e-07	-3.3326e-07	0.0001992	2.959e-11	-0.00019914	3.325e-07	-3.334e-07	0.0033034	1.2763e-10	-0.0033028	3.3234e-07	-3.3324e-07	0.011916	4.3784e-10	-0.011894	3.3258e-07	-3.335e-07	0.022778	1.2298e-09	-0.022762	3.3312e-07	-3.3394e-07	0.032414	3.5442e-09	-0.032398	3.3358e-07	-3.3442e-07
0.385	2.6991e-08	-3.111e-11	-2.59502e-08	3.3272e-07	-3.338e-07	2.7724e-06	-9.46e-12	-2.7638e-06	3.3232e-07	-3.3328e-07	0.00020044	1.939e-11	-0.00020042	3.3262e-07	-3.3358e-07	0.0033158	1.3379e-10	-0.0033148	3.323e-07	-3.332e-07	0.011942	4.4954e-10	-0.011924	3.3268e-07	-3.3354e-07	0.02286	1.2059e-09	-0.022846	3.332e-07	-3.341e-07	0.032616	3.5015e-09	-0.032602	3.3362e-07	-3.3452e-07
0.39	2.71486e-08	-4.808e-11	-2.61178e-08	3.3274e-07	-3.3374e-07	2.7888e-06	-2.32e-12	-2.7794e-06	3.3228e-07	-3.3326e-07	0.00020156	2.46e-11	-0.00020126	3.3268e-07	-3.3356e-07	0.0033278	1.3333e-10	-0.0033274	3.3228e-07	-3.3328e-07	0.011974	4.1848e-10	-0.011956	3.3262e-07	-3.3352e-07	0.022944	1.1965e-09	-0.022924	3.3328e-07	-3.3406e-07	0.032816	3.4668e-09	-0.0328	3.3366e-07	-3.345e-07
0.395	2.7399e-08	-3.451e-11	-2.63146e-08	3.3278e-07	-3.3374e-07	2.8052e-06	-1.365e-11	-2.7985e-06	3.3226e-07	-3.3334e-07	0.00020294	2.296e-11	-0.0002026	3.3264e-07	-3.334e-07	0.0033384	1.2517e-10	-0.0033384	3.3228e-07	-3.3328e-07	0.012008	4.5178e-10	-0.01199	3.327e-07	-3.336e-07	0.023022	1.2025e-09	-0.023008	3.332e-07	-3.3404e-07	0.03301	3.4378e-09	-0.032996	3.3356e-07	-3.3452e-07
0.4	2.75528e-08	-5.388e-11	-2.64808e-08	3.3276e-07	-3.3382e-07	2.8194e-06	1.26e-12	-2.8209e-06	3.3238e-07	-3.334e-07	0.00020378	2.177e-11	-0.0002037	3.3252e-07	-3.3356e-07	0.0033514	1.3328e-10	-0.0033502	3.3226e-07	-3.3334e-07	0.012036	4.2904e-10	-0.01202	3.3264e-07	-3.3356e-07	0.023096	1.1808e-09	-0.023082	3.3322e-07	-3.3412e-07	0.033194	3.4028e-09	-0.033182	3.3368e-07	-3.3456e-07
0.405	2.78122e-08	-5.736e-11	-2.65906e-08	3.3272e-07	-3.338e-07	2.8458e-06	-1.019e-11	-2.8358e-06	3.3228e-07	-3.334e-07	0.00020506	3.27e-11	-0.00020482	3.3264e-07	-3.3358e-07	0.0033612	1.2058e-10	-0.0033612	3.324e-07	-3.3344e-07	0.01207	4.3657e-10	-0.012052	3.328e-07	-3.337e-07	0.023168	1.1677e-09	-0.023154	3.3324e-07	-3.3418e-07	0.033378	3.3796e-09	-0.033364	3.338e-07	-3.3472e-07
0.41	2.80066e-08	-4.824e-11	-2.68138e-08	3.3276e-07	-3.3388e-07	2.8697e-06	-1.515e-11	-2.8643e-06	3.3216e-07	-3.3324e-07	0.00020614	1.976e-11	-0.00020592	3.3258e-07	-3.336e-07	0.0033716	1.343e-10	-0.0033722	3.3244e-07	-3.3352e-07	0.012098	4.36e-10	-0.012084	3.3274e-07	-3.337e-07	0.023242	1.2241e-09	-0.02323	3.3316e-07	-3.3412e-07	0.033554	3.3452e-09	-0.03354	3.3374e-07	-3.3478e-07
0.415	2.81564e-08	-5.262e-11	-2.69076e-08	3.328e-07	-3.339e-07	2.8846e-06	-2e-12	-2.8727e-06	3.3238e-07	-3.3342e-07	0.00020718	2.503e-11	-0.00020704	3.325e-07	-3.3362e-07	0.0033836	1.2486e-10	-0.0033842	3.324e-07	-3.3352e-07	0.012132	4.2326e-10	-0.012112	3.3274e-07	-3.3374e-07	0.023312	1.0934e-09	-0.02329	3.3334e-07	-3.343e-07	0.033728	3.3117e-09	-0.033712	3.3386e-07	-3.3482e-07
0.42	2.83518e-08	-3.762e-11	-2.71328e-08	3.3278e-07	-3.3394e-07	2.8914e-06	-1.736e-11	-2.8943e-06	3.3228e-07	-3.3348e-07	0.00020854	2.188e-11	-0.00020838	3.3256e-07	-3.3364e-07	0.003396	1.3715e-10	-0.0033952	3.3244e-07	-3.3348e-07	0.012158	4.3577e-10	-0.01214	3.3274e-07	-3.3376e-07	0.023372	1.2166e-09	-0.02336	3.334e-07	-3.3436e-07	0.033892	3.2932e-09	-0.033876	3.3408e-07	-3.3492e-07
0.425	2.85528e-08	-5.76e-11	-2.73322e-08	3.328e-07	-3.3398e-07	2.9207e-06	-4.32e-12	-2.9205e-06	3.3226e-07	-3.3342e-07	0.00020966	1.768e-11	-0.00020958	3.3256e-07	-3.336e-07	0.0034078	1.227e-10	-0.0034062	3.3238e-07	-3.3346e-07	0.012186	4.2816e-10	-0.012168	3.327e-07	-3.3386e-07	0.023444	1.2107e-09	-0.023428	3.3324e-07	-3.343e-07	0.034056	3.2651e-09	-0.034038	3.3392e-07	-3.3496e-07
0.43	2.88348e-08	-5.439e-11	-2.74844e-08	3.3288e-07	-3.3402e-07	2.9368e-06	-1.993e-11	-2.9488e-06	3.3212e-07	-3.3336e-07	0.0002109	2.602e-11	-0.0002106	3.325e-07	-3.3376e-07	0.0034182	1.3693e-10	-0.0034174	3.324e-07	-3.3356e-07	0.012214	4.3185e-10	-0.012198	3.3276e-07	-3.3394e-07	0.023506	1.0435e-09	-0.023486	3.3342e-07	-3.345e-07	0.03421	3.2386e-09	-0.034194	3.3396e-07	-3.3504e-07
0.435	2.8976e-08	-7.209e-11	-2.75956e-08	3.3276e-07	-3.3402e-07	2.9535e-06	-9.09e-12	-2.9678e-06	3.3232e-07	-3.3366e-07	0.00021206	2.512e-11	-0.00021184	3.3252e-07	-3.3376e-07	0.00343	1.1734e-10	-0.0034284	3.3244e-07	-3.336e-07	0.012242	4.1862e-10	-0.012228	3.3282e-07	-3.3398e-07	0.023566	1.2345e-09	-0.02355	3.333e-07	-3.3446e-07	0.034366	3.2207e-09	-0.034348	3.3398e-07	-3.3508e-07
0.44	2.92634e-08	-6.863e-11	-2.7865e-08	3.3282e-07	-3.3412e-07	2.9774e-06	-1.094e-11	-2.9778e-06	3.3232e-07	-3.3358e-07	0.00021304	2.308e-11	-0.00021302	3.3246e-07	-3.3372e-07	0.0034414	1.313e-10	-0.003441	3.3244e-07	-3.3392e-07	0.01227	4.3395e-10	-0.012256	3.3332e-07	-3.3452e-07	0.023626	1.1441e-09	-0.02361	3.3336e-07	-3.3454e-07	0.034506	3.187e-09	-0.034494	3.3406e-07	-3.351e-07
0.445	2.94468e-08	-5.347e-11	-2.80664e-08	3.3288e-07	-3.3426e-07	2.9919e-06	-1.63e-11	-3.009e-06	3.3232e-07	-3.3358e-07	0.00021424	2.467e-11	-0.00021394	3.325e-07	-3.3378e-07	0.0034528	1.2836e-10	-0.0034526	3.3266e-07	-3.3392e-07	0.012298	4.1054e-10	-0.012282	3.3334e-07	-3.3466e-07	0.02368	1.0768e-09	-0.023664	3.3342e-07	-3.3458e-07	0.034652	3.1748e-09	-0.034636	3.3412e-07	-3.3524e-07
0.45	2.97074e-08	-6.904e-11	-2.82428e-08	3.3288e-07	-3.3424e-07	3.012e-06	-1.36e-11	-3.024e-06	3.323e-07	-3.3362e-07	0.00021528	2.041e-11	-0.00021508	3.3246e-07	-3.3388e-07	0.0034638	1.2694e-10	-0.003464	3.3266e-07	-3.3398e-07	0.012326	4.3807e-10	-0.012314	3.3328e-07	-3.3454e-07	0.02374	1.2127e-09	-0.023726	3.3358e-07	-3.3476e-07	0.03479	3.1507e-09	-0.03477	3.3416e-07	-3.3528e-07
0.455	2.99808e-08	-5.144e-11	-2.83894e-08	3.3276e-07	-3.3418e-07	3.0396e-06	-2.31e-11	-3.0339e-06	3.3238e-07	-3.337e-07	0.00021644	1.524e-11	-0.00021654	3.3252e-07	-3.3392e-07	0.0034744	1.3372e-10	-0.003474	3.3264e-07	-3.3404e-07	0.012354	4.1669e-10	-0.01234	3.3326e-07	-3.3468e-07	0.023796	1.1084e-09	-0.02378	3.3362e-07	-3.3478e-07	0.034922	3.1279e-09	-0.034908	3.34e-07	-3.3538e-07
0.46	3.0191e-08	-6.665e-11	-2.86186e-08	3.3282e-07	-3.3418e-07	3.0546e-06	-6.4e-12	-3.0557e-06	3.3238e-07	-3.3382e-07	0.00021778	2.569e-11	-0.0002176	3.3256e-07	-3.3398e-07	0.003486	1.2062e-10	-0.0034844	3.3258e-07	-3.3402e-07	0.012382	4.1958e-10	-0.012364	3.333e-07	-3.3464e-07	0.023848	1.1243e-09	-0.023832	3.336e-07	-3.3472e-07	0.035052	3.1108e-09	-0.035034	3.3412e-07	-3.353e-07
0.465	3.04036e-08	-7.412e-11	-2.88206e-08	3.3276e-07	-3.343e-07	3.0815e-06	-2.551e-11	-3.0709e-06	3.3234e-07	-3.3384e-07	0.00021892	1.712e-11	-0.0002186	3.325e-07	-3.3392e-07	0.003498	1.3003e-10	-0.0034964	3.3262e-07	-3.3406e-07	0.012408	4.2788e-10	-0.012392	3.3312e-07	-3.3464e-07	0.023902	1.1669e-09	-0.023888	3.3354e-07	-3.3472e-07	0.035176	3.0865e-09	-0.03516	3.3422e-07	-3.3554e-07
0.47	3.05638e-08	-7.891e-11	-2.90138e-08	3.3282e-07	-3.3428e-07	3.1084e-06	-1.401e-11	-3.087e-06	3.3232e-07	-3.3376e-07	0.00022018	2.733e-11	-0.00021992	3.325e-07	-3.34e-07	0.0035082	1.1778e-10	-0.003506	3.3274e-07	-3.3406e-07	0.012436	4.0806e-10	-0.01242	3.3328e-07	-3.3466e-07	0.023954	1.0648e-09	-0.02394	3.3348e-07	-3.3488e-07	0.035292	3.0781e-09	-0.035278	3.3422e-07	-3.3542e-07
0.475	3.08384e-08	-8.796e-11	-2.925e-08	3.3286e-07	-3.344e-07	3.117e-06	-2.666e-11	-3.1171e-06	3.3244e-07	-3.3398e-07	0.00022136	1.939e-11	-0.00022104	3.3248e-07	-3.3406e-07	0.003519	1.317e-10	-0.003519	3.325e-07	-3.3406e-07	0.012462	4.3469e-10	-0.012444	3.3328e-07	-3.3476e-07	0.024004	1.1587e-09	-0.023988	3.335e-07	-3.3492e-07	0.03541	3.0545e-09	-0.0354	3.3418e-07	-3.3548e-07
0.48	3.10752e-08	-7.459e-11	-2.94118e-08	3.3286e-07	-3.344e-07	3.1353e-06	-1.856e-11	-3.1301e-06	3.324e-07	-3.3406e-07	0.0002225	1.378e-11	-0.0002224	3.3252e-07	-3.3408e-07	0.0035314	1.2091e-10	-0.003531	3.3274e-07	-3.3418e-07	0.01249	4.0569e-10	-0.012472	3.3336e-07	-3.349e-07	0.02405	1.1437e-09	-0.02404	3.3352e-07	-3.3498e-07	0.035524	3.0359e-09	-0.03551	3.3424e-07	-3.3554e-07
0.485	3.1294e-08	-8.143e-11	-2.9564e-08	3.3284e-07	-3.3446e-07	3.1543e-06	-1.522e-11	-3.1483e-06	3.3238e-07	-3.3406e-07	0.0002236	2.289e-11	-0.00022362	3.325e-07	-3.3408e-07	0.0035416	1.3572e-10	-0.0035418	3.326e-07	-3.3412e-07	0.012514	4.1811e-10	-0.012498	3.3332e-07	-3.3484e-07	0.024104	1.048e-09	-0.024088	3.335e-07	-3.3502e-07	0.035636	3.0273e-09	-0.03562	3.342e-07	-3.3562e-07
0.49	3.15444e-08	-6.749e-11	-2.97656e-08	3.3286e-07	-3.3448e-07	3.1665e-06	-3.145e-11	-3.1799e-06	3.324e-07	-3.3402e-07	0.0002249	1.725e-11	-0.00022468	3.325e-07	-3.3424e-07	0.003553	1.1879e-10	-0.003552	3.3266e-07	-3.3428e-07	0.012542	4.2118e-10	-0.012524	3.3332e-07	-3.3496e-07	0.024154	1.1691e-09	-0.024136	3.3366e-07	-3.3518e-07	0.035744	3.007e-09	-0.035724	3.3424e-07	-3.3566e-07
0.495	3.17878e-08	-7.797e-11	-3.00102e-08	3.3284e-07	-3.3456e-07	3.194e-06	-1.92e-11	-3.1925e-06	3.3238e-07	-3.34e-07	0.00022598	2.629e-11	-0.00022586	3.3228e-07	-3.3404e-07	0.0035642	1.3012e-10	-0.003563	3.3276e-07	-3.3434e-07	0.012564	4.0836e-10	-0.012546	3.3334e-07	-3.3496e-07	0.024196	1.1068e-09	-0.024182	3.3376e-07	-3.353e-07	0.035848	2.9968e-09	-0.035834	3.342e-07	-3.3574e-07
0.5	3.20374e-08	-9.13e-11	-3.02008e-08	3.3282e-07	-3.3456e-07	3.2155e-06	-2.812e-11	-3.2167e-06	3.3232e-07	-3.3416e-07	0.00022716	1.505e-11	-0.00022694	3.3228e-07	-3.34e-07	0.0035758	1.1876e-10	-0.0035738	3.327e-07	-3.3434e-07	0.012588	4.2764e-10	-0.012572	3.3332e-07	-3.3496e-07	0.024238	1.0753e-09	-0.024228	3.338e-07	-3.353e-07	0.035946	2.9767e-09	-0.035932	3.344e-07	-3.3588e-07
0.505	3.2349e-08	-9.357e-11	-3.0365e-08	3.3282e-07	-3.3458e-07	3.2447e-06	-2.343e-11	-3.241e-06	3.3234e-07	-3.3414e-07	0.00022824	2.079e-11	-0.00022816	3.3222e-07	-3.3406e-07	0.003586	1.2321e-10	-0.0035856	3.3262e-07	-3.345e-07	0.012616	4.0524e-10	-0.012596	3.3346e-07	-3.3506e-07	0.024292	1.1308e-09	-0.024274	3.337e-07	-3.3528e-07	0.03604	2.9671e-09	-0.036026	3.343e-07	-3.3584e-07
0.51	3.25958e-08	-1.0757e-10	-3.05108e-08	3.3284e-07	-3.347e-07	3.2603e-06	-2.732e-11	-3.2497e-06	3.3238e-07	-3.3412e-07	0.0002295	1.015e-11	-0.00022924	3.3224e-07	-3.3406e-07	0.0035962	1.2403e-10	-0.0035962	3.3268e-07	-3.345e-07	0.012642	4.1128e-10	-0.012624	3.334e-07	-3.3512e-07	0.024328	1.0921e-09	-0.024316	3.337e-07	-3.3542e-07	0.036136	2.9587e-09	-0.03612	3.3428e-07	-3.3594e-07
0.515	3.27746e-08	-9.524e-11	-3.07836e-08	3.3286e-07	-3.3468e-07	3.2808e-06	-3.434e-11	-3.2764e-06	3.3236e-07	-3.3414e-07	0.00023066	2.595e-11	-0.0002305	3.3228e-07	-3.3416e-07	0.0036076	1.2561e-10	-0.0036078	3.3268e-07	-3.3454e-07	0.01267	4.119e-10	-0.012652	3.334e-07	-3.3514e-07	0.024378	1.0897e-09	-0.024364	3.3368e-07	-3.3538e-07	0.03623	2.9466e-09	-0.036212	3.345e-07	-3.3604e-07
0.52	3.30042e-08	-9.687e-11	-3.10016e-08	3.3278e-07	-3.347e-07	3.2993e-06	-2.664e-11	-3.3006e-06	3.3228e-07	-3.3424e-07	0.0002319	1.262e-11	-0.0002317	3.322e-07	-3.3416e-07	0.003618	1.3121e-10	-0.0036168	3.3272e-07	-3.3464e-07	0.01269	4.1356e-10	-0.012678	3.3336e-07	-3.352e-07	0.024418	1.1212e-09	-0.024406	3.3362e-07	-3.3544e-07	0.036314	2.9338e-09	-0.036302	3.3464e-07	-3.3642e-07
0.525	3.32698e-08	-8.953e-11	-3.12502e-08	3.328e-07	-3.3486e-07	3.3332e-06	-3.115e-11	-3.3092e-06	3.323e-07	-3.343e-07	0.00023308	2.348e-11	-0.000233	3.3226e-07	-3.3426e-07	0.0036284	1.1617e-10	-0.0036294	3.3284e-07	-3.3466e-07	0.01272	4.0442e-10	-0.012704	3.335e-07	-3.3544e-07	0.024462	1.0575e-09	-0.024444	3.3364e-07	-3.3544e-07	0.036402	2.9193e-09	-0.036386	3.347e-07	-3.364e-07
0.53	3.36344e-08	-9.958e-11	-3.14978e-08	3.3284e-07	-3.349e-07	3.3397e-06	-3.36e-11	-3.3376e-06	3.325e-07	-3.344e-07	0.00023438	1.322e-11	-0.00023402	3.3216e-07	-3.3422e-07	0.0036402	1.2889e-10	-0.0036392	3.3286e-07	-3.3466e-07	0.012742	4.2226e-10	-0.012728	3.337e-07	-3.3558e-07	0.024502	1.1098e-09	-0.024488	3.3372e-07	-3.3554e-07	0.036484	2.9157e-09	-0.036468	3.3474e-07	-3.3644e-07
0.535	3.38354e-08	-1.0758e-10	-3.16426e-08	3.3282e-07	-3.3492e-07	3.3655e-06	-3.401e-11	-3.3716e-06	3.3238e-07	-3.3444e-07	0.00023536	1.308e-11	-0.0002354	3.3224e-07	-3.3432e-07	0.0036516	1.1225e-10	-0.00365	3.3254e-07	-3.3452e-07	0.01277	3.9998e-10	-0.012756	3.3386e-07	-3.3572e-07	0.024546	1.1084e-09	-0.024528	3.3374e-07	-3.356e-07	0.036566	2.907e-09	-0.036552	3.348e-07	-3.366e-07
0.54	3.40968e-08	-1.1193e-10	-3.18106e-08	3.332e-07	-3.3514e-07	3.3934e-06	-3.91e-11	-3.3802e-06	3.3226e-07	-3.3442e-07	0.0002368	1.95e-11	-0.00023654	3.3232e-07	-3.3448e-07	0.0036616	1.3102e-10	-0.0036614	3.3276e-07	-3.346e-07	0.012794	4.075e-10	-0.012776	3.3384e-07	-3.3578e-07	0.024586	1.0524e-09	-0.02457	3.3376e-07	-3.3568e-07	0.036644	2.8988e-09	-0.03663	3.348e-07	-3.3656e-07
0.545	3.4356e-08	-1.2536e-10	-3.20676e-08	3.328e-07	-3.3496e-07	3.4067e-06	-3.32e-11	-3.407e-06	3.3228e-07	-3.3448e-07	0.0002381	9.13e-12	-0.0002377	3.3238e-07	-3.3446e-07	0.0036734	1.1663e-10	-0.003672	3.3278e-07	-3.3494e-07	0.012818	4.1761e-10	-0.012802	3.338e-07	-3.358e-07	0.024626	1.104e-09	-0.02461	3.3372e-07	-3.3568e-07	0.03672	2.8824e-09	-0.03671	3.3482e-07	-3.3672e-07
0.55	3.46266e-08	-1.1211e-10	-3.22446e-08	3.3282e-07	-3.35e-07	3.4338e-06	-3.684e-11	-3.4315e-06	3.3228e-07	-3.3446e-07	0.0002392	2.466e-11	-0.00023896	3.3226e-07	-3.3454e-07	0.003684	1.3081e-10	-0.0036828	3.3272e-07	-3.35e-07	0.01284	3.8978e-10	-0.012822	3.338e-07	-3.3586e-07	0.024666	1.1005e-09	-0.024652	3.3382e-07	-3.3576e-07	0.0368	2.8861e-09	-0.03678	3.3482e-07	-3.3676e-07
0.555	3.49282e-08	-1.24e-10	-3.24164e-08	3.3276e-07	-3.3506e-07	3.4601e-06	-4.583e-11	-3.4459e-06	3.3226e-07	-3.3448e-07	0.0002405	6.52e-12	-0.00024036	3.3234e-07	-3.3452e-07	0.0036944	1.1901e-10	-0.0036926	3.3276e-07	-3.3504e-07	0.012864	4.2826e-10	-0.012848	3.3384e-07	-3.3598e-07	0.024704	1.0513e-09	-0.024688	3.3382e-07	-3.3604e-07	0.036868	2.8663e-09	-0.036858	3.3486e-07	-3.3684e-07
0.56	3.52248e-08	-1.1766e-10	-3.26686e-08	3.3276e-07	-3.3516e-07	3.4629e-06	-3.962e-11	-3.4814e-06	3.3238e-07	-3.347e-07	0.00024158	1.974e-11	-0.00024146	3.3226e-07	-3.3458e-07	0.0037048	1.2105e-10	-0.0037048	3.3264e-07	-3.349e-07	0.01289	3.8884e-10	-0.01287	3.3376e-07	-3.3598e-07	0.024746	1.1068e-09	-0.024728	3.3392e-07	-3.3586e-07	0.036942	2.8637e-09	-0.036926	3.3492e-07	-3.3682e-07
0.565	3.5466e-08	-1.1648e-10	-3.28632e-08	3.3286e-07	-3.3508e-07	3.4891e-06	-4.339e-11	-3.4957e-06	3.3234e-07	-3.347e-07	0.00024278	1.4e-13	-0.0002426	3.3238e-07	-3.3472e-07	0.0037154	1.2156e-10	-0.0037144	3.3276e-07	-3.35e-07	0.012914	4.0883e-10	-0.012896	3.3382e-07	-3.36e-07	0.02478	1.0626e-09	-0.024766	3.338e-07	-3.3596e-07	0.037014	2.8572e-09	-0.036996	3.3482e-07	-3.3692e-07
0.57	3.56718e-08	-1.2897e-10	-3.30828e-08	3.3278e-07	-3.352e-07	3.5281e-06	-4.504e-11	-3.5147e-06	3.3246e-07	-3.3478e-07	0.000244	1.841e-11	-0.00024386	3.3226e-07	-3.347e-07	0.003726	1.1678e-10	-0.0037256	3.3268e-07	-3.3512e-07	0.012936	4.1611e-10	-0.01292	3.3382e-07	-3.362e-07	0.02482	1.0779e-09	-0.024806	3.3388e-07	-3.3608e-07	0.037074	2.8356e-09	-0.037062	3.35e-07	-3.3708e-07
0.575	3.60562e-08	-1.3061e-10	-3.33792e-08	3.3282e-07	-3.3536e-07	3.5374e-06	-4.598e-11	-3.5279e-06	3.3234e-07	-3.3478e-07	0.00024534	7.28e-12	-0.00024522	3.3226e-07	-3.3476e-07	0.003737	1.238e-10	-0.0037368	3.3252e-07	-3.3496e-07	0.01296	3.8305e-10	-0.012942	3.3364e-07	-3.362e-07	0.024858	1.0859e-09	-0.024846	3.3388e-07	-3.3614e-07	0.037142	2.847e-09	-0.037128	3.3506e-07	-3.3714e-07
0.58	3.62602e-08	-1.4735e-10	-3.35264e-08	3.3284e-07	-3.3554e-07	3.5716e-06	-5.575e-11	-3.5548e-06	3.323e-07	-3.3482e-07	0.00024656	1.559e-11	-0.00024634	3.3228e-07	-3.3484e-07	0.0037476	1.1855e-10	-0.0037456	3.3272e-07	-3.352e-07	0.012982	4.2747e-10	-0.012968	3.3386e-07	-3.3628e-07	0.024894	1.055e-09	-0.02488	3.3386e-07	-3.3616e-07	0.037206	2.8267e-09	-0.037192	3.3516e-07	-3.3732e-07
0.585	3.65016e-08	-1.4424e-10	-3.37546e-08	3.3282e-07	-3.3542e-07	3.5857e-06	-4.26e-11	-3.5762e-06	3.3228e-07	-3.3486e-07	0.00024778	6.79e-12	-0.00024742	3.3224e-07	-3.3502e-07	0.0037578	1.2854e-10	-0.0037584	3.327e-07	-3.3526e-07	0.013008	3.8179e-10	-0.01299	3.334e-07	-3.3602e-07	0.024932	1.0681e-09	-0.024918	3.3392e-07	-3.3628e-07	0.037272	2.8317e-09	-0.037256	3.3508e-07	-3.3734e-07
0.59	3.67538e-08	-1.4596e-10	-3.39462e-08	3.3278e-07	-3.3548e-07	3.6105e-06	-5.694e-11	-3.5964e-06	3.3234e-07	-3.35e-07	0.00024902	6.52e-12	-0.0002486	3.3228e-07	-3.349e-07	0.0037692	1.1231e-10	-0.0037684	3.327e-07	-3.3532e-07	0.013034	4.1302e-10	-0.013014	3.3358e-07	-3.3608e-07	0.024966	1.0958e-09	-0.024956	3.3396e-07	-3.3638e-07	0.03733	2.8232e-09	-0.037318	3.351e-07	-3.3744e-07
0.595	3.70646e-08	-1.423e-10	-3.42338e-08	3.3288e-07	-3.3562e-07	3.6265e-06	-5.441e-11	-3.6126e-06	3.3242e-07	-3.349e-07	0.0002503	6.57e-12	-0.00024984	3.3228e-07	-3.3498e-07	0.0037784	1.2827e-10	-0.003778	3.328e-07	-3.3542e-07	0.013054	4.0898e-10	-0.013038	3.3364e-07	-3.3626e-07	0.025002	1.0252e-09	-0.024986	3.3398e-07	-3.3646e-07	0.037388	2.808e-09	-0.03738	3.3492e-07	-3.3724e-07
0.6	3.74038e-08	-1.3507e-10	-3.44284e-08	3.3286e-07	-3.3572e-07	3.6404e-06	-5.81e-11	-3.645e-06	3.3234e-07	-3.3514e-07	0.00025128	2.93e-12	-0.00025116	3.3226e-07	-3.3504e-07	0.0037892	1.0526e-10	-0.0037884	3.3274e-07	-3.3542e-07	0.013078	3.7912e-10	-0.013066	3.3364e-07	-3.363e-07	0.025034	1.1015e-09	-0.025022	3.339e-07	-3.3656e-07	0.037448	2.8181e-09	-0.037432	3.349e-07	-3.3732e-07
0.605	3.77596e-08	-1.536e-10	-3.4576e-08	3.3294e-07	-3.3574e-07	3.6663e-06	-5.826e-11	-3.6685e-06	3.3228e-07	-3.3518e-07	0.00025242	1.077e-11	-0.0002521	3.322e-07	-3.3512e-07	0.0038008	1.2824e-10	-0.0038	3.3276e-07	-3.3552e-07	0.0131	4.1955e-10	-0.01309	3.336e-07	-3.3626e-07	0.025072	1.0628e-09	-0.02506	3.3398e-07	-3.3652e-07	0.037504	2.8035e-09	-0.037492	3.349e-07	-3.3752e-07
0.61	3.8046e-08	-1.5748e-10	-3.49628e-08	3.3298e-07	-3.3584e-07	3.6847e-06	-5.7e-11	-3.6831e-06	3.323e-07	-3.3518e-07	0.00025358	4.6e-12	-0.00025332	3.3228e-07	-3.352e-07	0.00381	1.1296e-10	-0.0038094	3.3272e-07	-3.3556e-07	0.013124	3.8695e-10	-0.013108	3.337e-07	-3.3646e-07	0.025112	1.0387e-09	-0.025096	3.3406e-07	-3.3678e-07	0.037564	2.8065e-09	-0.037546	3.349e-07	-3.3752e-07
0.615	3.832e-08	-1.7436e-10	-3.5163e-08	3.3284e-07	-3.3584e-07	3.7194e-06	-6.406e-11	-3.7059e-06	3.323e-07	-3.3528e-07	0.00025508	6.4e-12	-0.00025482	3.3222e-07	-3.3524e-07	0.0038214	1.2566e-10	-0.0038208	3.328e-07	-3.3566e-07	0.013148	4.0639e-10	-0.013132	3.337e-07	-3.3654e-07	0.025144	1.0832e-09	-0.02513	3.3414e-07	-3.3672e-07	0.037614	2.7969e-09	-0.037602	3.3506e-07	-3.3762e-07
0.62	3.8617e-08	-1.7809e-10	-3.5351e-08	3.3292e-07	-3.3592e-07	3.7408e-06	-6.902e-11	-3.7206e-06	3.3234e-07	-3.3538e-07	0.00025624	4.9e-13	-0.0002562	3.3226e-07	-3.3532e-07	0.003831	1.1777e-10	-0.0038304	3.3268e-07	-3.3572e-07	0.013172	4.0445e-10	-0.013152	3.3368e-07	-3.3668e-07	0.025178	1.0499e-09	-0.025166	3.3404e-07	-3.369e-07	0.03767	2.7917e-09	-0.037658	3.351e-07	-3.3776e-07
0.625	3.891e-08	-1.6981e-10	-3.55796e-08	3.3292e-07	-3.36e-07	3.7657e-06	-6.346e-11	-3.7668e-06	3.3228e-07	-3.3536e-07	0.00025746	-4.1e-13	-0.00025728	3.3226e-07	-3.353e-07	0.0038434	1.1821e-10	-0.0038418	3.3274e-07	-3.358e-07	0.013192	3.8321e-10	-0.013176	3.338e-07	-3.3678e-07	0.025212	1.0567e-09	-0.025198	3.3404e-07	-3.3688e-07	0.037722	2.7971e-09	-0.037708	3.35e-07	-3.378e-07
0.63	3.92318e-08	-1.7099e-10	-3.5862e-08	3.3294e-07	-3.361e-07	3.7842e-06	-7.052e-11	-3.7754e-06	3.3228e-07	-3.3546e-07	0.0002587	7.04e-12	-0.00025854	3.3222e-07	-3.3544e-07	0.0038534	1.1838e-10	-0.003852	3.3274e-07	-3.3586e-07	0.013214	4.1016e-10	-0.0132	3.3368e-07	-3.3668e-07	0.025244	1.081e-09	-0.025232	3.3416e-07	-3.371e-07	0.037774	2.7799e-09	-0.037758	3.3506e-07	-3.3796e-07
0.635	3.95446e-08	-1.6191e-10	-3.60778e-08	3.3284e-07	-3.3614e-07	3.7909e-06	-7.22e-11	-3.8018e-06	3.323e-07	-3.3552e-07	0.00025984	-2.84e-12	-0.00025982	3.322e-07	-3.3548e-07	0.003863	1.1183e-10	-0.0038624	3.327e-07	-3.359e-07	0.013234	3.9603e-10	-0.01322	3.3368e-07	-3.3672e-07	0.025278	1.0281e-09	-0.025268	3.3416e-07	-3.3714e-07	0.037826	2.784e-09	-0.037812	3.3506e-07	-3.3798e-07
0.64	3.98904e-08	-1.7701e-10	-3.62808e-08	3.3294e-07	-3.3628e-07	3.8194e-06	-7.389e-11	-3.8302e-06	3.3232e-07	-3.3546e-07	0.00026138	5.71e-12	-0.00026098	3.3224e-07	-3.3556e-07	0.0038742	1.2344e-10	-0.0038726	3.3274e-07	-3.36e-07	0.013264	3.9406e-10	-0.01325	3.3364e-07	-3.3678e-07	0.025308	1.0652e-09	-0.025298	3.3418e-07	-3.3722e-07	0.037874	2.7733e-09	-0.037864	3.3514e-07	-3.3806e-07
0.645	4.0204e-08	-1.8139e-10	-3.65312e-08	3.3292e-07	-3.3634e-07	3.8597e-06	-7.857e-11	-3.838e-06	3.323e-07	-3.357e-07	0.00026262	-1.061e-11	-0.0002623	3.3222e-07	-3.3562e-07	0.0038838	1.1096e-10	-0.0038828	3.3272e-07	-3.3604e-07	0.013284	4.0265e-10	-0.013268	3.3364e-07	-3.3688e-07	0.025346	1.0613e-09	-0.02533	3.343e-07	-3.3738e-07	0.03793	2.7798e-09	-0.037912	3.3518e-07	-3.3818e-07
0.65	4.05866e-08	-1.9663e-10	-3.68858e-08	3.3294e-07	-3.3628e-07	3.8666e-06	-7.495e-11	-3.8648e-06	3.3234e-07	-3.3582e-07	0.00026366	4.37e-12	-0.00026358	3.3226e-07	-3.3568e-07	0.003896	1.2591e-10	-0.0038938	3.3272e-07	-3.361e-07	0.013306	3.8513e-10	-0.013286	3.337e-07	-3.3698e-07	0.025378	1.0327e-09	-0.025368	3.3416e-07	-3.3736e-07	0.037976	2.7708e-09	-0.037964	3.352e-07	-3.3824e-07
0.655	4.07968e-08	-2.0931e-10	-3.71194e-08	3.3276e-07	-3.3634e-07	3.8898e-06	-9.081e-11	-3.8804e-06	3.3232e-07	-3.3584e-07	0.0002649	-1.726e-11	-0.0002646	3.3226e-07	-3.3574e-07	0.003906	1.0224e-10	-0.0039032	3.3274e-07	-3.3628e-07	0.013328	4.0364e-10	-0.013312	3.3368e-07	-3.3706e-07	0.02541	1.0722e-09	-0.025396	3.3426e-07	-3.3746e-07	0.038024	2.7701e-09	-0.038008	3.3598e-07	-3.3906e-07
0.66	4.13264e-08	-2.0337e-10	-3.73396e-08	3.328e-07	-3.3644e-07	3.9174e-06	-7.934e-11	-3.9076e-06	3.3226e-07	-3.3586e-07	0.00026622	4.05e-12	-0.00026594	3.323e-07	-3.3582e-07	0.0039158	1.2155e-10	-0.0039148	3.3276e-07	-3.3636e-07	0.01335	3.9857e-10	-0.013338	3.3374e-07	-3.3724e-07	0.025446	1.0564e-09	-0.025434	3.3404e-07	-3.3756e-07	0.03807	2.7622e-09	-0.038054	3.3606e-07	-3.3916e-07
0.665	4.15226e-08	-2.0875e-10	-3.7438e-08	3.3278e-07	-3.365e-07	3.9227e-06	-8.854e-11	-3.9399e-06	3.3228e-07	-3.3596e-07	0.00026748	-1.148e-11	-0.00026718	3.3238e-07	-3.3598e-07	0.003926	1.076e-10	-0.0039252	3.3288e-07	-3.3646e-07	0.013374	3.8261e-10	-0.013356	3.3374e-07	-3.372e-07	0.025476	1.0272e-09	-0.025462	3.3424e-07	-3.378e-07	0.038116	2.7591e-09	-0.0381	3.36e-07	-3.3934e-07
0.67	4.18746e-08	-1.9239e-10	-3.77324e-08	3.328e-07	-3.3658e-07	3.9655e-06	-8.635e-11	-3.9691e-06	3.3232e-07	-3.3602e-07	0.0002687	-2.31e-12	-0.00026842	3.3228e-07	-3.362e-07	0.0039374	1.1839e-10	-0.003936	3.3278e-07	-3.3654e-07	0.013396	4.0072e-10	-0.013376	3.337e-07	-3.3732e-07	0.025508	1.0687e-09	-0.025496	3.3418e-07	-3.3762e-07	0.038162	2.7689e-09	-0.038148	3.3608e-07	-3.3934e-07
0.675	4.21406e-08	-2.168e-10	-3.80642e-08	3.3232e-07	-3.362e-07	3.9876e-06	-9.487e-11	-3.9704e-06	3.323e-07	-3.3614e-07	0.00026994	-1.325e-11	-0.0002698	3.3232e-07	-3.3626e-07	0.0039462	1.172e-10	-0.003947	3.3276e-07	-3.3656e-07	0.01342	3.8669e-10	-0.013402	3.3374e-07	-3.375e-07	0.025542	1.0381e-09	-0.025528	3.3448e-07	-3.3792e-07	0.038206	2.7505e-09	-0.03819	3.356e-07	-3.39e-07
0.68	4.25792e-08	-2.1643e-10	-3.83628e-08	3.3232e-07	-3.3622e-07	4.0081e-06	-1.0231e-10	-4.0198e-06	3.3228e-07	-3.3628e-07	0.00027126	-1.016e-11	-0.00027104	3.3228e-07	-3.3614e-07	0.0039564	1.0454e-10	-0.0039578	3.327e-07	-3.3666e-07	0.013442	3.8934e-10	-0.013424	3.3386e-07	-3.3762e-07	0.025574	1.0413e-09	-0.025556	3.344e-07	-3.3798e-07	0.03825	2.7608e-09	-0.038236	3.3528e-07	-3.389e-07
0.685	4.29124e-08	-2.2805e-10	-3.85682e-08	3.3244e-07	-3.3628e-07	4.0312e-06	-9.054e-11	-4.0325e-06	3.3232e-07	-3.3628e-07	0.0002726	-1.437e-11	-0.00027222	3.3222e-07	-3.3624e-07	0.003967	1.193e-10	-0.0039678	3.328e-07	-3.367e-07	0.013462	4.0644e-10	-0.01345	3.3388e-07	-3.3776e-07	0.025602	1.0585e-09	-0.02559	3.3436e-07	-3.38e-07	0.038292	2.746e-09	-0.038282	3.3542e-07	-3.3894e-07
0.69	4.31488e-08	-2.4051e-10	-3.86688e-08	3.323e-07	-3.3626e-07	4.0567e-06	-1.057e-10	-4.053e-06	3.3228e-07	-3.3636e-07	0.0002736	-1.652e-11	-0.00027358	3.3224e-07	-3.3634e-07	0.0039772	1.0055e-10	-0.0039762	3.3276e-07	-3.3682e-07	0.013482	3.7627e-10	-0.013468	3.3364e-07	-3.3758e-07	0.025638	1.0352e-09	-0.02562	3.344e-07	-3.3822e-07	0.038336	2.7529e-09	-0.038322	3.3544e-07	-3.3908e-07
0.695	4.34594e-08	-2.2218e-10	-3.90788e-08	3.3232e-07	-3.365e-07	4.0826e-06	-9.814e-11	-4.0754e-06	3.324e-07	-3.3654e-07	0.00027498	-7.22e-12	-0.00027492	3.3224e-07	-3.364e-07	0.0039894	1.1779e-10	-0.0039884	3.3274e-07	-3.3688e-07	0.013502	3.9906e-10	-0.013488	3.3384e-07	-3.378e-07	0.02567	1.0437e-09	-0.025654	3.3436e-07	-3.3818e-07	0.03838	2.7543e-09	-0.038368	3.355e-07	-3.393e-07
0.7	4.37646e-08	-2.4809e-10	-3.92464e-08	3.3228e-07	-3.3654e-07	4.1122e-06	-1.1315e-10	-4.0963e-06	3.3228e-07	-3.366e-07	0.0002762	-2.169e-11	-0.0002761	3.3226e-07	-3.365e-07	0.003998	1.0859e-10	-0.003998	3.327e-07	-3.3692e-07	0.013526	3.8596e-10	-0.01351	3.339e-07	-3.3794e-07	0.025694	1.0521e-09	-0.025684	3.3454e-07	-3.384e-07	0.03842	2.7381e-09	-0.038406	3.355e-07	-3.3928e-07
0.705	4.4182e-08	-2.4328e-10	-3.94966e-08	3.323e-07	-3.3668e-07	4.1477e-06	-1.0739e-10	-4.1193e-06	3.3232e-07	-3.3668e-07	0.00027776	-7.46e-12	-0.00027734	3.3228e-07	-3.366e-07	0.0040104	1.1642e-10	-0.0040102	3.3272e-07	-3.3696e-07	0.013546	3.8393e-10	-0.013528	3.3394e-07	-3.3802e-07	0.025734	1.0212e-09	-0.025712	3.3436e-07	-3.3842e-07	0.038458	2.7531e-09	-0.038448	3.3562e-07	-3.394e-07
0.71	4.45618e-08	-2.4771e-10	-3.97034e-08	3.3234e-07	-3.3684e-07	4.1552e-06	-1.1039e-10	-4.1403e-06	3.3232e-07	-3.3672e-07	0.00027892	-3.316e-11	-0.00027858	3.3234e-07	-3.3678e-07	0.0040204	1.026e-10	-0.0040198	3.3274e-07	-3.371e-07	0.01357	4.0614e-10	-0.013554	3.339e-07	-3.3812e-07	0.025758	1.0572e-09	-0.02574	3.3416e-07	-3.3846e-07	0.038506	2.7318e-09	-0.03849	3.3558e-07	-3.396e-07
0.715	4.49004e-08	-2.6022e-10	-4.00432e-08	3.323e-07	-3.3692e-07	4.186e-06	-1.196e-10	-4.1677e-06	3.3228e-07	-3.368e-07	0.00028018	-1.39e-11	-0.00028012	3.3236e-07	-3.3674e-07	0.004031	1.1341e-10	-0.00403	3.3284e-07	-3.3734e-07	0.01359	3.7143e-10	-0.013576	3.3386e-07	-3.3818e-07	0.02579	1.0401e-09	-0.025776	3.3442e-07	-3.3858e-07	0.038544	2.7525e-09	-0.038532	3.3574e-07	-3.397e-07
0.72	4.51744e-08	-2.5151e-10	-4.03042e-08	3.3238e-07	-3.3694e-07	4.2077e-06	-1.1722e-10	-4.1938e-06	3.3214e-07	-3.3672e-07	0.00028134	-2.7e-11	-0.00028124	3.3222e-07	-3.3682e-07	0.0040388	9.927e-11	-0.004039	3.3298e-07	-3.3744e-07	0.013616	3.9902e-10	-0.013598	3.3394e-07	-3.383e-07	0.02582	1.0332e-09	-0.025802	3.3446e-07	-3.3872e-07	0.038586	2.7378e-09	-0.03857	3.3552e-07	-3.3984e-07
0.725	4.54716e-08	-2.735e-10	-4.05212e-08	3.3234e-07	-3.372e-07	4.2176e-06	-1.2697e-10	-4.2309e-06	3.323e-07	-3.3696e-07	0.00028298	-2.263e-11	-0.00028232	3.322e-07	-3.3702e-07	0.0040516	1.0586e-10	-0.0040502	3.3286e-07	-3.3758e-07	0.013636	3.8528e-10	-0.01362	3.3388e-07	-3.3836e-07	0.025846	1.0479e-09	-0.025834	3.3458e-07	-3.3888e-07	0.038622	2.7363e-09	-0.03861	3.358e-07	-3.3988e-07
0.73	4.5827e-08	-2.7339e-10	-4.07776e-08	3.3246e-07	-3.3716e-07	4.2468e-06	-1.2412e-10	-4.2388e-06	3.323e-07	-3.3708e-07	0.0002842	-2.208e-11	-0.0002839	3.3234e-07	-3.3708e-07	0.00406	1.1068e-10	-0.0040606	3.3286e-07	-3.3762e-07	0.013656	3.7876e-10	-0.013644	3.3392e-07	-3.3846e-07	0.025878	1.0279e-09	-0.025864	3.3446e-07	-3.389e-07	0.03866	2.7386e-09	-0.03865	3.3572e-07	-3.4e-07
0.735	4.616e-08	-2.838e-10	-4.0977e-08	3.3228e-07	-3.372e-07	4.2928e-06	-1.3157e-10	-4.2586e-06	3.3226e-07	-3.3718e-07	0.0002854	-3.292e-11	-0.00028478	3.322e-07	-3.3714e-07	0.0040708	9.8e-11	-0.0040708	3.3288e-07	-3.378e-07	0.013678	4.0349e-10	-0.013664	3.3396e-07	-3.3876e-07	0.025908	1.0337e-09	-0.025894	3.3454e-07	-3.3912e-07	0.038702	2.7293e-09	-0.038688	3.3574e-07	-3.4018e-07
0.74	4.66028e-08	-2.8798e-10	-4.12212e-08	3.323e-07	-3.3732e-07	4.2996e-06	-1.3856e-10	-4.2951e-06	3.3228e-07	-3.3734e-07	0.00028644	-2.935e-11	-0.0002862	3.3238e-07	-3.3724e-07	0.0040808	1.1588e-10	-0.0040802	3.3286e-07	-3.3764e-07	0.013702	3.6834e-10	-0.013684	3.3406e-07	-3.3882e-07	0.025938	1.0457e-09	-0.025924	3.3448e-07	-3.3916e-07	0.038738	2.7455e-09	-0.038722	3.3584e-07	-3.4022e-07
0.745	4.6992e-08	-2.7812e-10	-4.14256e-08	3.3228e-07	-3.3746e-07	4.3205e-06	-1.2857e-10	-4.3181e-06	3.3228e-07	-3.3734e-07	0.00028794	-3.72e-11	-0.00028764	3.3226e-07	-3.3736e-07	0.0040924	8.95e-11	-0.0040906	3.3292e-07	-3.3792e-07	0.013722	3.9204e-10	-0.013702	3.3402e-07	-3.3896e-07	0.02597	1.026e-09	-0.025954	3.3458e-07	-3.392e-07	0.038776	2.7276e-09	-0.03876	3.3574e-07	-3.4032e-07
0.75	4.7379e-08	-2.9647e-10	-4.17322e-08	3.323e-07	-3.3752e-07	4.3598e-06	-1.4498e-10	-4.3442e-06	3.322e-07	-3.3752e-07	0.00028916	-2.624e-11	-0.00028896	3.3238e-07	-3.3746e-07	0.0041008	1.1059e-10	-0.0041	3.3286e-07	-3.3804e-07	0.013744	3.8806e-10	-0.013724	3.34e-07	-3.3902e-07	0.026	1.0421e-09	-0.025982	3.3452e-07	-3.3936e-07	0.03881	2.7344e-09	-0.038798	3.3584e-07	-3.4054e-07
0.755	4.77732e-08	-2.9661e-10	-4.2077e-08	3.3234e-07	-3.3768e-07	4.374e-06	-1.4218e-10	-4.361e-06	3.3234e-07	-3.3756e-07	0.00029066	-3.906e-11	-0.00029028	3.3222e-07	-3.3752e-07	0.004112	1.0016e-10	-0.004112	3.3258e-07	-3.378e-07	0.01376	3.7598e-10	-0.01375	3.34e-07	-3.3906e-07	0.026026	1.0395e-09	-0.026012	3.3452e-07	-3.3948e-07	0.038854	2.736e-09	-0.038838	3.3636e-07	-3.411e-07
0.76	4.81272e-08	-3.1564e-10	-4.23146e-08	3.324e-07	-3.3776e-07	4.4041e-06	-1.5186e-10	-4.4066e-06	3.3226e-07	-3.3768e-07	0.00029184	-4.007e-11	-0.00029168	3.3222e-07	-3.3758e-07	0.0041218	1.0354e-10	-0.004122	3.326e-07	-3.38e-07	0.013782	3.9662e-10	-0.013768	3.3404e-07	-3.3922e-07	0.026054	1.0152e-09	-0.02604	3.3456e-07	-3.3966e-07	0.038886	2.7307e-09	-0.038872	3.3634e-07	-3.4116e-07
0.765	4.84744e-08	-3.1909e-10	-4.25114e-08	3.3232e-07	-3.3794e-07	4.4372e-06	-1.5078e-10	-4.4137e-06	3.3234e-07	-3.3792e-07	0.00029296	-4.241e-11	-0.00029292	3.3232e-07	-3.3784e-07	0.0041318	1.026e-10	-0.0041318	3.3258e-07	-3.3806e-07	0.013804	3.7207e-10	-0.01379	3.34e-07	-3.3934e-07	0.026084	1.045e-09	-0.02607	3.346e-07	-3.3976e-07	0.038928	2.7411e-09	-0.03891	3.3642e-07	-3.4134e-07
0.77	4.88388e-08	-3.2303e-10	-4.28152e-08	3.3244e-07	-3.381e-07	4.4503e-06	-1.5035e-10	-4.45e-06	3.3226e-07	-3.3788e-07	0.0002943	-4.213e-11	-0.00029434	3.3232e-07	-3.3792e-07	0.0041432	9.696e-11	-0.0041428	3.3254e-07	-3.381e-07	0.013824	3.7876e-10	-0.01381	3.3404e-07	-3.3942e-07	0.026118	1.0206e-09	-0.026098	3.3478e-07	-3.4002e-07	0.038964	2.7197e-09	-0.038948	3.3644e-07	-3.4146e-07
0.775	4.92388e-08	-3.2457e-10	-4.3061e-08	3.3228e-07	-3.3808e-07	4.4681e-06	-1.6527e-10	-4.4756e-06	3.3226e-07	-3.38e-07	0.00029554	-3.991e-11	-0.00029524	3.324e-07	-3.3808e-07	0.0041522	9.723e-11	-0.0041514	3.326e-07	-3.3826e-07	0.013848	3.9272e-10	-0.01383	3.34e-07	-3.3958e-07	0.02614	1.0341e-09	-0.026126	3.3472e-07	-3.4004e-07	0.038996	2.7375e-09	-0.038988	3.3644e-07	-3.4156e-07
0.78	4.9657e-08	-3.2562e-10	-4.32552e-08	3.3226e-07	-3.3816e-07	4.495e-06	-1.6029e-10	-4.5046e-06	3.3226e-07	-3.3814e-07	0.00029682	-4.972e-11	-0.00029668	3.3234e-07	-3.3822e-07	0.004163	9.457e-11	-0.0041628	3.3256e-07	-3.3836e-07	0.013866	3.7146e-10	-0.013852	3.342e-07	-3.398e-07	0.026168	1.0372e-09	-0.026156	3.3478e-07	-3.402e-07	0.039032	2.7282e-09	-0.03902	3.3648e-07	-3.417e-07
0.785	4.99762e-08	-3.4089e-10	-4.35976e-08	3.324e-07	-3.3828e-07	4.5315e-06	-1.7151e-10	-4.5308e-06	3.3238e-07	-3.383e-07	0.00029844	-4.18e-11	-0.00029794	3.3242e-07	-3.3828e-07	0.0041746	1.0118e-10	-0.0041738	3.3262e-07	-3.3844e-07	0.013886	3.857e-10	-0.013872	3.3406e-07	-3.3986e-07	0.026198	1.0168e-09	-0.026184	3.3474e-07	-3.4028e-07	0.039072	2.7301e-09	-0.039054	3.365e-07	-3.4184e-07
0.79	5.02902e-08	-3.4249e-10	-4.3886e-08	3.3234e-07	-3.3846e-07	4.5656e-06	-1.6705e-10	-4.5476e-06	3.3226e-07	-3.3834e-07	0.0002994	-6.422e-11	-0.00029944	3.324e-07	-3.3846e-07	0.0041848	9.125e-11	-0.0041834	3.3262e-07	-3.3858e-07	0.013904	3.85e-10	-0.013894	3.341e-07	-3.3994e-07	0.026224	1.0306e-09	-0.02621	3.3474e-07	-3.4054e-07	0.039102	2.7324e-09	-0.039092	3.3644e-07	-3.4208e-07
0.795	5.0823e-08	-3.5634e-10	-4.42424e-08	3.3236e-07	-3.3852e-07	4.5777e-06	-1.7518e-10	-4.5698e-06	3.323e-07	-3.3852e-07	0.00030072	-4.376e-11	-0.0003005	3.3232e-07	-3.3852e-07	0.004194	1.0363e-10	-0.0041938	3.3256e-07	-3.387e-07	0.013928	3.5989e-10	-0.013914	3.3418e-07	-3.4012e-07	0.026256	1.0362e-09	-0.026236	3.3478e-07	-3.4054e-07	0.039136	2.7188e-09	-0.039122	3.3662e-07	-3.422e-07
0.8	5.11522e-08	-3.648e-10	-4.4417e-08	3.3232e-07	-3.3878e-07	4.6087e-06	-1.8796e-10	-4.5924e-06	3.3232e-07	-3.3864e-07	0.00030214	-6.971e-11	-0.00030212	3.3228e-07	-3.3858e-07	0.0042054	8.243e-11	-0.0042044	3.3274e-07	-3.3886e-07	0.01395	3.9985e-10	-0.013936	3.3404e-07	-3.4012e-07	0.026284	1.0078e-09	-0.026268	3.3482e-07	-3.4078e-07	0.039174	2.7401e-09	-0.039158	3.3662e-07	-3.4232e-07
0.805	5.1589e-08	-3.6311e-10	-4.46778e-08	3.3232e-07	-3.3876e-07	4.6389e-06	-1.7584e-10	-4.6317e-06	3.322e-07	-3.3872e-07	0.00030346	-4.768e-11	-0.00030326	3.3212e-07	-3.3872e-07	0.0042146	9.845e-11	-0.0042142	3.3274e-07	-3.3906e-07	0.013972	3.6631e-10	-0.013956	3.3406e-07	-3.4028e-07	0.026312	1.0492e-09	-0.026294	3.3482e-07	-3.4082e-07	0.0392	2.7238e-09	-0.039192	3.366e-07	-3.4248e-07
0.81	5.19244e-08	-3.7632e-10	-4.49052e-08	3.3228e-07	-3.3894e-07	4.6472e-06	-1.9461e-10	-4.6522e-06	3.3234e-07	-3.3888e-07	0.0003049	-6.249e-11	-0.00030486	3.323e-07	-3.3882e-07	0.0042268	8.177e-11	-0.0042242	3.3264e-07	-3.3912e-07	0.01399	3.819e-10	-0.013974	3.341e-07	-3.4044e-07	0.02634	1.0125e-09	-0.026322	3.3484e-07	-3.4096e-07	0.039236	2.7387e-09	-0.039226	3.3678e-07	-3.4274e-07
0.815	5.2392e-08	-3.7496e-10	-4.52778e-08	3.3234e-07	-3.3896e-07	4.6763e-06	-1.8812e-10	-4.6712e-06	3.324e-07	-3.3898e-07	0.00030624	-5.918e-11	-0.00030602	3.3228e-07	-3.3892e-07	0.004234	9.111e-11	-0.004234	3.3264e-07	-3.393e-07	0.014012	3.8327e-10	-0.013996	3.3406e-07	-3.4054e-07	0.026368	1.0226e-09	-0.026354	3.3498e-07	-3.4118e-07	0.039274	2.7242e-09	-0.039258	3.368e-07	-3.4276e-07
0.82	5.27192e-08	-3.8883e-10	-4.55552e-08	3.3232e-07	-3.3918e-07	4.7062e-06	-2.0513e-10	-4.7019e-06	3.3218e-07	-3.3916e-07	0.00030772	-6.671e-11	-0.0003074	3.3228e-07	-3.3904e-07	0.0042454	9.015e-11	-0.004244	3.3256e-07	-3.393e-07	0.014036	3.6425e-10	-0.014018	3.3408e-07	-3.4066e-07	0.026398	1.0327e-09	-0.026382	3.3494e-07	-3.4122e-07	0.039306	2.729e-09	-0.039292	3.368e-07	-3.4292e-07
0.825	5.3214e-08	-3.9341e-10	-4.57204e-08	3.3228e-07	-3.3928e-07	4.7342e-06	-2.0196e-10	-4.7424e-06	3.324e-07	-3.3928e-07	0.00030896	-6.678e-11	-0.00030856	3.3228e-07	-3.3924e-07	0.0042558	9.078e-11	-0.0042562	3.3258e-07	-3.3946e-07	0.014054	3.7981e-10	-0.014038	3.3408e-07	-3.4084e-07	0.02642	1.0116e-09	-0.026406	3.3494e-07	-3.4142e-07	0.03934	2.7362e-09	-0.039326	3.3672e-07	-3.4304e-07
0.83	5.35136e-08	-4.0655e-10	-4.60284e-08	3.323e-07	-3.394e-07	4.7475e-06	-2.0172e-10	-4.7603e-06	3.3224e-07	-3.394e-07	0.00031026	-7.706e-11	-0.00031014	3.3228e-07	-3.3936e-07	0.0042664	8.577e-11	-0.0042648	3.3262e-07	-3.3964e-07	0.014072	3.807e-10	-0.01406	3.341e-07	-3.4092e-07	0.026452	1.0327e-09	-0.026438	3.3478e-07	-3.4156e-07	0.039378	2.7252e-09	-0.03936	3.3684e-07	-3.4316e-07
0.835	5.39942e-08	-4.1419e-10	-4.62918e-08	3.323e-07	-3.3958e-07	4.7965e-06	-2.1842e-10	-4.7959e-06	3.3228e-07	-3.3946e-07	0.00031162	-6.706e-11	-0.00031132	3.3224e-07	-3.395e-07	0.0042756	8.541e-11	-0.004274	3.3264e-07	-3.3972e-07	0.014098	3.6703e-10	-0.014078	3.3406e-07	-3.4106e-07	0.026478	1.0308e-09	-0.026462	3.3504e-07	-3.4172e-07	0.039408	2.7382e-09	-0.039396	3.368e-07	-3.4334e-07
0.84	5.44474e-08	-4.1491e-10	-4.65514e-08	3.3244e-07	-3.397e-07	4.8156e-06	-2.1226e-10	-4.8103e-06	3.3232e-07	-3.3966e-07	0.00031292	-7.419e-11	-0.00031274	3.3228e-07	-3.3958e-07	0.0042856	8.184e-11	-0.004284	3.3268e-07	-3.3988e-07	0.014114	3.8158e-10	-0.014104	3.3418e-07	-3.4126e-07	0.0265	1.0118e-09	-0.02649	3.3498e-07	-3.4192e-07	0.039438	2.7212e-09	-0.039426	3.3684e-07	-3.4346e-07
0.845	5.47776e-08	-4.2399e-10	-4.6813e-08	3.3234e-07	-3.399e-07	4.848e-06	-2.3238e-10	-4.8281e-06	3.324e-07	-3.3976e-07	0.0003143	-8.637e-11	-0.00031428	3.3226e-07	-3.3964e-07	0.0042974	7.407e-11	-0.0042966	3.3264e-07	-3.401e-07	0.014138	3.6063e-10	-0.01412	3.3418e-07	-3.414e-07	0.026534	1.0297e-09	-0.026516	3.3506e-07	-3.4204e-07	0.03947	2.7409e-09	-0.03946	3.369e-07	-3.4372e-07
0.85	5.52876e-08	-4.292e-10	-4.71318e-08	3.3228e-07	-3.3992e-07	4.8688e-06	-2.1786e-10	-4.8703e-06	3.323e-07	-3.3992e-07	0.00031566	-6.827e-11	-0.00031558	3.3228e-07	-3.3992e-07	0.004306	8.952e-11	-0.0043068	3.3274e-07	-3.4018e-07	0.014158	3.719e-10	-0.01414	3.3422e-07	-3.4162e-07	0.026558	1.0194e-09	-0.026544	3.3512e-07	-3.4218e-07	0.0395	2.73e-09	-0.039488	3.3686e-07	-3.4382e-07
0.855	5.56734e-08	-4.4997e-10	-4.73718e-08	3.3236e-07	-3.4016e-07	4.8976e-06	-2.3284e-10	-4.9043e-06	3.3234e-07	-3.3994e-07	0.00031724	-1.0185e-10	-0.00031676	3.3232e-07	-3.4004e-07	0.0043176	7.127e-11	-0.0043168	3.3272e-07	-3.403e-07	0.014176	3.8052e-10	-0.01416	3.3414e-07	-3.4174e-07	0.026586	1.0056e-09	-0.026574	3.3504e-07	-3.424e-07	0.03953	2.7351e-09	-0.03952	3.3698e-07	-3.4396e-07
0.86	5.6118e-08	-4.5068e-10	-4.77454e-08	3.3234e-07	-3.4028e-07	4.9329e-06	-2.4308e-10	-4.918e-06	3.324e-07	-3.403e-07	0.00031848	-8.05e-11	-0.00031824	3.321e-07	-3.4014e-07	0.004328	8.806e-11	-0.0043262	3.3268e-07	-3.4046e-07	0.0142	3.5811e-10	-0.01418	3.3368e-07	-3.4132e-07	0.026612	1.0428e-09	-0.0266	3.3506e-07	-3.4268e-07	0.039566	2.7327e-09	-0.039552	3.3704e-07	-3.442e-07
0.865	5.65428e-08	-4.5517e-10	-4.80244e-08	3.3228e-07	-3.4042e-07	4.9681e-06	-2.3746e-10	-4.9394e-06	3.324e-07	-3.4044e-07	0.0003196	-8.805e-11	-0.0003198	3.3228e-07	-3.4022e-07	0.0043366	7.127e-11	-0.0043354	3.3268e-07	-3.407e-07	0.01422	3.8173e-10	-0.014206	3.3376e-07	-3.4168e-07	0.026644	1.005e-09	-0.026626	3.3518e-07	-3.4274e-07	0.039594	2.7256e-09	-0.039582	3.3706e-07	-3.4436e-07
0.87	5.70664e-08	-4.6665e-10	-4.83188e-08	3.3222e-07	-3.4054e-07	4.9927e-06	-2.5619e-10	-4.9655e-06	3.324e-07	-3.4062e-07	0.0003212	-1.0231e-10	-0.00032118	3.3228e-07	-3.4036e-07	0.0043468	7.337e-11	-0.0043466	3.328e-07	-3.4086e-07	0.014238	3.578e-10	-0.014222	3.3378e-07	-3.4176e-07	0.026664	1.0223e-09	-0.02665	3.351e-07	-3.4292e-07	0.039628	2.7453e-09	-0.039616	3.3704e-07	-3.4454e-07
0.875	5.74218e-08	-4.6452e-10	-4.86082e-08	3.323e-07	-3.4074e-07	5.0217e-06	-2.4192e-10	-4.9976e-06	3.323e-07	-3.4062e-07	0.00032248	-8.485e-11	-0.00032228	3.3226e-07	-3.4054e-07	0.0043574	7.239e-11	-0.0043568	3.3262e-07	-3.4098e-07	0.014258	3.6621e-10	-0.014242	3.3376e-07	-3.4186e-07	0.026696	1.0272e-09	-0.026678	3.351e-07	-3.4298e-07	0.039658	2.7264e-09	-0.03964	3.3714e-07	-3.4476e-07
0.88	5.79446e-08	-4.8717e-10	-4.8789e-08	3.3226e-07	-3.408e-07	5.0467e-06	-2.659e-10	-5.0135e-06	3.3226e-07	-3.408e-07	0.00032408	-1.1252e-10	-0.00032374	3.3238e-07	-3.4078e-07	0.004367	7.162e-11	-0.0043674	3.3276e-07	-3.4114e-07	0.014278	3.7784e-10	-0.014264	3.3372e-07	-3.4198e-07	0.026722	1.0015e-09	-0.02671	3.3512e-07	-3.4314e-07	0.039688	2.7431e-09	-0.03967	3.3718e-07	-3.4496e-07
0.885	5.8445e-08	-4.9342e-10	-4.91488e-08	3.3232e-07	-3.4098e-07	5.0906e-06	-2.6781e-10	-5.044e-06	3.322e-07	-3.4084e-07	0.0003254	-9.764e-11	-0.00032518	3.3236e-07	-3.4102e-07	0.0043772	7.177e-11	-0.0043776	3.3268e-07	-3.4124e-07	0.014298	3.5497e-10	-0.014284	3.3374e-07	-3.4226e-07	0.026748	1.0273e-09	-0.026732	3.3514e-07	-3.4342e-07	0.039722	2.7304e-09	-0.0397	3.3724e-07	-3.4518e-07
0.89	5.87912e-08	-5.0326e-10	-4.93992e-08	3.3226e-07	-3.4118e-07	5.0933e-06	-2.6393e-10	-5.0793e-06	3.3234e-07	-3.4108e-07	0.0003269	-1.0799e-10	-0.00032658	3.3226e-07	-3.41e-07	0.0043878	7.267e-11	-0.0043876	3.3268e-07	-3.414e-07	0.014314	3.7244e-10	-0.0143	3.338e-07	-3.4244e-07	0.026774	1.014e-09	-0.026756	3.3518e-07	-3.4354e-07	0.039746	2.7351e-09	-0.039734	3.3734e-07	-3.4534e-07
0.895	5.94698e-08	-5.1223e-10	-4.97058e-08	3.3228e-07	-3.413e-07	5.1121e-06	-2.8497e-10	-5.1193e-06	3.3232e-07	-3.412e-07	0.0003282	-1.0895e-10	-0.00032798	3.3232e-07	-3.4124e-07	0.0043978	6.422e-11	-0.0043966	3.3266e-07	-3.416e-07	0.014338	3.6392e-10	-0.014318	3.3382e-07	-3.4264e-07	0.026798	1.0135e-09	-0.026782	3.3522e-07	-3.4376e-07	0.03978	2.7456e-09	-0.039768	3.3716e-07	-3.4542e-07
0.9	5.98392e-08	-5.1355e-10	-5.00082e-08	3.3228e-07	-3.4156e-07	5.1478e-06	-2.7231e-10	-5.1408e-06	3.323e-07	-3.4138e-07	0.00032974	-1.1641e-10	-0.00032912	3.3232e-07	-3.4146e-07	0.0044074	5.957e-11	-0.0044092	3.3268e-07	-3.418e-07	0.01436	3.467e-10	-0.01434	3.3382e-07	-3.4276e-07	0.026824	1.0213e-09	-0.026808	3.3522e-07	-3.4406e-07	0.039808	2.7307e-09	-0.039796	3.374e-07	-3.4576e-07
