101 2.74345862496229e-06
104.18 3.7078452271949e-06
107.361 5.02412579068239e-06
110.541 4.83991134441118e-06
113.721 4.37846473478216e-06
116.902 3.39367394455507e-06
120.082 3.2276620046349e-06
123.262 2.8521471239136e-06
126.443 2.6500187786419e-06
129.623 3.05672904036225e-06
132.803 3.43237385357668e-06
135.983 3.21397631198435e-06
139.164 2.42652703254778e-06
142.344 1.6049801195798e-06
145.524 1.42703153019126e-06
148.705 1.79160131768622e-06
151.885 1.78250763765965e-06
155.065 2.25762069845557e-06
158.246 3.07691835155371e-06
161.426 2.93123238207348e-06
164.606 2.57051469345023e-06
167.787 2.26324685914589e-06
170.967 1.93048658214959e-06
174.147 2.47522221528478e-06
177.328 3.27457038442224e-06
180.508 2.80484463603436e-06
183.688 2.30266971268826e-06
186.868 2.42860096338333e-06
190.049 3.46326048711543e-06
193.229 3.21236564635395e-06
196.409 2.70565510984243e-06
199.59 2.60952034246615e-06
202.77 2.7961344626336e-06
205.95 3.03855775869656e-06
209.131 3.03770552684667e-06
212.311 3.06238764650456e-06
215.491 3.02335364249983e-06
218.672 2.95930092686981e-06
221.852 2.88266157320082e-06
225.032 2.52547227334235e-06
228.213 2.444921650707e-06
231.393 2.56523440404007e-06
234.573 2.57291722906028e-06
237.753 2.25944712618625e-06
240.934 2.19723143799049e-06
244.114 2.26942887633958e-06
247.294 2.62416279837113e-06
250.475 2.35522167002259e-06
253.655 2.31969115833639e-06
256.835 2.44392359884654e-06
260.016 2.61920091661818e-06
263.196 2.73648963020144e-06
264.196 2.13711912628736e-06
272.598 2.01533215832015e-06
281.001 2.06180139652909e-06
289.403 2.4585642786254e-06
297.806 2.58702518784534e-06
306.208 2.47112276749417e-06
314.611 1.94729396716342e-06
323.013 1.84567171451272e-06
331.415 2.23556398198186e-06
339.818 2.50076825214794e-06
348.22 2.67657501185668e-06
356.623 2.39882997653096e-06
365.025 2.18960148059799e-06
373.428 1.97600071038858e-06
381.83 1.9139710460439e-06
390.232 2.0063891462607e-06
398.635 1.56469208903438e-06
407.037 1.52503397201351e-06
415.44 1.64045485692894e-06
423.842 2.15362939344145e-06
432.245 2.43977422190483e-06
440.647 2.56338488991426e-06
449.049 2.4006396268094e-06
457.452 2.25231361485984e-06
465.854 2.32474025602104e-06
474.257 2.31782055110247e-06
482.659 2.19415436826768e-06
491.062 1.67521380584465e-06
499.464 1.56350198871615e-06
507.867 1.70675726605484e-06
516.269 1.78576375656438e-06
524.671 1.87386180979879e-06
533.074 1.92565286079163e-06
541.476 1.92444446350759e-06
549.879 1.95895009160462e-06
558.281 2.13657320501133e-06
566.684 2.05768495211239e-06
575.086 1.60208333356251e-06
583.488 1.61833302140431e-06
591.891 1.63774962581342e-06
600.293 1.61569672280924e-06
608.696 1.4988893902567e-06
617.098 1.18168701553939e-06
625.501 1.20915774959194e-06
633.903 1.16374524769821e-06
642.305 1.17341778806328e-06
650.708 1.29466603359206e-06
659.11 1.40108021444279e-06
667.513 1.60168439149804e-06
675.915 1.57522800973859e-06
684.318 1.71939134043069e-06
692.72 1.87916039580174e-06
693.72 2.39922388873189e-06
715.867 1.76892653784438e-06
738.014 1.64498048799854e-06
760.161 2.16603481975248e-06
782.307 1.99156223333632e-06
804.454 1.81467503046958e-06
826.601 1.26574624891865e-06
848.748 1.05126612337398e-06
870.895 1.32345361436774e-06
893.042 1.58298064479708e-06
915.189 1.84042134757025e-06
937.335 1.74254776654436e-06
959.482 1.51660298988488e-06
981.629 1.19485451667729e-06
1003.776 1.52492379516037e-06
1025.923 1.66919504447115e-06
1048.07 1.65597037983654e-06
1070.217 1.73965417802642e-06
1092.364 1.20439622168486e-06
1114.51 1.57802056162895e-06
1136.657 1.44255657580925e-06
1158.804 1.11230398251427e-06
1180.951 1.44670048446912e-06
1203.098 1.36326579042524e-06
1225.245 1.21544840176858e-06
1247.392 1.18105329368849e-06
1269.538 8.96619444564744e-07
1291.685 9.58821928327419e-07
1313.832 1.23715078223964e-06
1335.979 1.39860295656407e-06
1358.126 1.27199370119517e-06
1380.273 1.17734892269779e-06
1402.42 1.4762036731286e-06
1424.566 1.343066404356e-06
1446.713 1.01520768570576e-06
1468.86 1.1044730482067e-06
1491.007 1.1087893409339e-06
1513.154 1.00754721205303e-06
1535.301 9.94516051244901e-07
1557.448 7.68956339331597e-07
1579.595 1.02833667157131e-06
1601.741 1.25823005062144e-06
1623.888 1.07970087487407e-06
1646.035 1.14768723180952e-06
1668.182 1.2425895433926e-06
1690.329 8.96722237019407e-07
1712.476 6.43937490869137e-07
1734.623 8.86211250824198e-07
1756.769 1.0496921533117e-06
1778.916 7.89283034318615e-07
1801.063 8.90485802720195e-07
1823.21 9.70100742810276e-07
1824.21 8.97586526908437e-07
1882.531 1.07797738809307e-06
1940.853 1.03666328877505e-06
1999.174 7.32162718510441e-07
2057.495 8.4760343455133e-07
2115.817 1.00017349357069e-06
2174.138 1.03598681276315e-06
2232.46 1.21043255771917e-06
2290.781 1.02242202798126e-06
2349.102 9.4933883948582e-07
2407.424 1.10529103894569e-06
2465.745 1.12494409898264e-06
2524.066 9.84920863037731e-07
2582.388 1.04779785366023e-06
2640.709 9.30903994481057e-07
2699.031 7.6401310806799e-07
2757.352 6.76613486187504e-07
2815.673 8.05486740030503e-07
2873.995 8.94798384681146e-07
2932.316 8.24836719624936e-07
2990.637 7.42215779820325e-07
3048.959 9.4535531993298e-07
3107.28 7.79959672984256e-07
3165.602 8.68017640824134e-07
3223.923 7.99407245258671e-07
3282.244 6.72564305097067e-07
3340.566 5.82772708484865e-07
3398.887 8.16601378299564e-07
3457.208 7.96462492613092e-07
3515.53 7.83509817124276e-07
3573.851 7.53155791549034e-07
3632.173 7.6307935755471e-07
3690.494 8.35790504183944e-07
3748.815 6.48165967537694e-07
3807.137 4.96165350470758e-07
3865.458 6.11793087357898e-07
3923.779 7.51884646273414e-07
3982.101 7.14222161670746e-07
4040.422 7.21638550168264e-07
4098.744 8.65313835480337e-07
4157.065 6.59804946141753e-07
4215.386 5.28858649177734e-07
4273.708 4.71608411496487e-07
4332.029 5.79290720977236e-07
4390.35 5.97673953277634e-07
4448.672 7.56154664693996e-07
4506.993 6.11758118955517e-07
4565.315 7.08178042365885e-07
4623.636 6.23166144117456e-07
4681.957 6.61778074444568e-07
4740.279 6.21530004027083e-07
4798.6 6.63601142294074e-07
4799.6 5.15145634565234e-07
4953.131 5.23354010175062e-07
5106.663 5.91937456809645e-07
5260.194 5.7803519193708e-07
5413.725 4.6963420511395e-07
5567.257 5.33239212237338e-07
5720.788 5.20946361859802e-07
5874.32 4.40809758633166e-07
6027.851 5.73666883529503e-07
6181.382 5.1866230007311e-07
6334.914 5.7549521667151e-07
6488.445 6.58119026865543e-07
6641.976 5.83767485113712e-07
6795.508 6.15946265644334e-07
6949.039 6.80709147738637e-07
7102.571 5.50383002753061e-07
7256.102 6.02582981573479e-07
7409.633 6.49615042243089e-07
7563.165 6.26928582782758e-07
7716.696 5.59715488093466e-07
7870.227 3.86618282698534e-07
8023.759 3.63146544414642e-07
8177.29 5.00174915954396e-07
8330.822 3.986797178817e-07
8484.353 4.66370432499974e-07
8637.884 6.27550071996258e-07
8791.416 6.87151516438925e-07
8944.947 6.11879049841945e-07
9098.478 3.35526901430299e-07
9252.01 4.01838235383802e-07
9405.541 3.43620261390921e-07
9559.073 4.34626377722372e-07
9712.604 3.45221434553073e-07
9866.135 4.506986451138e-07
10019.667 4.07418521178207e-07
10173.198 3.95275649506009e-07
10326.729 3.93701995713127e-07
10480.261 4.18575140476083e-07
10633.792 3.86012679197111e-07
10787.324 4.07534964463072e-07
10940.855 3.7056391525753e-07
11094.386 3.62633598561468e-07
11247.918 4.35886448434639e-07
11401.449 5.73468767903757e-07
11554.98 5.19377812766667e-07
11708.512 4.03894441708611e-07
11862.043 5.89043520672306e-07
12015.575 6.39273857737629e-07
12169.106 5.60066871282064e-07
12322.637 4.86834029612386e-07
12476.169 4.79882479683673e-07
12629.7 4.46204361044856e-07
12630.7 4.06908753116352e-07
13034.822 4.29073002045227e-07
13438.943 3.51690646760627e-07
13843.065 3.70160656509962e-07
14247.186 3.72778568463055e-07
14651.308 3.10571263912382e-07
15055.429 3.78850991090238e-07
15459.551 4.35276324108413e-07
15863.673 3.93562491438898e-07
16267.794 3.78758549603907e-07
16671.916 3.77079542187172e-07
17076.037 3.50877872884663e-07
17480.159 3.23909393893739e-07
17884.28 2.85010033536365e-07
18288.402 3.34269061381202e-07
18692.524 2.88829574726235e-07
19096.645 2.48579191339143e-07
19500.767 3.05355530762075e-07
19904.888 3.75039046792703e-07
20309.01 4.08905202671242e-07
20713.131 3.83323109070778e-07
21117.253 3.1651435990346e-07
21521.375 2.3771618274497e-07
21925.496 2.55665573979853e-07
22329.618 2.99166131225265e-07
22733.739 3.17910912862597e-07
23137.861 2.77415035574804e-07
23541.982 2.47238196523259e-07
23946.104 3.00774183152717e-07
24350.225 3.65223183898336e-07
24754.347 3.8857400552923e-07
25158.469 3.94311277628838e-07
25562.59 3.8766855156355e-07
25966.712 3.53825976224383e-07
26370.833 3.10434738039353e-07
26774.955 2.75849320372514e-07
27179.076 2.48705404353297e-07
27583.198 2.3692682276799e-07
27987.32 2.97561741159525e-07
28391.441 3.27303566051471e-07
28795.563 2.38987631242928e-07
29199.684 1.78925223954393e-07
29603.806 1.92552796557996e-07
30007.927 2.37361717641074e-07
30412.049 2.43170243940434e-07
30816.171 2.80197643060362e-07
31220.292 2.95062338684858e-07
31624.414 2.66829549428184e-07
32028.535 2.18782869572858e-07
32432.657 2.28721265017392e-07
32836.778 3.01035313124324e-07
33240.9 3.32280621696146e-07
33241.9 2.53785932486417e-07
34305.559 2.72875962044226e-07
35369.218 2.43571208794492e-07
36432.876 1.93328462826119e-07
37496.535 1.93114500801306e-07
38560.194 2.01500038506462e-07
39623.853 2.11883489431037e-07
40687.512 2.35540704247304e-07
41751.171 2.43402252518695e-07
42814.829 1.98422178299666e-07
43878.488 2.17179017931364e-07
44942.147 2.24730132530269e-07
46005.806 2.01203935334874e-07
47069.465 1.76988625115868e-07
48133.124 1.81949434955727e-07
49196.782 1.90056295746155e-07
50260.441 1.96806810771758e-07
51324.1 1.51794088383282e-07
52387.759 1.51872699178563e-07
53451.418 1.71327114374601e-07
54515.076 1.96579559274279e-07
55578.735 2.12351958229686e-07
56642.394 2.26170745864562e-07
57706.053 2.39837221530569e-07
58769.712 2.54559841370173e-07
59833.371 2.09642560761058e-07
60897.029 1.8108730145685e-07
61960.688 1.76351581452362e-07
63024.347 1.55315053646894e-07
64088.006 1.65553113821811e-07
65151.665 1.94180276998139e-07
66215.324 1.95993705796442e-07
67278.982 1.9392694669701e-07
68342.641 1.75183339760377e-07
69406.3 1.66814464751111e-07
70469.959 1.58576524608015e-07
71533.618 1.32877827578388e-07
72597.276 1.3258102199737e-07
73660.935 1.41468831350253e-07
74724.594 1.42887702484104e-07
75788.253 1.55930040754104e-07
76851.912 1.89462782193877e-07
77915.571 1.9069042290631e-07
78979.229 1.82431813326186e-07
80042.888 1.58579029280129e-07
81106.547 1.60945209401097e-07
82170.206 1.41565133205242e-07
83233.865 1.278160591227e-07
84297.524 1.29792219136553e-07
85361.182 1.58492130134212e-07
86424.841 1.66003775522569e-07
87488.5 1.61410360700599e-07
87489.5 1.31659705547612e-07
90289.039 1.47173669565563e-07
93088.578 1.55214381250934e-07
95888.118 1.66206455989771e-07
98687.657 1.63836420251029e-07
101487.196 1.54641595076147e-07
104286.735 1.59691267583648e-07
107086.275 1.54533759598437e-07
109885.814 1.32189319612435e-07
112685.353 8.98299773277045e-08
115484.892 7.86850602625905e-08
118284.431 8.09660055074968e-08
121083.971 7.31317934618727e-08
123883.51 8.94153254790251e-08
126683.049 1.12965460940491e-07
129482.588 9.97634032538986e-08
132282.127 -0
135081.667 -0
137881.206 -0
140680.745 -0
143480.284 -0
146279.824 -0
149079.363 8.65071311922034e-08
151878.902 9.18080043466015e-08
154678.441 9.73162648204908e-08
157477.98 1.02137959192988e-07
160277.52 9.96618225144915e-08
163077.059 9.70778583733567e-08
165876.598 7.48856730600026e-08
168676.137 -0
171475.676 -0
174275.216 -0
177074.755 -0
179874.294 -0
182673.833 5.21854947867729e-08
185473.373 5.95503860853874e-08
188272.912 8.33156571185056e-08
191072.451 1.06458179514209e-07
193871.99 9.17853853825602e-08
196671.529 9.24043530416641e-08
199471.069 9.41077211750874e-08
202270.608 9.06947359391382e-08
205070.147 8.71866811664534e-08
207869.686 9.65323694856285e-08
210669.225 1.04066445663968e-07
213468.765 1.02696892747658e-07
216268.304 1.05259125276145e-07
219067.843 1.06707101671459e-07
221867.382 8.80531390892431e-08
224666.922 7.87114036295993e-08
227466.461 8.0339715554189e-08
230266 9.60437310560731e-08
230267 8.32963976879193e-08
237635.294 8.48497400210036e-08
245003.588 1.23775956097509e-07
252371.882 1.0135268277205e-07
259740.176 6.5828641394327e-08
267108.471 2.94674137307756e-08
274476.765 9.62474474431795e-08
281845.059 7.30678737836424e-08
289213.353 9.22645749709302e-08
296581.647 7.18271486498664e-08
303949.941 9.14051050971925e-08
311318.235 1.0286015130184e-07
318686.529 9.43512642540909e-08
326054.824 7.28087549382957e-08
333423.118 6.2106384930131e-08
340791.412 9.43105468124197e-08
348159.706 1.05048092782346e-07
355528 6.92620748727671e-08
362896.294 7.41394809674198e-08
370264.588 1.0918518065003e-07
377632.882 7.44706067628726e-08
385001.176 9.02185817533949e-08
392369.471 7.76981981416886e-08
399737.765 7.97609215708062e-08
407106.059 9.05693292528547e-08
414474.353 5.20771722965936e-08
421842.647 6.22351038013234e-08
429210.941 5.89602942065421e-08
436579.235 7.01631771241981e-08
443947.529 5.07158291404094e-08
451315.824 2.03950799302749e-08
458684.118 4.2906029643676e-08
466052.412 5.40662505465184e-08
473420.706 7.87958535180481e-08
480789 6.32546168791409e-08
488157.294 7.67620023723925e-08
495525.588 7.64388807853327e-08
502893.882 6.35919845186066e-08
510262.176 4.13648226833139e-08
517630.471 6.23531215108763e-08
524998.765 5.44530417640925e-08
532367.059 6.73856325364925e-08
539735.353 7.37812504032698e-08
547103.647 -0
554471.941 5.23263219562077e-08
561840.235 5.35404542786107e-08
569208.529 4.45783373376845e-08
576576.824 3.48577259215572e-08
583945.118 2.33460747769834e-08
591313.412 4.37158611343389e-08
598681.706 8.87054061669744e-08
606050 6.05905152847993e-08
606051 4.53161482760837e-08
625444.118 2.83080116407493e-08
644837.235 5.61388003436304e-08
664230.353 5.07615441496444e-08
683623.471 4.7602145545659e-08
703016.588 5.98864583948082e-08
722409.706 5.43522866499727e-08
741802.824 7.67752667329766e-08
761195.941 4.89030418168727e-08
780589.059 7.66854801855162e-08
799982.176 8.75054018386157e-08
819375.294 6.82255395521354e-08
838768.412 6.26557726256049e-08
858161.529 6.25868496473412e-08
877554.647 6.47216960430519e-08
896947.765 7.22986702714199e-08
916340.882 7.78420501626627e-08
935734 5.59226616336955e-08
955127.118 6.22000808263422e-08
974520.235 6.39942367527452e-08
993913.353 6.18393187271658e-08
1013306.471 6.45365084411025e-08
1032699.588 5.14501689288354e-08
1052092.706 6.68977738229427e-08
1071485.824 5.10150288008828e-08
1090878.941 4.76098745587383e-08
1110272.059 3.8202484002274e-08
1129665.176 3.59203024177512e-08
1149058.294 4.20629002495418e-08
1168451.412 3.09377138847847e-08
1187844.529 2.46811625614354e-08
1207237.647 -0
1226630.765 3.49030584135244e-08
1246023.882 3.68613826207971e-08
1265417 3.35014406371263e-08
1284810.118 5.24631018726419e-08
1304203.235 3.53431043280397e-08
1323596.353 4.47962926401728e-08
1342989.471 2.45748347664842e-08
1362382.588 -0
1381775.706 6.60172116709968e-08
1401168.824 3.83232774132602e-08
1420561.941 4.74306480316124e-08
1439955.059 5.62721511452477e-08
1459348.176 5.33358862710249e-08
1478741.294 4.05789138570514e-08
1498134.412 4.26455949444781e-08
1517527.529 6.51627599770383e-08
1536920.647 3.7859836950889e-08
1556313.765 3.89298089423413e-08
1575706.882 4.82912916950458e-08
1595100 3.5943287833085e-08
1595100 3.82545299454378e-08
1646141.765 5.03177447148657e-08
1697183.529 5.83248267301044e-08
1748225.294 4.7967180896367e-08
1799267.059 4.6087753615901e-08
1850308.824 6.3789942582473e-08
1901350.588 4.84136387119776e-08
1952392.353 4.64684094672015e-08
2003434.118 4.70600567916019e-08
2054475.882 5.13560588256858e-08
2105517.647 4.86284036082946e-08
2156559.412 5.94669274464076e-08
2207601.176 4.58971367308245e-08
2258642.941 4.89469029965819e-08
2309684.706 6.48817166449532e-08
2360726.471 4.9839747916096e-08
2411768.235 4.19969127979046e-08
2462810 3.9959245572727e-08
2513851.765 4.07740903968243e-08
2564893.529 3.55523689305228e-08
2615935.294 4.00216280622028e-08
2666977.059 3.9156637462724e-08
2718018.824 4.57917178442696e-08
2769060.588 6.55478436289547e-08
2820102.353 3.52935698448414e-08
2871144.118 3.92026296257585e-08
2922185.882 6.4920654450499e-08
2973227.647 3.4694021959437e-08
3024269.412 4.12669178486824e-08
3075311.176 5.16524118788997e-08
3126352.941 4.39649317239195e-08
3177394.706 4.9446245268558e-08
3228436.471 3.94680720693816e-08
3279478.235 4.34577236197664e-08
3330520 3.82760656854698e-08
3381561.765 3.6829029229047e-08
3432603.529 3.63356734225747e-08
3483645.294 4.22508201232248e-08
3534687.059 5.18002396347015e-08
3585728.824 5.25345877867287e-08
3636770.588 4.04417369174767e-08
3687812.353 3.23819449704986e-08
3738854.118 3.28475473136382e-08
3789895.882 3.67059096763055e-08
3840937.647 3.97268650420908e-08
3891979.412 3.29366203166885e-08
3943021.176 4.56766238490686e-08
3994062.941 5.13872437019821e-08
4045104.706 4.04771781499711e-08
4096146.471 4.32277539322135e-08
4147188.235 3.96069035244123e-08
4198230 3.4066851235236e-08
4198230 3.10506445990933e-08
4332570.588 3.52812017876489e-08
4466911.176 3.86269418412266e-08
4601251.765 3.31885268554059e-08
4735592.353 4.48059264969859e-08
4869932.941 3.95231135859626e-08
5004273.529 4.2044626516429e-08
5138614.118 2.68948894929576e-08
5272954.706 3.4454267179052e-08
5407295.294 3.57323445562826e-08
5541635.882 3.39459522027251e-08
5675976.471 4.0789706766438e-08
5810317.059 3.55284736896197e-08
5944657.647 4.07697099365289e-08
6078998.235 3.29804119453593e-08
6213338.824 3.56723841785421e-08
6347679.412 3.05447467980011e-08
6482020 2.96522202115272e-08
6616360.588 4.02353531932305e-08
6750701.176 2.41365653292779e-08
6885041.765 3.0905683310943e-08
7019382.353 3.68906658221629e-08
7153722.941 2.41693984679305e-08
7288063.529 5.07256162344244e-08
7422404.118 3.71110765350198e-08
7556744.706 3.96282664595173e-08
7691085.294 2.65796825120542e-08
7825425.882 3.73121912671716e-08
7959766.471 4.69542504590341e-08
8094107.059 2.80329396310412e-08
8228447.647 3.21651643586987e-08
8362788.235 3.22338551772139e-08
8497128.824 3.65253926674252e-08
8631469.412 3.48252075193817e-08
8765810 2.85017075048338e-08
8900150.588 2.90162171090668e-08
9034491.176 2.46439743941496e-08
9168831.765 3.8866680769986e-08
9303172.353 3.48393394604662e-08
9437512.941 3.85409221281536e-08
9571853.529 3.44637089163543e-08
9706194.118 2.85650095482778e-08
9840534.706 2.3481189221002e-08
9974875.294 3.00853824782651e-08
10109215.882 3.13204263510812e-08
10243556.471 2.61190545363974e-08
10377897.059 3.56473086737625e-08
10512237.647 4.21569191351562e-08
10646578.235 2.57495937206629e-08
10780918.824 3.57314115245746e-08
10915259.412 1.88168839381126e-08
11049600 2.80950687432813e-08
11049600 4.19502616519313e-08
11403174.51 3.01519567315705e-08
11756749.02 3.35747592119422e-08
12110323.529 2.90766040275769e-08
12463898.039 3.73429307005288e-08
12817472.549 3.28398515011426e-08
13171047.059 3.96234696212535e-08
13524621.569 3.87067041334495e-08
13878196.078 2.97978451328951e-08
14231770.588 2.42204248580078e-08
14585345.098 2.89073570731051e-08
14938919.608 1.89036261336073e-08
15292494.118 1.76970822675067e-08
15646068.627 3.36048715386326e-08
15999643.137 2.1766035218799e-08
16353217.647 3.39799726647815e-08
16706792.157 2.91550865482972e-08
17060366.667 2.3901783916982e-08
17413941.176 1.87180554507994e-08
17767515.686 3.05611919979424e-08
18121090.196 2.74487335164466e-08
18474664.706 2.98917975744735e-08
18828239.216 4.2068805300694e-08
19181813.725 4.49481048570182e-08
19535388.235 3.32430759052648e-08
19888962.745 3.09945086524178e-08
20242537.255 3.23322460353561e-08
20596111.765 3.82778735326259e-08
20949686.275 3.16691614127766e-08
21303260.784 2.93540762515617e-08
21656835.294 3.34207541917908e-08
22010409.804 3.22774591863563e-08
22363984.314 4.69952881043036e-08
22717558.824 3.6940162341051e-08
23071133.333 2.4519389597853e-08
23424707.843 3.74002052335104e-08
23778282.353 3.1835843418193e-08
24131856.863 2.77672615311431e-08
24485431.373 2.51505242061155e-08
24839005.882 4.0899898881644e-08
25192580.392 2.78295003230888e-08
25546154.902 3.44228240326604e-08
25899729.412 2.78920910926951e-08
26253303.922 3.33607883573215e-08
26606878.431 5.54457726988127e-08
26960452.941 2.861045836176e-08
27314027.451 2.33784064096529e-08
27667601.961 3.34377637319199e-08
28021176.471 3.01869074039508e-08
28374750.98 3.36254354732946e-08
28728325.49 4.65455916149317e-08
29081900 4.09744013863375e-08
29081900 5.05244686237856e-08
30012498.039 3.26666249813154e-08
30943096.078 4.70607070543569e-08
31873694.118 2.37139930049138e-08
32804292.157 3.76003287019928e-08
33734890.196 2.48196354315691e-08
34665488.235 4.5730808375758e-08
35596086.275 4.10083833125131e-08
36526684.314 -0
37457282.353 2.6067157671973e-08
38387880.392 2.46903299034744e-08
39318478.431 4.56825011922421e-08
40249076.471 2.07325264684071e-08
41179674.51 4.22092256227948e-08
42110272.549 3.51052685765499e-08
43040870.588 4.63830076130473e-08
43971468.627 2.94127448870995e-08
44902066.667 3.22778142404593e-08
45832664.706 3.86837417786336e-08
46763262.745 4.36300739705218e-08
47693860.784 3.2721028952183e-08
48624458.824 2.99792312854833e-08
49555056.863 3.01319065900318e-08
50485654.902 4.30975317474969e-08
51416252.941 2.70039277009993e-08
52346850.98 1.7544666545298e-08
53277449.02 2.08396952886193e-08
54208047.059 2.37712578011198e-08
55138645.098 2.62010245086046e-08
56069243.137 1.60644180335766e-08
56999841.176 8.27986533352446e-09
57930439.216 2.01625533636368e-08
58861037.255 1.17875533036504e-08
59791635.294 3.52930285812581e-08
60722233.333 1.22072432630304e-08
61652831.373 1.35932181791657e-08
62583429.412 2.0277889865447e-08
63514027.451 -0
64444625.49 2.53512466974683e-08
65375223.529 -0
66305821.569 -0
67236419.608 1.21870905310538e-08
68167017.647 -0
69097615.686 1.40342116799769e-08
70028213.725 3.64495802959376e-09
70958811.765 -0
71889409.804 -0
72820007.843 2.79560187079634e-09
73750605.882 -0
74681203.922 6.28943905974929e-09
75611801.961 9.60031463303678e-09
76542400 1.1091461498432e-08
76542400 1.32230232018741e-08
78991686.275 1.20054023997532e-08
81440972.549 1.44861623696547e-08
83890258.824 -0
86339545.098 -0
88788831.373 8.28969805846389e-09
91238117.647 1.21087440388341e-08
93687403.922 1.7639480540288e-08
96136690.196 -0
98585976.471 -0
101035262.745 -0
103484549.02 5.93744993756411e-08
105933835.294 4.50606752710165e-09
108383121.569 -0
110832407.843 2.2998532812334e-09
113281694.118 -0
115730980.392 -0
118180266.667 4.51166806214719e-09
120629552.941 -0
123078839.216 3.17671412505123e-09
125528125.49 -0
127977411.765 -0
130426698.039 -0
132875984.314 -0
135325270.588 -0
137774556.863 -0
140223843.137 5.30010443091823e-09
142673129.412 -0
145122415.686 -0
147571701.961 -0
150020988.235 -0
152470274.51 -0
154919560.784 -0
157368847.059 -0
159818133.333 -0
162267419.608 -0
164716705.882 -0
167165992.157 2.14608321706102e-09
169615278.431 2.13880471452819e-09
172064564.706 7.5527705163416e-09
174513850.98 -0
176963137.255 -0
179412423.529 2.48654477664409e-09
181861709.804 8.90494238067266e-09
184310996.078 -0
186760282.353 -0
189209568.627 1.35563353819534e-09
191658854.902 4.65508815405305e-09
194108141.176 4.74952460653264e-09
196557427.451 -0
199006713.725 3.15450594935245e-09
201456000 -0
